id,repeat,fold,model_name,ichorcna_strat,feat,.metric,.estimate
/scratchc/nrlab/wang04/ulyses_results_iteration/iteration_3_merge_below_3/cnn_model/cnn14/plasma_tp1_0.1x_model_C1/roc_curve_resnet18_tf_0_0.03/nested_cv_random/resnet18/repeat_10_fold_5_metrics.csv,1,1,resnet18,"[0, 0.03]",C1,AUROC,0.8701653486700216
/scratchc/nrlab/wang04/ulyses_results_iteration/iteration_3_merge_below_3/cnn_model/cnn14/plasma_tp1_0.1x_model_C1/roc_curve_resnet18_tf_0_0.03/nested_cv_random/resnet18/repeat_10_fold_5_metrics.csv,1,1,resnet18,"[0, 0.03]",C1,AUPRC,0.92063442262792
/scratchc/nrlab/wang04/ulyses_results_iteration/iteration_3_merge_below_3/cnn_model/cnn14/plasma_tp1_0.1x_model_C1/roc_curve_resnet18_tf_0_0.03/nested_cv_random/resnet18/repeat_10_fold_5_metrics.csv,1,1,resnet18,"[0, 0.03]",C1,Sensitivity at 99% Specificity,0.27102803738317754
/scratchc/nrlab/wang04/ulyses_results_iteration/iteration_3_merge_below_3/cnn_model/cnn14/plasma_tp1_0.1x_model_C1/roc_curve_resnet18_tf_0_0.03/nested_cv_random/resnet18/repeat_10_fold_5_metrics.csv,1,1,resnet18,"[0, 0.03]",C1,PPV at 99% Specificity,1
/scratchc/nrlab/wang04/ulyses_results_iteration/iteration_3_merge_below_3/cnn_model/cnn14/plasma_tp1_0.1x_model_C1/roc_curve_resnet18_tf_0_0.03/nested_cv_random/resnet18/repeat_10_fold_5_metrics.csv,1,1,resnet18,"[0, 0.03]",C1,Accuracy at 99% Specificity,0.6305140186915887
/scratchc/nrlab/wang04/ulyses_results_iteration/iteration_3_merge_below_3/cnn_model/cnn14/plasma_tp1_0.1x_model_C1/roc_curve_resnet18_tf_0_0.03/nested_cv_random/resnet18/repeat_10_fold_5_metrics.csv,1,1,resnet18,"[0, 0.03]",C1,F1 at 99% Specificity,0.4264705882352941
/scratchc/nrlab/wang04/ulyses_results_iteration/iteration_3_merge_below_3/cnn_model/cnn14/plasma_tp1_0.1x_model_C1/roc_curve_resnet18_tf_0_0.03/nested_cv_random/resnet18/repeat_10_fold_5_metrics.csv,1,1,resnet18,"[0, 0.03]",C1,Sensitivity at 98% Specificity,0.27102803738317754
/scratchc/nrlab/wang04/ulyses_results_iteration/iteration_3_merge_below_3/cnn_model/cnn14/plasma_tp1_0.1x_model_C1/roc_curve_resnet18_tf_0_0.03/nested_cv_random/resnet18/repeat_10_fold_5_metrics.csv,1,1,resnet18,"[0, 0.03]",C1,PPV at 98% Specificity,1
/scratchc/nrlab/wang04/ulyses_results_iteration/iteration_3_merge_below_3/cnn_model/cnn14/plasma_tp1_0.1x_model_C1/roc_curve_resnet18_tf_0_0.03/nested_cv_random/resnet18/repeat_10_fold_5_metrics.csv,1,1,resnet18,"[0, 0.03]",C1,Accuracy at 98% Specificity,0.6255140186915887
/scratchc/nrlab/wang04/ulyses_results_iteration/iteration_3_merge_below_3/cnn_model/cnn14/plasma_tp1_0.1x_model_C1/roc_curve_resnet18_tf_0_0.03/nested_cv_random/resnet18/repeat_10_fold_5_metrics.csv,1,1,resnet18,"[0, 0.03]",C1,F1 at 98% Specificity,0.4264705882352941
/scratchc/nrlab/wang04/ulyses_results_iteration/iteration_3_merge_below_3/cnn_model/cnn14/plasma_tp1_0.1x_model_C1/roc_curve_resnet18_tf_0_0.03/nested_cv_random/resnet18/repeat_10_fold_5_metrics.csv,1,1,resnet18,"[0, 0.03]",C1,Sensitivity at 95% Specificity,0.4953271028037383
/scratchc/nrlab/wang04/ulyses_results_iteration/iteration_3_merge_below_3/cnn_model/cnn14/plasma_tp1_0.1x_model_C1/roc_curve_resnet18_tf_0_0.03/nested_cv_random/resnet18/repeat_10_fold_5_metrics.csv,1,1,resnet18,"[0, 0.03]",C1,PPV at 95% Specificity,0.9636363636363636
/scratchc/nrlab/wang04/ulyses_results_iteration/iteration_3_merge_below_3/cnn_model/cnn14/plasma_tp1_0.1x_model_C1/roc_curve_resnet18_tf_0_0.03/nested_cv_random/resnet18/repeat_10_fold_5_metrics.csv,1,1,resnet18,"[0, 0.03]",C1,Accuracy at 95% Specificity,0.7080481667864845
/scratchc/nrlab/wang04/ulyses_results_iteration/iteration_3_merge_below_3/cnn_model/cnn14/plasma_tp1_0.1x_model_C1/roc_curve_resnet18_tf_0_0.03/nested_cv_random/resnet18/repeat_10_fold_5_metrics.csv,1,1,resnet18,"[0, 0.03]",C1,F1 at 95% Specificity,0.654320987654321
/scratchc/nrlab/wang04/ulyses_results_iteration/iteration_3_merge_below_3/cnn_model/cnn14/plasma_tp1_0.1x_model_C1/roc_curve_resnet18_tf_0_0.03/nested_cv_random/resnet18/repeat_10_fold_5_metrics.csv,1,2,resnet18,"[0, 0.03]",C1,AUROC,0.842022792022792
/scratchc/nrlab/wang04/ulyses_results_iteration/iteration_3_merge_below_3/cnn_model/cnn14/plasma_tp1_0.1x_model_C1/roc_curve_resnet18_tf_0_0.03/nested_cv_random/resnet18/repeat_10_fold_5_metrics.csv,1,2,resnet18,"[0, 0.03]",C1,AUPRC,0.9056134855337656
/scratchc/nrlab/wang04/ulyses_results_iteration/iteration_3_merge_below_3/cnn_model/cnn14/plasma_tp1_0.1x_model_C1/roc_curve_resnet18_tf_0_0.03/nested_cv_random/resnet18/repeat_10_fold_5_metrics.csv,1,2,resnet18,"[0, 0.03]",C1,Sensitivity at 99% Specificity,0.3888888888888889
/scratchc/nrlab/wang04/ulyses_results_iteration/iteration_3_merge_below_3/cnn_model/cnn14/plasma_tp1_0.1x_model_C1/roc_curve_resnet18_tf_0_0.03/nested_cv_random/resnet18/repeat_10_fold_5_metrics.csv,1,2,resnet18,"[0, 0.03]",C1,PPV at 99% Specificity,1
/scratchc/nrlab/wang04/ulyses_results_iteration/iteration_3_merge_below_3/cnn_model/cnn14/plasma_tp1_0.1x_model_C1/roc_curve_resnet18_tf_0_0.03/nested_cv_random/resnet18/repeat_10_fold_5_metrics.csv,1,2,resnet18,"[0, 0.03]",C1,Accuracy at 99% Specificity,0.6894444444444444
/scratchc/nrlab/wang04/ulyses_results_iteration/iteration_3_merge_below_3/cnn_model/cnn14/plasma_tp1_0.1x_model_C1/roc_curve_resnet18_tf_0_0.03/nested_cv_random/resnet18/repeat_10_fold_5_metrics.csv,1,2,resnet18,"[0, 0.03]",C1,F1 at 99% Specificity,0.56
/scratchc/nrlab/wang04/ulyses_results_iteration/iteration_3_merge_below_3/cnn_model/cnn14/plasma_tp1_0.1x_model_C1/roc_curve_resnet18_tf_0_0.03/nested_cv_random/resnet18/repeat_10_fold_5_metrics.csv,1,2,resnet18,"[0, 0.03]",C1,Sensitivity at 98% Specificity,0.3888888888888889
/scratchc/nrlab/wang04/ulyses_results_iteration/iteration_3_merge_below_3/cnn_model/cnn14/plasma_tp1_0.1x_model_C1/roc_curve_resnet18_tf_0_0.03/nested_cv_random/resnet18/repeat_10_fold_5_metrics.csv,1,2,resnet18,"[0, 0.03]",C1,PPV at 98% Specificity,1
/scratchc/nrlab/wang04/ulyses_results_iteration/iteration_3_merge_below_3/cnn_model/cnn14/plasma_tp1_0.1x_model_C1/roc_curve_resnet18_tf_0_0.03/nested_cv_random/resnet18/repeat_10_fold_5_metrics.csv,1,2,resnet18,"[0, 0.03]",C1,Accuracy at 98% Specificity,0.6844444444444444
/scratchc/nrlab/wang04/ulyses_results_iteration/iteration_3_merge_below_3/cnn_model/cnn14/plasma_tp1_0.1x_model_C1/roc_curve_resnet18_tf_0_0.03/nested_cv_random/resnet18/repeat_10_fold_5_metrics.csv,1,2,resnet18,"[0, 0.03]",C1,F1 at 98% Specificity,0.56
/scratchc/nrlab/wang04/ulyses_results_iteration/iteration_3_merge_below_3/cnn_model/cnn14/plasma_tp1_0.1x_model_C1/roc_curve_resnet18_tf_0_0.03/nested_cv_random/resnet18/repeat_10_fold_5_metrics.csv,1,2,resnet18,"[0, 0.03]",C1,Sensitivity at 95% Specificity,0.39814814814814814
/scratchc/nrlab/wang04/ulyses_results_iteration/iteration_3_merge_below_3/cnn_model/cnn14/plasma_tp1_0.1x_model_C1/roc_curve_resnet18_tf_0_0.03/nested_cv_random/resnet18/repeat_10_fold_5_metrics.csv,1,2,resnet18,"[0, 0.03]",C1,PPV at 95% Specificity,0.9555555555555556
/scratchc/nrlab/wang04/ulyses_results_iteration/iteration_3_merge_below_3/cnn_model/cnn14/plasma_tp1_0.1x_model_C1/roc_curve_resnet18_tf_0_0.03/nested_cv_random/resnet18/repeat_10_fold_5_metrics.csv,1,2,resnet18,"[0, 0.03]",C1,Accuracy at 95% Specificity,0.6594586894586894
/scratchc/nrlab/wang04/ulyses_results_iteration/iteration_3_merge_below_3/cnn_model/cnn14/plasma_tp1_0.1x_model_C1/roc_curve_resnet18_tf_0_0.03/nested_cv_random/resnet18/repeat_10_fold_5_metrics.csv,1,2,resnet18,"[0, 0.03]",C1,F1 at 95% Specificity,0.5620915032679739
/scratchc/nrlab/wang04/ulyses_results_iteration/iteration_3_merge_below_3/cnn_model/cnn14/plasma_tp1_0.1x_model_C1/roc_curve_resnet18_tf_0_0.03/nested_cv_random/resnet18/repeat_10_fold_5_metrics.csv,1,4,resnet18,"[0, 0.03]",C1,AUROC,0.8803602058319039
/scratchc/nrlab/wang04/ulyses_results_iteration/iteration_3_merge_below_3/cnn_model/cnn14/plasma_tp1_0.1x_model_C1/roc_curve_resnet18_tf_0_0.03/nested_cv_random/resnet18/repeat_10_fold_5_metrics.csv,1,4,resnet18,"[0, 0.03]",C1,AUPRC,0.925491004225518
/scratchc/nrlab/wang04/ulyses_results_iteration/iteration_3_merge_below_3/cnn_model/cnn14/plasma_tp1_0.1x_model_C1/roc_curve_resnet18_tf_0_0.03/nested_cv_random/resnet18/repeat_10_fold_5_metrics.csv,1,4,resnet18,"[0, 0.03]",C1,Sensitivity at 99% Specificity,0.32075471698113206
/scratchc/nrlab/wang04/ulyses_results_iteration/iteration_3_merge_below_3/cnn_model/cnn14/plasma_tp1_0.1x_model_C1/roc_curve_resnet18_tf_0_0.03/nested_cv_random/resnet18/repeat_10_fold_5_metrics.csv,1,4,resnet18,"[0, 0.03]",C1,PPV at 99% Specificity,1
/scratchc/nrlab/wang04/ulyses_results_iteration/iteration_3_merge_below_3/cnn_model/cnn14/plasma_tp1_0.1x_model_C1/roc_curve_resnet18_tf_0_0.03/nested_cv_random/resnet18/repeat_10_fold_5_metrics.csv,1,4,resnet18,"[0, 0.03]",C1,Accuracy at 99% Specificity,0.655377358490566
/scratchc/nrlab/wang04/ulyses_results_iteration/iteration_3_merge_below_3/cnn_model/cnn14/plasma_tp1_0.1x_model_C1/roc_curve_resnet18_tf_0_0.03/nested_cv_random/resnet18/repeat_10_fold_5_metrics.csv,1,4,resnet18,"[0, 0.03]",C1,F1 at 99% Specificity,0.4857142857142857
/scratchc/nrlab/wang04/ulyses_results_iteration/iteration_3_merge_below_3/cnn_model/cnn14/plasma_tp1_0.1x_model_C1/roc_curve_resnet18_tf_0_0.03/nested_cv_random/resnet18/repeat_10_fold_5_metrics.csv,1,4,resnet18,"[0, 0.03]",C1,Sensitivity at 98% Specificity,0.32075471698113206
/scratchc/nrlab/wang04/ulyses_results_iteration/iteration_3_merge_below_3/cnn_model/cnn14/plasma_tp1_0.1x_model_C1/roc_curve_resnet18_tf_0_0.03/nested_cv_random/resnet18/repeat_10_fold_5_metrics.csv,1,4,resnet18,"[0, 0.03]",C1,PPV at 98% Specificity,1
/scratchc/nrlab/wang04/ulyses_results_iteration/iteration_3_merge_below_3/cnn_model/cnn14/plasma_tp1_0.1x_model_C1/roc_curve_resnet18_tf_0_0.03/nested_cv_random/resnet18/repeat_10_fold_5_metrics.csv,1,4,resnet18,"[0, 0.03]",C1,Accuracy at 98% Specificity,0.650377358490566
/scratchc/nrlab/wang04/ulyses_results_iteration/iteration_3_merge_below_3/cnn_model/cnn14/plasma_tp1_0.1x_model_C1/roc_curve_resnet18_tf_0_0.03/nested_cv_random/resnet18/repeat_10_fold_5_metrics.csv,1,4,resnet18,"[0, 0.03]",C1,F1 at 98% Specificity,0.4857142857142857
/scratchc/nrlab/wang04/ulyses_results_iteration/iteration_3_merge_below_3/cnn_model/cnn14/plasma_tp1_0.1x_model_C1/roc_curve_resnet18_tf_0_0.03/nested_cv_random/resnet18/repeat_10_fold_5_metrics.csv,1,4,resnet18,"[0, 0.03]",C1,Sensitivity at 95% Specificity,0.4811320754716981
/scratchc/nrlab/wang04/ulyses_results_iteration/iteration_3_merge_below_3/cnn_model/cnn14/plasma_tp1_0.1x_model_C1/roc_curve_resnet18_tf_0_0.03/nested_cv_random/resnet18/repeat_10_fold_5_metrics.csv,1,4,resnet18,"[0, 0.03]",C1,PPV at 95% Specificity,0.9622641509433962
/scratchc/nrlab/wang04/ulyses_results_iteration/iteration_3_merge_below_3/cnn_model/cnn14/plasma_tp1_0.1x_model_C1/roc_curve_resnet18_tf_0_0.03/nested_cv_random/resnet18/repeat_10_fold_5_metrics.csv,1,4,resnet18,"[0, 0.03]",C1,Accuracy at 95% Specificity,0.7011720983419096
/scratchc/nrlab/wang04/ulyses_results_iteration/iteration_3_merge_below_3/cnn_model/cnn14/plasma_tp1_0.1x_model_C1/roc_curve_resnet18_tf_0_0.03/nested_cv_random/resnet18/repeat_10_fold_5_metrics.csv,1,4,resnet18,"[0, 0.03]",C1,F1 at 95% Specificity,0.6415094339622641
/scratchc/nrlab/wang04/ulyses_results_iteration/iteration_3_merge_below_3/cnn_model/cnn14/plasma_tp1_0.1x_model_C1/roc_curve_resnet18_tf_0_0.03/nested_cv_random/resnet18/repeat_10_fold_5_metrics.csv,1,5,resnet18,"[0, 0.03]",C1,AUROC,0.8687821612349915
/scratchc/nrlab/wang04/ulyses_results_iteration/iteration_3_merge_below_3/cnn_model/cnn14/plasma_tp1_0.1x_model_C1/roc_curve_resnet18_tf_0_0.03/nested_cv_random/resnet18/repeat_10_fold_5_metrics.csv,1,5,resnet18,"[0, 0.03]",C1,AUPRC,0.910093885510464
/scratchc/nrlab/wang04/ulyses_results_iteration/iteration_3_merge_below_3/cnn_model/cnn14/plasma_tp1_0.1x_model_C1/roc_curve_resnet18_tf_0_0.03/nested_cv_random/resnet18/repeat_10_fold_5_metrics.csv,1,5,resnet18,"[0, 0.03]",C1,Sensitivity at 99% Specificity,0.2169811320754717
/scratchc/nrlab/wang04/ulyses_results_iteration/iteration_3_merge_below_3/cnn_model/cnn14/plasma_tp1_0.1x_model_C1/roc_curve_resnet18_tf_0_0.03/nested_cv_random/resnet18/repeat_10_fold_5_metrics.csv,1,5,resnet18,"[0, 0.03]",C1,PPV at 99% Specificity,1
/scratchc/nrlab/wang04/ulyses_results_iteration/iteration_3_merge_below_3/cnn_model/cnn14/plasma_tp1_0.1x_model_C1/roc_curve_resnet18_tf_0_0.03/nested_cv_random/resnet18/repeat_10_fold_5_metrics.csv,1,5,resnet18,"[0, 0.03]",C1,Accuracy at 99% Specificity,0.6034905660377359
/scratchc/nrlab/wang04/ulyses_results_iteration/iteration_3_merge_below_3/cnn_model/cnn14/plasma_tp1_0.1x_model_C1/roc_curve_resnet18_tf_0_0.03/nested_cv_random/resnet18/repeat_10_fold_5_metrics.csv,1,5,resnet18,"[0, 0.03]",C1,F1 at 99% Specificity,0.35658914728682173
/scratchc/nrlab/wang04/ulyses_results_iteration/iteration_3_merge_below_3/cnn_model/cnn14/plasma_tp1_0.1x_model_C1/roc_curve_resnet18_tf_0_0.03/nested_cv_random/resnet18/repeat_10_fold_5_metrics.csv,1,5,resnet18,"[0, 0.03]",C1,Sensitivity at 98% Specificity,0.2169811320754717
/scratchc/nrlab/wang04/ulyses_results_iteration/iteration_3_merge_below_3/cnn_model/cnn14/plasma_tp1_0.1x_model_C1/roc_curve_resnet18_tf_0_0.03/nested_cv_random/resnet18/repeat_10_fold_5_metrics.csv,1,5,resnet18,"[0, 0.03]",C1,PPV at 98% Specificity,1
/scratchc/nrlab/wang04/ulyses_results_iteration/iteration_3_merge_below_3/cnn_model/cnn14/plasma_tp1_0.1x_model_C1/roc_curve_resnet18_tf_0_0.03/nested_cv_random/resnet18/repeat_10_fold_5_metrics.csv,1,5,resnet18,"[0, 0.03]",C1,Accuracy at 98% Specificity,0.5984905660377359
/scratchc/nrlab/wang04/ulyses_results_iteration/iteration_3_merge_below_3/cnn_model/cnn14/plasma_tp1_0.1x_model_C1/roc_curve_resnet18_tf_0_0.03/nested_cv_random/resnet18/repeat_10_fold_5_metrics.csv,1,5,resnet18,"[0, 0.03]",C1,F1 at 98% Specificity,0.35658914728682173
/scratchc/nrlab/wang04/ulyses_results_iteration/iteration_3_merge_below_3/cnn_model/cnn14/plasma_tp1_0.1x_model_C1/roc_curve_resnet18_tf_0_0.03/nested_cv_random/resnet18/repeat_10_fold_5_metrics.csv,1,5,resnet18,"[0, 0.03]",C1,Sensitivity at 95% Specificity,0.3962264150943397
/scratchc/nrlab/wang04/ulyses_results_iteration/iteration_3_merge_below_3/cnn_model/cnn14/plasma_tp1_0.1x_model_C1/roc_curve_resnet18_tf_0_0.03/nested_cv_random/resnet18/repeat_10_fold_5_metrics.csv,1,5,resnet18,"[0, 0.03]",C1,PPV at 95% Specificity,0.9545454545454546
/scratchc/nrlab/wang04/ulyses_results_iteration/iteration_3_merge_below_3/cnn_model/cnn14/plasma_tp1_0.1x_model_C1/roc_curve_resnet18_tf_0_0.03/nested_cv_random/resnet18/repeat_10_fold_5_metrics.csv,1,5,resnet18,"[0, 0.03]",C1,Accuracy at 95% Specificity,0.6587192681532303
/scratchc/nrlab/wang04/ulyses_results_iteration/iteration_3_merge_below_3/cnn_model/cnn14/plasma_tp1_0.1x_model_C1/roc_curve_resnet18_tf_0_0.03/nested_cv_random/resnet18/repeat_10_fold_5_metrics.csv,1,5,resnet18,"[0, 0.03]",C1,F1 at 95% Specificity,0.56
/scratchc/nrlab/wang04/ulyses_results_iteration/iteration_3_merge_below_3/cnn_model/cnn14/plasma_tp1_0.1x_model_C1/roc_curve_resnet18_tf_0_0.03/nested_cv_random/resnet18/repeat_10_fold_5_metrics.csv,2,1,resnet18,"[0, 0.03]",C1,AUROC,0.7857853589196873
/scratchc/nrlab/wang04/ulyses_results_iteration/iteration_3_merge_below_3/cnn_model/cnn14/plasma_tp1_0.1x_model_C1/roc_curve_resnet18_tf_0_0.03/nested_cv_random/resnet18/repeat_10_fold_5_metrics.csv,2,1,resnet18,"[0, 0.03]",C1,AUPRC,0.8363808913068062
/scratchc/nrlab/wang04/ulyses_results_iteration/iteration_3_merge_below_3/cnn_model/cnn14/plasma_tp1_0.1x_model_C1/roc_curve_resnet18_tf_0_0.03/nested_cv_random/resnet18/repeat_10_fold_5_metrics.csv,2,1,resnet18,"[0, 0.03]",C1,Sensitivity at 99% Specificity,0.10476190476190476
/scratchc/nrlab/wang04/ulyses_results_iteration/iteration_3_merge_below_3/cnn_model/cnn14/plasma_tp1_0.1x_model_C1/roc_curve_resnet18_tf_0_0.03/nested_cv_random/resnet18/repeat_10_fold_5_metrics.csv,2,1,resnet18,"[0, 0.03]",C1,PPV at 99% Specificity,1
/scratchc/nrlab/wang04/ulyses_results_iteration/iteration_3_merge_below_3/cnn_model/cnn14/plasma_tp1_0.1x_model_C1/roc_curve_resnet18_tf_0_0.03/nested_cv_random/resnet18/repeat_10_fold_5_metrics.csv,2,1,resnet18,"[0, 0.03]",C1,Accuracy at 99% Specificity,0.5473809523809524
/scratchc/nrlab/wang04/ulyses_results_iteration/iteration_3_merge_below_3/cnn_model/cnn14/plasma_tp1_0.1x_model_C1/roc_curve_resnet18_tf_0_0.03/nested_cv_random/resnet18/repeat_10_fold_5_metrics.csv,2,1,resnet18,"[0, 0.03]",C1,F1 at 99% Specificity,0.1896551724137931
/scratchc/nrlab/wang04/ulyses_results_iteration/iteration_3_merge_below_3/cnn_model/cnn14/plasma_tp1_0.1x_model_C1/roc_curve_resnet18_tf_0_0.03/nested_cv_random/resnet18/repeat_10_fold_5_metrics.csv,2,1,resnet18,"[0, 0.03]",C1,Sensitivity at 98% Specificity,0.10476190476190476
/scratchc/nrlab/wang04/ulyses_results_iteration/iteration_3_merge_below_3/cnn_model/cnn14/plasma_tp1_0.1x_model_C1/roc_curve_resnet18_tf_0_0.03/nested_cv_random/resnet18/repeat_10_fold_5_metrics.csv,2,1,resnet18,"[0, 0.03]",C1,PPV at 98% Specificity,1
/scratchc/nrlab/wang04/ulyses_results_iteration/iteration_3_merge_below_3/cnn_model/cnn14/plasma_tp1_0.1x_model_C1/roc_curve_resnet18_tf_0_0.03/nested_cv_random/resnet18/repeat_10_fold_5_metrics.csv,2,1,resnet18,"[0, 0.03]",C1,Accuracy at 98% Specificity,0.5423809523809524
/scratchc/nrlab/wang04/ulyses_results_iteration/iteration_3_merge_below_3/cnn_model/cnn14/plasma_tp1_0.1x_model_C1/roc_curve_resnet18_tf_0_0.03/nested_cv_random/resnet18/repeat_10_fold_5_metrics.csv,2,1,resnet18,"[0, 0.03]",C1,F1 at 98% Specificity,0.1896551724137931
/scratchc/nrlab/wang04/ulyses_results_iteration/iteration_3_merge_below_3/cnn_model/cnn14/plasma_tp1_0.1x_model_C1/roc_curve_resnet18_tf_0_0.03/nested_cv_random/resnet18/repeat_10_fold_5_metrics.csv,2,1,resnet18,"[0, 0.03]",C1,Sensitivity at 95% Specificity,0.2
/scratchc/nrlab/wang04/ulyses_results_iteration/iteration_3_merge_below_3/cnn_model/cnn14/plasma_tp1_0.1x_model_C1/roc_curve_resnet18_tf_0_0.03/nested_cv_random/resnet18/repeat_10_fold_5_metrics.csv,2,1,resnet18,"[0, 0.03]",C1,PPV at 95% Specificity,0.9545454545454546
/scratchc/nrlab/wang04/ulyses_results_iteration/iteration_3_merge_below_3/cnn_model/cnn14/plasma_tp1_0.1x_model_C1/roc_curve_resnet18_tf_0_0.03/nested_cv_random/resnet18/repeat_10_fold_5_metrics.csv,2,1,resnet18,"[0, 0.03]",C1,Accuracy at 95% Specificity,0.567910447761194
/scratchc/nrlab/wang04/ulyses_results_iteration/iteration_3_merge_below_3/cnn_model/cnn14/plasma_tp1_0.1x_model_C1/roc_curve_resnet18_tf_0_0.03/nested_cv_random/resnet18/repeat_10_fold_5_metrics.csv,2,1,resnet18,"[0, 0.03]",C1,F1 at 95% Specificity,0.33070866141732286
/scratchc/nrlab/wang04/ulyses_results_iteration/iteration_3_merge_below_3/cnn_model/cnn14/plasma_tp1_0.1x_model_C1/roc_curve_resnet18_tf_0_0.03/nested_cv_random/resnet18/repeat_10_fold_5_metrics.csv,2,2,resnet18,"[0, 0.03]",C1,AUROC,0.8800743281875358
/scratchc/nrlab/wang04/ulyses_results_iteration/iteration_3_merge_below_3/cnn_model/cnn14/plasma_tp1_0.1x_model_C1/roc_curve_resnet18_tf_0_0.03/nested_cv_random/resnet18/repeat_10_fold_5_metrics.csv,2,2,resnet18,"[0, 0.03]",C1,AUPRC,0.900995485749698
/scratchc/nrlab/wang04/ulyses_results_iteration/iteration_3_merge_below_3/cnn_model/cnn14/plasma_tp1_0.1x_model_C1/roc_curve_resnet18_tf_0_0.03/nested_cv_random/resnet18/repeat_10_fold_5_metrics.csv,2,2,resnet18,"[0, 0.03]",C1,Sensitivity at 99% Specificity,0.07547169811320754
/scratchc/nrlab/wang04/ulyses_results_iteration/iteration_3_merge_below_3/cnn_model/cnn14/plasma_tp1_0.1x_model_C1/roc_curve_resnet18_tf_0_0.03/nested_cv_random/resnet18/repeat_10_fold_5_metrics.csv,2,2,resnet18,"[0, 0.03]",C1,PPV at 99% Specificity,1
/scratchc/nrlab/wang04/ulyses_results_iteration/iteration_3_merge_below_3/cnn_model/cnn14/plasma_tp1_0.1x_model_C1/roc_curve_resnet18_tf_0_0.03/nested_cv_random/resnet18/repeat_10_fold_5_metrics.csv,2,2,resnet18,"[0, 0.03]",C1,Accuracy at 99% Specificity,0.5327358490566038
/scratchc/nrlab/wang04/ulyses_results_iteration/iteration_3_merge_below_3/cnn_model/cnn14/plasma_tp1_0.1x_model_C1/roc_curve_resnet18_tf_0_0.03/nested_cv_random/resnet18/repeat_10_fold_5_metrics.csv,2,2,resnet18,"[0, 0.03]",C1,F1 at 99% Specificity,0.14035087719298245
/scratchc/nrlab/wang04/ulyses_results_iteration/iteration_3_merge_below_3/cnn_model/cnn14/plasma_tp1_0.1x_model_C1/roc_curve_resnet18_tf_0_0.03/nested_cv_random/resnet18/repeat_10_fold_5_metrics.csv,2,2,resnet18,"[0, 0.03]",C1,Sensitivity at 98% Specificity,0.07547169811320754
/scratchc/nrlab/wang04/ulyses_results_iteration/iteration_3_merge_below_3/cnn_model/cnn14/plasma_tp1_0.1x_model_C1/roc_curve_resnet18_tf_0_0.03/nested_cv_random/resnet18/repeat_10_fold_5_metrics.csv,2,2,resnet18,"[0, 0.03]",C1,PPV at 98% Specificity,1
/scratchc/nrlab/wang04/ulyses_results_iteration/iteration_3_merge_below_3/cnn_model/cnn14/plasma_tp1_0.1x_model_C1/roc_curve_resnet18_tf_0_0.03/nested_cv_random/resnet18/repeat_10_fold_5_metrics.csv,2,2,resnet18,"[0, 0.03]",C1,Accuracy at 98% Specificity,0.5277358490566038
/scratchc/nrlab/wang04/ulyses_results_iteration/iteration_3_merge_below_3/cnn_model/cnn14/plasma_tp1_0.1x_model_C1/roc_curve_resnet18_tf_0_0.03/nested_cv_random/resnet18/repeat_10_fold_5_metrics.csv,2,2,resnet18,"[0, 0.03]",C1,F1 at 98% Specificity,0.14035087719298245
/scratchc/nrlab/wang04/ulyses_results_iteration/iteration_3_merge_below_3/cnn_model/cnn14/plasma_tp1_0.1x_model_C1/roc_curve_resnet18_tf_0_0.03/nested_cv_random/resnet18/repeat_10_fold_5_metrics.csv,2,2,resnet18,"[0, 0.03]",C1,Sensitivity at 95% Specificity,0.32075471698113206
/scratchc/nrlab/wang04/ulyses_results_iteration/iteration_3_merge_below_3/cnn_model/cnn14/plasma_tp1_0.1x_model_C1/roc_curve_resnet18_tf_0_0.03/nested_cv_random/resnet18/repeat_10_fold_5_metrics.csv,2,2,resnet18,"[0, 0.03]",C1,PPV at 95% Specificity,0.918918918918919
/scratchc/nrlab/wang04/ulyses_results_iteration/iteration_3_merge_below_3/cnn_model/cnn14/plasma_tp1_0.1x_model_C1/roc_curve_resnet18_tf_0_0.03/nested_cv_random/resnet18/repeat_10_fold_5_metrics.csv,2,2,resnet18,"[0, 0.03]",C1,Accuracy at 95% Specificity,0.613786449399657
/scratchc/nrlab/wang04/ulyses_results_iteration/iteration_3_merge_below_3/cnn_model/cnn14/plasma_tp1_0.1x_model_C1/roc_curve_resnet18_tf_0_0.03/nested_cv_random/resnet18/repeat_10_fold_5_metrics.csv,2,2,resnet18,"[0, 0.03]",C1,F1 at 95% Specificity,0.4755244755244755
/scratchc/nrlab/wang04/ulyses_results_iteration/iteration_3_merge_below_3/cnn_model/cnn14/plasma_tp1_0.1x_model_C1/roc_curve_resnet18_tf_0_0.03/nested_cv_random/resnet18/repeat_10_fold_5_metrics.csv,2,3,resnet18,"[0, 0.03]",C1,AUROC,0.8505952380952381
/scratchc/nrlab/wang04/ulyses_results_iteration/iteration_3_merge_below_3/cnn_model/cnn14/plasma_tp1_0.1x_model_C1/roc_curve_resnet18_tf_0_0.03/nested_cv_random/resnet18/repeat_10_fold_5_metrics.csv,2,3,resnet18,"[0, 0.03]",C1,AUPRC,0.8944605733678939
/scratchc/nrlab/wang04/ulyses_results_iteration/iteration_3_merge_below_3/cnn_model/cnn14/plasma_tp1_0.1x_model_C1/roc_curve_resnet18_tf_0_0.03/nested_cv_random/resnet18/repeat_10_fold_5_metrics.csv,2,3,resnet18,"[0, 0.03]",C1,Sensitivity at 99% Specificity,0.09821428571428573
/scratchc/nrlab/wang04/ulyses_results_iteration/iteration_3_merge_below_3/cnn_model/cnn14/plasma_tp1_0.1x_model_C1/roc_curve_resnet18_tf_0_0.03/nested_cv_random/resnet18/repeat_10_fold_5_metrics.csv,2,3,resnet18,"[0, 0.03]",C1,PPV at 99% Specificity,1
/scratchc/nrlab/wang04/ulyses_results_iteration/iteration_3_merge_below_3/cnn_model/cnn14/plasma_tp1_0.1x_model_C1/roc_curve_resnet18_tf_0_0.03/nested_cv_random/resnet18/repeat_10_fold_5_metrics.csv,2,3,resnet18,"[0, 0.03]",C1,Accuracy at 99% Specificity,0.5441071428571429
/scratchc/nrlab/wang04/ulyses_results_iteration/iteration_3_merge_below_3/cnn_model/cnn14/plasma_tp1_0.1x_model_C1/roc_curve_resnet18_tf_0_0.03/nested_cv_random/resnet18/repeat_10_fold_5_metrics.csv,2,3,resnet18,"[0, 0.03]",C1,F1 at 99% Specificity,0.17886178861788618
/scratchc/nrlab/wang04/ulyses_results_iteration/iteration_3_merge_below_3/cnn_model/cnn14/plasma_tp1_0.1x_model_C1/roc_curve_resnet18_tf_0_0.03/nested_cv_random/resnet18/repeat_10_fold_5_metrics.csv,2,3,resnet18,"[0, 0.03]",C1,Sensitivity at 98% Specificity,0.09821428571428573
/scratchc/nrlab/wang04/ulyses_results_iteration/iteration_3_merge_below_3/cnn_model/cnn14/plasma_tp1_0.1x_model_C1/roc_curve_resnet18_tf_0_0.03/nested_cv_random/resnet18/repeat_10_fold_5_metrics.csv,2,3,resnet18,"[0, 0.03]",C1,PPV at 98% Specificity,1
/scratchc/nrlab/wang04/ulyses_results_iteration/iteration_3_merge_below_3/cnn_model/cnn14/plasma_tp1_0.1x_model_C1/roc_curve_resnet18_tf_0_0.03/nested_cv_random/resnet18/repeat_10_fold_5_metrics.csv,2,3,resnet18,"[0, 0.03]",C1,Accuracy at 98% Specificity,0.5391071428571429
/scratchc/nrlab/wang04/ulyses_results_iteration/iteration_3_merge_below_3/cnn_model/cnn14/plasma_tp1_0.1x_model_C1/roc_curve_resnet18_tf_0_0.03/nested_cv_random/resnet18/repeat_10_fold_5_metrics.csv,2,3,resnet18,"[0, 0.03]",C1,F1 at 98% Specificity,0.17886178861788618
/scratchc/nrlab/wang04/ulyses_results_iteration/iteration_3_merge_below_3/cnn_model/cnn14/plasma_tp1_0.1x_model_C1/roc_curve_resnet18_tf_0_0.03/nested_cv_random/resnet18/repeat_10_fold_5_metrics.csv,2,3,resnet18,"[0, 0.03]",C1,Sensitivity at 95% Specificity,0.25
/scratchc/nrlab/wang04/ulyses_results_iteration/iteration_3_merge_below_3/cnn_model/cnn14/plasma_tp1_0.1x_model_C1/roc_curve_resnet18_tf_0_0.03/nested_cv_random/resnet18/repeat_10_fold_5_metrics.csv,2,3,resnet18,"[0, 0.03]",C1,PPV at 95% Specificity,0.9333333333333332
/scratchc/nrlab/wang04/ulyses_results_iteration/iteration_3_merge_below_3/cnn_model/cnn14/plasma_tp1_0.1x_model_C1/roc_curve_resnet18_tf_0_0.03/nested_cv_random/resnet18/repeat_10_fold_5_metrics.csv,2,3,resnet18,"[0, 0.03]",C1,Accuracy at 95% Specificity,0.5841666666666667
/scratchc/nrlab/wang04/ulyses_results_iteration/iteration_3_merge_below_3/cnn_model/cnn14/plasma_tp1_0.1x_model_C1/roc_curve_resnet18_tf_0_0.03/nested_cv_random/resnet18/repeat_10_fold_5_metrics.csv,2,3,resnet18,"[0, 0.03]",C1,F1 at 95% Specificity,0.39436619718309857
/scratchc/nrlab/wang04/ulyses_results_iteration/iteration_3_merge_below_3/cnn_model/cnn14/plasma_tp1_0.1x_model_C1/roc_curve_resnet18_tf_0_0.03/nested_cv_random/resnet18/repeat_10_fold_5_metrics.csv,2,4,resnet18,"[0, 0.03]",C1,AUROC,0.8661394680086268
/scratchc/nrlab/wang04/ulyses_results_iteration/iteration_3_merge_below_3/cnn_model/cnn14/plasma_tp1_0.1x_model_C1/roc_curve_resnet18_tf_0_0.03/nested_cv_random/resnet18/repeat_10_fold_5_metrics.csv,2,4,resnet18,"[0, 0.03]",C1,AUPRC,0.9177260069457004
/scratchc/nrlab/wang04/ulyses_results_iteration/iteration_3_merge_below_3/cnn_model/cnn14/plasma_tp1_0.1x_model_C1/roc_curve_resnet18_tf_0_0.03/nested_cv_random/resnet18/repeat_10_fold_5_metrics.csv,2,4,resnet18,"[0, 0.03]",C1,Sensitivity at 99% Specificity,0.205607476635514
/scratchc/nrlab/wang04/ulyses_results_iteration/iteration_3_merge_below_3/cnn_model/cnn14/plasma_tp1_0.1x_model_C1/roc_curve_resnet18_tf_0_0.03/nested_cv_random/resnet18/repeat_10_fold_5_metrics.csv,2,4,resnet18,"[0, 0.03]",C1,PPV at 99% Specificity,1
/scratchc/nrlab/wang04/ulyses_results_iteration/iteration_3_merge_below_3/cnn_model/cnn14/plasma_tp1_0.1x_model_C1/roc_curve_resnet18_tf_0_0.03/nested_cv_random/resnet18/repeat_10_fold_5_metrics.csv,2,4,resnet18,"[0, 0.03]",C1,Accuracy at 99% Specificity,0.597803738317757
/scratchc/nrlab/wang04/ulyses_results_iteration/iteration_3_merge_below_3/cnn_model/cnn14/plasma_tp1_0.1x_model_C1/roc_curve_resnet18_tf_0_0.03/nested_cv_random/resnet18/repeat_10_fold_5_metrics.csv,2,4,resnet18,"[0, 0.03]",C1,F1 at 99% Specificity,0.34108527131782945
/scratchc/nrlab/wang04/ulyses_results_iteration/iteration_3_merge_below_3/cnn_model/cnn14/plasma_tp1_0.1x_model_C1/roc_curve_resnet18_tf_0_0.03/nested_cv_random/resnet18/repeat_10_fold_5_metrics.csv,2,4,resnet18,"[0, 0.03]",C1,Sensitivity at 98% Specificity,0.205607476635514
/scratchc/nrlab/wang04/ulyses_results_iteration/iteration_3_merge_below_3/cnn_model/cnn14/plasma_tp1_0.1x_model_C1/roc_curve_resnet18_tf_0_0.03/nested_cv_random/resnet18/repeat_10_fold_5_metrics.csv,2,4,resnet18,"[0, 0.03]",C1,PPV at 98% Specificity,1
/scratchc/nrlab/wang04/ulyses_results_iteration/iteration_3_merge_below_3/cnn_model/cnn14/plasma_tp1_0.1x_model_C1/roc_curve_resnet18_tf_0_0.03/nested_cv_random/resnet18/repeat_10_fold_5_metrics.csv,2,4,resnet18,"[0, 0.03]",C1,Accuracy at 98% Specificity,0.592803738317757
/scratchc/nrlab/wang04/ulyses_results_iteration/iteration_3_merge_below_3/cnn_model/cnn14/plasma_tp1_0.1x_model_C1/roc_curve_resnet18_tf_0_0.03/nested_cv_random/resnet18/repeat_10_fold_5_metrics.csv,2,4,resnet18,"[0, 0.03]",C1,F1 at 98% Specificity,0.34108527131782945
/scratchc/nrlab/wang04/ulyses_results_iteration/iteration_3_merge_below_3/cnn_model/cnn14/plasma_tp1_0.1x_model_C1/roc_curve_resnet18_tf_0_0.03/nested_cv_random/resnet18/repeat_10_fold_5_metrics.csv,2,4,resnet18,"[0, 0.03]",C1,Sensitivity at 95% Specificity,0.5514018691588785
/scratchc/nrlab/wang04/ulyses_results_iteration/iteration_3_merge_below_3/cnn_model/cnn14/plasma_tp1_0.1x_model_C1/roc_curve_resnet18_tf_0_0.03/nested_cv_random/resnet18/repeat_10_fold_5_metrics.csv,2,4,resnet18,"[0, 0.03]",C1,PPV at 95% Specificity,0.9672131147540984
/scratchc/nrlab/wang04/ulyses_results_iteration/iteration_3_merge_below_3/cnn_model/cnn14/plasma_tp1_0.1x_model_C1/roc_curve_resnet18_tf_0_0.03/nested_cv_random/resnet18/repeat_10_fold_5_metrics.csv,2,4,resnet18,"[0, 0.03]",C1,Accuracy at 95% Specificity,0.7360855499640546
/scratchc/nrlab/wang04/ulyses_results_iteration/iteration_3_merge_below_3/cnn_model/cnn14/plasma_tp1_0.1x_model_C1/roc_curve_resnet18_tf_0_0.03/nested_cv_random/resnet18/repeat_10_fold_5_metrics.csv,2,4,resnet18,"[0, 0.03]",C1,F1 at 95% Specificity,0.7023809523809523
/scratchc/nrlab/wang04/ulyses_results_iteration/iteration_3_merge_below_3/cnn_model/cnn14/plasma_tp1_0.1x_model_C1/roc_curve_resnet18_tf_0_0.03/nested_cv_random/resnet18/repeat_10_fold_5_metrics.csv,2,5,resnet18,"[0, 0.03]",C1,AUROC,0.8549704308645453
/scratchc/nrlab/wang04/ulyses_results_iteration/iteration_3_merge_below_3/cnn_model/cnn14/plasma_tp1_0.1x_model_C1/roc_curve_resnet18_tf_0_0.03/nested_cv_random/resnet18/repeat_10_fold_5_metrics.csv,2,5,resnet18,"[0, 0.03]",C1,AUPRC,0.8817081770010703
/scratchc/nrlab/wang04/ulyses_results_iteration/iteration_3_merge_below_3/cnn_model/cnn14/plasma_tp1_0.1x_model_C1/roc_curve_resnet18_tf_0_0.03/nested_cv_random/resnet18/repeat_10_fold_5_metrics.csv,2,5,resnet18,"[0, 0.03]",C1,Sensitivity at 99% Specificity,0.04716981132075472
/scratchc/nrlab/wang04/ulyses_results_iteration/iteration_3_merge_below_3/cnn_model/cnn14/plasma_tp1_0.1x_model_C1/roc_curve_resnet18_tf_0_0.03/nested_cv_random/resnet18/repeat_10_fold_5_metrics.csv,2,5,resnet18,"[0, 0.03]",C1,PPV at 99% Specificity,1
/scratchc/nrlab/wang04/ulyses_results_iteration/iteration_3_merge_below_3/cnn_model/cnn14/plasma_tp1_0.1x_model_C1/roc_curve_resnet18_tf_0_0.03/nested_cv_random/resnet18/repeat_10_fold_5_metrics.csv,2,5,resnet18,"[0, 0.03]",C1,Accuracy at 99% Specificity,0.5185849056603774
/scratchc/nrlab/wang04/ulyses_results_iteration/iteration_3_merge_below_3/cnn_model/cnn14/plasma_tp1_0.1x_model_C1/roc_curve_resnet18_tf_0_0.03/nested_cv_random/resnet18/repeat_10_fold_5_metrics.csv,2,5,resnet18,"[0, 0.03]",C1,F1 at 99% Specificity,0.09009009009009009
/scratchc/nrlab/wang04/ulyses_results_iteration/iteration_3_merge_below_3/cnn_model/cnn14/plasma_tp1_0.1x_model_C1/roc_curve_resnet18_tf_0_0.03/nested_cv_random/resnet18/repeat_10_fold_5_metrics.csv,2,5,resnet18,"[0, 0.03]",C1,Sensitivity at 98% Specificity,0.04716981132075472
/scratchc/nrlab/wang04/ulyses_results_iteration/iteration_3_merge_below_3/cnn_model/cnn14/plasma_tp1_0.1x_model_C1/roc_curve_resnet18_tf_0_0.03/nested_cv_random/resnet18/repeat_10_fold_5_metrics.csv,2,5,resnet18,"[0, 0.03]",C1,PPV at 98% Specificity,1
/scratchc/nrlab/wang04/ulyses_results_iteration/iteration_3_merge_below_3/cnn_model/cnn14/plasma_tp1_0.1x_model_C1/roc_curve_resnet18_tf_0_0.03/nested_cv_random/resnet18/repeat_10_fold_5_metrics.csv,2,5,resnet18,"[0, 0.03]",C1,Accuracy at 98% Specificity,0.5135849056603774
/scratchc/nrlab/wang04/ulyses_results_iteration/iteration_3_merge_below_3/cnn_model/cnn14/plasma_tp1_0.1x_model_C1/roc_curve_resnet18_tf_0_0.03/nested_cv_random/resnet18/repeat_10_fold_5_metrics.csv,2,5,resnet18,"[0, 0.03]",C1,F1 at 98% Specificity,0.09009009009009009
/scratchc/nrlab/wang04/ulyses_results_iteration/iteration_3_merge_below_3/cnn_model/cnn14/plasma_tp1_0.1x_model_C1/roc_curve_resnet18_tf_0_0.03/nested_cv_random/resnet18/repeat_10_fold_5_metrics.csv,2,5,resnet18,"[0, 0.03]",C1,Sensitivity at 95% Specificity,0.27358490566037735
/scratchc/nrlab/wang04/ulyses_results_iteration/iteration_3_merge_below_3/cnn_model/cnn14/plasma_tp1_0.1x_model_C1/roc_curve_resnet18_tf_0_0.03/nested_cv_random/resnet18/repeat_10_fold_5_metrics.csv,2,5,resnet18,"[0, 0.03]",C1,PPV at 95% Specificity,0.90625
/scratchc/nrlab/wang04/ulyses_results_iteration/iteration_3_merge_below_3/cnn_model/cnn14/plasma_tp1_0.1x_model_C1/roc_curve_resnet18_tf_0_0.03/nested_cv_random/resnet18/repeat_10_fold_5_metrics.csv,2,5,resnet18,"[0, 0.03]",C1,Accuracy at 95% Specificity,0.5905237961137707
/scratchc/nrlab/wang04/ulyses_results_iteration/iteration_3_merge_below_3/cnn_model/cnn14/plasma_tp1_0.1x_model_C1/roc_curve_resnet18_tf_0_0.03/nested_cv_random/resnet18/repeat_10_fold_5_metrics.csv,2,5,resnet18,"[0, 0.03]",C1,F1 at 95% Specificity,0.42028985507246375
/scratchc/nrlab/wang04/ulyses_results_iteration/iteration_3_merge_below_3/cnn_model/cnn14/plasma_tp1_0.1x_model_C1/roc_curve_resnet18_tf_0_0.03/nested_cv_random/resnet18/repeat_10_fold_5_metrics.csv,3,1,resnet18,"[0, 0.03]",C1,AUROC,0.8504873853211009
/scratchc/nrlab/wang04/ulyses_results_iteration/iteration_3_merge_below_3/cnn_model/cnn14/plasma_tp1_0.1x_model_C1/roc_curve_resnet18_tf_0_0.03/nested_cv_random/resnet18/repeat_10_fold_5_metrics.csv,3,1,resnet18,"[0, 0.03]",C1,AUPRC,0.9131673121130186
/scratchc/nrlab/wang04/ulyses_results_iteration/iteration_3_merge_below_3/cnn_model/cnn14/plasma_tp1_0.1x_model_C1/roc_curve_resnet18_tf_0_0.03/nested_cv_random/resnet18/repeat_10_fold_5_metrics.csv,3,1,resnet18,"[0, 0.03]",C1,Sensitivity at 99% Specificity,0.22935779816513763
/scratchc/nrlab/wang04/ulyses_results_iteration/iteration_3_merge_below_3/cnn_model/cnn14/plasma_tp1_0.1x_model_C1/roc_curve_resnet18_tf_0_0.03/nested_cv_random/resnet18/repeat_10_fold_5_metrics.csv,3,1,resnet18,"[0, 0.03]",C1,PPV at 99% Specificity,1
/scratchc/nrlab/wang04/ulyses_results_iteration/iteration_3_merge_below_3/cnn_model/cnn14/plasma_tp1_0.1x_model_C1/roc_curve_resnet18_tf_0_0.03/nested_cv_random/resnet18/repeat_10_fold_5_metrics.csv,3,1,resnet18,"[0, 0.03]",C1,Accuracy at 99% Specificity,0.6096788990825688
/scratchc/nrlab/wang04/ulyses_results_iteration/iteration_3_merge_below_3/cnn_model/cnn14/plasma_tp1_0.1x_model_C1/roc_curve_resnet18_tf_0_0.03/nested_cv_random/resnet18/repeat_10_fold_5_metrics.csv,3,1,resnet18,"[0, 0.03]",C1,F1 at 99% Specificity,0.373134328358209
/scratchc/nrlab/wang04/ulyses_results_iteration/iteration_3_merge_below_3/cnn_model/cnn14/plasma_tp1_0.1x_model_C1/roc_curve_resnet18_tf_0_0.03/nested_cv_random/resnet18/repeat_10_fold_5_metrics.csv,3,1,resnet18,"[0, 0.03]",C1,Sensitivity at 98% Specificity,0.22935779816513763
/scratchc/nrlab/wang04/ulyses_results_iteration/iteration_3_merge_below_3/cnn_model/cnn14/plasma_tp1_0.1x_model_C1/roc_curve_resnet18_tf_0_0.03/nested_cv_random/resnet18/repeat_10_fold_5_metrics.csv,3,1,resnet18,"[0, 0.03]",C1,PPV at 98% Specificity,1
/scratchc/nrlab/wang04/ulyses_results_iteration/iteration_3_merge_below_3/cnn_model/cnn14/plasma_tp1_0.1x_model_C1/roc_curve_resnet18_tf_0_0.03/nested_cv_random/resnet18/repeat_10_fold_5_metrics.csv,3,1,resnet18,"[0, 0.03]",C1,Accuracy at 98% Specificity,0.6046788990825688
/scratchc/nrlab/wang04/ulyses_results_iteration/iteration_3_merge_below_3/cnn_model/cnn14/plasma_tp1_0.1x_model_C1/roc_curve_resnet18_tf_0_0.03/nested_cv_random/resnet18/repeat_10_fold_5_metrics.csv,3,1,resnet18,"[0, 0.03]",C1,F1 at 98% Specificity,0.373134328358209
/scratchc/nrlab/wang04/ulyses_results_iteration/iteration_3_merge_below_3/cnn_model/cnn14/plasma_tp1_0.1x_model_C1/roc_curve_resnet18_tf_0_0.03/nested_cv_random/resnet18/repeat_10_fold_5_metrics.csv,3,1,resnet18,"[0, 0.03]",C1,Sensitivity at 95% Specificity,0.4954128440366973
/scratchc/nrlab/wang04/ulyses_results_iteration/iteration_3_merge_below_3/cnn_model/cnn14/plasma_tp1_0.1x_model_C1/roc_curve_resnet18_tf_0_0.03/nested_cv_random/resnet18/repeat_10_fold_5_metrics.csv,3,1,resnet18,"[0, 0.03]",C1,PPV at 95% Specificity,0.9642857142857144
/scratchc/nrlab/wang04/ulyses_results_iteration/iteration_3_merge_below_3/cnn_model/cnn14/plasma_tp1_0.1x_model_C1/roc_curve_resnet18_tf_0_0.03/nested_cv_random/resnet18/repeat_10_fold_5_metrics.csv,3,1,resnet18,"[0, 0.03]",C1,Accuracy at 95% Specificity,0.7078626720183486
/scratchc/nrlab/wang04/ulyses_results_iteration/iteration_3_merge_below_3/cnn_model/cnn14/plasma_tp1_0.1x_model_C1/roc_curve_resnet18_tf_0_0.03/nested_cv_random/resnet18/repeat_10_fold_5_metrics.csv,3,1,resnet18,"[0, 0.03]",C1,F1 at 95% Specificity,0.6545454545454545
/scratchc/nrlab/wang04/ulyses_results_iteration/iteration_3_merge_below_3/cnn_model/cnn14/plasma_tp1_0.1x_model_C1/roc_curve_resnet18_tf_0_0.03/nested_cv_random/resnet18/repeat_10_fold_5_metrics.csv,3,2,resnet18,"[0, 0.03]",C1,AUROC,0.8778280542986425
/scratchc/nrlab/wang04/ulyses_results_iteration/iteration_3_merge_below_3/cnn_model/cnn14/plasma_tp1_0.1x_model_C1/roc_curve_resnet18_tf_0_0.03/nested_cv_random/resnet18/repeat_10_fold_5_metrics.csv,3,2,resnet18,"[0, 0.03]",C1,AUPRC,0.91952386679696
/scratchc/nrlab/wang04/ulyses_results_iteration/iteration_3_merge_below_3/cnn_model/cnn14/plasma_tp1_0.1x_model_C1/roc_curve_resnet18_tf_0_0.03/nested_cv_random/resnet18/repeat_10_fold_5_metrics.csv,3,2,resnet18,"[0, 0.03]",C1,Sensitivity at 99% Specificity,0.2692307692307692
/scratchc/nrlab/wang04/ulyses_results_iteration/iteration_3_merge_below_3/cnn_model/cnn14/plasma_tp1_0.1x_model_C1/roc_curve_resnet18_tf_0_0.03/nested_cv_random/resnet18/repeat_10_fold_5_metrics.csv,3,2,resnet18,"[0, 0.03]",C1,PPV at 99% Specificity,1
/scratchc/nrlab/wang04/ulyses_results_iteration/iteration_3_merge_below_3/cnn_model/cnn14/plasma_tp1_0.1x_model_C1/roc_curve_resnet18_tf_0_0.03/nested_cv_random/resnet18/repeat_10_fold_5_metrics.csv,3,2,resnet18,"[0, 0.03]",C1,Accuracy at 99% Specificity,0.6296153846153846
/scratchc/nrlab/wang04/ulyses_results_iteration/iteration_3_merge_below_3/cnn_model/cnn14/plasma_tp1_0.1x_model_C1/roc_curve_resnet18_tf_0_0.03/nested_cv_random/resnet18/repeat_10_fold_5_metrics.csv,3,2,resnet18,"[0, 0.03]",C1,F1 at 99% Specificity,0.42424242424242425
/scratchc/nrlab/wang04/ulyses_results_iteration/iteration_3_merge_below_3/cnn_model/cnn14/plasma_tp1_0.1x_model_C1/roc_curve_resnet18_tf_0_0.03/nested_cv_random/resnet18/repeat_10_fold_5_metrics.csv,3,2,resnet18,"[0, 0.03]",C1,Sensitivity at 98% Specificity,0.2692307692307692
/scratchc/nrlab/wang04/ulyses_results_iteration/iteration_3_merge_below_3/cnn_model/cnn14/plasma_tp1_0.1x_model_C1/roc_curve_resnet18_tf_0_0.03/nested_cv_random/resnet18/repeat_10_fold_5_metrics.csv,3,2,resnet18,"[0, 0.03]",C1,PPV at 98% Specificity,1
/scratchc/nrlab/wang04/ulyses_results_iteration/iteration_3_merge_below_3/cnn_model/cnn14/plasma_tp1_0.1x_model_C1/roc_curve_resnet18_tf_0_0.03/nested_cv_random/resnet18/repeat_10_fold_5_metrics.csv,3,2,resnet18,"[0, 0.03]",C1,Accuracy at 98% Specificity,0.6246153846153846
/scratchc/nrlab/wang04/ulyses_results_iteration/iteration_3_merge_below_3/cnn_model/cnn14/plasma_tp1_0.1x_model_C1/roc_curve_resnet18_tf_0_0.03/nested_cv_random/resnet18/repeat_10_fold_5_metrics.csv,3,2,resnet18,"[0, 0.03]",C1,F1 at 98% Specificity,0.42424242424242425
/scratchc/nrlab/wang04/ulyses_results_iteration/iteration_3_merge_below_3/cnn_model/cnn14/plasma_tp1_0.1x_model_C1/roc_curve_resnet18_tf_0_0.03/nested_cv_random/resnet18/repeat_10_fold_5_metrics.csv,3,2,resnet18,"[0, 0.03]",C1,Sensitivity at 95% Specificity,0.4807692307692308
/scratchc/nrlab/wang04/ulyses_results_iteration/iteration_3_merge_below_3/cnn_model/cnn14/plasma_tp1_0.1x_model_C1/roc_curve_resnet18_tf_0_0.03/nested_cv_random/resnet18/repeat_10_fold_5_metrics.csv,3,2,resnet18,"[0, 0.03]",C1,PPV at 95% Specificity,0.9615384615384616
/scratchc/nrlab/wang04/ulyses_results_iteration/iteration_3_merge_below_3/cnn_model/cnn14/plasma_tp1_0.1x_model_C1/roc_curve_resnet18_tf_0_0.03/nested_cv_random/resnet18/repeat_10_fold_5_metrics.csv,3,2,resnet18,"[0, 0.03]",C1,Accuracy at 95% Specificity,0.7014140271493212
/scratchc/nrlab/wang04/ulyses_results_iteration/iteration_3_merge_below_3/cnn_model/cnn14/plasma_tp1_0.1x_model_C1/roc_curve_resnet18_tf_0_0.03/nested_cv_random/resnet18/repeat_10_fold_5_metrics.csv,3,2,resnet18,"[0, 0.03]",C1,F1 at 95% Specificity,0.6410256410256411
/scratchc/nrlab/wang04/ulyses_results_iteration/iteration_3_merge_below_3/cnn_model/cnn14/plasma_tp1_0.1x_model_C1/roc_curve_resnet18_tf_0_0.03/nested_cv_random/resnet18/repeat_10_fold_5_metrics.csv,3,3,resnet18,"[0, 0.03]",C1,AUROC,0.8440393518518519
/scratchc/nrlab/wang04/ulyses_results_iteration/iteration_3_merge_below_3/cnn_model/cnn14/plasma_tp1_0.1x_model_C1/roc_curve_resnet18_tf_0_0.03/nested_cv_random/resnet18/repeat_10_fold_5_metrics.csv,3,3,resnet18,"[0, 0.03]",C1,AUPRC,0.8945174499052577
/scratchc/nrlab/wang04/ulyses_results_iteration/iteration_3_merge_below_3/cnn_model/cnn14/plasma_tp1_0.1x_model_C1/roc_curve_resnet18_tf_0_0.03/nested_cv_random/resnet18/repeat_10_fold_5_metrics.csv,3,3,resnet18,"[0, 0.03]",C1,Sensitivity at 99% Specificity,0.1574074074074074
/scratchc/nrlab/wang04/ulyses_results_iteration/iteration_3_merge_below_3/cnn_model/cnn14/plasma_tp1_0.1x_model_C1/roc_curve_resnet18_tf_0_0.03/nested_cv_random/resnet18/repeat_10_fold_5_metrics.csv,3,3,resnet18,"[0, 0.03]",C1,PPV at 99% Specificity,1
/scratchc/nrlab/wang04/ulyses_results_iteration/iteration_3_merge_below_3/cnn_model/cnn14/plasma_tp1_0.1x_model_C1/roc_curve_resnet18_tf_0_0.03/nested_cv_random/resnet18/repeat_10_fold_5_metrics.csv,3,3,resnet18,"[0, 0.03]",C1,Accuracy at 99% Specificity,0.5737037037037037
/scratchc/nrlab/wang04/ulyses_results_iteration/iteration_3_merge_below_3/cnn_model/cnn14/plasma_tp1_0.1x_model_C1/roc_curve_resnet18_tf_0_0.03/nested_cv_random/resnet18/repeat_10_fold_5_metrics.csv,3,3,resnet18,"[0, 0.03]",C1,F1 at 99% Specificity,0.272
/scratchc/nrlab/wang04/ulyses_results_iteration/iteration_3_merge_below_3/cnn_model/cnn14/plasma_tp1_0.1x_model_C1/roc_curve_resnet18_tf_0_0.03/nested_cv_random/resnet18/repeat_10_fold_5_metrics.csv,3,3,resnet18,"[0, 0.03]",C1,Sensitivity at 98% Specificity,0.1574074074074074
/scratchc/nrlab/wang04/ulyses_results_iteration/iteration_3_merge_below_3/cnn_model/cnn14/plasma_tp1_0.1x_model_C1/roc_curve_resnet18_tf_0_0.03/nested_cv_random/resnet18/repeat_10_fold_5_metrics.csv,3,3,resnet18,"[0, 0.03]",C1,PPV at 98% Specificity,1
/scratchc/nrlab/wang04/ulyses_results_iteration/iteration_3_merge_below_3/cnn_model/cnn14/plasma_tp1_0.1x_model_C1/roc_curve_resnet18_tf_0_0.03/nested_cv_random/resnet18/repeat_10_fold_5_metrics.csv,3,3,resnet18,"[0, 0.03]",C1,Accuracy at 98% Specificity,0.5687037037037037
/scratchc/nrlab/wang04/ulyses_results_iteration/iteration_3_merge_below_3/cnn_model/cnn14/plasma_tp1_0.1x_model_C1/roc_curve_resnet18_tf_0_0.03/nested_cv_random/resnet18/repeat_10_fold_5_metrics.csv,3,3,resnet18,"[0, 0.03]",C1,F1 at 98% Specificity,0.272
/scratchc/nrlab/wang04/ulyses_results_iteration/iteration_3_merge_below_3/cnn_model/cnn14/plasma_tp1_0.1x_model_C1/roc_curve_resnet18_tf_0_0.03/nested_cv_random/resnet18/repeat_10_fold_5_metrics.csv,3,3,resnet18,"[0, 0.03]",C1,Sensitivity at 95% Specificity,0.3611111111111111
/scratchc/nrlab/wang04/ulyses_results_iteration/iteration_3_merge_below_3/cnn_model/cnn14/plasma_tp1_0.1x_model_C1/roc_curve_resnet18_tf_0_0.03/nested_cv_random/resnet18/repeat_10_fold_5_metrics.csv,3,3,resnet18,"[0, 0.03]",C1,PPV at 95% Specificity,0.951219512195122
/scratchc/nrlab/wang04/ulyses_results_iteration/iteration_3_merge_below_3/cnn_model/cnn14/plasma_tp1_0.1x_model_C1/roc_curve_resnet18_tf_0_0.03/nested_cv_random/resnet18/repeat_10_fold_5_metrics.csv,3,3,resnet18,"[0, 0.03]",C1,Accuracy at 95% Specificity,0.6407118055555555
/scratchc/nrlab/wang04/ulyses_results_iteration/iteration_3_merge_below_3/cnn_model/cnn14/plasma_tp1_0.1x_model_C1/roc_curve_resnet18_tf_0_0.03/nested_cv_random/resnet18/repeat_10_fold_5_metrics.csv,3,3,resnet18,"[0, 0.03]",C1,F1 at 95% Specificity,0.5234899328859061
/scratchc/nrlab/wang04/ulyses_results_iteration/iteration_3_merge_below_3/cnn_model/cnn14/plasma_tp1_0.1x_model_C1/roc_curve_resnet18_tf_0_0.03/nested_cv_random/resnet18/repeat_10_fold_5_metrics.csv,3,4,resnet18,"[0, 0.03]",C1,AUROC,0.8330697340043135
/scratchc/nrlab/wang04/ulyses_results_iteration/iteration_3_merge_below_3/cnn_model/cnn14/plasma_tp1_0.1x_model_C1/roc_curve_resnet18_tf_0_0.03/nested_cv_random/resnet18/repeat_10_fold_5_metrics.csv,3,4,resnet18,"[0, 0.03]",C1,AUPRC,0.8890197045010476
/scratchc/nrlab/wang04/ulyses_results_iteration/iteration_3_merge_below_3/cnn_model/cnn14/plasma_tp1_0.1x_model_C1/roc_curve_resnet18_tf_0_0.03/nested_cv_random/resnet18/repeat_10_fold_5_metrics.csv,3,4,resnet18,"[0, 0.03]",C1,Sensitivity at 99% Specificity,0.14953271028037382
/scratchc/nrlab/wang04/ulyses_results_iteration/iteration_3_merge_below_3/cnn_model/cnn14/plasma_tp1_0.1x_model_C1/roc_curve_resnet18_tf_0_0.03/nested_cv_random/resnet18/repeat_10_fold_5_metrics.csv,3,4,resnet18,"[0, 0.03]",C1,PPV at 99% Specificity,1
/scratchc/nrlab/wang04/ulyses_results_iteration/iteration_3_merge_below_3/cnn_model/cnn14/plasma_tp1_0.1x_model_C1/roc_curve_resnet18_tf_0_0.03/nested_cv_random/resnet18/repeat_10_fold_5_metrics.csv,3,4,resnet18,"[0, 0.03]",C1,Accuracy at 99% Specificity,0.5697663551401869
/scratchc/nrlab/wang04/ulyses_results_iteration/iteration_3_merge_below_3/cnn_model/cnn14/plasma_tp1_0.1x_model_C1/roc_curve_resnet18_tf_0_0.03/nested_cv_random/resnet18/repeat_10_fold_5_metrics.csv,3,4,resnet18,"[0, 0.03]",C1,F1 at 99% Specificity,0.2601626016260163
/scratchc/nrlab/wang04/ulyses_results_iteration/iteration_3_merge_below_3/cnn_model/cnn14/plasma_tp1_0.1x_model_C1/roc_curve_resnet18_tf_0_0.03/nested_cv_random/resnet18/repeat_10_fold_5_metrics.csv,3,4,resnet18,"[0, 0.03]",C1,Sensitivity at 98% Specificity,0.14953271028037382
/scratchc/nrlab/wang04/ulyses_results_iteration/iteration_3_merge_below_3/cnn_model/cnn14/plasma_tp1_0.1x_model_C1/roc_curve_resnet18_tf_0_0.03/nested_cv_random/resnet18/repeat_10_fold_5_metrics.csv,3,4,resnet18,"[0, 0.03]",C1,PPV at 98% Specificity,1
/scratchc/nrlab/wang04/ulyses_results_iteration/iteration_3_merge_below_3/cnn_model/cnn14/plasma_tp1_0.1x_model_C1/roc_curve_resnet18_tf_0_0.03/nested_cv_random/resnet18/repeat_10_fold_5_metrics.csv,3,4,resnet18,"[0, 0.03]",C1,Accuracy at 98% Specificity,0.5647663551401869
/scratchc/nrlab/wang04/ulyses_results_iteration/iteration_3_merge_below_3/cnn_model/cnn14/plasma_tp1_0.1x_model_C1/roc_curve_resnet18_tf_0_0.03/nested_cv_random/resnet18/repeat_10_fold_5_metrics.csv,3,4,resnet18,"[0, 0.03]",C1,F1 at 98% Specificity,0.2601626016260163
/scratchc/nrlab/wang04/ulyses_results_iteration/iteration_3_merge_below_3/cnn_model/cnn14/plasma_tp1_0.1x_model_C1/roc_curve_resnet18_tf_0_0.03/nested_cv_random/resnet18/repeat_10_fold_5_metrics.csv,3,4,resnet18,"[0, 0.03]",C1,Sensitivity at 95% Specificity,0.40186915887850466
/scratchc/nrlab/wang04/ulyses_results_iteration/iteration_3_merge_below_3/cnn_model/cnn14/plasma_tp1_0.1x_model_C1/roc_curve_resnet18_tf_0_0.03/nested_cv_random/resnet18/repeat_10_fold_5_metrics.csv,3,4,resnet18,"[0, 0.03]",C1,PPV at 95% Specificity,0.9555555555555556
/scratchc/nrlab/wang04/ulyses_results_iteration/iteration_3_merge_below_3/cnn_model/cnn14/plasma_tp1_0.1x_model_C1/roc_curve_resnet18_tf_0_0.03/nested_cv_random/resnet18/repeat_10_fold_5_metrics.csv,3,4,resnet18,"[0, 0.03]",C1,Accuracy at 95% Specificity,0.6613191948238677
/scratchc/nrlab/wang04/ulyses_results_iteration/iteration_3_merge_below_3/cnn_model/cnn14/plasma_tp1_0.1x_model_C1/roc_curve_resnet18_tf_0_0.03/nested_cv_random/resnet18/repeat_10_fold_5_metrics.csv,3,4,resnet18,"[0, 0.03]",C1,F1 at 95% Specificity,0.5657894736842105
/scratchc/nrlab/wang04/ulyses_results_iteration/iteration_3_merge_below_3/cnn_model/cnn14/plasma_tp1_0.1x_model_C1/roc_curve_resnet18_tf_0_0.03/nested_cv_random/resnet18/repeat_10_fold_5_metrics.csv,3,5,resnet18,"[0, 0.03]",C1,AUROC,0.8637152777777778
/scratchc/nrlab/wang04/ulyses_results_iteration/iteration_3_merge_below_3/cnn_model/cnn14/plasma_tp1_0.1x_model_C1/roc_curve_resnet18_tf_0_0.03/nested_cv_random/resnet18/repeat_10_fold_5_metrics.csv,3,5,resnet18,"[0, 0.03]",C1,AUPRC,0.9211309069987598
/scratchc/nrlab/wang04/ulyses_results_iteration/iteration_3_merge_below_3/cnn_model/cnn14/plasma_tp1_0.1x_model_C1/roc_curve_resnet18_tf_0_0.03/nested_cv_random/resnet18/repeat_10_fold_5_metrics.csv,3,5,resnet18,"[0, 0.03]",C1,Sensitivity at 99% Specificity,0.25925925925925924
/scratchc/nrlab/wang04/ulyses_results_iteration/iteration_3_merge_below_3/cnn_model/cnn14/plasma_tp1_0.1x_model_C1/roc_curve_resnet18_tf_0_0.03/nested_cv_random/resnet18/repeat_10_fold_5_metrics.csv,3,5,resnet18,"[0, 0.03]",C1,PPV at 99% Specificity,1
/scratchc/nrlab/wang04/ulyses_results_iteration/iteration_3_merge_below_3/cnn_model/cnn14/plasma_tp1_0.1x_model_C1/roc_curve_resnet18_tf_0_0.03/nested_cv_random/resnet18/repeat_10_fold_5_metrics.csv,3,5,resnet18,"[0, 0.03]",C1,Accuracy at 99% Specificity,0.6246296296296296
/scratchc/nrlab/wang04/ulyses_results_iteration/iteration_3_merge_below_3/cnn_model/cnn14/plasma_tp1_0.1x_model_C1/roc_curve_resnet18_tf_0_0.03/nested_cv_random/resnet18/repeat_10_fold_5_metrics.csv,3,5,resnet18,"[0, 0.03]",C1,F1 at 99% Specificity,0.4117647058823529
/scratchc/nrlab/wang04/ulyses_results_iteration/iteration_3_merge_below_3/cnn_model/cnn14/plasma_tp1_0.1x_model_C1/roc_curve_resnet18_tf_0_0.03/nested_cv_random/resnet18/repeat_10_fold_5_metrics.csv,3,5,resnet18,"[0, 0.03]",C1,Sensitivity at 98% Specificity,0.25925925925925924
/scratchc/nrlab/wang04/ulyses_results_iteration/iteration_3_merge_below_3/cnn_model/cnn14/plasma_tp1_0.1x_model_C1/roc_curve_resnet18_tf_0_0.03/nested_cv_random/resnet18/repeat_10_fold_5_metrics.csv,3,5,resnet18,"[0, 0.03]",C1,PPV at 98% Specificity,1
/scratchc/nrlab/wang04/ulyses_results_iteration/iteration_3_merge_below_3/cnn_model/cnn14/plasma_tp1_0.1x_model_C1/roc_curve_resnet18_tf_0_0.03/nested_cv_random/resnet18/repeat_10_fold_5_metrics.csv,3,5,resnet18,"[0, 0.03]",C1,Accuracy at 98% Specificity,0.6196296296296296
/scratchc/nrlab/wang04/ulyses_results_iteration/iteration_3_merge_below_3/cnn_model/cnn14/plasma_tp1_0.1x_model_C1/roc_curve_resnet18_tf_0_0.03/nested_cv_random/resnet18/repeat_10_fold_5_metrics.csv,3,5,resnet18,"[0, 0.03]",C1,F1 at 98% Specificity,0.4117647058823529
/scratchc/nrlab/wang04/ulyses_results_iteration/iteration_3_merge_below_3/cnn_model/cnn14/plasma_tp1_0.1x_model_C1/roc_curve_resnet18_tf_0_0.03/nested_cv_random/resnet18/repeat_10_fold_5_metrics.csv,3,5,resnet18,"[0, 0.03]",C1,Sensitivity at 95% Specificity,0.5185185185185185
/scratchc/nrlab/wang04/ulyses_results_iteration/iteration_3_merge_below_3/cnn_model/cnn14/plasma_tp1_0.1x_model_C1/roc_curve_resnet18_tf_0_0.03/nested_cv_random/resnet18/repeat_10_fold_5_metrics.csv,3,5,resnet18,"[0, 0.03]",C1,PPV at 95% Specificity,0.9655172413793104
/scratchc/nrlab/wang04/ulyses_results_iteration/iteration_3_merge_below_3/cnn_model/cnn14/plasma_tp1_0.1x_model_C1/roc_curve_resnet18_tf_0_0.03/nested_cv_random/resnet18/repeat_10_fold_5_metrics.csv,3,5,resnet18,"[0, 0.03]",C1,Accuracy at 95% Specificity,0.7194155092592592
/scratchc/nrlab/wang04/ulyses_results_iteration/iteration_3_merge_below_3/cnn_model/cnn14/plasma_tp1_0.1x_model_C1/roc_curve_resnet18_tf_0_0.03/nested_cv_random/resnet18/repeat_10_fold_5_metrics.csv,3,5,resnet18,"[0, 0.03]",C1,F1 at 95% Specificity,0.6746987951807228
/scratchc/nrlab/wang04/ulyses_results_iteration/iteration_3_merge_below_3/cnn_model/cnn14/plasma_tp1_0.1x_model_C1/roc_curve_resnet18_tf_0_0.03/nested_cv_random/resnet18/repeat_10_fold_5_metrics.csv,4,1,resnet18,"[0, 0.03]",C1,AUROC,0.8605324074074074
/scratchc/nrlab/wang04/ulyses_results_iteration/iteration_3_merge_below_3/cnn_model/cnn14/plasma_tp1_0.1x_model_C1/roc_curve_resnet18_tf_0_0.03/nested_cv_random/resnet18/repeat_10_fold_5_metrics.csv,4,1,resnet18,"[0, 0.03]",C1,AUPRC,0.9104395661009316
/scratchc/nrlab/wang04/ulyses_results_iteration/iteration_3_merge_below_3/cnn_model/cnn14/plasma_tp1_0.1x_model_C1/roc_curve_resnet18_tf_0_0.03/nested_cv_random/resnet18/repeat_10_fold_5_metrics.csv,4,1,resnet18,"[0, 0.03]",C1,Sensitivity at 99% Specificity,0.21296296296296297
/scratchc/nrlab/wang04/ulyses_results_iteration/iteration_3_merge_below_3/cnn_model/cnn14/plasma_tp1_0.1x_model_C1/roc_curve_resnet18_tf_0_0.03/nested_cv_random/resnet18/repeat_10_fold_5_metrics.csv,4,1,resnet18,"[0, 0.03]",C1,PPV at 99% Specificity,1
/scratchc/nrlab/wang04/ulyses_results_iteration/iteration_3_merge_below_3/cnn_model/cnn14/plasma_tp1_0.1x_model_C1/roc_curve_resnet18_tf_0_0.03/nested_cv_random/resnet18/repeat_10_fold_5_metrics.csv,4,1,resnet18,"[0, 0.03]",C1,Accuracy at 99% Specificity,0.6014814814814815
/scratchc/nrlab/wang04/ulyses_results_iteration/iteration_3_merge_below_3/cnn_model/cnn14/plasma_tp1_0.1x_model_C1/roc_curve_resnet18_tf_0_0.03/nested_cv_random/resnet18/repeat_10_fold_5_metrics.csv,4,1,resnet18,"[0, 0.03]",C1,F1 at 99% Specificity,0.3511450381679389
/scratchc/nrlab/wang04/ulyses_results_iteration/iteration_3_merge_below_3/cnn_model/cnn14/plasma_tp1_0.1x_model_C1/roc_curve_resnet18_tf_0_0.03/nested_cv_random/resnet18/repeat_10_fold_5_metrics.csv,4,1,resnet18,"[0, 0.03]",C1,Sensitivity at 98% Specificity,0.21296296296296297
/scratchc/nrlab/wang04/ulyses_results_iteration/iteration_3_merge_below_3/cnn_model/cnn14/plasma_tp1_0.1x_model_C1/roc_curve_resnet18_tf_0_0.03/nested_cv_random/resnet18/repeat_10_fold_5_metrics.csv,4,1,resnet18,"[0, 0.03]",C1,PPV at 98% Specificity,1
/scratchc/nrlab/wang04/ulyses_results_iteration/iteration_3_merge_below_3/cnn_model/cnn14/plasma_tp1_0.1x_model_C1/roc_curve_resnet18_tf_0_0.03/nested_cv_random/resnet18/repeat_10_fold_5_metrics.csv,4,1,resnet18,"[0, 0.03]",C1,Accuracy at 98% Specificity,0.5964814814814815
/scratchc/nrlab/wang04/ulyses_results_iteration/iteration_3_merge_below_3/cnn_model/cnn14/plasma_tp1_0.1x_model_C1/roc_curve_resnet18_tf_0_0.03/nested_cv_random/resnet18/repeat_10_fold_5_metrics.csv,4,1,resnet18,"[0, 0.03]",C1,F1 at 98% Specificity,0.3511450381679389
/scratchc/nrlab/wang04/ulyses_results_iteration/iteration_3_merge_below_3/cnn_model/cnn14/plasma_tp1_0.1x_model_C1/roc_curve_resnet18_tf_0_0.03/nested_cv_random/resnet18/repeat_10_fold_5_metrics.csv,4,1,resnet18,"[0, 0.03]",C1,Sensitivity at 95% Specificity,0.4351851851851852
/scratchc/nrlab/wang04/ulyses_results_iteration/iteration_3_merge_below_3/cnn_model/cnn14/plasma_tp1_0.1x_model_C1/roc_curve_resnet18_tf_0_0.03/nested_cv_random/resnet18/repeat_10_fold_5_metrics.csv,4,1,resnet18,"[0, 0.03]",C1,PPV at 95% Specificity,0.9591836734693876
/scratchc/nrlab/wang04/ulyses_results_iteration/iteration_3_merge_below_3/cnn_model/cnn14/plasma_tp1_0.1x_model_C1/roc_curve_resnet18_tf_0_0.03/nested_cv_random/resnet18/repeat_10_fold_5_metrics.csv,4,1,resnet18,"[0, 0.03]",C1,Accuracy at 95% Specificity,0.6777488425925926
/scratchc/nrlab/wang04/ulyses_results_iteration/iteration_3_merge_below_3/cnn_model/cnn14/plasma_tp1_0.1x_model_C1/roc_curve_resnet18_tf_0_0.03/nested_cv_random/resnet18/repeat_10_fold_5_metrics.csv,4,1,resnet18,"[0, 0.03]",C1,F1 at 95% Specificity,0.5987261146496815
/scratchc/nrlab/wang04/ulyses_results_iteration/iteration_3_merge_below_3/cnn_model/cnn14/plasma_tp1_0.1x_model_C1/roc_curve_resnet18_tf_0_0.03/nested_cv_random/resnet18/repeat_10_fold_5_metrics.csv,4,2,resnet18,"[0, 0.03]",C1,AUROC,0.8820240825688074
/scratchc/nrlab/wang04/ulyses_results_iteration/iteration_3_merge_below_3/cnn_model/cnn14/plasma_tp1_0.1x_model_C1/roc_curve_resnet18_tf_0_0.03/nested_cv_random/resnet18/repeat_10_fold_5_metrics.csv,4,2,resnet18,"[0, 0.03]",C1,AUPRC,0.9171551865797986
/scratchc/nrlab/wang04/ulyses_results_iteration/iteration_3_merge_below_3/cnn_model/cnn14/plasma_tp1_0.1x_model_C1/roc_curve_resnet18_tf_0_0.03/nested_cv_random/resnet18/repeat_10_fold_5_metrics.csv,4,2,resnet18,"[0, 0.03]",C1,Sensitivity at 99% Specificity,0.13761467889908258
/scratchc/nrlab/wang04/ulyses_results_iteration/iteration_3_merge_below_3/cnn_model/cnn14/plasma_tp1_0.1x_model_C1/roc_curve_resnet18_tf_0_0.03/nested_cv_random/resnet18/repeat_10_fold_5_metrics.csv,4,2,resnet18,"[0, 0.03]",C1,PPV at 99% Specificity,1
/scratchc/nrlab/wang04/ulyses_results_iteration/iteration_3_merge_below_3/cnn_model/cnn14/plasma_tp1_0.1x_model_C1/roc_curve_resnet18_tf_0_0.03/nested_cv_random/resnet18/repeat_10_fold_5_metrics.csv,4,2,resnet18,"[0, 0.03]",C1,Accuracy at 99% Specificity,0.5638073394495413
/scratchc/nrlab/wang04/ulyses_results_iteration/iteration_3_merge_below_3/cnn_model/cnn14/plasma_tp1_0.1x_model_C1/roc_curve_resnet18_tf_0_0.03/nested_cv_random/resnet18/repeat_10_fold_5_metrics.csv,4,2,resnet18,"[0, 0.03]",C1,F1 at 99% Specificity,0.24193548387096775
/scratchc/nrlab/wang04/ulyses_results_iteration/iteration_3_merge_below_3/cnn_model/cnn14/plasma_tp1_0.1x_model_C1/roc_curve_resnet18_tf_0_0.03/nested_cv_random/resnet18/repeat_10_fold_5_metrics.csv,4,2,resnet18,"[0, 0.03]",C1,Sensitivity at 98% Specificity,0.13761467889908258
/scratchc/nrlab/wang04/ulyses_results_iteration/iteration_3_merge_below_3/cnn_model/cnn14/plasma_tp1_0.1x_model_C1/roc_curve_resnet18_tf_0_0.03/nested_cv_random/resnet18/repeat_10_fold_5_metrics.csv,4,2,resnet18,"[0, 0.03]",C1,PPV at 98% Specificity,1
/scratchc/nrlab/wang04/ulyses_results_iteration/iteration_3_merge_below_3/cnn_model/cnn14/plasma_tp1_0.1x_model_C1/roc_curve_resnet18_tf_0_0.03/nested_cv_random/resnet18/repeat_10_fold_5_metrics.csv,4,2,resnet18,"[0, 0.03]",C1,Accuracy at 98% Specificity,0.5588073394495413
/scratchc/nrlab/wang04/ulyses_results_iteration/iteration_3_merge_below_3/cnn_model/cnn14/plasma_tp1_0.1x_model_C1/roc_curve_resnet18_tf_0_0.03/nested_cv_random/resnet18/repeat_10_fold_5_metrics.csv,4,2,resnet18,"[0, 0.03]",C1,F1 at 98% Specificity,0.24193548387096775
/scratchc/nrlab/wang04/ulyses_results_iteration/iteration_3_merge_below_3/cnn_model/cnn14/plasma_tp1_0.1x_model_C1/roc_curve_resnet18_tf_0_0.03/nested_cv_random/resnet18/repeat_10_fold_5_metrics.csv,4,2,resnet18,"[0, 0.03]",C1,Sensitivity at 95% Specificity,0.3944954128440367
/scratchc/nrlab/wang04/ulyses_results_iteration/iteration_3_merge_below_3/cnn_model/cnn14/plasma_tp1_0.1x_model_C1/roc_curve_resnet18_tf_0_0.03/nested_cv_random/resnet18/repeat_10_fold_5_metrics.csv,4,2,resnet18,"[0, 0.03]",C1,PPV at 95% Specificity,0.9555555555555556
/scratchc/nrlab/wang04/ulyses_results_iteration/iteration_3_merge_below_3/cnn_model/cnn14/plasma_tp1_0.1x_model_C1/roc_curve_resnet18_tf_0_0.03/nested_cv_random/resnet18/repeat_10_fold_5_metrics.csv,4,2,resnet18,"[0, 0.03]",C1,Accuracy at 95% Specificity,0.6574039564220183
/scratchc/nrlab/wang04/ulyses_results_iteration/iteration_3_merge_below_3/cnn_model/cnn14/plasma_tp1_0.1x_model_C1/roc_curve_resnet18_tf_0_0.03/nested_cv_random/resnet18/repeat_10_fold_5_metrics.csv,4,2,resnet18,"[0, 0.03]",C1,F1 at 95% Specificity,0.5584415584415584
/scratchc/nrlab/wang04/ulyses_results_iteration/iteration_3_merge_below_3/cnn_model/cnn14/plasma_tp1_0.1x_model_C1/roc_curve_resnet18_tf_0_0.03/nested_cv_random/resnet18/repeat_10_fold_5_metrics.csv,4,4,resnet18,"[0, 0.03]",C1,AUROC,0.8887131560028756
/scratchc/nrlab/wang04/ulyses_results_iteration/iteration_3_merge_below_3/cnn_model/cnn14/plasma_tp1_0.1x_model_C1/roc_curve_resnet18_tf_0_0.03/nested_cv_random/resnet18/repeat_10_fold_5_metrics.csv,4,4,resnet18,"[0, 0.03]",C1,AUPRC,0.9341347401108606
/scratchc/nrlab/wang04/ulyses_results_iteration/iteration_3_merge_below_3/cnn_model/cnn14/plasma_tp1_0.1x_model_C1/roc_curve_resnet18_tf_0_0.03/nested_cv_random/resnet18/repeat_10_fold_5_metrics.csv,4,4,resnet18,"[0, 0.03]",C1,Sensitivity at 99% Specificity,0.34579439252336447
/scratchc/nrlab/wang04/ulyses_results_iteration/iteration_3_merge_below_3/cnn_model/cnn14/plasma_tp1_0.1x_model_C1/roc_curve_resnet18_tf_0_0.03/nested_cv_random/resnet18/repeat_10_fold_5_metrics.csv,4,4,resnet18,"[0, 0.03]",C1,PPV at 99% Specificity,1
/scratchc/nrlab/wang04/ulyses_results_iteration/iteration_3_merge_below_3/cnn_model/cnn14/plasma_tp1_0.1x_model_C1/roc_curve_resnet18_tf_0_0.03/nested_cv_random/resnet18/repeat_10_fold_5_metrics.csv,4,4,resnet18,"[0, 0.03]",C1,Accuracy at 99% Specificity,0.6678971962616822
/scratchc/nrlab/wang04/ulyses_results_iteration/iteration_3_merge_below_3/cnn_model/cnn14/plasma_tp1_0.1x_model_C1/roc_curve_resnet18_tf_0_0.03/nested_cv_random/resnet18/repeat_10_fold_5_metrics.csv,4,4,resnet18,"[0, 0.03]",C1,F1 at 99% Specificity,0.5138888888888888
/scratchc/nrlab/wang04/ulyses_results_iteration/iteration_3_merge_below_3/cnn_model/cnn14/plasma_tp1_0.1x_model_C1/roc_curve_resnet18_tf_0_0.03/nested_cv_random/resnet18/repeat_10_fold_5_metrics.csv,4,4,resnet18,"[0, 0.03]",C1,Sensitivity at 98% Specificity,0.34579439252336447
/scratchc/nrlab/wang04/ulyses_results_iteration/iteration_3_merge_below_3/cnn_model/cnn14/plasma_tp1_0.1x_model_C1/roc_curve_resnet18_tf_0_0.03/nested_cv_random/resnet18/repeat_10_fold_5_metrics.csv,4,4,resnet18,"[0, 0.03]",C1,PPV at 98% Specificity,1
/scratchc/nrlab/wang04/ulyses_results_iteration/iteration_3_merge_below_3/cnn_model/cnn14/plasma_tp1_0.1x_model_C1/roc_curve_resnet18_tf_0_0.03/nested_cv_random/resnet18/repeat_10_fold_5_metrics.csv,4,4,resnet18,"[0, 0.03]",C1,Accuracy at 98% Specificity,0.6628971962616822
/scratchc/nrlab/wang04/ulyses_results_iteration/iteration_3_merge_below_3/cnn_model/cnn14/plasma_tp1_0.1x_model_C1/roc_curve_resnet18_tf_0_0.03/nested_cv_random/resnet18/repeat_10_fold_5_metrics.csv,4,4,resnet18,"[0, 0.03]",C1,F1 at 98% Specificity,0.5138888888888888
/scratchc/nrlab/wang04/ulyses_results_iteration/iteration_3_merge_below_3/cnn_model/cnn14/plasma_tp1_0.1x_model_C1/roc_curve_resnet18_tf_0_0.03/nested_cv_random/resnet18/repeat_10_fold_5_metrics.csv,4,4,resnet18,"[0, 0.03]",C1,Sensitivity at 95% Specificity,0.5981308411214953
/scratchc/nrlab/wang04/ulyses_results_iteration/iteration_3_merge_below_3/cnn_model/cnn14/plasma_tp1_0.1x_model_C1/roc_curve_resnet18_tf_0_0.03/nested_cv_random/resnet18/repeat_10_fold_5_metrics.csv,4,4,resnet18,"[0, 0.03]",C1,PPV at 95% Specificity,0.9696969696969696
/scratchc/nrlab/wang04/ulyses_results_iteration/iteration_3_merge_below_3/cnn_model/cnn14/plasma_tp1_0.1x_model_C1/roc_curve_resnet18_tf_0_0.03/nested_cv_random/resnet18/repeat_10_fold_5_metrics.csv,4,4,resnet18,"[0, 0.03]",C1,Accuracy at 95% Specificity,0.759450035945363
/scratchc/nrlab/wang04/ulyses_results_iteration/iteration_3_merge_below_3/cnn_model/cnn14/plasma_tp1_0.1x_model_C1/roc_curve_resnet18_tf_0_0.03/nested_cv_random/resnet18/repeat_10_fold_5_metrics.csv,4,4,resnet18,"[0, 0.03]",C1,F1 at 95% Specificity,0.7398843930635838
/scratchc/nrlab/wang04/ulyses_results_iteration/iteration_3_merge_below_3/cnn_model/cnn14/plasma_tp1_0.1x_model_C1/roc_curve_resnet18_tf_0_0.03/nested_cv_random/resnet18/repeat_10_fold_5_metrics.csv,4,5,resnet18,"[0, 0.03]",C1,AUROC,0.8829424307036248
/scratchc/nrlab/wang04/ulyses_results_iteration/iteration_3_merge_below_3/cnn_model/cnn14/plasma_tp1_0.1x_model_C1/roc_curve_resnet18_tf_0_0.03/nested_cv_random/resnet18/repeat_10_fold_5_metrics.csv,4,5,resnet18,"[0, 0.03]",C1,AUPRC,0.9117060245280406
/scratchc/nrlab/wang04/ulyses_results_iteration/iteration_3_merge_below_3/cnn_model/cnn14/plasma_tp1_0.1x_model_C1/roc_curve_resnet18_tf_0_0.03/nested_cv_random/resnet18/repeat_10_fold_5_metrics.csv,4,5,resnet18,"[0, 0.03]",C1,Sensitivity at 99% Specificity,0.1619047619047619
/scratchc/nrlab/wang04/ulyses_results_iteration/iteration_3_merge_below_3/cnn_model/cnn14/plasma_tp1_0.1x_model_C1/roc_curve_resnet18_tf_0_0.03/nested_cv_random/resnet18/repeat_10_fold_5_metrics.csv,4,5,resnet18,"[0, 0.03]",C1,PPV at 99% Specificity,1
/scratchc/nrlab/wang04/ulyses_results_iteration/iteration_3_merge_below_3/cnn_model/cnn14/plasma_tp1_0.1x_model_C1/roc_curve_resnet18_tf_0_0.03/nested_cv_random/resnet18/repeat_10_fold_5_metrics.csv,4,5,resnet18,"[0, 0.03]",C1,Accuracy at 99% Specificity,0.575952380952381
/scratchc/nrlab/wang04/ulyses_results_iteration/iteration_3_merge_below_3/cnn_model/cnn14/plasma_tp1_0.1x_model_C1/roc_curve_resnet18_tf_0_0.03/nested_cv_random/resnet18/repeat_10_fold_5_metrics.csv,4,5,resnet18,"[0, 0.03]",C1,F1 at 99% Specificity,0.2786885245901639
/scratchc/nrlab/wang04/ulyses_results_iteration/iteration_3_merge_below_3/cnn_model/cnn14/plasma_tp1_0.1x_model_C1/roc_curve_resnet18_tf_0_0.03/nested_cv_random/resnet18/repeat_10_fold_5_metrics.csv,4,5,resnet18,"[0, 0.03]",C1,Sensitivity at 98% Specificity,0.1619047619047619
/scratchc/nrlab/wang04/ulyses_results_iteration/iteration_3_merge_below_3/cnn_model/cnn14/plasma_tp1_0.1x_model_C1/roc_curve_resnet18_tf_0_0.03/nested_cv_random/resnet18/repeat_10_fold_5_metrics.csv,4,5,resnet18,"[0, 0.03]",C1,PPV at 98% Specificity,1
/scratchc/nrlab/wang04/ulyses_results_iteration/iteration_3_merge_below_3/cnn_model/cnn14/plasma_tp1_0.1x_model_C1/roc_curve_resnet18_tf_0_0.03/nested_cv_random/resnet18/repeat_10_fold_5_metrics.csv,4,5,resnet18,"[0, 0.03]",C1,Accuracy at 98% Specificity,0.570952380952381
/scratchc/nrlab/wang04/ulyses_results_iteration/iteration_3_merge_below_3/cnn_model/cnn14/plasma_tp1_0.1x_model_C1/roc_curve_resnet18_tf_0_0.03/nested_cv_random/resnet18/repeat_10_fold_5_metrics.csv,4,5,resnet18,"[0, 0.03]",C1,F1 at 98% Specificity,0.2786885245901639
/scratchc/nrlab/wang04/ulyses_results_iteration/iteration_3_merge_below_3/cnn_model/cnn14/plasma_tp1_0.1x_model_C1/roc_curve_resnet18_tf_0_0.03/nested_cv_random/resnet18/repeat_10_fold_5_metrics.csv,4,5,resnet18,"[0, 0.03]",C1,Sensitivity at 95% Specificity,0.42857142857142855
/scratchc/nrlab/wang04/ulyses_results_iteration/iteration_3_merge_below_3/cnn_model/cnn14/plasma_tp1_0.1x_model_C1/roc_curve_resnet18_tf_0_0.03/nested_cv_random/resnet18/repeat_10_fold_5_metrics.csv,4,5,resnet18,"[0, 0.03]",C1,PPV at 95% Specificity,0.9574468085106383
/scratchc/nrlab/wang04/ulyses_results_iteration/iteration_3_merge_below_3/cnn_model/cnn14/plasma_tp1_0.1x_model_C1/roc_curve_resnet18_tf_0_0.03/nested_cv_random/resnet18/repeat_10_fold_5_metrics.csv,4,5,resnet18,"[0, 0.03]",C1,Accuracy at 95% Specificity,0.6751066098081023
/scratchc/nrlab/wang04/ulyses_results_iteration/iteration_3_merge_below_3/cnn_model/cnn14/plasma_tp1_0.1x_model_C1/roc_curve_resnet18_tf_0_0.03/nested_cv_random/resnet18/repeat_10_fold_5_metrics.csv,4,5,resnet18,"[0, 0.03]",C1,F1 at 95% Specificity,0.5921052631578947
/scratchc/nrlab/wang04/ulyses_results_iteration/iteration_3_merge_below_3/cnn_model/cnn14/plasma_tp1_0.1x_model_C1/roc_curve_resnet18_tf_0_0.03/nested_cv_random/resnet18/repeat_10_fold_5_metrics.csv,5,1,resnet18,"[0, 0.03]",C1,AUROC,0.8618336886993604
/scratchc/nrlab/wang04/ulyses_results_iteration/iteration_3_merge_below_3/cnn_model/cnn14/plasma_tp1_0.1x_model_C1/roc_curve_resnet18_tf_0_0.03/nested_cv_random/resnet18/repeat_10_fold_5_metrics.csv,5,1,resnet18,"[0, 0.03]",C1,AUPRC,0.8898947490659612
/scratchc/nrlab/wang04/ulyses_results_iteration/iteration_3_merge_below_3/cnn_model/cnn14/plasma_tp1_0.1x_model_C1/roc_curve_resnet18_tf_0_0.03/nested_cv_random/resnet18/repeat_10_fold_5_metrics.csv,5,1,resnet18,"[0, 0.03]",C1,Sensitivity at 99% Specificity,0.06666666666666667
/scratchc/nrlab/wang04/ulyses_results_iteration/iteration_3_merge_below_3/cnn_model/cnn14/plasma_tp1_0.1x_model_C1/roc_curve_resnet18_tf_0_0.03/nested_cv_random/resnet18/repeat_10_fold_5_metrics.csv,5,1,resnet18,"[0, 0.03]",C1,PPV at 99% Specificity,1
/scratchc/nrlab/wang04/ulyses_results_iteration/iteration_3_merge_below_3/cnn_model/cnn14/plasma_tp1_0.1x_model_C1/roc_curve_resnet18_tf_0_0.03/nested_cv_random/resnet18/repeat_10_fold_5_metrics.csv,5,1,resnet18,"[0, 0.03]",C1,Accuracy at 99% Specificity,0.5283333333333333
/scratchc/nrlab/wang04/ulyses_results_iteration/iteration_3_merge_below_3/cnn_model/cnn14/plasma_tp1_0.1x_model_C1/roc_curve_resnet18_tf_0_0.03/nested_cv_random/resnet18/repeat_10_fold_5_metrics.csv,5,1,resnet18,"[0, 0.03]",C1,F1 at 99% Specificity,0.125
/scratchc/nrlab/wang04/ulyses_results_iteration/iteration_3_merge_below_3/cnn_model/cnn14/plasma_tp1_0.1x_model_C1/roc_curve_resnet18_tf_0_0.03/nested_cv_random/resnet18/repeat_10_fold_5_metrics.csv,5,1,resnet18,"[0, 0.03]",C1,Sensitivity at 98% Specificity,0.06666666666666667
/scratchc/nrlab/wang04/ulyses_results_iteration/iteration_3_merge_below_3/cnn_model/cnn14/plasma_tp1_0.1x_model_C1/roc_curve_resnet18_tf_0_0.03/nested_cv_random/resnet18/repeat_10_fold_5_metrics.csv,5,1,resnet18,"[0, 0.03]",C1,PPV at 98% Specificity,1
/scratchc/nrlab/wang04/ulyses_results_iteration/iteration_3_merge_below_3/cnn_model/cnn14/plasma_tp1_0.1x_model_C1/roc_curve_resnet18_tf_0_0.03/nested_cv_random/resnet18/repeat_10_fold_5_metrics.csv,5,1,resnet18,"[0, 0.03]",C1,Accuracy at 98% Specificity,0.5233333333333333
/scratchc/nrlab/wang04/ulyses_results_iteration/iteration_3_merge_below_3/cnn_model/cnn14/plasma_tp1_0.1x_model_C1/roc_curve_resnet18_tf_0_0.03/nested_cv_random/resnet18/repeat_10_fold_5_metrics.csv,5,1,resnet18,"[0, 0.03]",C1,F1 at 98% Specificity,0.125
/scratchc/nrlab/wang04/ulyses_results_iteration/iteration_3_merge_below_3/cnn_model/cnn14/plasma_tp1_0.1x_model_C1/roc_curve_resnet18_tf_0_0.03/nested_cv_random/resnet18/repeat_10_fold_5_metrics.csv,5,1,resnet18,"[0, 0.03]",C1,Sensitivity at 95% Specificity,0.3047619047619048
/scratchc/nrlab/wang04/ulyses_results_iteration/iteration_3_merge_below_3/cnn_model/cnn14/plasma_tp1_0.1x_model_C1/roc_curve_resnet18_tf_0_0.03/nested_cv_random/resnet18/repeat_10_fold_5_metrics.csv,5,1,resnet18,"[0, 0.03]",C1,PPV at 95% Specificity,0.9411764705882352
/scratchc/nrlab/wang04/ulyses_results_iteration/iteration_3_merge_below_3/cnn_model/cnn14/plasma_tp1_0.1x_model_C1/roc_curve_resnet18_tf_0_0.03/nested_cv_random/resnet18/repeat_10_fold_5_metrics.csv,5,1,resnet18,"[0, 0.03]",C1,Accuracy at 95% Specificity,0.6132018479033404
/scratchc/nrlab/wang04/ulyses_results_iteration/iteration_3_merge_below_3/cnn_model/cnn14/plasma_tp1_0.1x_model_C1/roc_curve_resnet18_tf_0_0.03/nested_cv_random/resnet18/repeat_10_fold_5_metrics.csv,5,1,resnet18,"[0, 0.03]",C1,F1 at 95% Specificity,0.460431654676259
/scratchc/nrlab/wang04/ulyses_results_iteration/iteration_3_merge_below_3/cnn_model/cnn14/plasma_tp1_0.1x_model_C1/roc_curve_resnet18_tf_0_0.03/nested_cv_random/resnet18/repeat_10_fold_5_metrics.csv,5,2,resnet18,"[0, 0.03]",C1,AUROC,0.8478009259259258
/scratchc/nrlab/wang04/ulyses_results_iteration/iteration_3_merge_below_3/cnn_model/cnn14/plasma_tp1_0.1x_model_C1/roc_curve_resnet18_tf_0_0.03/nested_cv_random/resnet18/repeat_10_fold_5_metrics.csv,5,2,resnet18,"[0, 0.03]",C1,AUPRC,0.9056905558728444
/scratchc/nrlab/wang04/ulyses_results_iteration/iteration_3_merge_below_3/cnn_model/cnn14/plasma_tp1_0.1x_model_C1/roc_curve_resnet18_tf_0_0.03/nested_cv_random/resnet18/repeat_10_fold_5_metrics.csv,5,2,resnet18,"[0, 0.03]",C1,Sensitivity at 99% Specificity,0.2222222222222222
/scratchc/nrlab/wang04/ulyses_results_iteration/iteration_3_merge_below_3/cnn_model/cnn14/plasma_tp1_0.1x_model_C1/roc_curve_resnet18_tf_0_0.03/nested_cv_random/resnet18/repeat_10_fold_5_metrics.csv,5,2,resnet18,"[0, 0.03]",C1,PPV at 99% Specificity,1
/scratchc/nrlab/wang04/ulyses_results_iteration/iteration_3_merge_below_3/cnn_model/cnn14/plasma_tp1_0.1x_model_C1/roc_curve_resnet18_tf_0_0.03/nested_cv_random/resnet18/repeat_10_fold_5_metrics.csv,5,2,resnet18,"[0, 0.03]",C1,Accuracy at 99% Specificity,0.606111111111111
/scratchc/nrlab/wang04/ulyses_results_iteration/iteration_3_merge_below_3/cnn_model/cnn14/plasma_tp1_0.1x_model_C1/roc_curve_resnet18_tf_0_0.03/nested_cv_random/resnet18/repeat_10_fold_5_metrics.csv,5,2,resnet18,"[0, 0.03]",C1,F1 at 99% Specificity,0.3636363636363637
/scratchc/nrlab/wang04/ulyses_results_iteration/iteration_3_merge_below_3/cnn_model/cnn14/plasma_tp1_0.1x_model_C1/roc_curve_resnet18_tf_0_0.03/nested_cv_random/resnet18/repeat_10_fold_5_metrics.csv,5,2,resnet18,"[0, 0.03]",C1,Sensitivity at 98% Specificity,0.2222222222222222
/scratchc/nrlab/wang04/ulyses_results_iteration/iteration_3_merge_below_3/cnn_model/cnn14/plasma_tp1_0.1x_model_C1/roc_curve_resnet18_tf_0_0.03/nested_cv_random/resnet18/repeat_10_fold_5_metrics.csv,5,2,resnet18,"[0, 0.03]",C1,PPV at 98% Specificity,1
/scratchc/nrlab/wang04/ulyses_results_iteration/iteration_3_merge_below_3/cnn_model/cnn14/plasma_tp1_0.1x_model_C1/roc_curve_resnet18_tf_0_0.03/nested_cv_random/resnet18/repeat_10_fold_5_metrics.csv,5,2,resnet18,"[0, 0.03]",C1,Accuracy at 98% Specificity,0.6011111111111112
/scratchc/nrlab/wang04/ulyses_results_iteration/iteration_3_merge_below_3/cnn_model/cnn14/plasma_tp1_0.1x_model_C1/roc_curve_resnet18_tf_0_0.03/nested_cv_random/resnet18/repeat_10_fold_5_metrics.csv,5,2,resnet18,"[0, 0.03]",C1,F1 at 98% Specificity,0.3636363636363637
/scratchc/nrlab/wang04/ulyses_results_iteration/iteration_3_merge_below_3/cnn_model/cnn14/plasma_tp1_0.1x_model_C1/roc_curve_resnet18_tf_0_0.03/nested_cv_random/resnet18/repeat_10_fold_5_metrics.csv,5,2,resnet18,"[0, 0.03]",C1,Sensitivity at 95% Specificity,0.32407407407407407
/scratchc/nrlab/wang04/ulyses_results_iteration/iteration_3_merge_below_3/cnn_model/cnn14/plasma_tp1_0.1x_model_C1/roc_curve_resnet18_tf_0_0.03/nested_cv_random/resnet18/repeat_10_fold_5_metrics.csv,5,2,resnet18,"[0, 0.03]",C1,PPV at 95% Specificity,0.945945945945946
/scratchc/nrlab/wang04/ulyses_results_iteration/iteration_3_merge_below_3/cnn_model/cnn14/plasma_tp1_0.1x_model_C1/roc_curve_resnet18_tf_0_0.03/nested_cv_random/resnet18/repeat_10_fold_5_metrics.csv,5,2,resnet18,"[0, 0.03]",C1,Accuracy at 95% Specificity,0.622193287037037
/scratchc/nrlab/wang04/ulyses_results_iteration/iteration_3_merge_below_3/cnn_model/cnn14/plasma_tp1_0.1x_model_C1/roc_curve_resnet18_tf_0_0.03/nested_cv_random/resnet18/repeat_10_fold_5_metrics.csv,5,2,resnet18,"[0, 0.03]",C1,F1 at 95% Specificity,0.4827586206896552
/scratchc/nrlab/wang04/ulyses_results_iteration/iteration_3_merge_below_3/cnn_model/cnn14/plasma_tp1_0.1x_model_C1/roc_curve_resnet18_tf_0_0.03/nested_cv_random/resnet18/repeat_10_fold_5_metrics.csv,5,3,resnet18,"[0, 0.03]",C1,AUROC,0.8864132809086938
/scratchc/nrlab/wang04/ulyses_results_iteration/iteration_3_merge_below_3/cnn_model/cnn14/plasma_tp1_0.1x_model_C1/roc_curve_resnet18_tf_0_0.03/nested_cv_random/resnet18/repeat_10_fold_5_metrics.csv,5,3,resnet18,"[0, 0.03]",C1,AUPRC,0.9347110366232364
/scratchc/nrlab/wang04/ulyses_results_iteration/iteration_3_merge_below_3/cnn_model/cnn14/plasma_tp1_0.1x_model_C1/roc_curve_resnet18_tf_0_0.03/nested_cv_random/resnet18/repeat_10_fold_5_metrics.csv,5,3,resnet18,"[0, 0.03]",C1,Sensitivity at 99% Specificity,0.4128440366972478
/scratchc/nrlab/wang04/ulyses_results_iteration/iteration_3_merge_below_3/cnn_model/cnn14/plasma_tp1_0.1x_model_C1/roc_curve_resnet18_tf_0_0.03/nested_cv_random/resnet18/repeat_10_fold_5_metrics.csv,5,3,resnet18,"[0, 0.03]",C1,PPV at 99% Specificity,1
/scratchc/nrlab/wang04/ulyses_results_iteration/iteration_3_merge_below_3/cnn_model/cnn14/plasma_tp1_0.1x_model_C1/roc_curve_resnet18_tf_0_0.03/nested_cv_random/resnet18/repeat_10_fold_5_metrics.csv,5,3,resnet18,"[0, 0.03]",C1,Accuracy at 99% Specificity,0.7014220183486238
/scratchc/nrlab/wang04/ulyses_results_iteration/iteration_3_merge_below_3/cnn_model/cnn14/plasma_tp1_0.1x_model_C1/roc_curve_resnet18_tf_0_0.03/nested_cv_random/resnet18/repeat_10_fold_5_metrics.csv,5,3,resnet18,"[0, 0.03]",C1,F1 at 99% Specificity,0.5844155844155844
/scratchc/nrlab/wang04/ulyses_results_iteration/iteration_3_merge_below_3/cnn_model/cnn14/plasma_tp1_0.1x_model_C1/roc_curve_resnet18_tf_0_0.03/nested_cv_random/resnet18/repeat_10_fold_5_metrics.csv,5,3,resnet18,"[0, 0.03]",C1,Sensitivity at 98% Specificity,0.4128440366972478
/scratchc/nrlab/wang04/ulyses_results_iteration/iteration_3_merge_below_3/cnn_model/cnn14/plasma_tp1_0.1x_model_C1/roc_curve_resnet18_tf_0_0.03/nested_cv_random/resnet18/repeat_10_fold_5_metrics.csv,5,3,resnet18,"[0, 0.03]",C1,PPV at 98% Specificity,1
/scratchc/nrlab/wang04/ulyses_results_iteration/iteration_3_merge_below_3/cnn_model/cnn14/plasma_tp1_0.1x_model_C1/roc_curve_resnet18_tf_0_0.03/nested_cv_random/resnet18/repeat_10_fold_5_metrics.csv,5,3,resnet18,"[0, 0.03]",C1,Accuracy at 98% Specificity,0.6964220183486238
/scratchc/nrlab/wang04/ulyses_results_iteration/iteration_3_merge_below_3/cnn_model/cnn14/plasma_tp1_0.1x_model_C1/roc_curve_resnet18_tf_0_0.03/nested_cv_random/resnet18/repeat_10_fold_5_metrics.csv,5,3,resnet18,"[0, 0.03]",C1,F1 at 98% Specificity,0.5844155844155844
/scratchc/nrlab/wang04/ulyses_results_iteration/iteration_3_merge_below_3/cnn_model/cnn14/plasma_tp1_0.1x_model_C1/roc_curve_resnet18_tf_0_0.03/nested_cv_random/resnet18/repeat_10_fold_5_metrics.csv,5,3,resnet18,"[0, 0.03]",C1,Sensitivity at 95% Specificity,0.44954128440366975
/scratchc/nrlab/wang04/ulyses_results_iteration/iteration_3_merge_below_3/cnn_model/cnn14/plasma_tp1_0.1x_model_C1/roc_curve_resnet18_tf_0_0.03/nested_cv_random/resnet18/repeat_10_fold_5_metrics.csv,5,3,resnet18,"[0, 0.03]",C1,PPV at 95% Specificity,0.98
/scratchc/nrlab/wang04/ulyses_results_iteration/iteration_3_merge_below_3/cnn_model/cnn14/plasma_tp1_0.1x_model_C1/roc_curve_resnet18_tf_0_0.03/nested_cv_random/resnet18/repeat_10_fold_5_metrics.csv,5,3,resnet18,"[0, 0.03]",C1,Accuracy at 95% Specificity,0.6922309596621523
/scratchc/nrlab/wang04/ulyses_results_iteration/iteration_3_merge_below_3/cnn_model/cnn14/plasma_tp1_0.1x_model_C1/roc_curve_resnet18_tf_0_0.03/nested_cv_random/resnet18/repeat_10_fold_5_metrics.csv,5,3,resnet18,"[0, 0.03]",C1,F1 at 95% Specificity,0.6163522012578616
/scratchc/nrlab/wang04/ulyses_results_iteration/iteration_3_merge_below_3/cnn_model/cnn14/plasma_tp1_0.1x_model_C1/roc_curve_resnet18_tf_0_0.03/nested_cv_random/resnet18/repeat_10_fold_5_metrics.csv,5,4,resnet18,"[0, 0.03]",C1,AUROC,0.8451834862385321
/scratchc/nrlab/wang04/ulyses_results_iteration/iteration_3_merge_below_3/cnn_model/cnn14/plasma_tp1_0.1x_model_C1/roc_curve_resnet18_tf_0_0.03/nested_cv_random/resnet18/repeat_10_fold_5_metrics.csv,5,4,resnet18,"[0, 0.03]",C1,AUPRC,0.8991789082573163
/scratchc/nrlab/wang04/ulyses_results_iteration/iteration_3_merge_below_3/cnn_model/cnn14/plasma_tp1_0.1x_model_C1/roc_curve_resnet18_tf_0_0.03/nested_cv_random/resnet18/repeat_10_fold_5_metrics.csv,5,4,resnet18,"[0, 0.03]",C1,Sensitivity at 99% Specificity,0.1926605504587156
/scratchc/nrlab/wang04/ulyses_results_iteration/iteration_3_merge_below_3/cnn_model/cnn14/plasma_tp1_0.1x_model_C1/roc_curve_resnet18_tf_0_0.03/nested_cv_random/resnet18/repeat_10_fold_5_metrics.csv,5,4,resnet18,"[0, 0.03]",C1,PPV at 99% Specificity,1
/scratchc/nrlab/wang04/ulyses_results_iteration/iteration_3_merge_below_3/cnn_model/cnn14/plasma_tp1_0.1x_model_C1/roc_curve_resnet18_tf_0_0.03/nested_cv_random/resnet18/repeat_10_fold_5_metrics.csv,5,4,resnet18,"[0, 0.03]",C1,Accuracy at 99% Specificity,0.5913302752293578
/scratchc/nrlab/wang04/ulyses_results_iteration/iteration_3_merge_below_3/cnn_model/cnn14/plasma_tp1_0.1x_model_C1/roc_curve_resnet18_tf_0_0.03/nested_cv_random/resnet18/repeat_10_fold_5_metrics.csv,5,4,resnet18,"[0, 0.03]",C1,F1 at 99% Specificity,0.3230769230769231
/scratchc/nrlab/wang04/ulyses_results_iteration/iteration_3_merge_below_3/cnn_model/cnn14/plasma_tp1_0.1x_model_C1/roc_curve_resnet18_tf_0_0.03/nested_cv_random/resnet18/repeat_10_fold_5_metrics.csv,5,4,resnet18,"[0, 0.03]",C1,Sensitivity at 98% Specificity,0.1926605504587156
/scratchc/nrlab/wang04/ulyses_results_iteration/iteration_3_merge_below_3/cnn_model/cnn14/plasma_tp1_0.1x_model_C1/roc_curve_resnet18_tf_0_0.03/nested_cv_random/resnet18/repeat_10_fold_5_metrics.csv,5,4,resnet18,"[0, 0.03]",C1,PPV at 98% Specificity,1
/scratchc/nrlab/wang04/ulyses_results_iteration/iteration_3_merge_below_3/cnn_model/cnn14/plasma_tp1_0.1x_model_C1/roc_curve_resnet18_tf_0_0.03/nested_cv_random/resnet18/repeat_10_fold_5_metrics.csv,5,4,resnet18,"[0, 0.03]",C1,Accuracy at 98% Specificity,0.5863302752293578
/scratchc/nrlab/wang04/ulyses_results_iteration/iteration_3_merge_below_3/cnn_model/cnn14/plasma_tp1_0.1x_model_C1/roc_curve_resnet18_tf_0_0.03/nested_cv_random/resnet18/repeat_10_fold_5_metrics.csv,5,4,resnet18,"[0, 0.03]",C1,F1 at 98% Specificity,0.3230769230769231
/scratchc/nrlab/wang04/ulyses_results_iteration/iteration_3_merge_below_3/cnn_model/cnn14/plasma_tp1_0.1x_model_C1/roc_curve_resnet18_tf_0_0.03/nested_cv_random/resnet18/repeat_10_fold_5_metrics.csv,5,4,resnet18,"[0, 0.03]",C1,Sensitivity at 95% Specificity,0.22935779816513763
/scratchc/nrlab/wang04/ulyses_results_iteration/iteration_3_merge_below_3/cnn_model/cnn14/plasma_tp1_0.1x_model_C1/roc_curve_resnet18_tf_0_0.03/nested_cv_random/resnet18/repeat_10_fold_5_metrics.csv,5,4,resnet18,"[0, 0.03]",C1,PPV at 95% Specificity,0.925925925925926
/scratchc/nrlab/wang04/ulyses_results_iteration/iteration_3_merge_below_3/cnn_model/cnn14/plasma_tp1_0.1x_model_C1/roc_curve_resnet18_tf_0_0.03/nested_cv_random/resnet18/repeat_10_fold_5_metrics.csv,5,4,resnet18,"[0, 0.03]",C1,Accuracy at 95% Specificity,0.5748351490825688
/scratchc/nrlab/wang04/ulyses_results_iteration/iteration_3_merge_below_3/cnn_model/cnn14/plasma_tp1_0.1x_model_C1/roc_curve_resnet18_tf_0_0.03/nested_cv_random/resnet18/repeat_10_fold_5_metrics.csv,5,4,resnet18,"[0, 0.03]",C1,F1 at 95% Specificity,0.36764705882352944
/scratchc/nrlab/wang04/ulyses_results_iteration/iteration_3_merge_below_3/cnn_model/cnn14/plasma_tp1_0.1x_model_C1/roc_curve_resnet18_tf_0_0.03/nested_cv_random/resnet18/repeat_10_fold_5_metrics.csv,6,1,resnet18,"[0, 0.03]",C1,AUROC,0.8697680995475113
/scratchc/nrlab/wang04/ulyses_results_iteration/iteration_3_merge_below_3/cnn_model/cnn14/plasma_tp1_0.1x_model_C1/roc_curve_resnet18_tf_0_0.03/nested_cv_random/resnet18/repeat_10_fold_5_metrics.csv,6,1,resnet18,"[0, 0.03]",C1,AUPRC,0.9077063529257312
/scratchc/nrlab/wang04/ulyses_results_iteration/iteration_3_merge_below_3/cnn_model/cnn14/plasma_tp1_0.1x_model_C1/roc_curve_resnet18_tf_0_0.03/nested_cv_random/resnet18/repeat_10_fold_5_metrics.csv,6,1,resnet18,"[0, 0.03]",C1,Sensitivity at 99% Specificity,0.2403846153846154
/scratchc/nrlab/wang04/ulyses_results_iteration/iteration_3_merge_below_3/cnn_model/cnn14/plasma_tp1_0.1x_model_C1/roc_curve_resnet18_tf_0_0.03/nested_cv_random/resnet18/repeat_10_fold_5_metrics.csv,6,1,resnet18,"[0, 0.03]",C1,PPV at 99% Specificity,1
/scratchc/nrlab/wang04/ulyses_results_iteration/iteration_3_merge_below_3/cnn_model/cnn14/plasma_tp1_0.1x_model_C1/roc_curve_resnet18_tf_0_0.03/nested_cv_random/resnet18/repeat_10_fold_5_metrics.csv,6,1,resnet18,"[0, 0.03]",C1,Accuracy at 99% Specificity,0.6151923076923077
/scratchc/nrlab/wang04/ulyses_results_iteration/iteration_3_merge_below_3/cnn_model/cnn14/plasma_tp1_0.1x_model_C1/roc_curve_resnet18_tf_0_0.03/nested_cv_random/resnet18/repeat_10_fold_5_metrics.csv,6,1,resnet18,"[0, 0.03]",C1,F1 at 99% Specificity,0.3875968992248062
/scratchc/nrlab/wang04/ulyses_results_iteration/iteration_3_merge_below_3/cnn_model/cnn14/plasma_tp1_0.1x_model_C1/roc_curve_resnet18_tf_0_0.03/nested_cv_random/resnet18/repeat_10_fold_5_metrics.csv,6,1,resnet18,"[0, 0.03]",C1,Sensitivity at 98% Specificity,0.2403846153846154
/scratchc/nrlab/wang04/ulyses_results_iteration/iteration_3_merge_below_3/cnn_model/cnn14/plasma_tp1_0.1x_model_C1/roc_curve_resnet18_tf_0_0.03/nested_cv_random/resnet18/repeat_10_fold_5_metrics.csv,6,1,resnet18,"[0, 0.03]",C1,PPV at 98% Specificity,1
/scratchc/nrlab/wang04/ulyses_results_iteration/iteration_3_merge_below_3/cnn_model/cnn14/plasma_tp1_0.1x_model_C1/roc_curve_resnet18_tf_0_0.03/nested_cv_random/resnet18/repeat_10_fold_5_metrics.csv,6,1,resnet18,"[0, 0.03]",C1,Accuracy at 98% Specificity,0.6101923076923077
/scratchc/nrlab/wang04/ulyses_results_iteration/iteration_3_merge_below_3/cnn_model/cnn14/plasma_tp1_0.1x_model_C1/roc_curve_resnet18_tf_0_0.03/nested_cv_random/resnet18/repeat_10_fold_5_metrics.csv,6,1,resnet18,"[0, 0.03]",C1,F1 at 98% Specificity,0.3875968992248062
/scratchc/nrlab/wang04/ulyses_results_iteration/iteration_3_merge_below_3/cnn_model/cnn14/plasma_tp1_0.1x_model_C1/roc_curve_resnet18_tf_0_0.03/nested_cv_random/resnet18/repeat_10_fold_5_metrics.csv,6,1,resnet18,"[0, 0.03]",C1,Sensitivity at 95% Specificity,0.40384615384615385
/scratchc/nrlab/wang04/ulyses_results_iteration/iteration_3_merge_below_3/cnn_model/cnn14/plasma_tp1_0.1x_model_C1/roc_curve_resnet18_tf_0_0.03/nested_cv_random/resnet18/repeat_10_fold_5_metrics.csv,6,1,resnet18,"[0, 0.03]",C1,PPV at 95% Specificity,0.9333333333333332
/scratchc/nrlab/wang04/ulyses_results_iteration/iteration_3_merge_below_3/cnn_model/cnn14/plasma_tp1_0.1x_model_C1/roc_curve_resnet18_tf_0_0.03/nested_cv_random/resnet18/repeat_10_fold_5_metrics.csv,6,1,resnet18,"[0, 0.03]",C1,Accuracy at 95% Specificity,0.6559671945701357
/scratchc/nrlab/wang04/ulyses_results_iteration/iteration_3_merge_below_3/cnn_model/cnn14/plasma_tp1_0.1x_model_C1/roc_curve_resnet18_tf_0_0.03/nested_cv_random/resnet18/repeat_10_fold_5_metrics.csv,6,1,resnet18,"[0, 0.03]",C1,F1 at 95% Specificity,0.5637583892617449
/scratchc/nrlab/wang04/ulyses_results_iteration/iteration_3_merge_below_3/cnn_model/cnn14/plasma_tp1_0.1x_model_C1/roc_curve_resnet18_tf_0_0.03/nested_cv_random/resnet18/repeat_10_fold_5_metrics.csv,6,2,resnet18,"[0, 0.03]",C1,AUROC,0.8532258064516128
/scratchc/nrlab/wang04/ulyses_results_iteration/iteration_3_merge_below_3/cnn_model/cnn14/plasma_tp1_0.1x_model_C1/roc_curve_resnet18_tf_0_0.03/nested_cv_random/resnet18/repeat_10_fold_5_metrics.csv,6,2,resnet18,"[0, 0.03]",C1,AUPRC,0.9078206385421406
/scratchc/nrlab/wang04/ulyses_results_iteration/iteration_3_merge_below_3/cnn_model/cnn14/plasma_tp1_0.1x_model_C1/roc_curve_resnet18_tf_0_0.03/nested_cv_random/resnet18/repeat_10_fold_5_metrics.csv,6,2,resnet18,"[0, 0.03]",C1,Sensitivity at 99% Specificity,0.20909090909090908
/scratchc/nrlab/wang04/ulyses_results_iteration/iteration_3_merge_below_3/cnn_model/cnn14/plasma_tp1_0.1x_model_C1/roc_curve_resnet18_tf_0_0.03/nested_cv_random/resnet18/repeat_10_fold_5_metrics.csv,6,2,resnet18,"[0, 0.03]",C1,PPV at 99% Specificity,1
/scratchc/nrlab/wang04/ulyses_results_iteration/iteration_3_merge_below_3/cnn_model/cnn14/plasma_tp1_0.1x_model_C1/roc_curve_resnet18_tf_0_0.03/nested_cv_random/resnet18/repeat_10_fold_5_metrics.csv,6,2,resnet18,"[0, 0.03]",C1,Accuracy at 99% Specificity,0.5995454545454545
/scratchc/nrlab/wang04/ulyses_results_iteration/iteration_3_merge_below_3/cnn_model/cnn14/plasma_tp1_0.1x_model_C1/roc_curve_resnet18_tf_0_0.03/nested_cv_random/resnet18/repeat_10_fold_5_metrics.csv,6,2,resnet18,"[0, 0.03]",C1,F1 at 99% Specificity,0.3458646616541353
/scratchc/nrlab/wang04/ulyses_results_iteration/iteration_3_merge_below_3/cnn_model/cnn14/plasma_tp1_0.1x_model_C1/roc_curve_resnet18_tf_0_0.03/nested_cv_random/resnet18/repeat_10_fold_5_metrics.csv,6,2,resnet18,"[0, 0.03]",C1,Sensitivity at 98% Specificity,0.20909090909090908
/scratchc/nrlab/wang04/ulyses_results_iteration/iteration_3_merge_below_3/cnn_model/cnn14/plasma_tp1_0.1x_model_C1/roc_curve_resnet18_tf_0_0.03/nested_cv_random/resnet18/repeat_10_fold_5_metrics.csv,6,2,resnet18,"[0, 0.03]",C1,PPV at 98% Specificity,1
/scratchc/nrlab/wang04/ulyses_results_iteration/iteration_3_merge_below_3/cnn_model/cnn14/plasma_tp1_0.1x_model_C1/roc_curve_resnet18_tf_0_0.03/nested_cv_random/resnet18/repeat_10_fold_5_metrics.csv,6,2,resnet18,"[0, 0.03]",C1,Accuracy at 98% Specificity,0.5945454545454545
/scratchc/nrlab/wang04/ulyses_results_iteration/iteration_3_merge_below_3/cnn_model/cnn14/plasma_tp1_0.1x_model_C1/roc_curve_resnet18_tf_0_0.03/nested_cv_random/resnet18/repeat_10_fold_5_metrics.csv,6,2,resnet18,"[0, 0.03]",C1,F1 at 98% Specificity,0.3458646616541353
/scratchc/nrlab/wang04/ulyses_results_iteration/iteration_3_merge_below_3/cnn_model/cnn14/plasma_tp1_0.1x_model_C1/roc_curve_resnet18_tf_0_0.03/nested_cv_random/resnet18/repeat_10_fold_5_metrics.csv,6,2,resnet18,"[0, 0.03]",C1,Sensitivity at 95% Specificity,0.38181818181818183
/scratchc/nrlab/wang04/ulyses_results_iteration/iteration_3_merge_below_3/cnn_model/cnn14/plasma_tp1_0.1x_model_C1/roc_curve_resnet18_tf_0_0.03/nested_cv_random/resnet18/repeat_10_fold_5_metrics.csv,6,2,resnet18,"[0, 0.03]",C1,PPV at 95% Specificity,0.9545454545454546
/scratchc/nrlab/wang04/ulyses_results_iteration/iteration_3_merge_below_3/cnn_model/cnn14/plasma_tp1_0.1x_model_C1/roc_curve_resnet18_tf_0_0.03/nested_cv_random/resnet18/repeat_10_fold_5_metrics.csv,6,2,resnet18,"[0, 0.03]",C1,Accuracy at 95% Specificity,0.6505865102639297
/scratchc/nrlab/wang04/ulyses_results_iteration/iteration_3_merge_below_3/cnn_model/cnn14/plasma_tp1_0.1x_model_C1/roc_curve_resnet18_tf_0_0.03/nested_cv_random/resnet18/repeat_10_fold_5_metrics.csv,6,2,resnet18,"[0, 0.03]",C1,F1 at 95% Specificity,0.5454545454545454
/scratchc/nrlab/wang04/ulyses_results_iteration/iteration_3_merge_below_3/cnn_model/cnn14/plasma_tp1_0.1x_model_C1/roc_curve_resnet18_tf_0_0.03/nested_cv_random/resnet18/repeat_10_fold_5_metrics.csv,6,3,resnet18,"[0, 0.03]",C1,AUROC,0.8439971243709561
/scratchc/nrlab/wang04/ulyses_results_iteration/iteration_3_merge_below_3/cnn_model/cnn14/plasma_tp1_0.1x_model_C1/roc_curve_resnet18_tf_0_0.03/nested_cv_random/resnet18/repeat_10_fold_5_metrics.csv,6,3,resnet18,"[0, 0.03]",C1,AUPRC,0.8876669343354477
/scratchc/nrlab/wang04/ulyses_results_iteration/iteration_3_merge_below_3/cnn_model/cnn14/plasma_tp1_0.1x_model_C1/roc_curve_resnet18_tf_0_0.03/nested_cv_random/resnet18/repeat_10_fold_5_metrics.csv,6,3,resnet18,"[0, 0.03]",C1,Sensitivity at 99% Specificity,0.17757009345794392
/scratchc/nrlab/wang04/ulyses_results_iteration/iteration_3_merge_below_3/cnn_model/cnn14/plasma_tp1_0.1x_model_C1/roc_curve_resnet18_tf_0_0.03/nested_cv_random/resnet18/repeat_10_fold_5_metrics.csv,6,3,resnet18,"[0, 0.03]",C1,PPV at 99% Specificity,1
/scratchc/nrlab/wang04/ulyses_results_iteration/iteration_3_merge_below_3/cnn_model/cnn14/plasma_tp1_0.1x_model_C1/roc_curve_resnet18_tf_0_0.03/nested_cv_random/resnet18/repeat_10_fold_5_metrics.csv,6,3,resnet18,"[0, 0.03]",C1,Accuracy at 99% Specificity,0.5837850467289719
/scratchc/nrlab/wang04/ulyses_results_iteration/iteration_3_merge_below_3/cnn_model/cnn14/plasma_tp1_0.1x_model_C1/roc_curve_resnet18_tf_0_0.03/nested_cv_random/resnet18/repeat_10_fold_5_metrics.csv,6,3,resnet18,"[0, 0.03]",C1,F1 at 99% Specificity,0.30158730158730157
/scratchc/nrlab/wang04/ulyses_results_iteration/iteration_3_merge_below_3/cnn_model/cnn14/plasma_tp1_0.1x_model_C1/roc_curve_resnet18_tf_0_0.03/nested_cv_random/resnet18/repeat_10_fold_5_metrics.csv,6,3,resnet18,"[0, 0.03]",C1,Sensitivity at 98% Specificity,0.17757009345794392
/scratchc/nrlab/wang04/ulyses_results_iteration/iteration_3_merge_below_3/cnn_model/cnn14/plasma_tp1_0.1x_model_C1/roc_curve_resnet18_tf_0_0.03/nested_cv_random/resnet18/repeat_10_fold_5_metrics.csv,6,3,resnet18,"[0, 0.03]",C1,PPV at 98% Specificity,1
/scratchc/nrlab/wang04/ulyses_results_iteration/iteration_3_merge_below_3/cnn_model/cnn14/plasma_tp1_0.1x_model_C1/roc_curve_resnet18_tf_0_0.03/nested_cv_random/resnet18/repeat_10_fold_5_metrics.csv,6,3,resnet18,"[0, 0.03]",C1,Accuracy at 98% Specificity,0.5787850467289719
/scratchc/nrlab/wang04/ulyses_results_iteration/iteration_3_merge_below_3/cnn_model/cnn14/plasma_tp1_0.1x_model_C1/roc_curve_resnet18_tf_0_0.03/nested_cv_random/resnet18/repeat_10_fold_5_metrics.csv,6,3,resnet18,"[0, 0.03]",C1,F1 at 98% Specificity,0.30158730158730157
/scratchc/nrlab/wang04/ulyses_results_iteration/iteration_3_merge_below_3/cnn_model/cnn14/plasma_tp1_0.1x_model_C1/roc_curve_resnet18_tf_0_0.03/nested_cv_random/resnet18/repeat_10_fold_5_metrics.csv,6,3,resnet18,"[0, 0.03]",C1,Sensitivity at 95% Specificity,0.29906542056074764
/scratchc/nrlab/wang04/ulyses_results_iteration/iteration_3_merge_below_3/cnn_model/cnn14/plasma_tp1_0.1x_model_C1/roc_curve_resnet18_tf_0_0.03/nested_cv_random/resnet18/repeat_10_fold_5_metrics.csv,6,3,resnet18,"[0, 0.03]",C1,PPV at 95% Specificity,0.9411764705882352
/scratchc/nrlab/wang04/ulyses_results_iteration/iteration_3_merge_below_3/cnn_model/cnn14/plasma_tp1_0.1x_model_C1/roc_curve_resnet18_tf_0_0.03/nested_cv_random/resnet18/repeat_10_fold_5_metrics.csv,6,3,resnet18,"[0, 0.03]",C1,Accuracy at 95% Specificity,0.6099173256649891
/scratchc/nrlab/wang04/ulyses_results_iteration/iteration_3_merge_below_3/cnn_model/cnn14/plasma_tp1_0.1x_model_C1/roc_curve_resnet18_tf_0_0.03/nested_cv_random/resnet18/repeat_10_fold_5_metrics.csv,6,3,resnet18,"[0, 0.03]",C1,F1 at 95% Specificity,0.45390070921985815
/scratchc/nrlab/wang04/ulyses_results_iteration/iteration_3_merge_below_3/cnn_model/cnn14/plasma_tp1_0.1x_model_C1/roc_curve_resnet18_tf_0_0.03/nested_cv_random/resnet18/repeat_10_fold_5_metrics.csv,6,4,resnet18,"[0, 0.03]",C1,AUROC,0.8570814220183486
/scratchc/nrlab/wang04/ulyses_results_iteration/iteration_3_merge_below_3/cnn_model/cnn14/plasma_tp1_0.1x_model_C1/roc_curve_resnet18_tf_0_0.03/nested_cv_random/resnet18/repeat_10_fold_5_metrics.csv,6,4,resnet18,"[0, 0.03]",C1,AUPRC,0.9077826347050468
/scratchc/nrlab/wang04/ulyses_results_iteration/iteration_3_merge_below_3/cnn_model/cnn14/plasma_tp1_0.1x_model_C1/roc_curve_resnet18_tf_0_0.03/nested_cv_random/resnet18/repeat_10_fold_5_metrics.csv,6,4,resnet18,"[0, 0.03]",C1,Sensitivity at 99% Specificity,0.21100917431192664
/scratchc/nrlab/wang04/ulyses_results_iteration/iteration_3_merge_below_3/cnn_model/cnn14/plasma_tp1_0.1x_model_C1/roc_curve_resnet18_tf_0_0.03/nested_cv_random/resnet18/repeat_10_fold_5_metrics.csv,6,4,resnet18,"[0, 0.03]",C1,PPV at 99% Specificity,1
/scratchc/nrlab/wang04/ulyses_results_iteration/iteration_3_merge_below_3/cnn_model/cnn14/plasma_tp1_0.1x_model_C1/roc_curve_resnet18_tf_0_0.03/nested_cv_random/resnet18/repeat_10_fold_5_metrics.csv,6,4,resnet18,"[0, 0.03]",C1,Accuracy at 99% Specificity,0.6005045871559633
/scratchc/nrlab/wang04/ulyses_results_iteration/iteration_3_merge_below_3/cnn_model/cnn14/plasma_tp1_0.1x_model_C1/roc_curve_resnet18_tf_0_0.03/nested_cv_random/resnet18/repeat_10_fold_5_metrics.csv,6,4,resnet18,"[0, 0.03]",C1,F1 at 99% Specificity,0.3484848484848485
/scratchc/nrlab/wang04/ulyses_results_iteration/iteration_3_merge_below_3/cnn_model/cnn14/plasma_tp1_0.1x_model_C1/roc_curve_resnet18_tf_0_0.03/nested_cv_random/resnet18/repeat_10_fold_5_metrics.csv,6,4,resnet18,"[0, 0.03]",C1,Sensitivity at 98% Specificity,0.21100917431192664
/scratchc/nrlab/wang04/ulyses_results_iteration/iteration_3_merge_below_3/cnn_model/cnn14/plasma_tp1_0.1x_model_C1/roc_curve_resnet18_tf_0_0.03/nested_cv_random/resnet18/repeat_10_fold_5_metrics.csv,6,4,resnet18,"[0, 0.03]",C1,PPV at 98% Specificity,1
/scratchc/nrlab/wang04/ulyses_results_iteration/iteration_3_merge_below_3/cnn_model/cnn14/plasma_tp1_0.1x_model_C1/roc_curve_resnet18_tf_0_0.03/nested_cv_random/resnet18/repeat_10_fold_5_metrics.csv,6,4,resnet18,"[0, 0.03]",C1,Accuracy at 98% Specificity,0.5955045871559633
/scratchc/nrlab/wang04/ulyses_results_iteration/iteration_3_merge_below_3/cnn_model/cnn14/plasma_tp1_0.1x_model_C1/roc_curve_resnet18_tf_0_0.03/nested_cv_random/resnet18/repeat_10_fold_5_metrics.csv,6,4,resnet18,"[0, 0.03]",C1,F1 at 98% Specificity,0.3484848484848485
/scratchc/nrlab/wang04/ulyses_results_iteration/iteration_3_merge_below_3/cnn_model/cnn14/plasma_tp1_0.1x_model_C1/roc_curve_resnet18_tf_0_0.03/nested_cv_random/resnet18/repeat_10_fold_5_metrics.csv,6,4,resnet18,"[0, 0.03]",C1,Sensitivity at 95% Specificity,0.3944954128440367
/scratchc/nrlab/wang04/ulyses_results_iteration/iteration_3_merge_below_3/cnn_model/cnn14/plasma_tp1_0.1x_model_C1/roc_curve_resnet18_tf_0_0.03/nested_cv_random/resnet18/repeat_10_fold_5_metrics.csv,6,4,resnet18,"[0, 0.03]",C1,PPV at 95% Specificity,0.9555555555555556
/scratchc/nrlab/wang04/ulyses_results_iteration/iteration_3_merge_below_3/cnn_model/cnn14/plasma_tp1_0.1x_model_C1/roc_curve_resnet18_tf_0_0.03/nested_cv_random/resnet18/repeat_10_fold_5_metrics.csv,6,4,resnet18,"[0, 0.03]",C1,Accuracy at 95% Specificity,0.6574039564220183
/scratchc/nrlab/wang04/ulyses_results_iteration/iteration_3_merge_below_3/cnn_model/cnn14/plasma_tp1_0.1x_model_C1/roc_curve_resnet18_tf_0_0.03/nested_cv_random/resnet18/repeat_10_fold_5_metrics.csv,6,4,resnet18,"[0, 0.03]",C1,F1 at 95% Specificity,0.5584415584415584
/scratchc/nrlab/wang04/ulyses_results_iteration/iteration_3_merge_below_3/cnn_model/cnn14/plasma_tp1_0.1x_model_C1/roc_curve_resnet18_tf_0_0.03/nested_cv_random/resnet18/repeat_10_fold_5_metrics.csv,7,1,resnet18,"[0, 0.03]",C1,AUROC,0.8720345075485263
/scratchc/nrlab/wang04/ulyses_results_iteration/iteration_3_merge_below_3/cnn_model/cnn14/plasma_tp1_0.1x_model_C1/roc_curve_resnet18_tf_0_0.03/nested_cv_random/resnet18/repeat_10_fold_5_metrics.csv,7,1,resnet18,"[0, 0.03]",C1,AUPRC,0.927740768506353
/scratchc/nrlab/wang04/ulyses_results_iteration/iteration_3_merge_below_3/cnn_model/cnn14/plasma_tp1_0.1x_model_C1/roc_curve_resnet18_tf_0_0.03/nested_cv_random/resnet18/repeat_10_fold_5_metrics.csv,7,1,resnet18,"[0, 0.03]",C1,Sensitivity at 99% Specificity,0.4485981308411215
/scratchc/nrlab/wang04/ulyses_results_iteration/iteration_3_merge_below_3/cnn_model/cnn14/plasma_tp1_0.1x_model_C1/roc_curve_resnet18_tf_0_0.03/nested_cv_random/resnet18/repeat_10_fold_5_metrics.csv,7,1,resnet18,"[0, 0.03]",C1,PPV at 99% Specificity,1
/scratchc/nrlab/wang04/ulyses_results_iteration/iteration_3_merge_below_3/cnn_model/cnn14/plasma_tp1_0.1x_model_C1/roc_curve_resnet18_tf_0_0.03/nested_cv_random/resnet18/repeat_10_fold_5_metrics.csv,7,1,resnet18,"[0, 0.03]",C1,Accuracy at 99% Specificity,0.7192990654205608
/scratchc/nrlab/wang04/ulyses_results_iteration/iteration_3_merge_below_3/cnn_model/cnn14/plasma_tp1_0.1x_model_C1/roc_curve_resnet18_tf_0_0.03/nested_cv_random/resnet18/repeat_10_fold_5_metrics.csv,7,1,resnet18,"[0, 0.03]",C1,F1 at 99% Specificity,0.6193548387096774
/scratchc/nrlab/wang04/ulyses_results_iteration/iteration_3_merge_below_3/cnn_model/cnn14/plasma_tp1_0.1x_model_C1/roc_curve_resnet18_tf_0_0.03/nested_cv_random/resnet18/repeat_10_fold_5_metrics.csv,7,1,resnet18,"[0, 0.03]",C1,Sensitivity at 98% Specificity,0.4485981308411215
/scratchc/nrlab/wang04/ulyses_results_iteration/iteration_3_merge_below_3/cnn_model/cnn14/plasma_tp1_0.1x_model_C1/roc_curve_resnet18_tf_0_0.03/nested_cv_random/resnet18/repeat_10_fold_5_metrics.csv,7,1,resnet18,"[0, 0.03]",C1,PPV at 98% Specificity,1
/scratchc/nrlab/wang04/ulyses_results_iteration/iteration_3_merge_below_3/cnn_model/cnn14/plasma_tp1_0.1x_model_C1/roc_curve_resnet18_tf_0_0.03/nested_cv_random/resnet18/repeat_10_fold_5_metrics.csv,7,1,resnet18,"[0, 0.03]",C1,Accuracy at 98% Specificity,0.7142990654205608
/scratchc/nrlab/wang04/ulyses_results_iteration/iteration_3_merge_below_3/cnn_model/cnn14/plasma_tp1_0.1x_model_C1/roc_curve_resnet18_tf_0_0.03/nested_cv_random/resnet18/repeat_10_fold_5_metrics.csv,7,1,resnet18,"[0, 0.03]",C1,F1 at 98% Specificity,0.6193548387096774
/scratchc/nrlab/wang04/ulyses_results_iteration/iteration_3_merge_below_3/cnn_model/cnn14/plasma_tp1_0.1x_model_C1/roc_curve_resnet18_tf_0_0.03/nested_cv_random/resnet18/repeat_10_fold_5_metrics.csv,7,1,resnet18,"[0, 0.03]",C1,Sensitivity at 95% Specificity,0.5607476635514018
/scratchc/nrlab/wang04/ulyses_results_iteration/iteration_3_merge_below_3/cnn_model/cnn14/plasma_tp1_0.1x_model_C1/roc_curve_resnet18_tf_0_0.03/nested_cv_random/resnet18/repeat_10_fold_5_metrics.csv,7,1,resnet18,"[0, 0.03]",C1,PPV at 95% Specificity,0.967741935483871
/scratchc/nrlab/wang04/ulyses_results_iteration/iteration_3_merge_below_3/cnn_model/cnn14/plasma_tp1_0.1x_model_C1/roc_curve_resnet18_tf_0_0.03/nested_cv_random/resnet18/repeat_10_fold_5_metrics.csv,7,1,resnet18,"[0, 0.03]",C1,Accuracy at 95% Specificity,0.7407584471603162
/scratchc/nrlab/wang04/ulyses_results_iteration/iteration_3_merge_below_3/cnn_model/cnn14/plasma_tp1_0.1x_model_C1/roc_curve_resnet18_tf_0_0.03/nested_cv_random/resnet18/repeat_10_fold_5_metrics.csv,7,1,resnet18,"[0, 0.03]",C1,F1 at 95% Specificity,0.7100591715976331
/scratchc/nrlab/wang04/ulyses_results_iteration/iteration_3_merge_below_3/cnn_model/cnn14/plasma_tp1_0.1x_model_C1/roc_curve_resnet18_tf_0_0.03/nested_cv_random/resnet18/repeat_10_fold_5_metrics.csv,7,2,resnet18,"[0, 0.03]",C1,AUROC,0.8762149799885648
/scratchc/nrlab/wang04/ulyses_results_iteration/iteration_3_merge_below_3/cnn_model/cnn14/plasma_tp1_0.1x_model_C1/roc_curve_resnet18_tf_0_0.03/nested_cv_random/resnet18/repeat_10_fold_5_metrics.csv,7,2,resnet18,"[0, 0.03]",C1,AUPRC,0.9260890695229368
/scratchc/nrlab/wang04/ulyses_results_iteration/iteration_3_merge_below_3/cnn_model/cnn14/plasma_tp1_0.1x_model_C1/roc_curve_resnet18_tf_0_0.03/nested_cv_random/resnet18/repeat_10_fold_5_metrics.csv,7,2,resnet18,"[0, 0.03]",C1,Sensitivity at 99% Specificity,0.42452830188679247
/scratchc/nrlab/wang04/ulyses_results_iteration/iteration_3_merge_below_3/cnn_model/cnn14/plasma_tp1_0.1x_model_C1/roc_curve_resnet18_tf_0_0.03/nested_cv_random/resnet18/repeat_10_fold_5_metrics.csv,7,2,resnet18,"[0, 0.03]",C1,PPV at 99% Specificity,1
/scratchc/nrlab/wang04/ulyses_results_iteration/iteration_3_merge_below_3/cnn_model/cnn14/plasma_tp1_0.1x_model_C1/roc_curve_resnet18_tf_0_0.03/nested_cv_random/resnet18/repeat_10_fold_5_metrics.csv,7,2,resnet18,"[0, 0.03]",C1,Accuracy at 99% Specificity,0.7072641509433962
/scratchc/nrlab/wang04/ulyses_results_iteration/iteration_3_merge_below_3/cnn_model/cnn14/plasma_tp1_0.1x_model_C1/roc_curve_resnet18_tf_0_0.03/nested_cv_random/resnet18/repeat_10_fold_5_metrics.csv,7,2,resnet18,"[0, 0.03]",C1,F1 at 99% Specificity,0.5960264900662252
/scratchc/nrlab/wang04/ulyses_results_iteration/iteration_3_merge_below_3/cnn_model/cnn14/plasma_tp1_0.1x_model_C1/roc_curve_resnet18_tf_0_0.03/nested_cv_random/resnet18/repeat_10_fold_5_metrics.csv,7,2,resnet18,"[0, 0.03]",C1,Sensitivity at 98% Specificity,0.42452830188679247
/scratchc/nrlab/wang04/ulyses_results_iteration/iteration_3_merge_below_3/cnn_model/cnn14/plasma_tp1_0.1x_model_C1/roc_curve_resnet18_tf_0_0.03/nested_cv_random/resnet18/repeat_10_fold_5_metrics.csv,7,2,resnet18,"[0, 0.03]",C1,PPV at 98% Specificity,1
/scratchc/nrlab/wang04/ulyses_results_iteration/iteration_3_merge_below_3/cnn_model/cnn14/plasma_tp1_0.1x_model_C1/roc_curve_resnet18_tf_0_0.03/nested_cv_random/resnet18/repeat_10_fold_5_metrics.csv,7,2,resnet18,"[0, 0.03]",C1,Accuracy at 98% Specificity,0.7022641509433962
/scratchc/nrlab/wang04/ulyses_results_iteration/iteration_3_merge_below_3/cnn_model/cnn14/plasma_tp1_0.1x_model_C1/roc_curve_resnet18_tf_0_0.03/nested_cv_random/resnet18/repeat_10_fold_5_metrics.csv,7,2,resnet18,"[0, 0.03]",C1,F1 at 98% Specificity,0.5960264900662252
/scratchc/nrlab/wang04/ulyses_results_iteration/iteration_3_merge_below_3/cnn_model/cnn14/plasma_tp1_0.1x_model_C1/roc_curve_resnet18_tf_0_0.03/nested_cv_random/resnet18/repeat_10_fold_5_metrics.csv,7,2,resnet18,"[0, 0.03]",C1,Sensitivity at 95% Specificity,0.5566037735849056
/scratchc/nrlab/wang04/ulyses_results_iteration/iteration_3_merge_below_3/cnn_model/cnn14/plasma_tp1_0.1x_model_C1/roc_curve_resnet18_tf_0_0.03/nested_cv_random/resnet18/repeat_10_fold_5_metrics.csv,7,2,resnet18,"[0, 0.03]",C1,PPV at 95% Specificity,0.9516129032258064
/scratchc/nrlab/wang04/ulyses_results_iteration/iteration_3_merge_below_3/cnn_model/cnn14/plasma_tp1_0.1x_model_C1/roc_curve_resnet18_tf_0_0.03/nested_cv_random/resnet18/repeat_10_fold_5_metrics.csv,7,2,resnet18,"[0, 0.03]",C1,Accuracy at 95% Specificity,0.7317109777015438
/scratchc/nrlab/wang04/ulyses_results_iteration/iteration_3_merge_below_3/cnn_model/cnn14/plasma_tp1_0.1x_model_C1/roc_curve_resnet18_tf_0_0.03/nested_cv_random/resnet18/repeat_10_fold_5_metrics.csv,7,2,resnet18,"[0, 0.03]",C1,F1 at 95% Specificity,0.7023809523809523
/scratchc/nrlab/wang04/ulyses_results_iteration/iteration_3_merge_below_3/cnn_model/cnn14/plasma_tp1_0.1x_model_C1/roc_curve_resnet18_tf_0_0.03/nested_cv_random/resnet18/repeat_10_fold_5_metrics.csv,7,3,resnet18,"[0, 0.03]",C1,AUROC,0.8665245202558635
/scratchc/nrlab/wang04/ulyses_results_iteration/iteration_3_merge_below_3/cnn_model/cnn14/plasma_tp1_0.1x_model_C1/roc_curve_resnet18_tf_0_0.03/nested_cv_random/resnet18/repeat_10_fold_5_metrics.csv,7,3,resnet18,"[0, 0.03]",C1,AUPRC,0.9127563607695832
/scratchc/nrlab/wang04/ulyses_results_iteration/iteration_3_merge_below_3/cnn_model/cnn14/plasma_tp1_0.1x_model_C1/roc_curve_resnet18_tf_0_0.03/nested_cv_random/resnet18/repeat_10_fold_5_metrics.csv,7,3,resnet18,"[0, 0.03]",C1,Sensitivity at 99% Specificity,0.3523809523809524
/scratchc/nrlab/wang04/ulyses_results_iteration/iteration_3_merge_below_3/cnn_model/cnn14/plasma_tp1_0.1x_model_C1/roc_curve_resnet18_tf_0_0.03/nested_cv_random/resnet18/repeat_10_fold_5_metrics.csv,7,3,resnet18,"[0, 0.03]",C1,PPV at 99% Specificity,1
/scratchc/nrlab/wang04/ulyses_results_iteration/iteration_3_merge_below_3/cnn_model/cnn14/plasma_tp1_0.1x_model_C1/roc_curve_resnet18_tf_0_0.03/nested_cv_random/resnet18/repeat_10_fold_5_metrics.csv,7,3,resnet18,"[0, 0.03]",C1,Accuracy at 99% Specificity,0.6711904761904762
/scratchc/nrlab/wang04/ulyses_results_iteration/iteration_3_merge_below_3/cnn_model/cnn14/plasma_tp1_0.1x_model_C1/roc_curve_resnet18_tf_0_0.03/nested_cv_random/resnet18/repeat_10_fold_5_metrics.csv,7,3,resnet18,"[0, 0.03]",C1,F1 at 99% Specificity,0.5211267605633803
/scratchc/nrlab/wang04/ulyses_results_iteration/iteration_3_merge_below_3/cnn_model/cnn14/plasma_tp1_0.1x_model_C1/roc_curve_resnet18_tf_0_0.03/nested_cv_random/resnet18/repeat_10_fold_5_metrics.csv,7,3,resnet18,"[0, 0.03]",C1,Sensitivity at 98% Specificity,0.3523809523809524
/scratchc/nrlab/wang04/ulyses_results_iteration/iteration_3_merge_below_3/cnn_model/cnn14/plasma_tp1_0.1x_model_C1/roc_curve_resnet18_tf_0_0.03/nested_cv_random/resnet18/repeat_10_fold_5_metrics.csv,7,3,resnet18,"[0, 0.03]",C1,PPV at 98% Specificity,1
/scratchc/nrlab/wang04/ulyses_results_iteration/iteration_3_merge_below_3/cnn_model/cnn14/plasma_tp1_0.1x_model_C1/roc_curve_resnet18_tf_0_0.03/nested_cv_random/resnet18/repeat_10_fold_5_metrics.csv,7,3,resnet18,"[0, 0.03]",C1,Accuracy at 98% Specificity,0.6661904761904762
/scratchc/nrlab/wang04/ulyses_results_iteration/iteration_3_merge_below_3/cnn_model/cnn14/plasma_tp1_0.1x_model_C1/roc_curve_resnet18_tf_0_0.03/nested_cv_random/resnet18/repeat_10_fold_5_metrics.csv,7,3,resnet18,"[0, 0.03]",C1,F1 at 98% Specificity,0.5211267605633803
/scratchc/nrlab/wang04/ulyses_results_iteration/iteration_3_merge_below_3/cnn_model/cnn14/plasma_tp1_0.1x_model_C1/roc_curve_resnet18_tf_0_0.03/nested_cv_random/resnet18/repeat_10_fold_5_metrics.csv,7,3,resnet18,"[0, 0.03]",C1,Sensitivity at 95% Specificity,0.42857142857142855
/scratchc/nrlab/wang04/ulyses_results_iteration/iteration_3_merge_below_3/cnn_model/cnn14/plasma_tp1_0.1x_model_C1/roc_curve_resnet18_tf_0_0.03/nested_cv_random/resnet18/repeat_10_fold_5_metrics.csv,7,3,resnet18,"[0, 0.03]",C1,PPV at 95% Specificity,0.9574468085106383
/scratchc/nrlab/wang04/ulyses_results_iteration/iteration_3_merge_below_3/cnn_model/cnn14/plasma_tp1_0.1x_model_C1/roc_curve_resnet18_tf_0_0.03/nested_cv_random/resnet18/repeat_10_fold_5_metrics.csv,7,3,resnet18,"[0, 0.03]",C1,Accuracy at 95% Specificity,0.6751066098081023
/scratchc/nrlab/wang04/ulyses_results_iteration/iteration_3_merge_below_3/cnn_model/cnn14/plasma_tp1_0.1x_model_C1/roc_curve_resnet18_tf_0_0.03/nested_cv_random/resnet18/repeat_10_fold_5_metrics.csv,7,3,resnet18,"[0, 0.03]",C1,F1 at 95% Specificity,0.5921052631578947
/scratchc/nrlab/wang04/ulyses_results_iteration/iteration_3_merge_below_3/cnn_model/cnn14/plasma_tp1_0.1x_model_C1/roc_curve_resnet18_tf_0_0.03/nested_cv_random/resnet18/repeat_10_fold_5_metrics.csv,7,5,resnet18,"[0, 0.03]",C1,AUROC,0.8293286733653706
/scratchc/nrlab/wang04/ulyses_results_iteration/iteration_3_merge_below_3/cnn_model/cnn14/plasma_tp1_0.1x_model_C1/roc_curve_resnet18_tf_0_0.03/nested_cv_random/resnet18/repeat_10_fold_5_metrics.csv,7,5,resnet18,"[0, 0.03]",C1,AUPRC,0.8753884762485994
/scratchc/nrlab/wang04/ulyses_results_iteration/iteration_3_merge_below_3/cnn_model/cnn14/plasma_tp1_0.1x_model_C1/roc_curve_resnet18_tf_0_0.03/nested_cv_random/resnet18/repeat_10_fold_5_metrics.csv,7,5,resnet18,"[0, 0.03]",C1,Sensitivity at 99% Specificity,0.02752293577981651
/scratchc/nrlab/wang04/ulyses_results_iteration/iteration_3_merge_below_3/cnn_model/cnn14/plasma_tp1_0.1x_model_C1/roc_curve_resnet18_tf_0_0.03/nested_cv_random/resnet18/repeat_10_fold_5_metrics.csv,7,5,resnet18,"[0, 0.03]",C1,PPV at 99% Specificity,1
/scratchc/nrlab/wang04/ulyses_results_iteration/iteration_3_merge_below_3/cnn_model/cnn14/plasma_tp1_0.1x_model_C1/roc_curve_resnet18_tf_0_0.03/nested_cv_random/resnet18/repeat_10_fold_5_metrics.csv,7,5,resnet18,"[0, 0.03]",C1,Accuracy at 99% Specificity,0.5087614678899083
/scratchc/nrlab/wang04/ulyses_results_iteration/iteration_3_merge_below_3/cnn_model/cnn14/plasma_tp1_0.1x_model_C1/roc_curve_resnet18_tf_0_0.03/nested_cv_random/resnet18/repeat_10_fold_5_metrics.csv,7,5,resnet18,"[0, 0.03]",C1,F1 at 99% Specificity,0.05357142857142857
/scratchc/nrlab/wang04/ulyses_results_iteration/iteration_3_merge_below_3/cnn_model/cnn14/plasma_tp1_0.1x_model_C1/roc_curve_resnet18_tf_0_0.03/nested_cv_random/resnet18/repeat_10_fold_5_metrics.csv,7,5,resnet18,"[0, 0.03]",C1,Sensitivity at 98% Specificity,0.02752293577981651
/scratchc/nrlab/wang04/ulyses_results_iteration/iteration_3_merge_below_3/cnn_model/cnn14/plasma_tp1_0.1x_model_C1/roc_curve_resnet18_tf_0_0.03/nested_cv_random/resnet18/repeat_10_fold_5_metrics.csv,7,5,resnet18,"[0, 0.03]",C1,PPV at 98% Specificity,1
/scratchc/nrlab/wang04/ulyses_results_iteration/iteration_3_merge_below_3/cnn_model/cnn14/plasma_tp1_0.1x_model_C1/roc_curve_resnet18_tf_0_0.03/nested_cv_random/resnet18/repeat_10_fold_5_metrics.csv,7,5,resnet18,"[0, 0.03]",C1,Accuracy at 98% Specificity,0.5037614678899083
/scratchc/nrlab/wang04/ulyses_results_iteration/iteration_3_merge_below_3/cnn_model/cnn14/plasma_tp1_0.1x_model_C1/roc_curve_resnet18_tf_0_0.03/nested_cv_random/resnet18/repeat_10_fold_5_metrics.csv,7,5,resnet18,"[0, 0.03]",C1,F1 at 98% Specificity,0.05357142857142857
/scratchc/nrlab/wang04/ulyses_results_iteration/iteration_3_merge_below_3/cnn_model/cnn14/plasma_tp1_0.1x_model_C1/roc_curve_resnet18_tf_0_0.03/nested_cv_random/resnet18/repeat_10_fold_5_metrics.csv,7,5,resnet18,"[0, 0.03]",C1,Sensitivity at 95% Specificity,0.3394495412844037
/scratchc/nrlab/wang04/ulyses_results_iteration/iteration_3_merge_below_3/cnn_model/cnn14/plasma_tp1_0.1x_model_C1/roc_curve_resnet18_tf_0_0.03/nested_cv_random/resnet18/repeat_10_fold_5_metrics.csv,7,5,resnet18,"[0, 0.03]",C1,PPV at 95% Specificity,0.9487179487179488
/scratchc/nrlab/wang04/ulyses_results_iteration/iteration_3_merge_below_3/cnn_model/cnn14/plasma_tp1_0.1x_model_C1/roc_curve_resnet18_tf_0_0.03/nested_cv_random/resnet18/repeat_10_fold_5_metrics.csv,7,5,resnet18,"[0, 0.03]",C1,Accuracy at 95% Specificity,0.6296454055628368
/scratchc/nrlab/wang04/ulyses_results_iteration/iteration_3_merge_below_3/cnn_model/cnn14/plasma_tp1_0.1x_model_C1/roc_curve_resnet18_tf_0_0.03/nested_cv_random/resnet18/repeat_10_fold_5_metrics.csv,7,5,resnet18,"[0, 0.03]",C1,F1 at 95% Specificity,0.5
/scratchc/nrlab/wang04/ulyses_results_iteration/iteration_3_merge_below_3/cnn_model/cnn14/plasma_tp1_0.1x_model_C1/roc_curve_resnet18_tf_0_0.03/nested_cv_random/resnet18/repeat_10_fold_5_metrics.csv,8,1,resnet18,"[0, 0.03]",C1,AUROC,0.8494301994301994
/scratchc/nrlab/wang04/ulyses_results_iteration/iteration_3_merge_below_3/cnn_model/cnn14/plasma_tp1_0.1x_model_C1/roc_curve_resnet18_tf_0_0.03/nested_cv_random/resnet18/repeat_10_fold_5_metrics.csv,8,1,resnet18,"[0, 0.03]",C1,AUPRC,0.9084116850785544
/scratchc/nrlab/wang04/ulyses_results_iteration/iteration_3_merge_below_3/cnn_model/cnn14/plasma_tp1_0.1x_model_C1/roc_curve_resnet18_tf_0_0.03/nested_cv_random/resnet18/repeat_10_fold_5_metrics.csv,8,1,resnet18,"[0, 0.03]",C1,Sensitivity at 99% Specificity,0.35185185185185186
/scratchc/nrlab/wang04/ulyses_results_iteration/iteration_3_merge_below_3/cnn_model/cnn14/plasma_tp1_0.1x_model_C1/roc_curve_resnet18_tf_0_0.03/nested_cv_random/resnet18/repeat_10_fold_5_metrics.csv,8,1,resnet18,"[0, 0.03]",C1,PPV at 99% Specificity,1
/scratchc/nrlab/wang04/ulyses_results_iteration/iteration_3_merge_below_3/cnn_model/cnn14/plasma_tp1_0.1x_model_C1/roc_curve_resnet18_tf_0_0.03/nested_cv_random/resnet18/repeat_10_fold_5_metrics.csv,8,1,resnet18,"[0, 0.03]",C1,Accuracy at 99% Specificity,0.6709259259259259
/scratchc/nrlab/wang04/ulyses_results_iteration/iteration_3_merge_below_3/cnn_model/cnn14/plasma_tp1_0.1x_model_C1/roc_curve_resnet18_tf_0_0.03/nested_cv_random/resnet18/repeat_10_fold_5_metrics.csv,8,1,resnet18,"[0, 0.03]",C1,F1 at 99% Specificity,0.5205479452054794
/scratchc/nrlab/wang04/ulyses_results_iteration/iteration_3_merge_below_3/cnn_model/cnn14/plasma_tp1_0.1x_model_C1/roc_curve_resnet18_tf_0_0.03/nested_cv_random/resnet18/repeat_10_fold_5_metrics.csv,8,1,resnet18,"[0, 0.03]",C1,Sensitivity at 98% Specificity,0.35185185185185186
/scratchc/nrlab/wang04/ulyses_results_iteration/iteration_3_merge_below_3/cnn_model/cnn14/plasma_tp1_0.1x_model_C1/roc_curve_resnet18_tf_0_0.03/nested_cv_random/resnet18/repeat_10_fold_5_metrics.csv,8,1,resnet18,"[0, 0.03]",C1,PPV at 98% Specificity,1
/scratchc/nrlab/wang04/ulyses_results_iteration/iteration_3_merge_below_3/cnn_model/cnn14/plasma_tp1_0.1x_model_C1/roc_curve_resnet18_tf_0_0.03/nested_cv_random/resnet18/repeat_10_fold_5_metrics.csv,8,1,resnet18,"[0, 0.03]",C1,Accuracy at 98% Specificity,0.6659259259259259
/scratchc/nrlab/wang04/ulyses_results_iteration/iteration_3_merge_below_3/cnn_model/cnn14/plasma_tp1_0.1x_model_C1/roc_curve_resnet18_tf_0_0.03/nested_cv_random/resnet18/repeat_10_fold_5_metrics.csv,8,1,resnet18,"[0, 0.03]",C1,F1 at 98% Specificity,0.5205479452054794
/scratchc/nrlab/wang04/ulyses_results_iteration/iteration_3_merge_below_3/cnn_model/cnn14/plasma_tp1_0.1x_model_C1/roc_curve_resnet18_tf_0_0.03/nested_cv_random/resnet18/repeat_10_fold_5_metrics.csv,8,1,resnet18,"[0, 0.03]",C1,Sensitivity at 95% Specificity,0.48148148148148145
/scratchc/nrlab/wang04/ulyses_results_iteration/iteration_3_merge_below_3/cnn_model/cnn14/plasma_tp1_0.1x_model_C1/roc_curve_resnet18_tf_0_0.03/nested_cv_random/resnet18/repeat_10_fold_5_metrics.csv,8,1,resnet18,"[0, 0.03]",C1,PPV at 95% Specificity,0.9629629629629628
/scratchc/nrlab/wang04/ulyses_results_iteration/iteration_3_merge_below_3/cnn_model/cnn14/plasma_tp1_0.1x_model_C1/roc_curve_resnet18_tf_0_0.03/nested_cv_random/resnet18/repeat_10_fold_5_metrics.csv,8,1,resnet18,"[0, 0.03]",C1,Accuracy at 95% Specificity,0.7011253561253561
/scratchc/nrlab/wang04/ulyses_results_iteration/iteration_3_merge_below_3/cnn_model/cnn14/plasma_tp1_0.1x_model_C1/roc_curve_resnet18_tf_0_0.03/nested_cv_random/resnet18/repeat_10_fold_5_metrics.csv,8,1,resnet18,"[0, 0.03]",C1,F1 at 95% Specificity,0.6419753086419753
/scratchc/nrlab/wang04/ulyses_results_iteration/iteration_3_merge_below_3/cnn_model/cnn14/plasma_tp1_0.1x_model_C1/roc_curve_resnet18_tf_0_0.03/nested_cv_random/resnet18/repeat_10_fold_5_metrics.csv,8,2,resnet18,"[0, 0.03]",C1,AUROC,0.7565751858204688
/scratchc/nrlab/wang04/ulyses_results_iteration/iteration_3_merge_below_3/cnn_model/cnn14/plasma_tp1_0.1x_model_C1/roc_curve_resnet18_tf_0_0.03/nested_cv_random/resnet18/repeat_10_fold_5_metrics.csv,8,2,resnet18,"[0, 0.03]",C1,AUPRC,0.8648151694670871
/scratchc/nrlab/wang04/ulyses_results_iteration/iteration_3_merge_below_3/cnn_model/cnn14/plasma_tp1_0.1x_model_C1/roc_curve_resnet18_tf_0_0.03/nested_cv_random/resnet18/repeat_10_fold_5_metrics.csv,8,2,resnet18,"[0, 0.03]",C1,Sensitivity at 99% Specificity,0.3113207547169811
/scratchc/nrlab/wang04/ulyses_results_iteration/iteration_3_merge_below_3/cnn_model/cnn14/plasma_tp1_0.1x_model_C1/roc_curve_resnet18_tf_0_0.03/nested_cv_random/resnet18/repeat_10_fold_5_metrics.csv,8,2,resnet18,"[0, 0.03]",C1,PPV at 99% Specificity,1
/scratchc/nrlab/wang04/ulyses_results_iteration/iteration_3_merge_below_3/cnn_model/cnn14/plasma_tp1_0.1x_model_C1/roc_curve_resnet18_tf_0_0.03/nested_cv_random/resnet18/repeat_10_fold_5_metrics.csv,8,2,resnet18,"[0, 0.03]",C1,Accuracy at 99% Specificity,0.6506603773584906
/scratchc/nrlab/wang04/ulyses_results_iteration/iteration_3_merge_below_3/cnn_model/cnn14/plasma_tp1_0.1x_model_C1/roc_curve_resnet18_tf_0_0.03/nested_cv_random/resnet18/repeat_10_fold_5_metrics.csv,8,2,resnet18,"[0, 0.03]",C1,F1 at 99% Specificity,0.4748201438848921
/scratchc/nrlab/wang04/ulyses_results_iteration/iteration_3_merge_below_3/cnn_model/cnn14/plasma_tp1_0.1x_model_C1/roc_curve_resnet18_tf_0_0.03/nested_cv_random/resnet18/repeat_10_fold_5_metrics.csv,8,2,resnet18,"[0, 0.03]",C1,Sensitivity at 98% Specificity,0.3113207547169811
/scratchc/nrlab/wang04/ulyses_results_iteration/iteration_3_merge_below_3/cnn_model/cnn14/plasma_tp1_0.1x_model_C1/roc_curve_resnet18_tf_0_0.03/nested_cv_random/resnet18/repeat_10_fold_5_metrics.csv,8,2,resnet18,"[0, 0.03]",C1,PPV at 98% Specificity,1
/scratchc/nrlab/wang04/ulyses_results_iteration/iteration_3_merge_below_3/cnn_model/cnn14/plasma_tp1_0.1x_model_C1/roc_curve_resnet18_tf_0_0.03/nested_cv_random/resnet18/repeat_10_fold_5_metrics.csv,8,2,resnet18,"[0, 0.03]",C1,Accuracy at 98% Specificity,0.6456603773584906
/scratchc/nrlab/wang04/ulyses_results_iteration/iteration_3_merge_below_3/cnn_model/cnn14/plasma_tp1_0.1x_model_C1/roc_curve_resnet18_tf_0_0.03/nested_cv_random/resnet18/repeat_10_fold_5_metrics.csv,8,2,resnet18,"[0, 0.03]",C1,F1 at 98% Specificity,0.4748201438848921
/scratchc/nrlab/wang04/ulyses_results_iteration/iteration_3_merge_below_3/cnn_model/cnn14/plasma_tp1_0.1x_model_C1/roc_curve_resnet18_tf_0_0.03/nested_cv_random/resnet18/repeat_10_fold_5_metrics.csv,8,2,resnet18,"[0, 0.03]",C1,Sensitivity at 95% Specificity,0.4339622641509434
/scratchc/nrlab/wang04/ulyses_results_iteration/iteration_3_merge_below_3/cnn_model/cnn14/plasma_tp1_0.1x_model_C1/roc_curve_resnet18_tf_0_0.03/nested_cv_random/resnet18/repeat_10_fold_5_metrics.csv,8,2,resnet18,"[0, 0.03]",C1,PPV at 95% Specificity,0.9583333333333334
/scratchc/nrlab/wang04/ulyses_results_iteration/iteration_3_merge_below_3/cnn_model/cnn14/plasma_tp1_0.1x_model_C1/roc_curve_resnet18_tf_0_0.03/nested_cv_random/resnet18/repeat_10_fold_5_metrics.csv,8,2,resnet18,"[0, 0.03]",C1,Accuracy at 95% Specificity,0.6775871926815322
/scratchc/nrlab/wang04/ulyses_results_iteration/iteration_3_merge_below_3/cnn_model/cnn14/plasma_tp1_0.1x_model_C1/roc_curve_resnet18_tf_0_0.03/nested_cv_random/resnet18/repeat_10_fold_5_metrics.csv,8,2,resnet18,"[0, 0.03]",C1,F1 at 95% Specificity,0.5974025974025974
/scratchc/nrlab/wang04/ulyses_results_iteration/iteration_3_merge_below_3/cnn_model/cnn14/plasma_tp1_0.1x_model_C1/roc_curve_resnet18_tf_0_0.03/nested_cv_random/resnet18/repeat_10_fold_5_metrics.csv,8,3,resnet18,"[0, 0.03]",C1,AUROC,0.8831056793673616
/scratchc/nrlab/wang04/ulyses_results_iteration/iteration_3_merge_below_3/cnn_model/cnn14/plasma_tp1_0.1x_model_C1/roc_curve_resnet18_tf_0_0.03/nested_cv_random/resnet18/repeat_10_fold_5_metrics.csv,8,3,resnet18,"[0, 0.03]",C1,AUPRC,0.926909189917354
/scratchc/nrlab/wang04/ulyses_results_iteration/iteration_3_merge_below_3/cnn_model/cnn14/plasma_tp1_0.1x_model_C1/roc_curve_resnet18_tf_0_0.03/nested_cv_random/resnet18/repeat_10_fold_5_metrics.csv,8,3,resnet18,"[0, 0.03]",C1,Sensitivity at 99% Specificity,0.3364485981308411
/scratchc/nrlab/wang04/ulyses_results_iteration/iteration_3_merge_below_3/cnn_model/cnn14/plasma_tp1_0.1x_model_C1/roc_curve_resnet18_tf_0_0.03/nested_cv_random/resnet18/repeat_10_fold_5_metrics.csv,8,3,resnet18,"[0, 0.03]",C1,PPV at 99% Specificity,1
/scratchc/nrlab/wang04/ulyses_results_iteration/iteration_3_merge_below_3/cnn_model/cnn14/plasma_tp1_0.1x_model_C1/roc_curve_resnet18_tf_0_0.03/nested_cv_random/resnet18/repeat_10_fold_5_metrics.csv,8,3,resnet18,"[0, 0.03]",C1,Accuracy at 99% Specificity,0.6632242990654206
/scratchc/nrlab/wang04/ulyses_results_iteration/iteration_3_merge_below_3/cnn_model/cnn14/plasma_tp1_0.1x_model_C1/roc_curve_resnet18_tf_0_0.03/nested_cv_random/resnet18/repeat_10_fold_5_metrics.csv,8,3,resnet18,"[0, 0.03]",C1,F1 at 99% Specificity,0.5034965034965035
/scratchc/nrlab/wang04/ulyses_results_iteration/iteration_3_merge_below_3/cnn_model/cnn14/plasma_tp1_0.1x_model_C1/roc_curve_resnet18_tf_0_0.03/nested_cv_random/resnet18/repeat_10_fold_5_metrics.csv,8,3,resnet18,"[0, 0.03]",C1,Sensitivity at 98% Specificity,0.3364485981308411
/scratchc/nrlab/wang04/ulyses_results_iteration/iteration_3_merge_below_3/cnn_model/cnn14/plasma_tp1_0.1x_model_C1/roc_curve_resnet18_tf_0_0.03/nested_cv_random/resnet18/repeat_10_fold_5_metrics.csv,8,3,resnet18,"[0, 0.03]",C1,PPV at 98% Specificity,1
/scratchc/nrlab/wang04/ulyses_results_iteration/iteration_3_merge_below_3/cnn_model/cnn14/plasma_tp1_0.1x_model_C1/roc_curve_resnet18_tf_0_0.03/nested_cv_random/resnet18/repeat_10_fold_5_metrics.csv,8,3,resnet18,"[0, 0.03]",C1,Accuracy at 98% Specificity,0.6582242990654206
/scratchc/nrlab/wang04/ulyses_results_iteration/iteration_3_merge_below_3/cnn_model/cnn14/plasma_tp1_0.1x_model_C1/roc_curve_resnet18_tf_0_0.03/nested_cv_random/resnet18/repeat_10_fold_5_metrics.csv,8,3,resnet18,"[0, 0.03]",C1,F1 at 98% Specificity,0.5034965034965035
/scratchc/nrlab/wang04/ulyses_results_iteration/iteration_3_merge_below_3/cnn_model/cnn14/plasma_tp1_0.1x_model_C1/roc_curve_resnet18_tf_0_0.03/nested_cv_random/resnet18/repeat_10_fold_5_metrics.csv,8,3,resnet18,"[0, 0.03]",C1,Sensitivity at 95% Specificity,0.5420560747663551
/scratchc/nrlab/wang04/ulyses_results_iteration/iteration_3_merge_below_3/cnn_model/cnn14/plasma_tp1_0.1x_model_C1/roc_curve_resnet18_tf_0_0.03/nested_cv_random/resnet18/repeat_10_fold_5_metrics.csv,8,3,resnet18,"[0, 0.03]",C1,PPV at 95% Specificity,0.9666666666666668
/scratchc/nrlab/wang04/ulyses_results_iteration/iteration_3_merge_below_3/cnn_model/cnn14/plasma_tp1_0.1x_model_C1/roc_curve_resnet18_tf_0_0.03/nested_cv_random/resnet18/repeat_10_fold_5_metrics.csv,8,3,resnet18,"[0, 0.03]",C1,Accuracy at 95% Specificity,0.7314126527677929
/scratchc/nrlab/wang04/ulyses_results_iteration/iteration_3_merge_below_3/cnn_model/cnn14/plasma_tp1_0.1x_model_C1/roc_curve_resnet18_tf_0_0.03/nested_cv_random/resnet18/repeat_10_fold_5_metrics.csv,8,3,resnet18,"[0, 0.03]",C1,F1 at 95% Specificity,0.6946107784431138
/scratchc/nrlab/wang04/ulyses_results_iteration/iteration_3_merge_below_3/cnn_model/cnn14/plasma_tp1_0.1x_model_C1/roc_curve_resnet18_tf_0_0.03/nested_cv_random/resnet18/repeat_10_fold_5_metrics.csv,8,4,resnet18,"[0, 0.03]",C1,AUROC,0.8803530092592593
/scratchc/nrlab/wang04/ulyses_results_iteration/iteration_3_merge_below_3/cnn_model/cnn14/plasma_tp1_0.1x_model_C1/roc_curve_resnet18_tf_0_0.03/nested_cv_random/resnet18/repeat_10_fold_5_metrics.csv,8,4,resnet18,"[0, 0.03]",C1,AUPRC,0.92630171473251
/scratchc/nrlab/wang04/ulyses_results_iteration/iteration_3_merge_below_3/cnn_model/cnn14/plasma_tp1_0.1x_model_C1/roc_curve_resnet18_tf_0_0.03/nested_cv_random/resnet18/repeat_10_fold_5_metrics.csv,8,4,resnet18,"[0, 0.03]",C1,Sensitivity at 99% Specificity,0.3333333333333333
/scratchc/nrlab/wang04/ulyses_results_iteration/iteration_3_merge_below_3/cnn_model/cnn14/plasma_tp1_0.1x_model_C1/roc_curve_resnet18_tf_0_0.03/nested_cv_random/resnet18/repeat_10_fold_5_metrics.csv,8,4,resnet18,"[0, 0.03]",C1,PPV at 99% Specificity,1
/scratchc/nrlab/wang04/ulyses_results_iteration/iteration_3_merge_below_3/cnn_model/cnn14/plasma_tp1_0.1x_model_C1/roc_curve_resnet18_tf_0_0.03/nested_cv_random/resnet18/repeat_10_fold_5_metrics.csv,8,4,resnet18,"[0, 0.03]",C1,Accuracy at 99% Specificity,0.6616666666666666
/scratchc/nrlab/wang04/ulyses_results_iteration/iteration_3_merge_below_3/cnn_model/cnn14/plasma_tp1_0.1x_model_C1/roc_curve_resnet18_tf_0_0.03/nested_cv_random/resnet18/repeat_10_fold_5_metrics.csv,8,4,resnet18,"[0, 0.03]",C1,F1 at 99% Specificity,0.5
/scratchc/nrlab/wang04/ulyses_results_iteration/iteration_3_merge_below_3/cnn_model/cnn14/plasma_tp1_0.1x_model_C1/roc_curve_resnet18_tf_0_0.03/nested_cv_random/resnet18/repeat_10_fold_5_metrics.csv,8,4,resnet18,"[0, 0.03]",C1,Sensitivity at 98% Specificity,0.3333333333333333
/scratchc/nrlab/wang04/ulyses_results_iteration/iteration_3_merge_below_3/cnn_model/cnn14/plasma_tp1_0.1x_model_C1/roc_curve_resnet18_tf_0_0.03/nested_cv_random/resnet18/repeat_10_fold_5_metrics.csv,8,4,resnet18,"[0, 0.03]",C1,PPV at 98% Specificity,1
/scratchc/nrlab/wang04/ulyses_results_iteration/iteration_3_merge_below_3/cnn_model/cnn14/plasma_tp1_0.1x_model_C1/roc_curve_resnet18_tf_0_0.03/nested_cv_random/resnet18/repeat_10_fold_5_metrics.csv,8,4,resnet18,"[0, 0.03]",C1,Accuracy at 98% Specificity,0.6566666666666666
/scratchc/nrlab/wang04/ulyses_results_iteration/iteration_3_merge_below_3/cnn_model/cnn14/plasma_tp1_0.1x_model_C1/roc_curve_resnet18_tf_0_0.03/nested_cv_random/resnet18/repeat_10_fold_5_metrics.csv,8,4,resnet18,"[0, 0.03]",C1,F1 at 98% Specificity,0.5
/scratchc/nrlab/wang04/ulyses_results_iteration/iteration_3_merge_below_3/cnn_model/cnn14/plasma_tp1_0.1x_model_C1/roc_curve_resnet18_tf_0_0.03/nested_cv_random/resnet18/repeat_10_fold_5_metrics.csv,8,4,resnet18,"[0, 0.03]",C1,Sensitivity at 95% Specificity,0.46296296296296297
/scratchc/nrlab/wang04/ulyses_results_iteration/iteration_3_merge_below_3/cnn_model/cnn14/plasma_tp1_0.1x_model_C1/roc_curve_resnet18_tf_0_0.03/nested_cv_random/resnet18/repeat_10_fold_5_metrics.csv,8,4,resnet18,"[0, 0.03]",C1,PPV at 95% Specificity,0.9615384615384616
/scratchc/nrlab/wang04/ulyses_results_iteration/iteration_3_merge_below_3/cnn_model/cnn14/plasma_tp1_0.1x_model_C1/roc_curve_resnet18_tf_0_0.03/nested_cv_random/resnet18/repeat_10_fold_5_metrics.csv,8,4,resnet18,"[0, 0.03]",C1,Accuracy at 95% Specificity,0.6916377314814814
/scratchc/nrlab/wang04/ulyses_results_iteration/iteration_3_merge_below_3/cnn_model/cnn14/plasma_tp1_0.1x_model_C1/roc_curve_resnet18_tf_0_0.03/nested_cv_random/resnet18/repeat_10_fold_5_metrics.csv,8,4,resnet18,"[0, 0.03]",C1,F1 at 95% Specificity,0.625
/scratchc/nrlab/wang04/ulyses_results_iteration/iteration_3_merge_below_3/cnn_model/cnn14/plasma_tp1_0.1x_model_C1/roc_curve_resnet18_tf_0_0.03/nested_cv_random/resnet18/repeat_10_fold_5_metrics.csv,8,5,resnet18,"[0, 0.03]",C1,AUROC,0.8777857656362329
/scratchc/nrlab/wang04/ulyses_results_iteration/iteration_3_merge_below_3/cnn_model/cnn14/plasma_tp1_0.1x_model_C1/roc_curve_resnet18_tf_0_0.03/nested_cv_random/resnet18/repeat_10_fold_5_metrics.csv,8,5,resnet18,"[0, 0.03]",C1,AUPRC,0.9251520403293348
/scratchc/nrlab/wang04/ulyses_results_iteration/iteration_3_merge_below_3/cnn_model/cnn14/plasma_tp1_0.1x_model_C1/roc_curve_resnet18_tf_0_0.03/nested_cv_random/resnet18/repeat_10_fold_5_metrics.csv,8,5,resnet18,"[0, 0.03]",C1,Sensitivity at 99% Specificity,0.2897196261682243
/scratchc/nrlab/wang04/ulyses_results_iteration/iteration_3_merge_below_3/cnn_model/cnn14/plasma_tp1_0.1x_model_C1/roc_curve_resnet18_tf_0_0.03/nested_cv_random/resnet18/repeat_10_fold_5_metrics.csv,8,5,resnet18,"[0, 0.03]",C1,PPV at 99% Specificity,1
/scratchc/nrlab/wang04/ulyses_results_iteration/iteration_3_merge_below_3/cnn_model/cnn14/plasma_tp1_0.1x_model_C1/roc_curve_resnet18_tf_0_0.03/nested_cv_random/resnet18/repeat_10_fold_5_metrics.csv,8,5,resnet18,"[0, 0.03]",C1,Accuracy at 99% Specificity,0.6398598130841121
/scratchc/nrlab/wang04/ulyses_results_iteration/iteration_3_merge_below_3/cnn_model/cnn14/plasma_tp1_0.1x_model_C1/roc_curve_resnet18_tf_0_0.03/nested_cv_random/resnet18/repeat_10_fold_5_metrics.csv,8,5,resnet18,"[0, 0.03]",C1,F1 at 99% Specificity,0.4492753623188406
/scratchc/nrlab/wang04/ulyses_results_iteration/iteration_3_merge_below_3/cnn_model/cnn14/plasma_tp1_0.1x_model_C1/roc_curve_resnet18_tf_0_0.03/nested_cv_random/resnet18/repeat_10_fold_5_metrics.csv,8,5,resnet18,"[0, 0.03]",C1,Sensitivity at 98% Specificity,0.2897196261682243
/scratchc/nrlab/wang04/ulyses_results_iteration/iteration_3_merge_below_3/cnn_model/cnn14/plasma_tp1_0.1x_model_C1/roc_curve_resnet18_tf_0_0.03/nested_cv_random/resnet18/repeat_10_fold_5_metrics.csv,8,5,resnet18,"[0, 0.03]",C1,PPV at 98% Specificity,1
/scratchc/nrlab/wang04/ulyses_results_iteration/iteration_3_merge_below_3/cnn_model/cnn14/plasma_tp1_0.1x_model_C1/roc_curve_resnet18_tf_0_0.03/nested_cv_random/resnet18/repeat_10_fold_5_metrics.csv,8,5,resnet18,"[0, 0.03]",C1,Accuracy at 98% Specificity,0.6348598130841121
/scratchc/nrlab/wang04/ulyses_results_iteration/iteration_3_merge_below_3/cnn_model/cnn14/plasma_tp1_0.1x_model_C1/roc_curve_resnet18_tf_0_0.03/nested_cv_random/resnet18/repeat_10_fold_5_metrics.csv,8,5,resnet18,"[0, 0.03]",C1,F1 at 98% Specificity,0.4492753623188406
/scratchc/nrlab/wang04/ulyses_results_iteration/iteration_3_merge_below_3/cnn_model/cnn14/plasma_tp1_0.1x_model_C1/roc_curve_resnet18_tf_0_0.03/nested_cv_random/resnet18/repeat_10_fold_5_metrics.csv,8,5,resnet18,"[0, 0.03]",C1,Sensitivity at 95% Specificity,0.5887850467289719
/scratchc/nrlab/wang04/ulyses_results_iteration/iteration_3_merge_below_3/cnn_model/cnn14/plasma_tp1_0.1x_model_C1/roc_curve_resnet18_tf_0_0.03/nested_cv_random/resnet18/repeat_10_fold_5_metrics.csv,8,5,resnet18,"[0, 0.03]",C1,PPV at 95% Specificity,0.9692307692307692
/scratchc/nrlab/wang04/ulyses_results_iteration/iteration_3_merge_below_3/cnn_model/cnn14/plasma_tp1_0.1x_model_C1/roc_curve_resnet18_tf_0_0.03/nested_cv_random/resnet18/repeat_10_fold_5_metrics.csv,8,5,resnet18,"[0, 0.03]",C1,Accuracy at 95% Specificity,0.7547771387491014
/scratchc/nrlab/wang04/ulyses_results_iteration/iteration_3_merge_below_3/cnn_model/cnn14/plasma_tp1_0.1x_model_C1/roc_curve_resnet18_tf_0_0.03/nested_cv_random/resnet18/repeat_10_fold_5_metrics.csv,8,5,resnet18,"[0, 0.03]",C1,F1 at 95% Specificity,0.7325581395348837
/scratchc/nrlab/wang04/ulyses_results_iteration/iteration_3_merge_below_3/cnn_model/cnn14/plasma_tp1_0.1x_model_C1/roc_curve_resnet18_tf_0_0.03/nested_cv_random/resnet18/repeat_10_fold_5_metrics.csv,9,1,resnet18,"[0, 0.03]",C1,AUROC,0.8628472222222222
/scratchc/nrlab/wang04/ulyses_results_iteration/iteration_3_merge_below_3/cnn_model/cnn14/plasma_tp1_0.1x_model_C1/roc_curve_resnet18_tf_0_0.03/nested_cv_random/resnet18/repeat_10_fold_5_metrics.csv,9,1,resnet18,"[0, 0.03]",C1,AUPRC,0.906835272595938
/scratchc/nrlab/wang04/ulyses_results_iteration/iteration_3_merge_below_3/cnn_model/cnn14/plasma_tp1_0.1x_model_C1/roc_curve_resnet18_tf_0_0.03/nested_cv_random/resnet18/repeat_10_fold_5_metrics.csv,9,1,resnet18,"[0, 0.03]",C1,Sensitivity at 99% Specificity,0.1111111111111111
/scratchc/nrlab/wang04/ulyses_results_iteration/iteration_3_merge_below_3/cnn_model/cnn14/plasma_tp1_0.1x_model_C1/roc_curve_resnet18_tf_0_0.03/nested_cv_random/resnet18/repeat_10_fold_5_metrics.csv,9,1,resnet18,"[0, 0.03]",C1,PPV at 99% Specificity,1
/scratchc/nrlab/wang04/ulyses_results_iteration/iteration_3_merge_below_3/cnn_model/cnn14/plasma_tp1_0.1x_model_C1/roc_curve_resnet18_tf_0_0.03/nested_cv_random/resnet18/repeat_10_fold_5_metrics.csv,9,1,resnet18,"[0, 0.03]",C1,Accuracy at 99% Specificity,0.5505555555555556
/scratchc/nrlab/wang04/ulyses_results_iteration/iteration_3_merge_below_3/cnn_model/cnn14/plasma_tp1_0.1x_model_C1/roc_curve_resnet18_tf_0_0.03/nested_cv_random/resnet18/repeat_10_fold_5_metrics.csv,9,1,resnet18,"[0, 0.03]",C1,F1 at 99% Specificity,0.2
/scratchc/nrlab/wang04/ulyses_results_iteration/iteration_3_merge_below_3/cnn_model/cnn14/plasma_tp1_0.1x_model_C1/roc_curve_resnet18_tf_0_0.03/nested_cv_random/resnet18/repeat_10_fold_5_metrics.csv,9,1,resnet18,"[0, 0.03]",C1,Sensitivity at 98% Specificity,0.1111111111111111
/scratchc/nrlab/wang04/ulyses_results_iteration/iteration_3_merge_below_3/cnn_model/cnn14/plasma_tp1_0.1x_model_C1/roc_curve_resnet18_tf_0_0.03/nested_cv_random/resnet18/repeat_10_fold_5_metrics.csv,9,1,resnet18,"[0, 0.03]",C1,PPV at 98% Specificity,1
/scratchc/nrlab/wang04/ulyses_results_iteration/iteration_3_merge_below_3/cnn_model/cnn14/plasma_tp1_0.1x_model_C1/roc_curve_resnet18_tf_0_0.03/nested_cv_random/resnet18/repeat_10_fold_5_metrics.csv,9,1,resnet18,"[0, 0.03]",C1,Accuracy at 98% Specificity,0.5455555555555556
/scratchc/nrlab/wang04/ulyses_results_iteration/iteration_3_merge_below_3/cnn_model/cnn14/plasma_tp1_0.1x_model_C1/roc_curve_resnet18_tf_0_0.03/nested_cv_random/resnet18/repeat_10_fold_5_metrics.csv,9,1,resnet18,"[0, 0.03]",C1,F1 at 98% Specificity,0.2
/scratchc/nrlab/wang04/ulyses_results_iteration/iteration_3_merge_below_3/cnn_model/cnn14/plasma_tp1_0.1x_model_C1/roc_curve_resnet18_tf_0_0.03/nested_cv_random/resnet18/repeat_10_fold_5_metrics.csv,9,1,resnet18,"[0, 0.03]",C1,Sensitivity at 95% Specificity,0.26851851851851855
/scratchc/nrlab/wang04/ulyses_results_iteration/iteration_3_merge_below_3/cnn_model/cnn14/plasma_tp1_0.1x_model_C1/roc_curve_resnet18_tf_0_0.03/nested_cv_random/resnet18/repeat_10_fold_5_metrics.csv,9,1,resnet18,"[0, 0.03]",C1,PPV at 95% Specificity,0.935483870967742
/scratchc/nrlab/wang04/ulyses_results_iteration/iteration_3_merge_below_3/cnn_model/cnn14/plasma_tp1_0.1x_model_C1/roc_curve_resnet18_tf_0_0.03/nested_cv_random/resnet18/repeat_10_fold_5_metrics.csv,9,1,resnet18,"[0, 0.03]",C1,Accuracy at 95% Specificity,0.5944155092592592
/scratchc/nrlab/wang04/ulyses_results_iteration/iteration_3_merge_below_3/cnn_model/cnn14/plasma_tp1_0.1x_model_C1/roc_curve_resnet18_tf_0_0.03/nested_cv_random/resnet18/repeat_10_fold_5_metrics.csv,9,1,resnet18,"[0, 0.03]",C1,F1 at 95% Specificity,0.4172661870503597
/scratchc/nrlab/wang04/ulyses_results_iteration/iteration_3_merge_below_3/cnn_model/cnn14/plasma_tp1_0.1x_model_C1/roc_curve_resnet18_tf_0_0.03/nested_cv_random/resnet18/repeat_10_fold_5_metrics.csv,9,2,resnet18,"[0, 0.03]",C1,AUROC,0.8900800457404231
/scratchc/nrlab/wang04/ulyses_results_iteration/iteration_3_merge_below_3/cnn_model/cnn14/plasma_tp1_0.1x_model_C1/roc_curve_resnet18_tf_0_0.03/nested_cv_random/resnet18/repeat_10_fold_5_metrics.csv,9,2,resnet18,"[0, 0.03]",C1,AUPRC,0.9333490390395732
/scratchc/nrlab/wang04/ulyses_results_iteration/iteration_3_merge_below_3/cnn_model/cnn14/plasma_tp1_0.1x_model_C1/roc_curve_resnet18_tf_0_0.03/nested_cv_random/resnet18/repeat_10_fold_5_metrics.csv,9,2,resnet18,"[0, 0.03]",C1,Sensitivity at 99% Specificity,0.33962264150943394
/scratchc/nrlab/wang04/ulyses_results_iteration/iteration_3_merge_below_3/cnn_model/cnn14/plasma_tp1_0.1x_model_C1/roc_curve_resnet18_tf_0_0.03/nested_cv_random/resnet18/repeat_10_fold_5_metrics.csv,9,2,resnet18,"[0, 0.03]",C1,PPV at 99% Specificity,1
/scratchc/nrlab/wang04/ulyses_results_iteration/iteration_3_merge_below_3/cnn_model/cnn14/plasma_tp1_0.1x_model_C1/roc_curve_resnet18_tf_0_0.03/nested_cv_random/resnet18/repeat_10_fold_5_metrics.csv,9,2,resnet18,"[0, 0.03]",C1,Accuracy at 99% Specificity,0.6648113207547169
/scratchc/nrlab/wang04/ulyses_results_iteration/iteration_3_merge_below_3/cnn_model/cnn14/plasma_tp1_0.1x_model_C1/roc_curve_resnet18_tf_0_0.03/nested_cv_random/resnet18/repeat_10_fold_5_metrics.csv,9,2,resnet18,"[0, 0.03]",C1,F1 at 99% Specificity,0.5070422535211268
/scratchc/nrlab/wang04/ulyses_results_iteration/iteration_3_merge_below_3/cnn_model/cnn14/plasma_tp1_0.1x_model_C1/roc_curve_resnet18_tf_0_0.03/nested_cv_random/resnet18/repeat_10_fold_5_metrics.csv,9,2,resnet18,"[0, 0.03]",C1,Sensitivity at 98% Specificity,0.33962264150943394
/scratchc/nrlab/wang04/ulyses_results_iteration/iteration_3_merge_below_3/cnn_model/cnn14/plasma_tp1_0.1x_model_C1/roc_curve_resnet18_tf_0_0.03/nested_cv_random/resnet18/repeat_10_fold_5_metrics.csv,9,2,resnet18,"[0, 0.03]",C1,PPV at 98% Specificity,1
/scratchc/nrlab/wang04/ulyses_results_iteration/iteration_3_merge_below_3/cnn_model/cnn14/plasma_tp1_0.1x_model_C1/roc_curve_resnet18_tf_0_0.03/nested_cv_random/resnet18/repeat_10_fold_5_metrics.csv,9,2,resnet18,"[0, 0.03]",C1,Accuracy at 98% Specificity,0.6598113207547169
/scratchc/nrlab/wang04/ulyses_results_iteration/iteration_3_merge_below_3/cnn_model/cnn14/plasma_tp1_0.1x_model_C1/roc_curve_resnet18_tf_0_0.03/nested_cv_random/resnet18/repeat_10_fold_5_metrics.csv,9,2,resnet18,"[0, 0.03]",C1,F1 at 98% Specificity,0.5070422535211268
/scratchc/nrlab/wang04/ulyses_results_iteration/iteration_3_merge_below_3/cnn_model/cnn14/plasma_tp1_0.1x_model_C1/roc_curve_resnet18_tf_0_0.03/nested_cv_random/resnet18/repeat_10_fold_5_metrics.csv,9,2,resnet18,"[0, 0.03]",C1,Sensitivity at 95% Specificity,0.5660377358490566
/scratchc/nrlab/wang04/ulyses_results_iteration/iteration_3_merge_below_3/cnn_model/cnn14/plasma_tp1_0.1x_model_C1/roc_curve_resnet18_tf_0_0.03/nested_cv_random/resnet18/repeat_10_fold_5_metrics.csv,9,2,resnet18,"[0, 0.03]",C1,PPV at 95% Specificity,0.967741935483871
/scratchc/nrlab/wang04/ulyses_results_iteration/iteration_3_merge_below_3/cnn_model/cnn14/plasma_tp1_0.1x_model_C1/roc_curve_resnet18_tf_0_0.03/nested_cv_random/resnet18/repeat_10_fold_5_metrics.csv,9,2,resnet18,"[0, 0.03]",C1,Accuracy at 95% Specificity,0.7436249285305889
/scratchc/nrlab/wang04/ulyses_results_iteration/iteration_3_merge_below_3/cnn_model/cnn14/plasma_tp1_0.1x_model_C1/roc_curve_resnet18_tf_0_0.03/nested_cv_random/resnet18/repeat_10_fold_5_metrics.csv,9,2,resnet18,"[0, 0.03]",C1,F1 at 95% Specificity,0.7142857142857143
/scratchc/nrlab/wang04/ulyses_results_iteration/iteration_3_merge_below_3/cnn_model/cnn14/plasma_tp1_0.1x_model_C1/roc_curve_resnet18_tf_0_0.03/nested_cv_random/resnet18/repeat_10_fold_5_metrics.csv,9,3,resnet18,"[0, 0.03]",C1,AUROC,0.8648609290811126
/scratchc/nrlab/wang04/ulyses_results_iteration/iteration_3_merge_below_3/cnn_model/cnn14/plasma_tp1_0.1x_model_C1/roc_curve_resnet18_tf_0_0.03/nested_cv_random/resnet18/repeat_10_fold_5_metrics.csv,9,3,resnet18,"[0, 0.03]",C1,AUPRC,0.9198674440216252
/scratchc/nrlab/wang04/ulyses_results_iteration/iteration_3_merge_below_3/cnn_model/cnn14/plasma_tp1_0.1x_model_C1/roc_curve_resnet18_tf_0_0.03/nested_cv_random/resnet18/repeat_10_fold_5_metrics.csv,9,3,resnet18,"[0, 0.03]",C1,Sensitivity at 99% Specificity,0.3394495412844037
/scratchc/nrlab/wang04/ulyses_results_iteration/iteration_3_merge_below_3/cnn_model/cnn14/plasma_tp1_0.1x_model_C1/roc_curve_resnet18_tf_0_0.03/nested_cv_random/resnet18/repeat_10_fold_5_metrics.csv,9,3,resnet18,"[0, 0.03]",C1,PPV at 99% Specificity,1
/scratchc/nrlab/wang04/ulyses_results_iteration/iteration_3_merge_below_3/cnn_model/cnn14/plasma_tp1_0.1x_model_C1/roc_curve_resnet18_tf_0_0.03/nested_cv_random/resnet18/repeat_10_fold_5_metrics.csv,9,3,resnet18,"[0, 0.03]",C1,Accuracy at 99% Specificity,0.6647247706422018
/scratchc/nrlab/wang04/ulyses_results_iteration/iteration_3_merge_below_3/cnn_model/cnn14/plasma_tp1_0.1x_model_C1/roc_curve_resnet18_tf_0_0.03/nested_cv_random/resnet18/repeat_10_fold_5_metrics.csv,9,3,resnet18,"[0, 0.03]",C1,F1 at 99% Specificity,0.5068493150684932
/scratchc/nrlab/wang04/ulyses_results_iteration/iteration_3_merge_below_3/cnn_model/cnn14/plasma_tp1_0.1x_model_C1/roc_curve_resnet18_tf_0_0.03/nested_cv_random/resnet18/repeat_10_fold_5_metrics.csv,9,3,resnet18,"[0, 0.03]",C1,Sensitivity at 98% Specificity,0.3394495412844037
/scratchc/nrlab/wang04/ulyses_results_iteration/iteration_3_merge_below_3/cnn_model/cnn14/plasma_tp1_0.1x_model_C1/roc_curve_resnet18_tf_0_0.03/nested_cv_random/resnet18/repeat_10_fold_5_metrics.csv,9,3,resnet18,"[0, 0.03]",C1,PPV at 98% Specificity,1
/scratchc/nrlab/wang04/ulyses_results_iteration/iteration_3_merge_below_3/cnn_model/cnn14/plasma_tp1_0.1x_model_C1/roc_curve_resnet18_tf_0_0.03/nested_cv_random/resnet18/repeat_10_fold_5_metrics.csv,9,3,resnet18,"[0, 0.03]",C1,Accuracy at 98% Specificity,0.6597247706422018
/scratchc/nrlab/wang04/ulyses_results_iteration/iteration_3_merge_below_3/cnn_model/cnn14/plasma_tp1_0.1x_model_C1/roc_curve_resnet18_tf_0_0.03/nested_cv_random/resnet18/repeat_10_fold_5_metrics.csv,9,3,resnet18,"[0, 0.03]",C1,F1 at 98% Specificity,0.5068493150684932
/scratchc/nrlab/wang04/ulyses_results_iteration/iteration_3_merge_below_3/cnn_model/cnn14/plasma_tp1_0.1x_model_C1/roc_curve_resnet18_tf_0_0.03/nested_cv_random/resnet18/repeat_10_fold_5_metrics.csv,9,3,resnet18,"[0, 0.03]",C1,Sensitivity at 95% Specificity,0.44954128440366975
/scratchc/nrlab/wang04/ulyses_results_iteration/iteration_3_merge_below_3/cnn_model/cnn14/plasma_tp1_0.1x_model_C1/roc_curve_resnet18_tf_0_0.03/nested_cv_random/resnet18/repeat_10_fold_5_metrics.csv,9,3,resnet18,"[0, 0.03]",C1,PPV at 95% Specificity,0.9607843137254902
/scratchc/nrlab/wang04/ulyses_results_iteration/iteration_3_merge_below_3/cnn_model/cnn14/plasma_tp1_0.1x_model_C1/roc_curve_resnet18_tf_0_0.03/nested_cv_random/resnet18/repeat_10_fold_5_metrics.csv,9,3,resnet18,"[0, 0.03]",C1,Accuracy at 95% Specificity,0.6846912771224698
/scratchc/nrlab/wang04/ulyses_results_iteration/iteration_3_merge_below_3/cnn_model/cnn14/plasma_tp1_0.1x_model_C1/roc_curve_resnet18_tf_0_0.03/nested_cv_random/resnet18/repeat_10_fold_5_metrics.csv,9,3,resnet18,"[0, 0.03]",C1,F1 at 95% Specificity,0.6125
/scratchc/nrlab/wang04/ulyses_results_iteration/iteration_3_merge_below_3/cnn_model/cnn14/plasma_tp1_0.1x_model_C1/roc_curve_resnet18_tf_0_0.03/nested_cv_random/resnet18/repeat_10_fold_5_metrics.csv,9,4,resnet18,"[0, 0.03]",C1,AUROC,0.8905941988172346
/scratchc/nrlab/wang04/ulyses_results_iteration/iteration_3_merge_below_3/cnn_model/cnn14/plasma_tp1_0.1x_model_C1/roc_curve_resnet18_tf_0_0.03/nested_cv_random/resnet18/repeat_10_fold_5_metrics.csv,9,4,resnet18,"[0, 0.03]",C1,AUPRC,0.938539229038053
/scratchc/nrlab/wang04/ulyses_results_iteration/iteration_3_merge_below_3/cnn_model/cnn14/plasma_tp1_0.1x_model_C1/roc_curve_resnet18_tf_0_0.03/nested_cv_random/resnet18/repeat_10_fold_5_metrics.csv,9,4,resnet18,"[0, 0.03]",C1,Sensitivity at 99% Specificity,0.4811320754716981
/scratchc/nrlab/wang04/ulyses_results_iteration/iteration_3_merge_below_3/cnn_model/cnn14/plasma_tp1_0.1x_model_C1/roc_curve_resnet18_tf_0_0.03/nested_cv_random/resnet18/repeat_10_fold_5_metrics.csv,9,4,resnet18,"[0, 0.03]",C1,PPV at 99% Specificity,1
/scratchc/nrlab/wang04/ulyses_results_iteration/iteration_3_merge_below_3/cnn_model/cnn14/plasma_tp1_0.1x_model_C1/roc_curve_resnet18_tf_0_0.03/nested_cv_random/resnet18/repeat_10_fold_5_metrics.csv,9,4,resnet18,"[0, 0.03]",C1,Accuracy at 99% Specificity,0.735566037735849
/scratchc/nrlab/wang04/ulyses_results_iteration/iteration_3_merge_below_3/cnn_model/cnn14/plasma_tp1_0.1x_model_C1/roc_curve_resnet18_tf_0_0.03/nested_cv_random/resnet18/repeat_10_fold_5_metrics.csv,9,4,resnet18,"[0, 0.03]",C1,F1 at 99% Specificity,0.6496815286624203
/scratchc/nrlab/wang04/ulyses_results_iteration/iteration_3_merge_below_3/cnn_model/cnn14/plasma_tp1_0.1x_model_C1/roc_curve_resnet18_tf_0_0.03/nested_cv_random/resnet18/repeat_10_fold_5_metrics.csv,9,4,resnet18,"[0, 0.03]",C1,Sensitivity at 98% Specificity,0.4811320754716981
/scratchc/nrlab/wang04/ulyses_results_iteration/iteration_3_merge_below_3/cnn_model/cnn14/plasma_tp1_0.1x_model_C1/roc_curve_resnet18_tf_0_0.03/nested_cv_random/resnet18/repeat_10_fold_5_metrics.csv,9,4,resnet18,"[0, 0.03]",C1,PPV at 98% Specificity,1
/scratchc/nrlab/wang04/ulyses_results_iteration/iteration_3_merge_below_3/cnn_model/cnn14/plasma_tp1_0.1x_model_C1/roc_curve_resnet18_tf_0_0.03/nested_cv_random/resnet18/repeat_10_fold_5_metrics.csv,9,4,resnet18,"[0, 0.03]",C1,Accuracy at 98% Specificity,0.730566037735849
/scratchc/nrlab/wang04/ulyses_results_iteration/iteration_3_merge_below_3/cnn_model/cnn14/plasma_tp1_0.1x_model_C1/roc_curve_resnet18_tf_0_0.03/nested_cv_random/resnet18/repeat_10_fold_5_metrics.csv,9,4,resnet18,"[0, 0.03]",C1,F1 at 98% Specificity,0.6496815286624203
/scratchc/nrlab/wang04/ulyses_results_iteration/iteration_3_merge_below_3/cnn_model/cnn14/plasma_tp1_0.1x_model_C1/roc_curve_resnet18_tf_0_0.03/nested_cv_random/resnet18/repeat_10_fold_5_metrics.csv,9,4,resnet18,"[0, 0.03]",C1,Sensitivity at 95% Specificity,0.6698113207547169
/scratchc/nrlab/wang04/ulyses_results_iteration/iteration_3_merge_below_3/cnn_model/cnn14/plasma_tp1_0.1x_model_C1/roc_curve_resnet18_tf_0_0.03/nested_cv_random/resnet18/repeat_10_fold_5_metrics.csv,9,4,resnet18,"[0, 0.03]",C1,PPV at 95% Specificity,0.9594594594594594
/scratchc/nrlab/wang04/ulyses_results_iteration/iteration_3_merge_below_3/cnn_model/cnn14/plasma_tp1_0.1x_model_C1/roc_curve_resnet18_tf_0_0.03/nested_cv_random/resnet18/repeat_10_fold_5_metrics.csv,9,4,resnet18,"[0, 0.03]",C1,Accuracy at 95% Specificity,0.7886370036609405
/scratchc/nrlab/wang04/ulyses_results_iteration/iteration_3_merge_below_3/cnn_model/cnn14/plasma_tp1_0.1x_model_C1/roc_curve_resnet18_tf_0_0.03/nested_cv_random/resnet18/repeat_10_fold_5_metrics.csv,9,4,resnet18,"[0, 0.03]",C1,F1 at 95% Specificity,0.7888888888888889
/scratchc/nrlab/wang04/ulyses_results_iteration/iteration_3_merge_below_3/cnn_model/cnn14/plasma_tp1_0.1x_model_C1/roc_curve_resnet18_tf_0_0.03/nested_cv_random/resnet18/repeat_10_fold_5_metrics.csv,9,5,resnet18,"[0, 0.03]",C1,AUROC,0.8751976994967648
/scratchc/nrlab/wang04/ulyses_results_iteration/iteration_3_merge_below_3/cnn_model/cnn14/plasma_tp1_0.1x_model_C1/roc_curve_resnet18_tf_0_0.03/nested_cv_random/resnet18/repeat_10_fold_5_metrics.csv,9,5,resnet18,"[0, 0.03]",C1,AUPRC,0.8867565575406484
/scratchc/nrlab/wang04/ulyses_results_iteration/iteration_3_merge_below_3/cnn_model/cnn14/plasma_tp1_0.1x_model_C1/roc_curve_resnet18_tf_0_0.03/nested_cv_random/resnet18/repeat_10_fold_5_metrics.csv,9,5,resnet18,"[0, 0.03]",C1,Sensitivity at 99% Specificity,0.01869158878504672
/scratchc/nrlab/wang04/ulyses_results_iteration/iteration_3_merge_below_3/cnn_model/cnn14/plasma_tp1_0.1x_model_C1/roc_curve_resnet18_tf_0_0.03/nested_cv_random/resnet18/repeat_10_fold_5_metrics.csv,9,5,resnet18,"[0, 0.03]",C1,PPV at 99% Specificity,1
/scratchc/nrlab/wang04/ulyses_results_iteration/iteration_3_merge_below_3/cnn_model/cnn14/plasma_tp1_0.1x_model_C1/roc_curve_resnet18_tf_0_0.03/nested_cv_random/resnet18/repeat_10_fold_5_metrics.csv,9,5,resnet18,"[0, 0.03]",C1,Accuracy at 99% Specificity,0.5043457943925234
/scratchc/nrlab/wang04/ulyses_results_iteration/iteration_3_merge_below_3/cnn_model/cnn14/plasma_tp1_0.1x_model_C1/roc_curve_resnet18_tf_0_0.03/nested_cv_random/resnet18/repeat_10_fold_5_metrics.csv,9,5,resnet18,"[0, 0.03]",C1,F1 at 99% Specificity,0.03669724770642202
/scratchc/nrlab/wang04/ulyses_results_iteration/iteration_3_merge_below_3/cnn_model/cnn14/plasma_tp1_0.1x_model_C1/roc_curve_resnet18_tf_0_0.03/nested_cv_random/resnet18/repeat_10_fold_5_metrics.csv,9,5,resnet18,"[0, 0.03]",C1,Sensitivity at 98% Specificity,0.01869158878504672
/scratchc/nrlab/wang04/ulyses_results_iteration/iteration_3_merge_below_3/cnn_model/cnn14/plasma_tp1_0.1x_model_C1/roc_curve_resnet18_tf_0_0.03/nested_cv_random/resnet18/repeat_10_fold_5_metrics.csv,9,5,resnet18,"[0, 0.03]",C1,PPV at 98% Specificity,1
/scratchc/nrlab/wang04/ulyses_results_iteration/iteration_3_merge_below_3/cnn_model/cnn14/plasma_tp1_0.1x_model_C1/roc_curve_resnet18_tf_0_0.03/nested_cv_random/resnet18/repeat_10_fold_5_metrics.csv,9,5,resnet18,"[0, 0.03]",C1,Accuracy at 98% Specificity,0.49934579439252336
/scratchc/nrlab/wang04/ulyses_results_iteration/iteration_3_merge_below_3/cnn_model/cnn14/plasma_tp1_0.1x_model_C1/roc_curve_resnet18_tf_0_0.03/nested_cv_random/resnet18/repeat_10_fold_5_metrics.csv,9,5,resnet18,"[0, 0.03]",C1,F1 at 98% Specificity,0.03669724770642202
/scratchc/nrlab/wang04/ulyses_results_iteration/iteration_3_merge_below_3/cnn_model/cnn14/plasma_tp1_0.1x_model_C1/roc_curve_resnet18_tf_0_0.03/nested_cv_random/resnet18/repeat_10_fold_5_metrics.csv,9,5,resnet18,"[0, 0.03]",C1,Sensitivity at 95% Specificity,0.34579439252336447
/scratchc/nrlab/wang04/ulyses_results_iteration/iteration_3_merge_below_3/cnn_model/cnn14/plasma_tp1_0.1x_model_C1/roc_curve_resnet18_tf_0_0.03/nested_cv_random/resnet18/repeat_10_fold_5_metrics.csv,9,5,resnet18,"[0, 0.03]",C1,PPV at 95% Specificity,0.9487179487179488
/scratchc/nrlab/wang04/ulyses_results_iteration/iteration_3_merge_below_3/cnn_model/cnn14/plasma_tp1_0.1x_model_C1/roc_curve_resnet18_tf_0_0.03/nested_cv_random/resnet18/repeat_10_fold_5_metrics.csv,9,5,resnet18,"[0, 0.03]",C1,Accuracy at 95% Specificity,0.6332818116462976
/scratchc/nrlab/wang04/ulyses_results_iteration/iteration_3_merge_below_3/cnn_model/cnn14/plasma_tp1_0.1x_model_C1/roc_curve_resnet18_tf_0_0.03/nested_cv_random/resnet18/repeat_10_fold_5_metrics.csv,9,5,resnet18,"[0, 0.03]",C1,F1 at 95% Specificity,0.5068493150684932
/scratchc/nrlab/wang04/ulyses_results_iteration/iteration_3_merge_below_3/cnn_model/cnn14/plasma_tp1_0.1x_model_C1/roc_curve_resnet18_tf_0_0.03/nested_cv_random/resnet18/repeat_10_fold_5_metrics.csv,10,1,resnet18,"[0, 0.03]",C1,AUROC,0.8720345075485262
/scratchc/nrlab/wang04/ulyses_results_iteration/iteration_3_merge_below_3/cnn_model/cnn14/plasma_tp1_0.1x_model_C1/roc_curve_resnet18_tf_0_0.03/nested_cv_random/resnet18/repeat_10_fold_5_metrics.csv,10,1,resnet18,"[0, 0.03]",C1,AUPRC,0.9212851463003084
/scratchc/nrlab/wang04/ulyses_results_iteration/iteration_3_merge_below_3/cnn_model/cnn14/plasma_tp1_0.1x_model_C1/roc_curve_resnet18_tf_0_0.03/nested_cv_random/resnet18/repeat_10_fold_5_metrics.csv,10,1,resnet18,"[0, 0.03]",C1,Sensitivity at 99% Specificity,0.3364485981308411
/scratchc/nrlab/wang04/ulyses_results_iteration/iteration_3_merge_below_3/cnn_model/cnn14/plasma_tp1_0.1x_model_C1/roc_curve_resnet18_tf_0_0.03/nested_cv_random/resnet18/repeat_10_fold_5_metrics.csv,10,1,resnet18,"[0, 0.03]",C1,PPV at 99% Specificity,1
/scratchc/nrlab/wang04/ulyses_results_iteration/iteration_3_merge_below_3/cnn_model/cnn14/plasma_tp1_0.1x_model_C1/roc_curve_resnet18_tf_0_0.03/nested_cv_random/resnet18/repeat_10_fold_5_metrics.csv,10,1,resnet18,"[0, 0.03]",C1,Accuracy at 99% Specificity,0.6632242990654206
/scratchc/nrlab/wang04/ulyses_results_iteration/iteration_3_merge_below_3/cnn_model/cnn14/plasma_tp1_0.1x_model_C1/roc_curve_resnet18_tf_0_0.03/nested_cv_random/resnet18/repeat_10_fold_5_metrics.csv,10,1,resnet18,"[0, 0.03]",C1,F1 at 99% Specificity,0.5034965034965035
/scratchc/nrlab/wang04/ulyses_results_iteration/iteration_3_merge_below_3/cnn_model/cnn14/plasma_tp1_0.1x_model_C1/roc_curve_resnet18_tf_0_0.03/nested_cv_random/resnet18/repeat_10_fold_5_metrics.csv,10,1,resnet18,"[0, 0.03]",C1,Sensitivity at 98% Specificity,0.3364485981308411
/scratchc/nrlab/wang04/ulyses_results_iteration/iteration_3_merge_below_3/cnn_model/cnn14/plasma_tp1_0.1x_model_C1/roc_curve_resnet18_tf_0_0.03/nested_cv_random/resnet18/repeat_10_fold_5_metrics.csv,10,1,resnet18,"[0, 0.03]",C1,PPV at 98% Specificity,1
/scratchc/nrlab/wang04/ulyses_results_iteration/iteration_3_merge_below_3/cnn_model/cnn14/plasma_tp1_0.1x_model_C1/roc_curve_resnet18_tf_0_0.03/nested_cv_random/resnet18/repeat_10_fold_5_metrics.csv,10,1,resnet18,"[0, 0.03]",C1,Accuracy at 98% Specificity,0.6582242990654206
/scratchc/nrlab/wang04/ulyses_results_iteration/iteration_3_merge_below_3/cnn_model/cnn14/plasma_tp1_0.1x_model_C1/roc_curve_resnet18_tf_0_0.03/nested_cv_random/resnet18/repeat_10_fold_5_metrics.csv,10,1,resnet18,"[0, 0.03]",C1,F1 at 98% Specificity,0.5034965034965035
/scratchc/nrlab/wang04/ulyses_results_iteration/iteration_3_merge_below_3/cnn_model/cnn14/plasma_tp1_0.1x_model_C1/roc_curve_resnet18_tf_0_0.03/nested_cv_random/resnet18/repeat_10_fold_5_metrics.csv,10,1,resnet18,"[0, 0.03]",C1,Sensitivity at 95% Specificity,0.5420560747663551
/scratchc/nrlab/wang04/ulyses_results_iteration/iteration_3_merge_below_3/cnn_model/cnn14/plasma_tp1_0.1x_model_C1/roc_curve_resnet18_tf_0_0.03/nested_cv_random/resnet18/repeat_10_fold_5_metrics.csv,10,1,resnet18,"[0, 0.03]",C1,PPV at 95% Specificity,0.9666666666666668
/scratchc/nrlab/wang04/ulyses_results_iteration/iteration_3_merge_below_3/cnn_model/cnn14/plasma_tp1_0.1x_model_C1/roc_curve_resnet18_tf_0_0.03/nested_cv_random/resnet18/repeat_10_fold_5_metrics.csv,10,1,resnet18,"[0, 0.03]",C1,Accuracy at 95% Specificity,0.7314126527677929
/scratchc/nrlab/wang04/ulyses_results_iteration/iteration_3_merge_below_3/cnn_model/cnn14/plasma_tp1_0.1x_model_C1/roc_curve_resnet18_tf_0_0.03/nested_cv_random/resnet18/repeat_10_fold_5_metrics.csv,10,1,resnet18,"[0, 0.03]",C1,F1 at 95% Specificity,0.6946107784431138
/scratchc/nrlab/wang04/ulyses_results_iteration/iteration_3_merge_below_3/cnn_model/cnn14/plasma_tp1_0.1x_model_C1/roc_curve_resnet18_tf_0_0.03/nested_cv_random/resnet18/repeat_10_fold_5_metrics.csv,10,3,resnet18,"[0, 0.03]",C1,AUROC,0.8793447293447293
/scratchc/nrlab/wang04/ulyses_results_iteration/iteration_3_merge_below_3/cnn_model/cnn14/plasma_tp1_0.1x_model_C1/roc_curve_resnet18_tf_0_0.03/nested_cv_random/resnet18/repeat_10_fold_5_metrics.csv,10,3,resnet18,"[0, 0.03]",C1,AUPRC,0.9272767869792148
/scratchc/nrlab/wang04/ulyses_results_iteration/iteration_3_merge_below_3/cnn_model/cnn14/plasma_tp1_0.1x_model_C1/roc_curve_resnet18_tf_0_0.03/nested_cv_random/resnet18/repeat_10_fold_5_metrics.csv,10,3,resnet18,"[0, 0.03]",C1,Sensitivity at 99% Specificity,0.3611111111111111
/scratchc/nrlab/wang04/ulyses_results_iteration/iteration_3_merge_below_3/cnn_model/cnn14/plasma_tp1_0.1x_model_C1/roc_curve_resnet18_tf_0_0.03/nested_cv_random/resnet18/repeat_10_fold_5_metrics.csv,10,3,resnet18,"[0, 0.03]",C1,PPV at 99% Specificity,1
/scratchc/nrlab/wang04/ulyses_results_iteration/iteration_3_merge_below_3/cnn_model/cnn14/plasma_tp1_0.1x_model_C1/roc_curve_resnet18_tf_0_0.03/nested_cv_random/resnet18/repeat_10_fold_5_metrics.csv,10,3,resnet18,"[0, 0.03]",C1,Accuracy at 99% Specificity,0.6755555555555556
/scratchc/nrlab/wang04/ulyses_results_iteration/iteration_3_merge_below_3/cnn_model/cnn14/plasma_tp1_0.1x_model_C1/roc_curve_resnet18_tf_0_0.03/nested_cv_random/resnet18/repeat_10_fold_5_metrics.csv,10,3,resnet18,"[0, 0.03]",C1,F1 at 99% Specificity,0.5306122448979592
/scratchc/nrlab/wang04/ulyses_results_iteration/iteration_3_merge_below_3/cnn_model/cnn14/plasma_tp1_0.1x_model_C1/roc_curve_resnet18_tf_0_0.03/nested_cv_random/resnet18/repeat_10_fold_5_metrics.csv,10,3,resnet18,"[0, 0.03]",C1,Sensitivity at 98% Specificity,0.3611111111111111
/scratchc/nrlab/wang04/ulyses_results_iteration/iteration_3_merge_below_3/cnn_model/cnn14/plasma_tp1_0.1x_model_C1/roc_curve_resnet18_tf_0_0.03/nested_cv_random/resnet18/repeat_10_fold_5_metrics.csv,10,3,resnet18,"[0, 0.03]",C1,PPV at 98% Specificity,1
/scratchc/nrlab/wang04/ulyses_results_iteration/iteration_3_merge_below_3/cnn_model/cnn14/plasma_tp1_0.1x_model_C1/roc_curve_resnet18_tf_0_0.03/nested_cv_random/resnet18/repeat_10_fold_5_metrics.csv,10,3,resnet18,"[0, 0.03]",C1,Accuracy at 98% Specificity,0.6705555555555556
/scratchc/nrlab/wang04/ulyses_results_iteration/iteration_3_merge_below_3/cnn_model/cnn14/plasma_tp1_0.1x_model_C1/roc_curve_resnet18_tf_0_0.03/nested_cv_random/resnet18/repeat_10_fold_5_metrics.csv,10,3,resnet18,"[0, 0.03]",C1,F1 at 98% Specificity,0.5306122448979592
/scratchc/nrlab/wang04/ulyses_results_iteration/iteration_3_merge_below_3/cnn_model/cnn14/plasma_tp1_0.1x_model_C1/roc_curve_resnet18_tf_0_0.03/nested_cv_random/resnet18/repeat_10_fold_5_metrics.csv,10,3,resnet18,"[0, 0.03]",C1,Sensitivity at 95% Specificity,0.4537037037037037
/scratchc/nrlab/wang04/ulyses_results_iteration/iteration_3_merge_below_3/cnn_model/cnn14/plasma_tp1_0.1x_model_C1/roc_curve_resnet18_tf_0_0.03/nested_cv_random/resnet18/repeat_10_fold_5_metrics.csv,10,3,resnet18,"[0, 0.03]",C1,PPV at 95% Specificity,0.9607843137254902
/scratchc/nrlab/wang04/ulyses_results_iteration/iteration_3_merge_below_3/cnn_model/cnn14/plasma_tp1_0.1x_model_C1/roc_curve_resnet18_tf_0_0.03/nested_cv_random/resnet18/repeat_10_fold_5_metrics.csv,10,3,resnet18,"[0, 0.03]",C1,Accuracy at 95% Specificity,0.6872364672364673
/scratchc/nrlab/wang04/ulyses_results_iteration/iteration_3_merge_below_3/cnn_model/cnn14/plasma_tp1_0.1x_model_C1/roc_curve_resnet18_tf_0_0.03/nested_cv_random/resnet18/repeat_10_fold_5_metrics.csv,10,3,resnet18,"[0, 0.03]",C1,F1 at 95% Specificity,0.6163522012578616
/scratchc/nrlab/wang04/ulyses_results_iteration/iteration_3_merge_below_3/cnn_model/cnn14/plasma_tp1_0.1x_model_C1/roc_curve_resnet18_tf_0_0.03/nested_cv_random/resnet18/repeat_10_fold_5_metrics.csv,10,4,resnet18,"[0, 0.03]",C1,AUROC,0.8094625500285878
/scratchc/nrlab/wang04/ulyses_results_iteration/iteration_3_merge_below_3/cnn_model/cnn14/plasma_tp1_0.1x_model_C1/roc_curve_resnet18_tf_0_0.03/nested_cv_random/resnet18/repeat_10_fold_5_metrics.csv,10,4,resnet18,"[0, 0.03]",C1,AUPRC,0.8550467273374674
/scratchc/nrlab/wang04/ulyses_results_iteration/iteration_3_merge_below_3/cnn_model/cnn14/plasma_tp1_0.1x_model_C1/roc_curve_resnet18_tf_0_0.03/nested_cv_random/resnet18/repeat_10_fold_5_metrics.csv,10,4,resnet18,"[0, 0.03]",C1,Sensitivity at 99% Specificity,0.09433962264150944
/scratchc/nrlab/wang04/ulyses_results_iteration/iteration_3_merge_below_3/cnn_model/cnn14/plasma_tp1_0.1x_model_C1/roc_curve_resnet18_tf_0_0.03/nested_cv_random/resnet18/repeat_10_fold_5_metrics.csv,10,4,resnet18,"[0, 0.03]",C1,PPV at 99% Specificity,1
/scratchc/nrlab/wang04/ulyses_results_iteration/iteration_3_merge_below_3/cnn_model/cnn14/plasma_tp1_0.1x_model_C1/roc_curve_resnet18_tf_0_0.03/nested_cv_random/resnet18/repeat_10_fold_5_metrics.csv,10,4,resnet18,"[0, 0.03]",C1,Accuracy at 99% Specificity,0.5421698113207547
/scratchc/nrlab/wang04/ulyses_results_iteration/iteration_3_merge_below_3/cnn_model/cnn14/plasma_tp1_0.1x_model_C1/roc_curve_resnet18_tf_0_0.03/nested_cv_random/resnet18/repeat_10_fold_5_metrics.csv,10,4,resnet18,"[0, 0.03]",C1,F1 at 99% Specificity,0.1724137931034483
/scratchc/nrlab/wang04/ulyses_results_iteration/iteration_3_merge_below_3/cnn_model/cnn14/plasma_tp1_0.1x_model_C1/roc_curve_resnet18_tf_0_0.03/nested_cv_random/resnet18/repeat_10_fold_5_metrics.csv,10,4,resnet18,"[0, 0.03]",C1,Sensitivity at 98% Specificity,0.09433962264150944
/scratchc/nrlab/wang04/ulyses_results_iteration/iteration_3_merge_below_3/cnn_model/cnn14/plasma_tp1_0.1x_model_C1/roc_curve_resnet18_tf_0_0.03/nested_cv_random/resnet18/repeat_10_fold_5_metrics.csv,10,4,resnet18,"[0, 0.03]",C1,PPV at 98% Specificity,1
/scratchc/nrlab/wang04/ulyses_results_iteration/iteration_3_merge_below_3/cnn_model/cnn14/plasma_tp1_0.1x_model_C1/roc_curve_resnet18_tf_0_0.03/nested_cv_random/resnet18/repeat_10_fold_5_metrics.csv,10,4,resnet18,"[0, 0.03]",C1,Accuracy at 98% Specificity,0.5371698113207547
/scratchc/nrlab/wang04/ulyses_results_iteration/iteration_3_merge_below_3/cnn_model/cnn14/plasma_tp1_0.1x_model_C1/roc_curve_resnet18_tf_0_0.03/nested_cv_random/resnet18/repeat_10_fold_5_metrics.csv,10,4,resnet18,"[0, 0.03]",C1,F1 at 98% Specificity,0.1724137931034483
/scratchc/nrlab/wang04/ulyses_results_iteration/iteration_3_merge_below_3/cnn_model/cnn14/plasma_tp1_0.1x_model_C1/roc_curve_resnet18_tf_0_0.03/nested_cv_random/resnet18/repeat_10_fold_5_metrics.csv,10,4,resnet18,"[0, 0.03]",C1,Sensitivity at 95% Specificity,0.1509433962264151
/scratchc/nrlab/wang04/ulyses_results_iteration/iteration_3_merge_below_3/cnn_model/cnn14/plasma_tp1_0.1x_model_C1/roc_curve_resnet18_tf_0_0.03/nested_cv_random/resnet18/repeat_10_fold_5_metrics.csv,10,4,resnet18,"[0, 0.03]",C1,PPV at 95% Specificity,0.8421052631578947
/scratchc/nrlab/wang04/ulyses_results_iteration/iteration_3_merge_below_3/cnn_model/cnn14/plasma_tp1_0.1x_model_C1/roc_curve_resnet18_tf_0_0.03/nested_cv_random/resnet18/repeat_10_fold_5_metrics.csv,10,4,resnet18,"[0, 0.03]",C1,Accuracy at 95% Specificity,0.5288807890222985
/scratchc/nrlab/wang04/ulyses_results_iteration/iteration_3_merge_below_3/cnn_model/cnn14/plasma_tp1_0.1x_model_C1/roc_curve_resnet18_tf_0_0.03/nested_cv_random/resnet18/repeat_10_fold_5_metrics.csv,10,4,resnet18,"[0, 0.03]",C1,F1 at 95% Specificity,0.256
/scratchc/nrlab/wang04/ulyses_results_iteration/iteration_3_merge_below_3/cnn_model/cnn14/plasma_tp1_0.1x_model_C1/roc_curve_resnet18_tf_0_0.03/nested_cv_random/resnet18/repeat_10_fold_5_metrics.csv,10,5,resnet18,"[0, 0.03]",C1,AUROC,0.8679245283018867
/scratchc/nrlab/wang04/ulyses_results_iteration/iteration_3_merge_below_3/cnn_model/cnn14/plasma_tp1_0.1x_model_C1/roc_curve_resnet18_tf_0_0.03/nested_cv_random/resnet18/repeat_10_fold_5_metrics.csv,10,5,resnet18,"[0, 0.03]",C1,AUPRC,0.9077738774331624
/scratchc/nrlab/wang04/ulyses_results_iteration/iteration_3_merge_below_3/cnn_model/cnn14/plasma_tp1_0.1x_model_C1/roc_curve_resnet18_tf_0_0.03/nested_cv_random/resnet18/repeat_10_fold_5_metrics.csv,10,5,resnet18,"[0, 0.03]",C1,Sensitivity at 99% Specificity,0.18867924528301888
/scratchc/nrlab/wang04/ulyses_results_iteration/iteration_3_merge_below_3/cnn_model/cnn14/plasma_tp1_0.1x_model_C1/roc_curve_resnet18_tf_0_0.03/nested_cv_random/resnet18/repeat_10_fold_5_metrics.csv,10,5,resnet18,"[0, 0.03]",C1,PPV at 99% Specificity,1
/scratchc/nrlab/wang04/ulyses_results_iteration/iteration_3_merge_below_3/cnn_model/cnn14/plasma_tp1_0.1x_model_C1/roc_curve_resnet18_tf_0_0.03/nested_cv_random/resnet18/repeat_10_fold_5_metrics.csv,10,5,resnet18,"[0, 0.03]",C1,Accuracy at 99% Specificity,0.5893396226415094
/scratchc/nrlab/wang04/ulyses_results_iteration/iteration_3_merge_below_3/cnn_model/cnn14/plasma_tp1_0.1x_model_C1/roc_curve_resnet18_tf_0_0.03/nested_cv_random/resnet18/repeat_10_fold_5_metrics.csv,10,5,resnet18,"[0, 0.03]",C1,F1 at 99% Specificity,0.31746031746031744
/scratchc/nrlab/wang04/ulyses_results_iteration/iteration_3_merge_below_3/cnn_model/cnn14/plasma_tp1_0.1x_model_C1/roc_curve_resnet18_tf_0_0.03/nested_cv_random/resnet18/repeat_10_fold_5_metrics.csv,10,5,resnet18,"[0, 0.03]",C1,Sensitivity at 98% Specificity,0.18867924528301888
/scratchc/nrlab/wang04/ulyses_results_iteration/iteration_3_merge_below_3/cnn_model/cnn14/plasma_tp1_0.1x_model_C1/roc_curve_resnet18_tf_0_0.03/nested_cv_random/resnet18/repeat_10_fold_5_metrics.csv,10,5,resnet18,"[0, 0.03]",C1,PPV at 98% Specificity,1
/scratchc/nrlab/wang04/ulyses_results_iteration/iteration_3_merge_below_3/cnn_model/cnn14/plasma_tp1_0.1x_model_C1/roc_curve_resnet18_tf_0_0.03/nested_cv_random/resnet18/repeat_10_fold_5_metrics.csv,10,5,resnet18,"[0, 0.03]",C1,Accuracy at 98% Specificity,0.5843396226415094
/scratchc/nrlab/wang04/ulyses_results_iteration/iteration_3_merge_below_3/cnn_model/cnn14/plasma_tp1_0.1x_model_C1/roc_curve_resnet18_tf_0_0.03/nested_cv_random/resnet18/repeat_10_fold_5_metrics.csv,10,5,resnet18,"[0, 0.03]",C1,F1 at 98% Specificity,0.31746031746031744
/scratchc/nrlab/wang04/ulyses_results_iteration/iteration_3_merge_below_3/cnn_model/cnn14/plasma_tp1_0.1x_model_C1/roc_curve_resnet18_tf_0_0.03/nested_cv_random/resnet18/repeat_10_fold_5_metrics.csv,10,5,resnet18,"[0, 0.03]",C1,Sensitivity at 95% Specificity,0.3679245283018868
/scratchc/nrlab/wang04/ulyses_results_iteration/iteration_3_merge_below_3/cnn_model/cnn14/plasma_tp1_0.1x_model_C1/roc_curve_resnet18_tf_0_0.03/nested_cv_random/resnet18/repeat_10_fold_5_metrics.csv,10,5,resnet18,"[0, 0.03]",C1,PPV at 95% Specificity,0.951219512195122
/scratchc/nrlab/wang04/ulyses_results_iteration/iteration_3_merge_below_3/cnn_model/cnn14/plasma_tp1_0.1x_model_C1/roc_curve_resnet18_tf_0_0.03/nested_cv_random/resnet18/repeat_10_fold_5_metrics.csv,10,5,resnet18,"[0, 0.03]",C1,Accuracy at 95% Specificity,0.644568324757004
/scratchc/nrlab/wang04/ulyses_results_iteration/iteration_3_merge_below_3/cnn_model/cnn14/plasma_tp1_0.1x_model_C1/roc_curve_resnet18_tf_0_0.03/nested_cv_random/resnet18/repeat_10_fold_5_metrics.csv,10,5,resnet18,"[0, 0.03]",C1,F1 at 95% Specificity,0.5306122448979592
/scratchc/nrlab/wang04/ulyses_results_iteration/iteration_3_merge_below_3/cnn_model/cnn14/plasma_tp1_0.1x_model_C1/roc_curve_resnet18_tf_0_1/nested_cv_random/resnet18/repeat_10_fold_5_metrics.csv,1,1,resnet18,all,C1,AUROC,0.8899537620849095
/scratchc/nrlab/wang04/ulyses_results_iteration/iteration_3_merge_below_3/cnn_model/cnn14/plasma_tp1_0.1x_model_C1/roc_curve_resnet18_tf_0_1/nested_cv_random/resnet18/repeat_10_fold_5_metrics.csv,1,1,resnet18,all,C1,AUPRC,0.9557196950463092
/scratchc/nrlab/wang04/ulyses_results_iteration/iteration_3_merge_below_3/cnn_model/cnn14/plasma_tp1_0.1x_model_C1/roc_curve_resnet18_tf_0_1/nested_cv_random/resnet18/repeat_10_fold_5_metrics.csv,1,1,resnet18,all,C1,Sensitivity at 99% Specificity,0.26229508196721313
/scratchc/nrlab/wang04/ulyses_results_iteration/iteration_3_merge_below_3/cnn_model/cnn14/plasma_tp1_0.1x_model_C1/roc_curve_resnet18_tf_0_1/nested_cv_random/resnet18/repeat_10_fold_5_metrics.csv,1,1,resnet18,all,C1,PPV at 99% Specificity,1
/scratchc/nrlab/wang04/ulyses_results_iteration/iteration_3_merge_below_3/cnn_model/cnn14/plasma_tp1_0.1x_model_C1/roc_curve_resnet18_tf_0_1/nested_cv_random/resnet18/repeat_10_fold_5_metrics.csv,1,1,resnet18,all,C1,Accuracy at 99% Specificity,0.6261475409836066
/scratchc/nrlab/wang04/ulyses_results_iteration/iteration_3_merge_below_3/cnn_model/cnn14/plasma_tp1_0.1x_model_C1/roc_curve_resnet18_tf_0_1/nested_cv_random/resnet18/repeat_10_fold_5_metrics.csv,1,1,resnet18,all,C1,F1 at 99% Specificity,0.4155844155844156
/scratchc/nrlab/wang04/ulyses_results_iteration/iteration_3_merge_below_3/cnn_model/cnn14/plasma_tp1_0.1x_model_C1/roc_curve_resnet18_tf_0_1/nested_cv_random/resnet18/repeat_10_fold_5_metrics.csv,1,1,resnet18,all,C1,Sensitivity at 98% Specificity,0.26229508196721313
/scratchc/nrlab/wang04/ulyses_results_iteration/iteration_3_merge_below_3/cnn_model/cnn14/plasma_tp1_0.1x_model_C1/roc_curve_resnet18_tf_0_1/nested_cv_random/resnet18/repeat_10_fold_5_metrics.csv,1,1,resnet18,all,C1,PPV at 98% Specificity,1
/scratchc/nrlab/wang04/ulyses_results_iteration/iteration_3_merge_below_3/cnn_model/cnn14/plasma_tp1_0.1x_model_C1/roc_curve_resnet18_tf_0_1/nested_cv_random/resnet18/repeat_10_fold_5_metrics.csv,1,1,resnet18,all,C1,Accuracy at 98% Specificity,0.6211475409836066
/scratchc/nrlab/wang04/ulyses_results_iteration/iteration_3_merge_below_3/cnn_model/cnn14/plasma_tp1_0.1x_model_C1/roc_curve_resnet18_tf_0_1/nested_cv_random/resnet18/repeat_10_fold_5_metrics.csv,1,1,resnet18,all,C1,F1 at 98% Specificity,0.4155844155844156
/scratchc/nrlab/wang04/ulyses_results_iteration/iteration_3_merge_below_3/cnn_model/cnn14/plasma_tp1_0.1x_model_C1/roc_curve_resnet18_tf_0_1/nested_cv_random/resnet18/repeat_10_fold_5_metrics.csv,1,1,resnet18,all,C1,Sensitivity at 95% Specificity,0.4426229508196721
/scratchc/nrlab/wang04/ulyses_results_iteration/iteration_3_merge_below_3/cnn_model/cnn14/plasma_tp1_0.1x_model_C1/roc_curve_resnet18_tf_0_1/nested_cv_random/resnet18/repeat_10_fold_5_metrics.csv,1,1,resnet18,all,C1,PPV at 95% Specificity,0.9759036144578314
/scratchc/nrlab/wang04/ulyses_results_iteration/iteration_3_merge_below_3/cnn_model/cnn14/plasma_tp1_0.1x_model_C1/roc_curve_resnet18_tf_0_1/nested_cv_random/resnet18/repeat_10_fold_5_metrics.csv,1,1,resnet18,all,C1,Accuracy at 95% Specificity,0.6816960907944514
/scratchc/nrlab/wang04/ulyses_results_iteration/iteration_3_merge_below_3/cnn_model/cnn14/plasma_tp1_0.1x_model_C1/roc_curve_resnet18_tf_0_1/nested_cv_random/resnet18/repeat_10_fold_5_metrics.csv,1,1,resnet18,all,C1,F1 at 95% Specificity,0.6090225563909775
/scratchc/nrlab/wang04/ulyses_results_iteration/iteration_3_merge_below_3/cnn_model/cnn14/plasma_tp1_0.1x_model_C1/roc_curve_resnet18_tf_0_1/nested_cv_random/resnet18/repeat_10_fold_5_metrics.csv,1,2,resnet18,all,C1,AUROC,0.9054913778670683
/scratchc/nrlab/wang04/ulyses_results_iteration/iteration_3_merge_below_3/cnn_model/cnn14/plasma_tp1_0.1x_model_C1/roc_curve_resnet18_tf_0_1/nested_cv_random/resnet18/repeat_10_fold_5_metrics.csv,1,2,resnet18,all,C1,AUPRC,0.9611237913402224
/scratchc/nrlab/wang04/ulyses_results_iteration/iteration_3_merge_below_3/cnn_model/cnn14/plasma_tp1_0.1x_model_C1/roc_curve_resnet18_tf_0_1/nested_cv_random/resnet18/repeat_10_fold_5_metrics.csv,1,2,resnet18,all,C1,Sensitivity at 99% Specificity,0.13259668508287292
/scratchc/nrlab/wang04/ulyses_results_iteration/iteration_3_merge_below_3/cnn_model/cnn14/plasma_tp1_0.1x_model_C1/roc_curve_resnet18_tf_0_1/nested_cv_random/resnet18/repeat_10_fold_5_metrics.csv,1,2,resnet18,all,C1,PPV at 99% Specificity,1
/scratchc/nrlab/wang04/ulyses_results_iteration/iteration_3_merge_below_3/cnn_model/cnn14/plasma_tp1_0.1x_model_C1/roc_curve_resnet18_tf_0_1/nested_cv_random/resnet18/repeat_10_fold_5_metrics.csv,1,2,resnet18,all,C1,Accuracy at 99% Specificity,0.5612983425414364
/scratchc/nrlab/wang04/ulyses_results_iteration/iteration_3_merge_below_3/cnn_model/cnn14/plasma_tp1_0.1x_model_C1/roc_curve_resnet18_tf_0_1/nested_cv_random/resnet18/repeat_10_fold_5_metrics.csv,1,2,resnet18,all,C1,F1 at 99% Specificity,0.23414634146341465
/scratchc/nrlab/wang04/ulyses_results_iteration/iteration_3_merge_below_3/cnn_model/cnn14/plasma_tp1_0.1x_model_C1/roc_curve_resnet18_tf_0_1/nested_cv_random/resnet18/repeat_10_fold_5_metrics.csv,1,2,resnet18,all,C1,Sensitivity at 98% Specificity,0.13259668508287292
/scratchc/nrlab/wang04/ulyses_results_iteration/iteration_3_merge_below_3/cnn_model/cnn14/plasma_tp1_0.1x_model_C1/roc_curve_resnet18_tf_0_1/nested_cv_random/resnet18/repeat_10_fold_5_metrics.csv,1,2,resnet18,all,C1,PPV at 98% Specificity,1
/scratchc/nrlab/wang04/ulyses_results_iteration/iteration_3_merge_below_3/cnn_model/cnn14/plasma_tp1_0.1x_model_C1/roc_curve_resnet18_tf_0_1/nested_cv_random/resnet18/repeat_10_fold_5_metrics.csv,1,2,resnet18,all,C1,Accuracy at 98% Specificity,0.5562983425414365
/scratchc/nrlab/wang04/ulyses_results_iteration/iteration_3_merge_below_3/cnn_model/cnn14/plasma_tp1_0.1x_model_C1/roc_curve_resnet18_tf_0_1/nested_cv_random/resnet18/repeat_10_fold_5_metrics.csv,1,2,resnet18,all,C1,F1 at 98% Specificity,0.23414634146341465
/scratchc/nrlab/wang04/ulyses_results_iteration/iteration_3_merge_below_3/cnn_model/cnn14/plasma_tp1_0.1x_model_C1/roc_curve_resnet18_tf_0_1/nested_cv_random/resnet18/repeat_10_fold_5_metrics.csv,1,2,resnet18,all,C1,Sensitivity at 95% Specificity,0.7182320441988951
/scratchc/nrlab/wang04/ulyses_results_iteration/iteration_3_merge_below_3/cnn_model/cnn14/plasma_tp1_0.1x_model_C1/roc_curve_resnet18_tf_0_1/nested_cv_random/resnet18/repeat_10_fold_5_metrics.csv,1,2,resnet18,all,C1,PPV at 95% Specificity,0.9848484848484848
/scratchc/nrlab/wang04/ulyses_results_iteration/iteration_3_merge_below_3/cnn_model/cnn14/plasma_tp1_0.1x_model_C1/roc_curve_resnet18_tf_0_1/nested_cv_random/resnet18/repeat_10_fold_5_metrics.csv,1,2,resnet18,all,C1,Accuracy at 95% Specificity,0.8197220827055081
/scratchc/nrlab/wang04/ulyses_results_iteration/iteration_3_merge_below_3/cnn_model/cnn14/plasma_tp1_0.1x_model_C1/roc_curve_resnet18_tf_0_1/nested_cv_random/resnet18/repeat_10_fold_5_metrics.csv,1,2,resnet18,all,C1,F1 at 95% Specificity,0.8306709265175719
/scratchc/nrlab/wang04/ulyses_results_iteration/iteration_3_merge_below_3/cnn_model/cnn14/plasma_tp1_0.1x_model_C1/roc_curve_resnet18_tf_0_1/nested_cv_random/resnet18/repeat_10_fold_5_metrics.csv,1,3,resnet18,all,C1,AUROC,0.864924863387978
/scratchc/nrlab/wang04/ulyses_results_iteration/iteration_3_merge_below_3/cnn_model/cnn14/plasma_tp1_0.1x_model_C1/roc_curve_resnet18_tf_0_1/nested_cv_random/resnet18/repeat_10_fold_5_metrics.csv,1,3,resnet18,all,C1,AUPRC,0.9413338846728444
/scratchc/nrlab/wang04/ulyses_results_iteration/iteration_3_merge_below_3/cnn_model/cnn14/plasma_tp1_0.1x_model_C1/roc_curve_resnet18_tf_0_1/nested_cv_random/resnet18/repeat_10_fold_5_metrics.csv,1,3,resnet18,all,C1,Sensitivity at 99% Specificity,0.16939890710382513
/scratchc/nrlab/wang04/ulyses_results_iteration/iteration_3_merge_below_3/cnn_model/cnn14/plasma_tp1_0.1x_model_C1/roc_curve_resnet18_tf_0_1/nested_cv_random/resnet18/repeat_10_fold_5_metrics.csv,1,3,resnet18,all,C1,PPV at 99% Specificity,1
/scratchc/nrlab/wang04/ulyses_results_iteration/iteration_3_merge_below_3/cnn_model/cnn14/plasma_tp1_0.1x_model_C1/roc_curve_resnet18_tf_0_1/nested_cv_random/resnet18/repeat_10_fold_5_metrics.csv,1,3,resnet18,all,C1,Accuracy at 99% Specificity,0.5796994535519125
/scratchc/nrlab/wang04/ulyses_results_iteration/iteration_3_merge_below_3/cnn_model/cnn14/plasma_tp1_0.1x_model_C1/roc_curve_resnet18_tf_0_1/nested_cv_random/resnet18/repeat_10_fold_5_metrics.csv,1,3,resnet18,all,C1,F1 at 99% Specificity,0.2897196261682243
/scratchc/nrlab/wang04/ulyses_results_iteration/iteration_3_merge_below_3/cnn_model/cnn14/plasma_tp1_0.1x_model_C1/roc_curve_resnet18_tf_0_1/nested_cv_random/resnet18/repeat_10_fold_5_metrics.csv,1,3,resnet18,all,C1,Sensitivity at 98% Specificity,0.16939890710382513
/scratchc/nrlab/wang04/ulyses_results_iteration/iteration_3_merge_below_3/cnn_model/cnn14/plasma_tp1_0.1x_model_C1/roc_curve_resnet18_tf_0_1/nested_cv_random/resnet18/repeat_10_fold_5_metrics.csv,1,3,resnet18,all,C1,PPV at 98% Specificity,1
/scratchc/nrlab/wang04/ulyses_results_iteration/iteration_3_merge_below_3/cnn_model/cnn14/plasma_tp1_0.1x_model_C1/roc_curve_resnet18_tf_0_1/nested_cv_random/resnet18/repeat_10_fold_5_metrics.csv,1,3,resnet18,all,C1,Accuracy at 98% Specificity,0.5746994535519125
/scratchc/nrlab/wang04/ulyses_results_iteration/iteration_3_merge_below_3/cnn_model/cnn14/plasma_tp1_0.1x_model_C1/roc_curve_resnet18_tf_0_1/nested_cv_random/resnet18/repeat_10_fold_5_metrics.csv,1,3,resnet18,all,C1,F1 at 98% Specificity,0.2897196261682243
/scratchc/nrlab/wang04/ulyses_results_iteration/iteration_3_merge_below_3/cnn_model/cnn14/plasma_tp1_0.1x_model_C1/roc_curve_resnet18_tf_0_1/nested_cv_random/resnet18/repeat_10_fold_5_metrics.csv,1,3,resnet18,all,C1,Sensitivity at 95% Specificity,0.3551912568306011
/scratchc/nrlab/wang04/ulyses_results_iteration/iteration_3_merge_below_3/cnn_model/cnn14/plasma_tp1_0.1x_model_C1/roc_curve_resnet18_tf_0_1/nested_cv_random/resnet18/repeat_10_fold_5_metrics.csv,1,3,resnet18,all,C1,PPV at 95% Specificity,0.9558823529411764
/scratchc/nrlab/wang04/ulyses_results_iteration/iteration_3_merge_below_3/cnn_model/cnn14/plasma_tp1_0.1x_model_C1/roc_curve_resnet18_tf_0_1/nested_cv_random/resnet18/repeat_10_fold_5_metrics.csv,1,3,resnet18,all,C1,Accuracy at 95% Specificity,0.6303300034153005
/scratchc/nrlab/wang04/ulyses_results_iteration/iteration_3_merge_below_3/cnn_model/cnn14/plasma_tp1_0.1x_model_C1/roc_curve_resnet18_tf_0_1/nested_cv_random/resnet18/repeat_10_fold_5_metrics.csv,1,3,resnet18,all,C1,F1 at 95% Specificity,0.5179282868525896
/scratchc/nrlab/wang04/ulyses_results_iteration/iteration_3_merge_below_3/cnn_model/cnn14/plasma_tp1_0.1x_model_C1/roc_curve_resnet18_tf_0_1/nested_cv_random/resnet18/repeat_10_fold_5_metrics.csv,1,4,resnet18,all,C1,AUROC,0.9105417529330572
/scratchc/nrlab/wang04/ulyses_results_iteration/iteration_3_merge_below_3/cnn_model/cnn14/plasma_tp1_0.1x_model_C1/roc_curve_resnet18_tf_0_1/nested_cv_random/resnet18/repeat_10_fold_5_metrics.csv,1,4,resnet18,all,C1,AUPRC,0.96265430928817
/scratchc/nrlab/wang04/ulyses_results_iteration/iteration_3_merge_below_3/cnn_model/cnn14/plasma_tp1_0.1x_model_C1/roc_curve_resnet18_tf_0_1/nested_cv_random/resnet18/repeat_10_fold_5_metrics.csv,1,4,resnet18,all,C1,Sensitivity at 99% Specificity,0.21739130434782608
/scratchc/nrlab/wang04/ulyses_results_iteration/iteration_3_merge_below_3/cnn_model/cnn14/plasma_tp1_0.1x_model_C1/roc_curve_resnet18_tf_0_1/nested_cv_random/resnet18/repeat_10_fold_5_metrics.csv,1,4,resnet18,all,C1,PPV at 99% Specificity,1
/scratchc/nrlab/wang04/ulyses_results_iteration/iteration_3_merge_below_3/cnn_model/cnn14/plasma_tp1_0.1x_model_C1/roc_curve_resnet18_tf_0_1/nested_cv_random/resnet18/repeat_10_fold_5_metrics.csv,1,4,resnet18,all,C1,Accuracy at 99% Specificity,0.6036956521739131
/scratchc/nrlab/wang04/ulyses_results_iteration/iteration_3_merge_below_3/cnn_model/cnn14/plasma_tp1_0.1x_model_C1/roc_curve_resnet18_tf_0_1/nested_cv_random/resnet18/repeat_10_fold_5_metrics.csv,1,4,resnet18,all,C1,F1 at 99% Specificity,0.35714285714285715
/scratchc/nrlab/wang04/ulyses_results_iteration/iteration_3_merge_below_3/cnn_model/cnn14/plasma_tp1_0.1x_model_C1/roc_curve_resnet18_tf_0_1/nested_cv_random/resnet18/repeat_10_fold_5_metrics.csv,1,4,resnet18,all,C1,Sensitivity at 98% Specificity,0.21739130434782608
/scratchc/nrlab/wang04/ulyses_results_iteration/iteration_3_merge_below_3/cnn_model/cnn14/plasma_tp1_0.1x_model_C1/roc_curve_resnet18_tf_0_1/nested_cv_random/resnet18/repeat_10_fold_5_metrics.csv,1,4,resnet18,all,C1,PPV at 98% Specificity,1
/scratchc/nrlab/wang04/ulyses_results_iteration/iteration_3_merge_below_3/cnn_model/cnn14/plasma_tp1_0.1x_model_C1/roc_curve_resnet18_tf_0_1/nested_cv_random/resnet18/repeat_10_fold_5_metrics.csv,1,4,resnet18,all,C1,Accuracy at 98% Specificity,0.5986956521739131
/scratchc/nrlab/wang04/ulyses_results_iteration/iteration_3_merge_below_3/cnn_model/cnn14/plasma_tp1_0.1x_model_C1/roc_curve_resnet18_tf_0_1/nested_cv_random/resnet18/repeat_10_fold_5_metrics.csv,1,4,resnet18,all,C1,F1 at 98% Specificity,0.35714285714285715
/scratchc/nrlab/wang04/ulyses_results_iteration/iteration_3_merge_below_3/cnn_model/cnn14/plasma_tp1_0.1x_model_C1/roc_curve_resnet18_tf_0_1/nested_cv_random/resnet18/repeat_10_fold_5_metrics.csv,1,4,resnet18,all,C1,Sensitivity at 95% Specificity,0.5434782608695652
/scratchc/nrlab/wang04/ulyses_results_iteration/iteration_3_merge_below_3/cnn_model/cnn14/plasma_tp1_0.1x_model_C1/roc_curve_resnet18_tf_0_1/nested_cv_random/resnet18/repeat_10_fold_5_metrics.csv,1,4,resnet18,all,C1,PPV at 95% Specificity,0.970873786407767
/scratchc/nrlab/wang04/ulyses_results_iteration/iteration_3_merge_below_3/cnn_model/cnn14/plasma_tp1_0.1x_model_C1/roc_curve_resnet18_tf_0_1/nested_cv_random/resnet18/repeat_10_fold_5_metrics.csv,1,4,resnet18,all,C1,Accuracy at 95% Specificity,0.7241200828157349
/scratchc/nrlab/wang04/ulyses_results_iteration/iteration_3_merge_below_3/cnn_model/cnn14/plasma_tp1_0.1x_model_C1/roc_curve_resnet18_tf_0_1/nested_cv_random/resnet18/repeat_10_fold_5_metrics.csv,1,4,resnet18,all,C1,F1 at 95% Specificity,0.6968641114982579
/scratchc/nrlab/wang04/ulyses_results_iteration/iteration_3_merge_below_3/cnn_model/cnn14/plasma_tp1_0.1x_model_C1/roc_curve_resnet18_tf_0_1/nested_cv_random/resnet18/repeat_10_fold_5_metrics.csv,1,5,resnet18,all,C1,AUROC,0.90294384431434
/scratchc/nrlab/wang04/ulyses_results_iteration/iteration_3_merge_below_3/cnn_model/cnn14/plasma_tp1_0.1x_model_C1/roc_curve_resnet18_tf_0_1/nested_cv_random/resnet18/repeat_10_fold_5_metrics.csv,1,5,resnet18,all,C1,AUPRC,0.965518716768778
/scratchc/nrlab/wang04/ulyses_results_iteration/iteration_3_merge_below_3/cnn_model/cnn14/plasma_tp1_0.1x_model_C1/roc_curve_resnet18_tf_0_1/nested_cv_random/resnet18/repeat_10_fold_5_metrics.csv,1,5,resnet18,all,C1,Sensitivity at 99% Specificity,0.5580110497237569
/scratchc/nrlab/wang04/ulyses_results_iteration/iteration_3_merge_below_3/cnn_model/cnn14/plasma_tp1_0.1x_model_C1/roc_curve_resnet18_tf_0_1/nested_cv_random/resnet18/repeat_10_fold_5_metrics.csv,1,5,resnet18,all,C1,PPV at 99% Specificity,1
/scratchc/nrlab/wang04/ulyses_results_iteration/iteration_3_merge_below_3/cnn_model/cnn14/plasma_tp1_0.1x_model_C1/roc_curve_resnet18_tf_0_1/nested_cv_random/resnet18/repeat_10_fold_5_metrics.csv,1,5,resnet18,all,C1,Accuracy at 99% Specificity,0.7740055248618785
/scratchc/nrlab/wang04/ulyses_results_iteration/iteration_3_merge_below_3/cnn_model/cnn14/plasma_tp1_0.1x_model_C1/roc_curve_resnet18_tf_0_1/nested_cv_random/resnet18/repeat_10_fold_5_metrics.csv,1,5,resnet18,all,C1,F1 at 99% Specificity,0.7163120567375887
/scratchc/nrlab/wang04/ulyses_results_iteration/iteration_3_merge_below_3/cnn_model/cnn14/plasma_tp1_0.1x_model_C1/roc_curve_resnet18_tf_0_1/nested_cv_random/resnet18/repeat_10_fold_5_metrics.csv,1,5,resnet18,all,C1,Sensitivity at 98% Specificity,0.5580110497237569
/scratchc/nrlab/wang04/ulyses_results_iteration/iteration_3_merge_below_3/cnn_model/cnn14/plasma_tp1_0.1x_model_C1/roc_curve_resnet18_tf_0_1/nested_cv_random/resnet18/repeat_10_fold_5_metrics.csv,1,5,resnet18,all,C1,PPV at 98% Specificity,1
/scratchc/nrlab/wang04/ulyses_results_iteration/iteration_3_merge_below_3/cnn_model/cnn14/plasma_tp1_0.1x_model_C1/roc_curve_resnet18_tf_0_1/nested_cv_random/resnet18/repeat_10_fold_5_metrics.csv,1,5,resnet18,all,C1,Accuracy at 98% Specificity,0.7690055248618785
/scratchc/nrlab/wang04/ulyses_results_iteration/iteration_3_merge_below_3/cnn_model/cnn14/plasma_tp1_0.1x_model_C1/roc_curve_resnet18_tf_0_1/nested_cv_random/resnet18/repeat_10_fold_5_metrics.csv,1,5,resnet18,all,C1,F1 at 98% Specificity,0.7163120567375887
/scratchc/nrlab/wang04/ulyses_results_iteration/iteration_3_merge_below_3/cnn_model/cnn14/plasma_tp1_0.1x_model_C1/roc_curve_resnet18_tf_0_1/nested_cv_random/resnet18/repeat_10_fold_5_metrics.csv,1,5,resnet18,all,C1,Sensitivity at 95% Specificity,0.6298342541436464
/scratchc/nrlab/wang04/ulyses_results_iteration/iteration_3_merge_below_3/cnn_model/cnn14/plasma_tp1_0.1x_model_C1/roc_curve_resnet18_tf_0_1/nested_cv_random/resnet18/repeat_10_fold_5_metrics.csv,1,5,resnet18,all,C1,PPV at 95% Specificity,0.9827586206896552
/scratchc/nrlab/wang04/ulyses_results_iteration/iteration_3_merge_below_3/cnn_model/cnn14/plasma_tp1_0.1x_model_C1/roc_curve_resnet18_tf_0_1/nested_cv_random/resnet18/repeat_10_fold_5_metrics.csv,1,5,resnet18,all,C1,Accuracy at 95% Specificity,0.7757380225942112
/scratchc/nrlab/wang04/ulyses_results_iteration/iteration_3_merge_below_3/cnn_model/cnn14/plasma_tp1_0.1x_model_C1/roc_curve_resnet18_tf_0_1/nested_cv_random/resnet18/repeat_10_fold_5_metrics.csv,1,5,resnet18,all,C1,F1 at 95% Specificity,0.7676767676767676
/scratchc/nrlab/wang04/ulyses_results_iteration/iteration_3_merge_below_3/cnn_model/cnn14/plasma_tp1_0.1x_model_C1/roc_curve_resnet18_tf_0_1/nested_cv_random/resnet18/repeat_10_fold_5_metrics.csv,2,1,resnet18,all,C1,AUROC,0.9053446553446552
/scratchc/nrlab/wang04/ulyses_results_iteration/iteration_3_merge_below_3/cnn_model/cnn14/plasma_tp1_0.1x_model_C1/roc_curve_resnet18_tf_0_1/nested_cv_random/resnet18/repeat_10_fold_5_metrics.csv,2,1,resnet18,all,C1,AUPRC,0.9617089041063732
/scratchc/nrlab/wang04/ulyses_results_iteration/iteration_3_merge_below_3/cnn_model/cnn14/plasma_tp1_0.1x_model_C1/roc_curve_resnet18_tf_0_1/nested_cv_random/resnet18/repeat_10_fold_5_metrics.csv,2,1,resnet18,all,C1,Sensitivity at 99% Specificity,0.3076923076923077
/scratchc/nrlab/wang04/ulyses_results_iteration/iteration_3_merge_below_3/cnn_model/cnn14/plasma_tp1_0.1x_model_C1/roc_curve_resnet18_tf_0_1/nested_cv_random/resnet18/repeat_10_fold_5_metrics.csv,2,1,resnet18,all,C1,PPV at 99% Specificity,1
/scratchc/nrlab/wang04/ulyses_results_iteration/iteration_3_merge_below_3/cnn_model/cnn14/plasma_tp1_0.1x_model_C1/roc_curve_resnet18_tf_0_1/nested_cv_random/resnet18/repeat_10_fold_5_metrics.csv,2,1,resnet18,all,C1,Accuracy at 99% Specificity,0.6488461538461539
/scratchc/nrlab/wang04/ulyses_results_iteration/iteration_3_merge_below_3/cnn_model/cnn14/plasma_tp1_0.1x_model_C1/roc_curve_resnet18_tf_0_1/nested_cv_random/resnet18/repeat_10_fold_5_metrics.csv,2,1,resnet18,all,C1,F1 at 99% Specificity,0.4705882352941176
/scratchc/nrlab/wang04/ulyses_results_iteration/iteration_3_merge_below_3/cnn_model/cnn14/plasma_tp1_0.1x_model_C1/roc_curve_resnet18_tf_0_1/nested_cv_random/resnet18/repeat_10_fold_5_metrics.csv,2,1,resnet18,all,C1,Sensitivity at 98% Specificity,0.3076923076923077
/scratchc/nrlab/wang04/ulyses_results_iteration/iteration_3_merge_below_3/cnn_model/cnn14/plasma_tp1_0.1x_model_C1/roc_curve_resnet18_tf_0_1/nested_cv_random/resnet18/repeat_10_fold_5_metrics.csv,2,1,resnet18,all,C1,PPV at 98% Specificity,1
/scratchc/nrlab/wang04/ulyses_results_iteration/iteration_3_merge_below_3/cnn_model/cnn14/plasma_tp1_0.1x_model_C1/roc_curve_resnet18_tf_0_1/nested_cv_random/resnet18/repeat_10_fold_5_metrics.csv,2,1,resnet18,all,C1,Accuracy at 98% Specificity,0.6438461538461538
/scratchc/nrlab/wang04/ulyses_results_iteration/iteration_3_merge_below_3/cnn_model/cnn14/plasma_tp1_0.1x_model_C1/roc_curve_resnet18_tf_0_1/nested_cv_random/resnet18/repeat_10_fold_5_metrics.csv,2,1,resnet18,all,C1,F1 at 98% Specificity,0.4705882352941176
/scratchc/nrlab/wang04/ulyses_results_iteration/iteration_3_merge_below_3/cnn_model/cnn14/plasma_tp1_0.1x_model_C1/roc_curve_resnet18_tf_0_1/nested_cv_random/resnet18/repeat_10_fold_5_metrics.csv,2,1,resnet18,all,C1,Sensitivity at 95% Specificity,0.5769230769230769
/scratchc/nrlab/wang04/ulyses_results_iteration/iteration_3_merge_below_3/cnn_model/cnn14/plasma_tp1_0.1x_model_C1/roc_curve_resnet18_tf_0_1/nested_cv_random/resnet18/repeat_10_fold_5_metrics.csv,2,1,resnet18,all,C1,PPV at 95% Specificity,0.9813084112149532
/scratchc/nrlab/wang04/ulyses_results_iteration/iteration_3_merge_below_3/cnn_model/cnn14/plasma_tp1_0.1x_model_C1/roc_curve_resnet18_tf_0_1/nested_cv_random/resnet18/repeat_10_fold_5_metrics.csv,2,1,resnet18,all,C1,Accuracy at 95% Specificity,0.749067599067599
/scratchc/nrlab/wang04/ulyses_results_iteration/iteration_3_merge_below_3/cnn_model/cnn14/plasma_tp1_0.1x_model_C1/roc_curve_resnet18_tf_0_1/nested_cv_random/resnet18/repeat_10_fold_5_metrics.csv,2,1,resnet18,all,C1,F1 at 95% Specificity,0.726643598615917
/scratchc/nrlab/wang04/ulyses_results_iteration/iteration_3_merge_below_3/cnn_model/cnn14/plasma_tp1_0.1x_model_C1/roc_curve_resnet18_tf_0_1/nested_cv_random/resnet18/repeat_10_fold_5_metrics.csv,2,2,resnet18,all,C1,AUROC,0.9023666199389792
/scratchc/nrlab/wang04/ulyses_results_iteration/iteration_3_merge_below_3/cnn_model/cnn14/plasma_tp1_0.1x_model_C1/roc_curve_resnet18_tf_0_1/nested_cv_random/resnet18/repeat_10_fold_5_metrics.csv,2,2,resnet18,all,C1,AUPRC,0.9630568741539588
/scratchc/nrlab/wang04/ulyses_results_iteration/iteration_3_merge_below_3/cnn_model/cnn14/plasma_tp1_0.1x_model_C1/roc_curve_resnet18_tf_0_1/nested_cv_random/resnet18/repeat_10_fold_5_metrics.csv,2,2,resnet18,all,C1,Sensitivity at 99% Specificity,0.5359116022099447
/scratchc/nrlab/wang04/ulyses_results_iteration/iteration_3_merge_below_3/cnn_model/cnn14/plasma_tp1_0.1x_model_C1/roc_curve_resnet18_tf_0_1/nested_cv_random/resnet18/repeat_10_fold_5_metrics.csv,2,2,resnet18,all,C1,PPV at 99% Specificity,1
/scratchc/nrlab/wang04/ulyses_results_iteration/iteration_3_merge_below_3/cnn_model/cnn14/plasma_tp1_0.1x_model_C1/roc_curve_resnet18_tf_0_1/nested_cv_random/resnet18/repeat_10_fold_5_metrics.csv,2,2,resnet18,all,C1,Accuracy at 99% Specificity,0.7629558011049724
/scratchc/nrlab/wang04/ulyses_results_iteration/iteration_3_merge_below_3/cnn_model/cnn14/plasma_tp1_0.1x_model_C1/roc_curve_resnet18_tf_0_1/nested_cv_random/resnet18/repeat_10_fold_5_metrics.csv,2,2,resnet18,all,C1,F1 at 99% Specificity,0.697841726618705
/scratchc/nrlab/wang04/ulyses_results_iteration/iteration_3_merge_below_3/cnn_model/cnn14/plasma_tp1_0.1x_model_C1/roc_curve_resnet18_tf_0_1/nested_cv_random/resnet18/repeat_10_fold_5_metrics.csv,2,2,resnet18,all,C1,Sensitivity at 98% Specificity,0.5359116022099447
/scratchc/nrlab/wang04/ulyses_results_iteration/iteration_3_merge_below_3/cnn_model/cnn14/plasma_tp1_0.1x_model_C1/roc_curve_resnet18_tf_0_1/nested_cv_random/resnet18/repeat_10_fold_5_metrics.csv,2,2,resnet18,all,C1,PPV at 98% Specificity,1
/scratchc/nrlab/wang04/ulyses_results_iteration/iteration_3_merge_below_3/cnn_model/cnn14/plasma_tp1_0.1x_model_C1/roc_curve_resnet18_tf_0_1/nested_cv_random/resnet18/repeat_10_fold_5_metrics.csv,2,2,resnet18,all,C1,Accuracy at 98% Specificity,0.7579558011049723
/scratchc/nrlab/wang04/ulyses_results_iteration/iteration_3_merge_below_3/cnn_model/cnn14/plasma_tp1_0.1x_model_C1/roc_curve_resnet18_tf_0_1/nested_cv_random/resnet18/repeat_10_fold_5_metrics.csv,2,2,resnet18,all,C1,F1 at 98% Specificity,0.697841726618705
/scratchc/nrlab/wang04/ulyses_results_iteration/iteration_3_merge_below_3/cnn_model/cnn14/plasma_tp1_0.1x_model_C1/roc_curve_resnet18_tf_0_1/nested_cv_random/resnet18/repeat_10_fold_5_metrics.csv,2,2,resnet18,all,C1,Sensitivity at 95% Specificity,0.6187845303867403
/scratchc/nrlab/wang04/ulyses_results_iteration/iteration_3_merge_below_3/cnn_model/cnn14/plasma_tp1_0.1x_model_C1/roc_curve_resnet18_tf_0_1/nested_cv_random/resnet18/repeat_10_fold_5_metrics.csv,2,2,resnet18,all,C1,PPV at 95% Specificity,0.9824561403508772
/scratchc/nrlab/wang04/ulyses_results_iteration/iteration_3_merge_below_3/cnn_model/cnn14/plasma_tp1_0.1x_model_C1/roc_curve_resnet18_tf_0_1/nested_cv_random/resnet18/repeat_10_fold_5_metrics.csv,2,2,resnet18,all,C1,Accuracy at 95% Specificity,0.7702131607157582
/scratchc/nrlab/wang04/ulyses_results_iteration/iteration_3_merge_below_3/cnn_model/cnn14/plasma_tp1_0.1x_model_C1/roc_curve_resnet18_tf_0_1/nested_cv_random/resnet18/repeat_10_fold_5_metrics.csv,2,2,resnet18,all,C1,F1 at 95% Specificity,0.7593220338983051
/scratchc/nrlab/wang04/ulyses_results_iteration/iteration_3_merge_below_3/cnn_model/cnn14/plasma_tp1_0.1x_model_C1/roc_curve_resnet18_tf_0_1/nested_cv_random/resnet18/repeat_10_fold_5_metrics.csv,2,3,resnet18,all,C1,AUROC,0.8955387205387204
/scratchc/nrlab/wang04/ulyses_results_iteration/iteration_3_merge_below_3/cnn_model/cnn14/plasma_tp1_0.1x_model_C1/roc_curve_resnet18_tf_0_1/nested_cv_random/resnet18/repeat_10_fold_5_metrics.csv,2,3,resnet18,all,C1,AUPRC,0.9628470235920124
/scratchc/nrlab/wang04/ulyses_results_iteration/iteration_3_merge_below_3/cnn_model/cnn14/plasma_tp1_0.1x_model_C1/roc_curve_resnet18_tf_0_1/nested_cv_random/resnet18/repeat_10_fold_5_metrics.csv,2,3,resnet18,all,C1,Sensitivity at 99% Specificity,0.5222222222222223
/scratchc/nrlab/wang04/ulyses_results_iteration/iteration_3_merge_below_3/cnn_model/cnn14/plasma_tp1_0.1x_model_C1/roc_curve_resnet18_tf_0_1/nested_cv_random/resnet18/repeat_10_fold_5_metrics.csv,2,3,resnet18,all,C1,PPV at 99% Specificity,1
/scratchc/nrlab/wang04/ulyses_results_iteration/iteration_3_merge_below_3/cnn_model/cnn14/plasma_tp1_0.1x_model_C1/roc_curve_resnet18_tf_0_1/nested_cv_random/resnet18/repeat_10_fold_5_metrics.csv,2,3,resnet18,all,C1,Accuracy at 99% Specificity,0.7561111111111112
/scratchc/nrlab/wang04/ulyses_results_iteration/iteration_3_merge_below_3/cnn_model/cnn14/plasma_tp1_0.1x_model_C1/roc_curve_resnet18_tf_0_1/nested_cv_random/resnet18/repeat_10_fold_5_metrics.csv,2,3,resnet18,all,C1,F1 at 99% Specificity,0.6861313868613139
/scratchc/nrlab/wang04/ulyses_results_iteration/iteration_3_merge_below_3/cnn_model/cnn14/plasma_tp1_0.1x_model_C1/roc_curve_resnet18_tf_0_1/nested_cv_random/resnet18/repeat_10_fold_5_metrics.csv,2,3,resnet18,all,C1,Sensitivity at 98% Specificity,0.5222222222222223
/scratchc/nrlab/wang04/ulyses_results_iteration/iteration_3_merge_below_3/cnn_model/cnn14/plasma_tp1_0.1x_model_C1/roc_curve_resnet18_tf_0_1/nested_cv_random/resnet18/repeat_10_fold_5_metrics.csv,2,3,resnet18,all,C1,PPV at 98% Specificity,1
/scratchc/nrlab/wang04/ulyses_results_iteration/iteration_3_merge_below_3/cnn_model/cnn14/plasma_tp1_0.1x_model_C1/roc_curve_resnet18_tf_0_1/nested_cv_random/resnet18/repeat_10_fold_5_metrics.csv,2,3,resnet18,all,C1,Accuracy at 98% Specificity,0.7511111111111111
/scratchc/nrlab/wang04/ulyses_results_iteration/iteration_3_merge_below_3/cnn_model/cnn14/plasma_tp1_0.1x_model_C1/roc_curve_resnet18_tf_0_1/nested_cv_random/resnet18/repeat_10_fold_5_metrics.csv,2,3,resnet18,all,C1,F1 at 98% Specificity,0.6861313868613139
/scratchc/nrlab/wang04/ulyses_results_iteration/iteration_3_merge_below_3/cnn_model/cnn14/plasma_tp1_0.1x_model_C1/roc_curve_resnet18_tf_0_1/nested_cv_random/resnet18/repeat_10_fold_5_metrics.csv,2,3,resnet18,all,C1,Sensitivity at 95% Specificity,0.6333333333333333
/scratchc/nrlab/wang04/ulyses_results_iteration/iteration_3_merge_below_3/cnn_model/cnn14/plasma_tp1_0.1x_model_C1/roc_curve_resnet18_tf_0_1/nested_cv_random/resnet18/repeat_10_fold_5_metrics.csv,2,3,resnet18,all,C1,PPV at 95% Specificity,0.9827586206896552
/scratchc/nrlab/wang04/ulyses_results_iteration/iteration_3_merge_below_3/cnn_model/cnn14/plasma_tp1_0.1x_model_C1/roc_curve_resnet18_tf_0_1/nested_cv_random/resnet18/repeat_10_fold_5_metrics.csv,2,3,resnet18,all,C1,Accuracy at 95% Specificity,0.7772727272727272
/scratchc/nrlab/wang04/ulyses_results_iteration/iteration_3_merge_below_3/cnn_model/cnn14/plasma_tp1_0.1x_model_C1/roc_curve_resnet18_tf_0_1/nested_cv_random/resnet18/repeat_10_fold_5_metrics.csv,2,3,resnet18,all,C1,F1 at 95% Specificity,0.7702702702702703
/scratchc/nrlab/wang04/ulyses_results_iteration/iteration_3_merge_below_3/cnn_model/cnn14/plasma_tp1_0.1x_model_C1/roc_curve_resnet18_tf_0_1/nested_cv_random/resnet18/repeat_10_fold_5_metrics.csv,3,1,resnet18,all,C1,AUROC,0.8757244576916707
/scratchc/nrlab/wang04/ulyses_results_iteration/iteration_3_merge_below_3/cnn_model/cnn14/plasma_tp1_0.1x_model_C1/roc_curve_resnet18_tf_0_1/nested_cv_random/resnet18/repeat_10_fold_5_metrics.csv,3,1,resnet18,all,C1,AUPRC,0.9494050763080322
/scratchc/nrlab/wang04/ulyses_results_iteration/iteration_3_merge_below_3/cnn_model/cnn14/plasma_tp1_0.1x_model_C1/roc_curve_resnet18_tf_0_1/nested_cv_random/resnet18/repeat_10_fold_5_metrics.csv,3,1,resnet18,all,C1,Sensitivity at 99% Specificity,0.17486338797814208
/scratchc/nrlab/wang04/ulyses_results_iteration/iteration_3_merge_below_3/cnn_model/cnn14/plasma_tp1_0.1x_model_C1/roc_curve_resnet18_tf_0_1/nested_cv_random/resnet18/repeat_10_fold_5_metrics.csv,3,1,resnet18,all,C1,PPV at 99% Specificity,1
/scratchc/nrlab/wang04/ulyses_results_iteration/iteration_3_merge_below_3/cnn_model/cnn14/plasma_tp1_0.1x_model_C1/roc_curve_resnet18_tf_0_1/nested_cv_random/resnet18/repeat_10_fold_5_metrics.csv,3,1,resnet18,all,C1,Accuracy at 99% Specificity,0.582431693989071
/scratchc/nrlab/wang04/ulyses_results_iteration/iteration_3_merge_below_3/cnn_model/cnn14/plasma_tp1_0.1x_model_C1/roc_curve_resnet18_tf_0_1/nested_cv_random/resnet18/repeat_10_fold_5_metrics.csv,3,1,resnet18,all,C1,F1 at 99% Specificity,0.29767441860465116
/scratchc/nrlab/wang04/ulyses_results_iteration/iteration_3_merge_below_3/cnn_model/cnn14/plasma_tp1_0.1x_model_C1/roc_curve_resnet18_tf_0_1/nested_cv_random/resnet18/repeat_10_fold_5_metrics.csv,3,1,resnet18,all,C1,Sensitivity at 98% Specificity,0.17486338797814208
/scratchc/nrlab/wang04/ulyses_results_iteration/iteration_3_merge_below_3/cnn_model/cnn14/plasma_tp1_0.1x_model_C1/roc_curve_resnet18_tf_0_1/nested_cv_random/resnet18/repeat_10_fold_5_metrics.csv,3,1,resnet18,all,C1,PPV at 98% Specificity,1
/scratchc/nrlab/wang04/ulyses_results_iteration/iteration_3_merge_below_3/cnn_model/cnn14/plasma_tp1_0.1x_model_C1/roc_curve_resnet18_tf_0_1/nested_cv_random/resnet18/repeat_10_fold_5_metrics.csv,3,1,resnet18,all,C1,Accuracy at 98% Specificity,0.577431693989071
/scratchc/nrlab/wang04/ulyses_results_iteration/iteration_3_merge_below_3/cnn_model/cnn14/plasma_tp1_0.1x_model_C1/roc_curve_resnet18_tf_0_1/nested_cv_random/resnet18/repeat_10_fold_5_metrics.csv,3,1,resnet18,all,C1,F1 at 98% Specificity,0.29767441860465116
/scratchc/nrlab/wang04/ulyses_results_iteration/iteration_3_merge_below_3/cnn_model/cnn14/plasma_tp1_0.1x_model_C1/roc_curve_resnet18_tf_0_1/nested_cv_random/resnet18/repeat_10_fold_5_metrics.csv,3,1,resnet18,all,C1,Sensitivity at 95% Specificity,0.5792349726775956
/scratchc/nrlab/wang04/ulyses_results_iteration/iteration_3_merge_below_3/cnn_model/cnn14/plasma_tp1_0.1x_model_C1/roc_curve_resnet18_tf_0_1/nested_cv_random/resnet18/repeat_10_fold_5_metrics.csv,3,1,resnet18,all,C1,PPV at 95% Specificity,0.9814814814814816
/scratchc/nrlab/wang04/ulyses_results_iteration/iteration_3_merge_below_3/cnn_model/cnn14/plasma_tp1_0.1x_model_C1/roc_curve_resnet18_tf_0_1/nested_cv_random/resnet18/repeat_10_fold_5_metrics.csv,3,1,resnet18,all,C1,Accuracy at 95% Specificity,0.7502235469448584
/scratchc/nrlab/wang04/ulyses_results_iteration/iteration_3_merge_below_3/cnn_model/cnn14/plasma_tp1_0.1x_model_C1/roc_curve_resnet18_tf_0_1/nested_cv_random/resnet18/repeat_10_fold_5_metrics.csv,3,1,resnet18,all,C1,F1 at 95% Specificity,0.7285223367697594
/scratchc/nrlab/wang04/ulyses_results_iteration/iteration_3_merge_below_3/cnn_model/cnn14/plasma_tp1_0.1x_model_C1/roc_curve_resnet18_tf_0_1/nested_cv_random/resnet18/repeat_10_fold_5_metrics.csv,3,2,resnet18,all,C1,AUROC,0.8775937227550132
/scratchc/nrlab/wang04/ulyses_results_iteration/iteration_3_merge_below_3/cnn_model/cnn14/plasma_tp1_0.1x_model_C1/roc_curve_resnet18_tf_0_1/nested_cv_random/resnet18/repeat_10_fold_5_metrics.csv,3,2,resnet18,all,C1,AUPRC,0.9460034133644796
/scratchc/nrlab/wang04/ulyses_results_iteration/iteration_3_merge_below_3/cnn_model/cnn14/plasma_tp1_0.1x_model_C1/roc_curve_resnet18_tf_0_1/nested_cv_random/resnet18/repeat_10_fold_5_metrics.csv,3,2,resnet18,all,C1,Sensitivity at 99% Specificity,0.14594594594594595
/scratchc/nrlab/wang04/ulyses_results_iteration/iteration_3_merge_below_3/cnn_model/cnn14/plasma_tp1_0.1x_model_C1/roc_curve_resnet18_tf_0_1/nested_cv_random/resnet18/repeat_10_fold_5_metrics.csv,3,2,resnet18,all,C1,PPV at 99% Specificity,1
/scratchc/nrlab/wang04/ulyses_results_iteration/iteration_3_merge_below_3/cnn_model/cnn14/plasma_tp1_0.1x_model_C1/roc_curve_resnet18_tf_0_1/nested_cv_random/resnet18/repeat_10_fold_5_metrics.csv,3,2,resnet18,all,C1,Accuracy at 99% Specificity,0.567972972972973
/scratchc/nrlab/wang04/ulyses_results_iteration/iteration_3_merge_below_3/cnn_model/cnn14/plasma_tp1_0.1x_model_C1/roc_curve_resnet18_tf_0_1/nested_cv_random/resnet18/repeat_10_fold_5_metrics.csv,3,2,resnet18,all,C1,F1 at 99% Specificity,0.25471698113207547
/scratchc/nrlab/wang04/ulyses_results_iteration/iteration_3_merge_below_3/cnn_model/cnn14/plasma_tp1_0.1x_model_C1/roc_curve_resnet18_tf_0_1/nested_cv_random/resnet18/repeat_10_fold_5_metrics.csv,3,2,resnet18,all,C1,Sensitivity at 98% Specificity,0.14594594594594595
/scratchc/nrlab/wang04/ulyses_results_iteration/iteration_3_merge_below_3/cnn_model/cnn14/plasma_tp1_0.1x_model_C1/roc_curve_resnet18_tf_0_1/nested_cv_random/resnet18/repeat_10_fold_5_metrics.csv,3,2,resnet18,all,C1,PPV at 98% Specificity,1
/scratchc/nrlab/wang04/ulyses_results_iteration/iteration_3_merge_below_3/cnn_model/cnn14/plasma_tp1_0.1x_model_C1/roc_curve_resnet18_tf_0_1/nested_cv_random/resnet18/repeat_10_fold_5_metrics.csv,3,2,resnet18,all,C1,Accuracy at 98% Specificity,0.562972972972973
/scratchc/nrlab/wang04/ulyses_results_iteration/iteration_3_merge_below_3/cnn_model/cnn14/plasma_tp1_0.1x_model_C1/roc_curve_resnet18_tf_0_1/nested_cv_random/resnet18/repeat_10_fold_5_metrics.csv,3,2,resnet18,all,C1,F1 at 98% Specificity,0.25471698113207547
/scratchc/nrlab/wang04/ulyses_results_iteration/iteration_3_merge_below_3/cnn_model/cnn14/plasma_tp1_0.1x_model_C1/roc_curve_resnet18_tf_0_1/nested_cv_random/resnet18/repeat_10_fold_5_metrics.csv,3,2,resnet18,all,C1,Sensitivity at 95% Specificity,0.2594594594594595
/scratchc/nrlab/wang04/ulyses_results_iteration/iteration_3_merge_below_3/cnn_model/cnn14/plasma_tp1_0.1x_model_C1/roc_curve_resnet18_tf_0_1/nested_cv_random/resnet18/repeat_10_fold_5_metrics.csv,3,2,resnet18,all,C1,PPV at 95% Specificity,0.96
/scratchc/nrlab/wang04/ulyses_results_iteration/iteration_3_merge_below_3/cnn_model/cnn14/plasma_tp1_0.1x_model_C1/roc_curve_resnet18_tf_0_1/nested_cv_random/resnet18/repeat_10_fold_5_metrics.csv,3,2,resnet18,all,C1,Accuracy at 95% Specificity,0.5894071490845685
/scratchc/nrlab/wang04/ulyses_results_iteration/iteration_3_merge_below_3/cnn_model/cnn14/plasma_tp1_0.1x_model_C1/roc_curve_resnet18_tf_0_1/nested_cv_random/resnet18/repeat_10_fold_5_metrics.csv,3,2,resnet18,all,C1,F1 at 95% Specificity,0.4085106382978723
/scratchc/nrlab/wang04/ulyses_results_iteration/iteration_3_merge_below_3/cnn_model/cnn14/plasma_tp1_0.1x_model_C1/roc_curve_resnet18_tf_0_1/nested_cv_random/resnet18/repeat_10_fold_5_metrics.csv,3,3,resnet18,all,C1,AUROC,0.8856456043956045
/scratchc/nrlab/wang04/ulyses_results_iteration/iteration_3_merge_below_3/cnn_model/cnn14/plasma_tp1_0.1x_model_C1/roc_curve_resnet18_tf_0_1/nested_cv_random/resnet18/repeat_10_fold_5_metrics.csv,3,3,resnet18,all,C1,AUPRC,0.9511926660259548
/scratchc/nrlab/wang04/ulyses_results_iteration/iteration_3_merge_below_3/cnn_model/cnn14/plasma_tp1_0.1x_model_C1/roc_curve_resnet18_tf_0_1/nested_cv_random/resnet18/repeat_10_fold_5_metrics.csv,3,3,resnet18,all,C1,Sensitivity at 99% Specificity,0.2032967032967033
/scratchc/nrlab/wang04/ulyses_results_iteration/iteration_3_merge_below_3/cnn_model/cnn14/plasma_tp1_0.1x_model_C1/roc_curve_resnet18_tf_0_1/nested_cv_random/resnet18/repeat_10_fold_5_metrics.csv,3,3,resnet18,all,C1,PPV at 99% Specificity,1
/scratchc/nrlab/wang04/ulyses_results_iteration/iteration_3_merge_below_3/cnn_model/cnn14/plasma_tp1_0.1x_model_C1/roc_curve_resnet18_tf_0_1/nested_cv_random/resnet18/repeat_10_fold_5_metrics.csv,3,3,resnet18,all,C1,Accuracy at 99% Specificity,0.5966483516483516
/scratchc/nrlab/wang04/ulyses_results_iteration/iteration_3_merge_below_3/cnn_model/cnn14/plasma_tp1_0.1x_model_C1/roc_curve_resnet18_tf_0_1/nested_cv_random/resnet18/repeat_10_fold_5_metrics.csv,3,3,resnet18,all,C1,F1 at 99% Specificity,0.3378995433789954
/scratchc/nrlab/wang04/ulyses_results_iteration/iteration_3_merge_below_3/cnn_model/cnn14/plasma_tp1_0.1x_model_C1/roc_curve_resnet18_tf_0_1/nested_cv_random/resnet18/repeat_10_fold_5_metrics.csv,3,3,resnet18,all,C1,Sensitivity at 98% Specificity,0.2032967032967033
/scratchc/nrlab/wang04/ulyses_results_iteration/iteration_3_merge_below_3/cnn_model/cnn14/plasma_tp1_0.1x_model_C1/roc_curve_resnet18_tf_0_1/nested_cv_random/resnet18/repeat_10_fold_5_metrics.csv,3,3,resnet18,all,C1,PPV at 98% Specificity,1
/scratchc/nrlab/wang04/ulyses_results_iteration/iteration_3_merge_below_3/cnn_model/cnn14/plasma_tp1_0.1x_model_C1/roc_curve_resnet18_tf_0_1/nested_cv_random/resnet18/repeat_10_fold_5_metrics.csv,3,3,resnet18,all,C1,Accuracy at 98% Specificity,0.5916483516483516
/scratchc/nrlab/wang04/ulyses_results_iteration/iteration_3_merge_below_3/cnn_model/cnn14/plasma_tp1_0.1x_model_C1/roc_curve_resnet18_tf_0_1/nested_cv_random/resnet18/repeat_10_fold_5_metrics.csv,3,3,resnet18,all,C1,F1 at 98% Specificity,0.3378995433789954
/scratchc/nrlab/wang04/ulyses_results_iteration/iteration_3_merge_below_3/cnn_model/cnn14/plasma_tp1_0.1x_model_C1/roc_curve_resnet18_tf_0_1/nested_cv_random/resnet18/repeat_10_fold_5_metrics.csv,3,3,resnet18,all,C1,Sensitivity at 95% Specificity,0.3791208791208791
/scratchc/nrlab/wang04/ulyses_results_iteration/iteration_3_merge_below_3/cnn_model/cnn14/plasma_tp1_0.1x_model_C1/roc_curve_resnet18_tf_0_1/nested_cv_random/resnet18/repeat_10_fold_5_metrics.csv,3,3,resnet18,all,C1,PPV at 95% Specificity,0.971830985915493
/scratchc/nrlab/wang04/ulyses_results_iteration/iteration_3_merge_below_3/cnn_model/cnn14/plasma_tp1_0.1x_model_C1/roc_curve_resnet18_tf_0_1/nested_cv_random/resnet18/repeat_10_fold_5_metrics.csv,3,3,resnet18,all,C1,Accuracy at 95% Specificity,0.6497166895604396
/scratchc/nrlab/wang04/ulyses_results_iteration/iteration_3_merge_below_3/cnn_model/cnn14/plasma_tp1_0.1x_model_C1/roc_curve_resnet18_tf_0_1/nested_cv_random/resnet18/repeat_10_fold_5_metrics.csv,3,3,resnet18,all,C1,F1 at 95% Specificity,0.5454545454545454
/scratchc/nrlab/wang04/ulyses_results_iteration/iteration_3_merge_below_3/cnn_model/cnn14/plasma_tp1_0.1x_model_C1/roc_curve_resnet18_tf_0_1/nested_cv_random/resnet18/repeat_10_fold_5_metrics.csv,3,4,resnet18,all,C1,AUROC,0.8705338377469525
/scratchc/nrlab/wang04/ulyses_results_iteration/iteration_3_merge_below_3/cnn_model/cnn14/plasma_tp1_0.1x_model_C1/roc_curve_resnet18_tf_0_1/nested_cv_random/resnet18/repeat_10_fold_5_metrics.csv,3,4,resnet18,all,C1,AUPRC,0.9366498360636036
/scratchc/nrlab/wang04/ulyses_results_iteration/iteration_3_merge_below_3/cnn_model/cnn14/plasma_tp1_0.1x_model_C1/roc_curve_resnet18_tf_0_1/nested_cv_random/resnet18/repeat_10_fold_5_metrics.csv,3,4,resnet18,all,C1,Sensitivity at 99% Specificity,0.01639344262295082
/scratchc/nrlab/wang04/ulyses_results_iteration/iteration_3_merge_below_3/cnn_model/cnn14/plasma_tp1_0.1x_model_C1/roc_curve_resnet18_tf_0_1/nested_cv_random/resnet18/repeat_10_fold_5_metrics.csv,3,4,resnet18,all,C1,PPV at 99% Specificity,1
/scratchc/nrlab/wang04/ulyses_results_iteration/iteration_3_merge_below_3/cnn_model/cnn14/plasma_tp1_0.1x_model_C1/roc_curve_resnet18_tf_0_1/nested_cv_random/resnet18/repeat_10_fold_5_metrics.csv,3,4,resnet18,all,C1,Accuracy at 99% Specificity,0.5031967213114754
/scratchc/nrlab/wang04/ulyses_results_iteration/iteration_3_merge_below_3/cnn_model/cnn14/plasma_tp1_0.1x_model_C1/roc_curve_resnet18_tf_0_1/nested_cv_random/resnet18/repeat_10_fold_5_metrics.csv,3,4,resnet18,all,C1,F1 at 99% Specificity,0.03225806451612903
/scratchc/nrlab/wang04/ulyses_results_iteration/iteration_3_merge_below_3/cnn_model/cnn14/plasma_tp1_0.1x_model_C1/roc_curve_resnet18_tf_0_1/nested_cv_random/resnet18/repeat_10_fold_5_metrics.csv,3,4,resnet18,all,C1,Sensitivity at 98% Specificity,0.01639344262295082
/scratchc/nrlab/wang04/ulyses_results_iteration/iteration_3_merge_below_3/cnn_model/cnn14/plasma_tp1_0.1x_model_C1/roc_curve_resnet18_tf_0_1/nested_cv_random/resnet18/repeat_10_fold_5_metrics.csv,3,4,resnet18,all,C1,PPV at 98% Specificity,1
/scratchc/nrlab/wang04/ulyses_results_iteration/iteration_3_merge_below_3/cnn_model/cnn14/plasma_tp1_0.1x_model_C1/roc_curve_resnet18_tf_0_1/nested_cv_random/resnet18/repeat_10_fold_5_metrics.csv,3,4,resnet18,all,C1,Accuracy at 98% Specificity,0.4981967213114754
/scratchc/nrlab/wang04/ulyses_results_iteration/iteration_3_merge_below_3/cnn_model/cnn14/plasma_tp1_0.1x_model_C1/roc_curve_resnet18_tf_0_1/nested_cv_random/resnet18/repeat_10_fold_5_metrics.csv,3,4,resnet18,all,C1,F1 at 98% Specificity,0.03225806451612903
/scratchc/nrlab/wang04/ulyses_results_iteration/iteration_3_merge_below_3/cnn_model/cnn14/plasma_tp1_0.1x_model_C1/roc_curve_resnet18_tf_0_1/nested_cv_random/resnet18/repeat_10_fold_5_metrics.csv,3,4,resnet18,all,C1,Sensitivity at 95% Specificity,0.37158469945355194
/scratchc/nrlab/wang04/ulyses_results_iteration/iteration_3_merge_below_3/cnn_model/cnn14/plasma_tp1_0.1x_model_C1/roc_curve_resnet18_tf_0_1/nested_cv_random/resnet18/repeat_10_fold_5_metrics.csv,3,4,resnet18,all,C1,PPV at 95% Specificity,0.9714285714285714
/scratchc/nrlab/wang04/ulyses_results_iteration/iteration_3_merge_below_3/cnn_model/cnn14/plasma_tp1_0.1x_model_C1/roc_curve_resnet18_tf_0_1/nested_cv_random/resnet18/repeat_10_fold_5_metrics.csv,3,4,resnet18,all,C1,Accuracy at 95% Specificity,0.6461769651113913
/scratchc/nrlab/wang04/ulyses_results_iteration/iteration_3_merge_below_3/cnn_model/cnn14/plasma_tp1_0.1x_model_C1/roc_curve_resnet18_tf_0_1/nested_cv_random/resnet18/repeat_10_fold_5_metrics.csv,3,4,resnet18,all,C1,F1 at 95% Specificity,0.5375494071146245
/scratchc/nrlab/wang04/ulyses_results_iteration/iteration_3_merge_below_3/cnn_model/cnn14/plasma_tp1_0.1x_model_C1/roc_curve_resnet18_tf_0_1/nested_cv_random/resnet18/repeat_10_fold_5_metrics.csv,3,5,resnet18,all,C1,AUROC,0.8753697009530069
/scratchc/nrlab/wang04/ulyses_results_iteration/iteration_3_merge_below_3/cnn_model/cnn14/plasma_tp1_0.1x_model_C1/roc_curve_resnet18_tf_0_1/nested_cv_random/resnet18/repeat_10_fold_5_metrics.csv,3,5,resnet18,all,C1,AUPRC,0.933990751635654
/scratchc/nrlab/wang04/ulyses_results_iteration/iteration_3_merge_below_3/cnn_model/cnn14/plasma_tp1_0.1x_model_C1/roc_curve_resnet18_tf_0_1/nested_cv_random/resnet18/repeat_10_fold_5_metrics.csv,3,5,resnet18,all,C1,Sensitivity at 99% Specificity,0.06145251396648044
/scratchc/nrlab/wang04/ulyses_results_iteration/iteration_3_merge_below_3/cnn_model/cnn14/plasma_tp1_0.1x_model_C1/roc_curve_resnet18_tf_0_1/nested_cv_random/resnet18/repeat_10_fold_5_metrics.csv,3,5,resnet18,all,C1,PPV at 99% Specificity,1
/scratchc/nrlab/wang04/ulyses_results_iteration/iteration_3_merge_below_3/cnn_model/cnn14/plasma_tp1_0.1x_model_C1/roc_curve_resnet18_tf_0_1/nested_cv_random/resnet18/repeat_10_fold_5_metrics.csv,3,5,resnet18,all,C1,Accuracy at 99% Specificity,0.5257262569832403
/scratchc/nrlab/wang04/ulyses_results_iteration/iteration_3_merge_below_3/cnn_model/cnn14/plasma_tp1_0.1x_model_C1/roc_curve_resnet18_tf_0_1/nested_cv_random/resnet18/repeat_10_fold_5_metrics.csv,3,5,resnet18,all,C1,F1 at 99% Specificity,0.11578947368421053
/scratchc/nrlab/wang04/ulyses_results_iteration/iteration_3_merge_below_3/cnn_model/cnn14/plasma_tp1_0.1x_model_C1/roc_curve_resnet18_tf_0_1/nested_cv_random/resnet18/repeat_10_fold_5_metrics.csv,3,5,resnet18,all,C1,Sensitivity at 98% Specificity,0.06145251396648044
/scratchc/nrlab/wang04/ulyses_results_iteration/iteration_3_merge_below_3/cnn_model/cnn14/plasma_tp1_0.1x_model_C1/roc_curve_resnet18_tf_0_1/nested_cv_random/resnet18/repeat_10_fold_5_metrics.csv,3,5,resnet18,all,C1,PPV at 98% Specificity,1
/scratchc/nrlab/wang04/ulyses_results_iteration/iteration_3_merge_below_3/cnn_model/cnn14/plasma_tp1_0.1x_model_C1/roc_curve_resnet18_tf_0_1/nested_cv_random/resnet18/repeat_10_fold_5_metrics.csv,3,5,resnet18,all,C1,Accuracy at 98% Specificity,0.5207262569832403
/scratchc/nrlab/wang04/ulyses_results_iteration/iteration_3_merge_below_3/cnn_model/cnn14/plasma_tp1_0.1x_model_C1/roc_curve_resnet18_tf_0_1/nested_cv_random/resnet18/repeat_10_fold_5_metrics.csv,3,5,resnet18,all,C1,F1 at 98% Specificity,0.11578947368421053
/scratchc/nrlab/wang04/ulyses_results_iteration/iteration_3_merge_below_3/cnn_model/cnn14/plasma_tp1_0.1x_model_C1/roc_curve_resnet18_tf_0_1/nested_cv_random/resnet18/repeat_10_fold_5_metrics.csv,3,5,resnet18,all,C1,Sensitivity at 95% Specificity,0.3016759776536313
/scratchc/nrlab/wang04/ulyses_results_iteration/iteration_3_merge_below_3/cnn_model/cnn14/plasma_tp1_0.1x_model_C1/roc_curve_resnet18_tf_0_1/nested_cv_random/resnet18/repeat_10_fold_5_metrics.csv,3,5,resnet18,all,C1,PPV at 95% Specificity,0.9642857142857144
/scratchc/nrlab/wang04/ulyses_results_iteration/iteration_3_merge_below_3/cnn_model/cnn14/plasma_tp1_0.1x_model_C1/roc_curve_resnet18_tf_0_1/nested_cv_random/resnet18/repeat_10_fold_5_metrics.csv,3,5,resnet18,all,C1,Accuracy at 95% Specificity,0.6118674005915214
/scratchc/nrlab/wang04/ulyses_results_iteration/iteration_3_merge_below_3/cnn_model/cnn14/plasma_tp1_0.1x_model_C1/roc_curve_resnet18_tf_0_1/nested_cv_random/resnet18/repeat_10_fold_5_metrics.csv,3,5,resnet18,all,C1,F1 at 95% Specificity,0.4595744680851064
/scratchc/nrlab/wang04/ulyses_results_iteration/iteration_3_merge_below_3/cnn_model/cnn14/plasma_tp1_0.1x_model_C1/roc_curve_resnet18_tf_0_1/nested_cv_random/resnet18/repeat_10_fold_5_metrics.csv,4,1,resnet18,all,C1,AUROC,0.8845638707517162
/scratchc/nrlab/wang04/ulyses_results_iteration/iteration_3_merge_below_3/cnn_model/cnn14/plasma_tp1_0.1x_model_C1/roc_curve_resnet18_tf_0_1/nested_cv_random/resnet18/repeat_10_fold_5_metrics.csv,4,1,resnet18,all,C1,AUPRC,0.9547862497912344
/scratchc/nrlab/wang04/ulyses_results_iteration/iteration_3_merge_below_3/cnn_model/cnn14/plasma_tp1_0.1x_model_C1/roc_curve_resnet18_tf_0_1/nested_cv_random/resnet18/repeat_10_fold_5_metrics.csv,4,1,resnet18,all,C1,Sensitivity at 99% Specificity,0.4143646408839779
/scratchc/nrlab/wang04/ulyses_results_iteration/iteration_3_merge_below_3/cnn_model/cnn14/plasma_tp1_0.1x_model_C1/roc_curve_resnet18_tf_0_1/nested_cv_random/resnet18/repeat_10_fold_5_metrics.csv,4,1,resnet18,all,C1,PPV at 99% Specificity,1
/scratchc/nrlab/wang04/ulyses_results_iteration/iteration_3_merge_below_3/cnn_model/cnn14/plasma_tp1_0.1x_model_C1/roc_curve_resnet18_tf_0_1/nested_cv_random/resnet18/repeat_10_fold_5_metrics.csv,4,1,resnet18,all,C1,Accuracy at 99% Specificity,0.7021823204419889
/scratchc/nrlab/wang04/ulyses_results_iteration/iteration_3_merge_below_3/cnn_model/cnn14/plasma_tp1_0.1x_model_C1/roc_curve_resnet18_tf_0_1/nested_cv_random/resnet18/repeat_10_fold_5_metrics.csv,4,1,resnet18,all,C1,F1 at 99% Specificity,0.5859375
/scratchc/nrlab/wang04/ulyses_results_iteration/iteration_3_merge_below_3/cnn_model/cnn14/plasma_tp1_0.1x_model_C1/roc_curve_resnet18_tf_0_1/nested_cv_random/resnet18/repeat_10_fold_5_metrics.csv,4,1,resnet18,all,C1,Sensitivity at 98% Specificity,0.4143646408839779
/scratchc/nrlab/wang04/ulyses_results_iteration/iteration_3_merge_below_3/cnn_model/cnn14/plasma_tp1_0.1x_model_C1/roc_curve_resnet18_tf_0_1/nested_cv_random/resnet18/repeat_10_fold_5_metrics.csv,4,1,resnet18,all,C1,PPV at 98% Specificity,1
/scratchc/nrlab/wang04/ulyses_results_iteration/iteration_3_merge_below_3/cnn_model/cnn14/plasma_tp1_0.1x_model_C1/roc_curve_resnet18_tf_0_1/nested_cv_random/resnet18/repeat_10_fold_5_metrics.csv,4,1,resnet18,all,C1,Accuracy at 98% Specificity,0.6971823204419889
/scratchc/nrlab/wang04/ulyses_results_iteration/iteration_3_merge_below_3/cnn_model/cnn14/plasma_tp1_0.1x_model_C1/roc_curve_resnet18_tf_0_1/nested_cv_random/resnet18/repeat_10_fold_5_metrics.csv,4,1,resnet18,all,C1,F1 at 98% Specificity,0.5859375
/scratchc/nrlab/wang04/ulyses_results_iteration/iteration_3_merge_below_3/cnn_model/cnn14/plasma_tp1_0.1x_model_C1/roc_curve_resnet18_tf_0_1/nested_cv_random/resnet18/repeat_10_fold_5_metrics.csv,4,1,resnet18,all,C1,Sensitivity at 95% Specificity,0.5138121546961326
/scratchc/nrlab/wang04/ulyses_results_iteration/iteration_3_merge_below_3/cnn_model/cnn14/plasma_tp1_0.1x_model_C1/roc_curve_resnet18_tf_0_1/nested_cv_random/resnet18/repeat_10_fold_5_metrics.csv,4,1,resnet18,all,C1,PPV at 95% Specificity,0.9789473684210528
/scratchc/nrlab/wang04/ulyses_results_iteration/iteration_3_merge_below_3/cnn_model/cnn14/plasma_tp1_0.1x_model_C1/roc_curve_resnet18_tf_0_1/nested_cv_random/resnet18/repeat_10_fold_5_metrics.csv,4,1,resnet18,all,C1,Accuracy at 95% Specificity,0.7175121379541269
/scratchc/nrlab/wang04/ulyses_results_iteration/iteration_3_merge_below_3/cnn_model/cnn14/plasma_tp1_0.1x_model_C1/roc_curve_resnet18_tf_0_1/nested_cv_random/resnet18/repeat_10_fold_5_metrics.csv,4,1,resnet18,all,C1,F1 at 95% Specificity,0.6739130434782609
/scratchc/nrlab/wang04/ulyses_results_iteration/iteration_3_merge_below_3/cnn_model/cnn14/plasma_tp1_0.1x_model_C1/roc_curve_resnet18_tf_0_1/nested_cv_random/resnet18/repeat_10_fold_5_metrics.csv,4,2,resnet18,all,C1,AUROC,0.8849328775118819
/scratchc/nrlab/wang04/ulyses_results_iteration/iteration_3_merge_below_3/cnn_model/cnn14/plasma_tp1_0.1x_model_C1/roc_curve_resnet18_tf_0_1/nested_cv_random/resnet18/repeat_10_fold_5_metrics.csv,4,2,resnet18,all,C1,AUPRC,0.9578438675240548
/scratchc/nrlab/wang04/ulyses_results_iteration/iteration_3_merge_below_3/cnn_model/cnn14/plasma_tp1_0.1x_model_C1/roc_curve_resnet18_tf_0_1/nested_cv_random/resnet18/repeat_10_fold_5_metrics.csv,4,2,resnet18,all,C1,Sensitivity at 99% Specificity,0.547486033519553
/scratchc/nrlab/wang04/ulyses_results_iteration/iteration_3_merge_below_3/cnn_model/cnn14/plasma_tp1_0.1x_model_C1/roc_curve_resnet18_tf_0_1/nested_cv_random/resnet18/repeat_10_fold_5_metrics.csv,4,2,resnet18,all,C1,PPV at 99% Specificity,1
/scratchc/nrlab/wang04/ulyses_results_iteration/iteration_3_merge_below_3/cnn_model/cnn14/plasma_tp1_0.1x_model_C1/roc_curve_resnet18_tf_0_1/nested_cv_random/resnet18/repeat_10_fold_5_metrics.csv,4,2,resnet18,all,C1,Accuracy at 99% Specificity,0.7687430167597765
/scratchc/nrlab/wang04/ulyses_results_iteration/iteration_3_merge_below_3/cnn_model/cnn14/plasma_tp1_0.1x_model_C1/roc_curve_resnet18_tf_0_1/nested_cv_random/resnet18/repeat_10_fold_5_metrics.csv,4,2,resnet18,all,C1,F1 at 99% Specificity,0.7075812274368231
/scratchc/nrlab/wang04/ulyses_results_iteration/iteration_3_merge_below_3/cnn_model/cnn14/plasma_tp1_0.1x_model_C1/roc_curve_resnet18_tf_0_1/nested_cv_random/resnet18/repeat_10_fold_5_metrics.csv,4,2,resnet18,all,C1,Sensitivity at 98% Specificity,0.547486033519553
/scratchc/nrlab/wang04/ulyses_results_iteration/iteration_3_merge_below_3/cnn_model/cnn14/plasma_tp1_0.1x_model_C1/roc_curve_resnet18_tf_0_1/nested_cv_random/resnet18/repeat_10_fold_5_metrics.csv,4,2,resnet18,all,C1,PPV at 98% Specificity,1
/scratchc/nrlab/wang04/ulyses_results_iteration/iteration_3_merge_below_3/cnn_model/cnn14/plasma_tp1_0.1x_model_C1/roc_curve_resnet18_tf_0_1/nested_cv_random/resnet18/repeat_10_fold_5_metrics.csv,4,2,resnet18,all,C1,Accuracy at 98% Specificity,0.7637430167597765
/scratchc/nrlab/wang04/ulyses_results_iteration/iteration_3_merge_below_3/cnn_model/cnn14/plasma_tp1_0.1x_model_C1/roc_curve_resnet18_tf_0_1/nested_cv_random/resnet18/repeat_10_fold_5_metrics.csv,4,2,resnet18,all,C1,F1 at 98% Specificity,0.7075812274368231
/scratchc/nrlab/wang04/ulyses_results_iteration/iteration_3_merge_below_3/cnn_model/cnn14/plasma_tp1_0.1x_model_C1/roc_curve_resnet18_tf_0_1/nested_cv_random/resnet18/repeat_10_fold_5_metrics.csv,4,2,resnet18,all,C1,Sensitivity at 95% Specificity,0.6480446927374302
/scratchc/nrlab/wang04/ulyses_results_iteration/iteration_3_merge_below_3/cnn_model/cnn14/plasma_tp1_0.1x_model_C1/roc_curve_resnet18_tf_0_1/nested_cv_random/resnet18/repeat_10_fold_5_metrics.csv,4,2,resnet18,all,C1,PPV at 95% Specificity,0.9747899159663864
/scratchc/nrlab/wang04/ulyses_results_iteration/iteration_3_merge_below_3/cnn_model/cnn14/plasma_tp1_0.1x_model_C1/roc_curve_resnet18_tf_0_1/nested_cv_random/resnet18/repeat_10_fold_5_metrics.csv,4,2,resnet18,all,C1,Accuracy at 95% Specificity,0.7777536896522972
/scratchc/nrlab/wang04/ulyses_results_iteration/iteration_3_merge_below_3/cnn_model/cnn14/plasma_tp1_0.1x_model_C1/roc_curve_resnet18_tf_0_1/nested_cv_random/resnet18/repeat_10_fold_5_metrics.csv,4,2,resnet18,all,C1,F1 at 95% Specificity,0.7785234899328859
/scratchc/nrlab/wang04/ulyses_results_iteration/iteration_3_merge_below_3/cnn_model/cnn14/plasma_tp1_0.1x_model_C1/roc_curve_resnet18_tf_0_1/nested_cv_random/resnet18/repeat_10_fold_5_metrics.csv,4,3,resnet18,all,C1,AUROC,0.9012124316939892
/scratchc/nrlab/wang04/ulyses_results_iteration/iteration_3_merge_below_3/cnn_model/cnn14/plasma_tp1_0.1x_model_C1/roc_curve_resnet18_tf_0_1/nested_cv_random/resnet18/repeat_10_fold_5_metrics.csv,4,3,resnet18,all,C1,AUPRC,0.9604506292422834
/scratchc/nrlab/wang04/ulyses_results_iteration/iteration_3_merge_below_3/cnn_model/cnn14/plasma_tp1_0.1x_model_C1/roc_curve_resnet18_tf_0_1/nested_cv_random/resnet18/repeat_10_fold_5_metrics.csv,4,3,resnet18,all,C1,Sensitivity at 99% Specificity,0.26229508196721313
/scratchc/nrlab/wang04/ulyses_results_iteration/iteration_3_merge_below_3/cnn_model/cnn14/plasma_tp1_0.1x_model_C1/roc_curve_resnet18_tf_0_1/nested_cv_random/resnet18/repeat_10_fold_5_metrics.csv,4,3,resnet18,all,C1,PPV at 99% Specificity,1
/scratchc/nrlab/wang04/ulyses_results_iteration/iteration_3_merge_below_3/cnn_model/cnn14/plasma_tp1_0.1x_model_C1/roc_curve_resnet18_tf_0_1/nested_cv_random/resnet18/repeat_10_fold_5_metrics.csv,4,3,resnet18,all,C1,Accuracy at 99% Specificity,0.6261475409836066
/scratchc/nrlab/wang04/ulyses_results_iteration/iteration_3_merge_below_3/cnn_model/cnn14/plasma_tp1_0.1x_model_C1/roc_curve_resnet18_tf_0_1/nested_cv_random/resnet18/repeat_10_fold_5_metrics.csv,4,3,resnet18,all,C1,F1 at 99% Specificity,0.4155844155844156
/scratchc/nrlab/wang04/ulyses_results_iteration/iteration_3_merge_below_3/cnn_model/cnn14/plasma_tp1_0.1x_model_C1/roc_curve_resnet18_tf_0_1/nested_cv_random/resnet18/repeat_10_fold_5_metrics.csv,4,3,resnet18,all,C1,Sensitivity at 98% Specificity,0.26229508196721313
/scratchc/nrlab/wang04/ulyses_results_iteration/iteration_3_merge_below_3/cnn_model/cnn14/plasma_tp1_0.1x_model_C1/roc_curve_resnet18_tf_0_1/nested_cv_random/resnet18/repeat_10_fold_5_metrics.csv,4,3,resnet18,all,C1,PPV at 98% Specificity,1
/scratchc/nrlab/wang04/ulyses_results_iteration/iteration_3_merge_below_3/cnn_model/cnn14/plasma_tp1_0.1x_model_C1/roc_curve_resnet18_tf_0_1/nested_cv_random/resnet18/repeat_10_fold_5_metrics.csv,4,3,resnet18,all,C1,Accuracy at 98% Specificity,0.6211475409836066
/scratchc/nrlab/wang04/ulyses_results_iteration/iteration_3_merge_below_3/cnn_model/cnn14/plasma_tp1_0.1x_model_C1/roc_curve_resnet18_tf_0_1/nested_cv_random/resnet18/repeat_10_fold_5_metrics.csv,4,3,resnet18,all,C1,F1 at 98% Specificity,0.4155844155844156
/scratchc/nrlab/wang04/ulyses_results_iteration/iteration_3_merge_below_3/cnn_model/cnn14/plasma_tp1_0.1x_model_C1/roc_curve_resnet18_tf_0_1/nested_cv_random/resnet18/repeat_10_fold_5_metrics.csv,4,3,resnet18,all,C1,Sensitivity at 95% Specificity,0.5081967213114754
/scratchc/nrlab/wang04/ulyses_results_iteration/iteration_3_merge_below_3/cnn_model/cnn14/plasma_tp1_0.1x_model_C1/roc_curve_resnet18_tf_0_1/nested_cv_random/resnet18/repeat_10_fold_5_metrics.csv,4,3,resnet18,all,C1,PPV at 95% Specificity,0.9789473684210528
/scratchc/nrlab/wang04/ulyses_results_iteration/iteration_3_merge_below_3/cnn_model/cnn14/plasma_tp1_0.1x_model_C1/roc_curve_resnet18_tf_0_1/nested_cv_random/resnet18/repeat_10_fold_5_metrics.csv,4,3,resnet18,all,C1,Accuracy at 95% Specificity,0.7142546106557377
/scratchc/nrlab/wang04/ulyses_results_iteration/iteration_3_merge_below_3/cnn_model/cnn14/plasma_tp1_0.1x_model_C1/roc_curve_resnet18_tf_0_1/nested_cv_random/resnet18/repeat_10_fold_5_metrics.csv,4,3,resnet18,all,C1,F1 at 95% Specificity,0.6690647482014388
/scratchc/nrlab/wang04/ulyses_results_iteration/iteration_3_merge_below_3/cnn_model/cnn14/plasma_tp1_0.1x_model_C1/roc_curve_resnet18_tf_0_1/nested_cv_random/resnet18/repeat_10_fold_5_metrics.csv,4,5,resnet18,all,C1,AUROC,0.9194256756756756
/scratchc/nrlab/wang04/ulyses_results_iteration/iteration_3_merge_below_3/cnn_model/cnn14/plasma_tp1_0.1x_model_C1/roc_curve_resnet18_tf_0_1/nested_cv_random/resnet18/repeat_10_fold_5_metrics.csv,4,5,resnet18,all,C1,AUPRC,0.9690614118758488
/scratchc/nrlab/wang04/ulyses_results_iteration/iteration_3_merge_below_3/cnn_model/cnn14/plasma_tp1_0.1x_model_C1/roc_curve_resnet18_tf_0_1/nested_cv_random/resnet18/repeat_10_fold_5_metrics.csv,4,5,resnet18,all,C1,Sensitivity at 99% Specificity,0.31891891891891894
/scratchc/nrlab/wang04/ulyses_results_iteration/iteration_3_merge_below_3/cnn_model/cnn14/plasma_tp1_0.1x_model_C1/roc_curve_resnet18_tf_0_1/nested_cv_random/resnet18/repeat_10_fold_5_metrics.csv,4,5,resnet18,all,C1,PPV at 99% Specificity,1
/scratchc/nrlab/wang04/ulyses_results_iteration/iteration_3_merge_below_3/cnn_model/cnn14/plasma_tp1_0.1x_model_C1/roc_curve_resnet18_tf_0_1/nested_cv_random/resnet18/repeat_10_fold_5_metrics.csv,4,5,resnet18,all,C1,Accuracy at 99% Specificity,0.6544594594594595
/scratchc/nrlab/wang04/ulyses_results_iteration/iteration_3_merge_below_3/cnn_model/cnn14/plasma_tp1_0.1x_model_C1/roc_curve_resnet18_tf_0_1/nested_cv_random/resnet18/repeat_10_fold_5_metrics.csv,4,5,resnet18,all,C1,F1 at 99% Specificity,0.4836065573770491
/scratchc/nrlab/wang04/ulyses_results_iteration/iteration_3_merge_below_3/cnn_model/cnn14/plasma_tp1_0.1x_model_C1/roc_curve_resnet18_tf_0_1/nested_cv_random/resnet18/repeat_10_fold_5_metrics.csv,4,5,resnet18,all,C1,Sensitivity at 98% Specificity,0.31891891891891894
/scratchc/nrlab/wang04/ulyses_results_iteration/iteration_3_merge_below_3/cnn_model/cnn14/plasma_tp1_0.1x_model_C1/roc_curve_resnet18_tf_0_1/nested_cv_random/resnet18/repeat_10_fold_5_metrics.csv,4,5,resnet18,all,C1,PPV at 98% Specificity,1
/scratchc/nrlab/wang04/ulyses_results_iteration/iteration_3_merge_below_3/cnn_model/cnn14/plasma_tp1_0.1x_model_C1/roc_curve_resnet18_tf_0_1/nested_cv_random/resnet18/repeat_10_fold_5_metrics.csv,4,5,resnet18,all,C1,Accuracy at 98% Specificity,0.6494594594594595
/scratchc/nrlab/wang04/ulyses_results_iteration/iteration_3_merge_below_3/cnn_model/cnn14/plasma_tp1_0.1x_model_C1/roc_curve_resnet18_tf_0_1/nested_cv_random/resnet18/repeat_10_fold_5_metrics.csv,4,5,resnet18,all,C1,F1 at 98% Specificity,0.4836065573770491
/scratchc/nrlab/wang04/ulyses_results_iteration/iteration_3_merge_below_3/cnn_model/cnn14/plasma_tp1_0.1x_model_C1/roc_curve_resnet18_tf_0_1/nested_cv_random/resnet18/repeat_10_fold_5_metrics.csv,4,5,resnet18,all,C1,Sensitivity at 95% Specificity,0.5459459459459459
/scratchc/nrlab/wang04/ulyses_results_iteration/iteration_3_merge_below_3/cnn_model/cnn14/plasma_tp1_0.1x_model_C1/roc_curve_resnet18_tf_0_1/nested_cv_random/resnet18/repeat_10_fold_5_metrics.csv,4,5,resnet18,all,C1,PPV at 95% Specificity,0.9805825242718448
/scratchc/nrlab/wang04/ulyses_results_iteration/iteration_3_merge_below_3/cnn_model/cnn14/plasma_tp1_0.1x_model_C1/roc_curve_resnet18_tf_0_1/nested_cv_random/resnet18/repeat_10_fold_5_metrics.csv,4,5,resnet18,all,C1,Accuracy at 95% Specificity,0.7331292229729729
/scratchc/nrlab/wang04/ulyses_results_iteration/iteration_3_merge_below_3/cnn_model/cnn14/plasma_tp1_0.1x_model_C1/roc_curve_resnet18_tf_0_1/nested_cv_random/resnet18/repeat_10_fold_5_metrics.csv,4,5,resnet18,all,C1,F1 at 95% Specificity,0.7013888888888888
/scratchc/nrlab/wang04/ulyses_results_iteration/iteration_3_merge_below_3/cnn_model/cnn14/plasma_tp1_0.1x_model_C1/roc_curve_resnet18_tf_0_1/nested_cv_random/resnet18/repeat_10_fold_5_metrics.csv,5,1,resnet18,all,C1,AUROC,0.9028428093645486
/scratchc/nrlab/wang04/ulyses_results_iteration/iteration_3_merge_below_3/cnn_model/cnn14/plasma_tp1_0.1x_model_C1/roc_curve_resnet18_tf_0_1/nested_cv_random/resnet18/repeat_10_fold_5_metrics.csv,5,1,resnet18,all,C1,AUPRC,0.9657411549769132
/scratchc/nrlab/wang04/ulyses_results_iteration/iteration_3_merge_below_3/cnn_model/cnn14/plasma_tp1_0.1x_model_C1/roc_curve_resnet18_tf_0_1/nested_cv_random/resnet18/repeat_10_fold_5_metrics.csv,5,1,resnet18,all,C1,Sensitivity at 99% Specificity,0.5597826086956522
/scratchc/nrlab/wang04/ulyses_results_iteration/iteration_3_merge_below_3/cnn_model/cnn14/plasma_tp1_0.1x_model_C1/roc_curve_resnet18_tf_0_1/nested_cv_random/resnet18/repeat_10_fold_5_metrics.csv,5,1,resnet18,all,C1,PPV at 99% Specificity,1
/scratchc/nrlab/wang04/ulyses_results_iteration/iteration_3_merge_below_3/cnn_model/cnn14/plasma_tp1_0.1x_model_C1/roc_curve_resnet18_tf_0_1/nested_cv_random/resnet18/repeat_10_fold_5_metrics.csv,5,1,resnet18,all,C1,Accuracy at 99% Specificity,0.774891304347826
/scratchc/nrlab/wang04/ulyses_results_iteration/iteration_3_merge_below_3/cnn_model/cnn14/plasma_tp1_0.1x_model_C1/roc_curve_resnet18_tf_0_1/nested_cv_random/resnet18/repeat_10_fold_5_metrics.csv,5,1,resnet18,all,C1,F1 at 99% Specificity,0.7177700348432056
/scratchc/nrlab/wang04/ulyses_results_iteration/iteration_3_merge_below_3/cnn_model/cnn14/plasma_tp1_0.1x_model_C1/roc_curve_resnet18_tf_0_1/nested_cv_random/resnet18/repeat_10_fold_5_metrics.csv,5,1,resnet18,all,C1,Sensitivity at 98% Specificity,0.5597826086956522
/scratchc/nrlab/wang04/ulyses_results_iteration/iteration_3_merge_below_3/cnn_model/cnn14/plasma_tp1_0.1x_model_C1/roc_curve_resnet18_tf_0_1/nested_cv_random/resnet18/repeat_10_fold_5_metrics.csv,5,1,resnet18,all,C1,PPV at 98% Specificity,1
/scratchc/nrlab/wang04/ulyses_results_iteration/iteration_3_merge_below_3/cnn_model/cnn14/plasma_tp1_0.1x_model_C1/roc_curve_resnet18_tf_0_1/nested_cv_random/resnet18/repeat_10_fold_5_metrics.csv,5,1,resnet18,all,C1,Accuracy at 98% Specificity,0.7698913043478262
/scratchc/nrlab/wang04/ulyses_results_iteration/iteration_3_merge_below_3/cnn_model/cnn14/plasma_tp1_0.1x_model_C1/roc_curve_resnet18_tf_0_1/nested_cv_random/resnet18/repeat_10_fold_5_metrics.csv,5,1,resnet18,all,C1,F1 at 98% Specificity,0.7177700348432056
/scratchc/nrlab/wang04/ulyses_results_iteration/iteration_3_merge_below_3/cnn_model/cnn14/plasma_tp1_0.1x_model_C1/roc_curve_resnet18_tf_0_1/nested_cv_random/resnet18/repeat_10_fold_5_metrics.csv,5,1,resnet18,all,C1,Sensitivity at 95% Specificity,0.5869565217391305
/scratchc/nrlab/wang04/ulyses_results_iteration/iteration_3_merge_below_3/cnn_model/cnn14/plasma_tp1_0.1x_model_C1/roc_curve_resnet18_tf_0_1/nested_cv_random/resnet18/repeat_10_fold_5_metrics.csv,5,1,resnet18,all,C1,PPV at 95% Specificity,0.9818181818181818
/scratchc/nrlab/wang04/ulyses_results_iteration/iteration_3_merge_below_3/cnn_model/cnn14/plasma_tp1_0.1x_model_C1/roc_curve_resnet18_tf_0_1/nested_cv_random/resnet18/repeat_10_fold_5_metrics.csv,5,1,resnet18,all,C1,Accuracy at 95% Specificity,0.7538628762541806
/scratchc/nrlab/wang04/ulyses_results_iteration/iteration_3_merge_below_3/cnn_model/cnn14/plasma_tp1_0.1x_model_C1/roc_curve_resnet18_tf_0_1/nested_cv_random/resnet18/repeat_10_fold_5_metrics.csv,5,1,resnet18,all,C1,F1 at 95% Specificity,0.7346938775510204
/scratchc/nrlab/wang04/ulyses_results_iteration/iteration_3_merge_below_3/cnn_model/cnn14/plasma_tp1_0.1x_model_C1/roc_curve_resnet18_tf_0_1/nested_cv_random/resnet18/repeat_10_fold_5_metrics.csv,5,2,resnet18,all,C1,AUROC,0.8845519993060977
/scratchc/nrlab/wang04/ulyses_results_iteration/iteration_3_merge_below_3/cnn_model/cnn14/plasma_tp1_0.1x_model_C1/roc_curve_resnet18_tf_0_1/nested_cv_random/resnet18/repeat_10_fold_5_metrics.csv,5,2,resnet18,all,C1,AUPRC,0.9504292761388614
/scratchc/nrlab/wang04/ulyses_results_iteration/iteration_3_merge_below_3/cnn_model/cnn14/plasma_tp1_0.1x_model_C1/roc_curve_resnet18_tf_0_1/nested_cv_random/resnet18/repeat_10_fold_5_metrics.csv,5,2,resnet18,all,C1,Sensitivity at 99% Specificity,0.09836065573770492
/scratchc/nrlab/wang04/ulyses_results_iteration/iteration_3_merge_below_3/cnn_model/cnn14/plasma_tp1_0.1x_model_C1/roc_curve_resnet18_tf_0_1/nested_cv_random/resnet18/repeat_10_fold_5_metrics.csv,5,2,resnet18,all,C1,PPV at 99% Specificity,1
/scratchc/nrlab/wang04/ulyses_results_iteration/iteration_3_merge_below_3/cnn_model/cnn14/plasma_tp1_0.1x_model_C1/roc_curve_resnet18_tf_0_1/nested_cv_random/resnet18/repeat_10_fold_5_metrics.csv,5,2,resnet18,all,C1,Accuracy at 99% Specificity,0.5441803278688524
/scratchc/nrlab/wang04/ulyses_results_iteration/iteration_3_merge_below_3/cnn_model/cnn14/plasma_tp1_0.1x_model_C1/roc_curve_resnet18_tf_0_1/nested_cv_random/resnet18/repeat_10_fold_5_metrics.csv,5,2,resnet18,all,C1,F1 at 99% Specificity,0.1791044776119403
/scratchc/nrlab/wang04/ulyses_results_iteration/iteration_3_merge_below_3/cnn_model/cnn14/plasma_tp1_0.1x_model_C1/roc_curve_resnet18_tf_0_1/nested_cv_random/resnet18/repeat_10_fold_5_metrics.csv,5,2,resnet18,all,C1,Sensitivity at 98% Specificity,0.09836065573770492
/scratchc/nrlab/wang04/ulyses_results_iteration/iteration_3_merge_below_3/cnn_model/cnn14/plasma_tp1_0.1x_model_C1/roc_curve_resnet18_tf_0_1/nested_cv_random/resnet18/repeat_10_fold_5_metrics.csv,5,2,resnet18,all,C1,PPV at 98% Specificity,1
/scratchc/nrlab/wang04/ulyses_results_iteration/iteration_3_merge_below_3/cnn_model/cnn14/plasma_tp1_0.1x_model_C1/roc_curve_resnet18_tf_0_1/nested_cv_random/resnet18/repeat_10_fold_5_metrics.csv,5,2,resnet18,all,C1,Accuracy at 98% Specificity,0.5391803278688525
/scratchc/nrlab/wang04/ulyses_results_iteration/iteration_3_merge_below_3/cnn_model/cnn14/plasma_tp1_0.1x_model_C1/roc_curve_resnet18_tf_0_1/nested_cv_random/resnet18/repeat_10_fold_5_metrics.csv,5,2,resnet18,all,C1,F1 at 98% Specificity,0.1791044776119403
/scratchc/nrlab/wang04/ulyses_results_iteration/iteration_3_merge_below_3/cnn_model/cnn14/plasma_tp1_0.1x_model_C1/roc_curve_resnet18_tf_0_1/nested_cv_random/resnet18/repeat_10_fold_5_metrics.csv,5,2,resnet18,all,C1,Sensitivity at 95% Specificity,0.45901639344262296
/scratchc/nrlab/wang04/ulyses_results_iteration/iteration_3_merge_below_3/cnn_model/cnn14/plasma_tp1_0.1x_model_C1/roc_curve_resnet18_tf_0_1/nested_cv_random/resnet18/repeat_10_fold_5_metrics.csv,5,2,resnet18,all,C1,PPV at 95% Specificity,0.9767441860465116
/scratchc/nrlab/wang04/ulyses_results_iteration/iteration_3_merge_below_3/cnn_model/cnn14/plasma_tp1_0.1x_model_C1/roc_curve_resnet18_tf_0_1/nested_cv_random/resnet18/repeat_10_fold_5_metrics.csv,5,2,resnet18,all,C1,Accuracy at 95% Specificity,0.6894288316419463
/scratchc/nrlab/wang04/ulyses_results_iteration/iteration_3_merge_below_3/cnn_model/cnn14/plasma_tp1_0.1x_model_C1/roc_curve_resnet18_tf_0_1/nested_cv_random/resnet18/repeat_10_fold_5_metrics.csv,5,2,resnet18,all,C1,F1 at 95% Specificity,0.6245353159851301
/scratchc/nrlab/wang04/ulyses_results_iteration/iteration_3_merge_below_3/cnn_model/cnn14/plasma_tp1_0.1x_model_C1/roc_curve_resnet18_tf_0_1/nested_cv_random/resnet18/repeat_10_fold_5_metrics.csv,5,3,resnet18,all,C1,AUROC,0.9070291003085134
/scratchc/nrlab/wang04/ulyses_results_iteration/iteration_3_merge_below_3/cnn_model/cnn14/plasma_tp1_0.1x_model_C1/roc_curve_resnet18_tf_0_1/nested_cv_random/resnet18/repeat_10_fold_5_metrics.csv,5,3,resnet18,all,C1,AUPRC,0.9656407117113972
/scratchc/nrlab/wang04/ulyses_results_iteration/iteration_3_merge_below_3/cnn_model/cnn14/plasma_tp1_0.1x_model_C1/roc_curve_resnet18_tf_0_1/nested_cv_random/resnet18/repeat_10_fold_5_metrics.csv,5,3,resnet18,all,C1,Sensitivity at 99% Specificity,0.547486033519553
/scratchc/nrlab/wang04/ulyses_results_iteration/iteration_3_merge_below_3/cnn_model/cnn14/plasma_tp1_0.1x_model_C1/roc_curve_resnet18_tf_0_1/nested_cv_random/resnet18/repeat_10_fold_5_metrics.csv,5,3,resnet18,all,C1,PPV at 99% Specificity,1
/scratchc/nrlab/wang04/ulyses_results_iteration/iteration_3_merge_below_3/cnn_model/cnn14/plasma_tp1_0.1x_model_C1/roc_curve_resnet18_tf_0_1/nested_cv_random/resnet18/repeat_10_fold_5_metrics.csv,5,3,resnet18,all,C1,Accuracy at 99% Specificity,0.7687430167597765
/scratchc/nrlab/wang04/ulyses_results_iteration/iteration_3_merge_below_3/cnn_model/cnn14/plasma_tp1_0.1x_model_C1/roc_curve_resnet18_tf_0_1/nested_cv_random/resnet18/repeat_10_fold_5_metrics.csv,5,3,resnet18,all,C1,F1 at 99% Specificity,0.7075812274368231
/scratchc/nrlab/wang04/ulyses_results_iteration/iteration_3_merge_below_3/cnn_model/cnn14/plasma_tp1_0.1x_model_C1/roc_curve_resnet18_tf_0_1/nested_cv_random/resnet18/repeat_10_fold_5_metrics.csv,5,3,resnet18,all,C1,Sensitivity at 98% Specificity,0.547486033519553
/scratchc/nrlab/wang04/ulyses_results_iteration/iteration_3_merge_below_3/cnn_model/cnn14/plasma_tp1_0.1x_model_C1/roc_curve_resnet18_tf_0_1/nested_cv_random/resnet18/repeat_10_fold_5_metrics.csv,5,3,resnet18,all,C1,PPV at 98% Specificity,1
/scratchc/nrlab/wang04/ulyses_results_iteration/iteration_3_merge_below_3/cnn_model/cnn14/plasma_tp1_0.1x_model_C1/roc_curve_resnet18_tf_0_1/nested_cv_random/resnet18/repeat_10_fold_5_metrics.csv,5,3,resnet18,all,C1,Accuracy at 98% Specificity,0.7637430167597765
/scratchc/nrlab/wang04/ulyses_results_iteration/iteration_3_merge_below_3/cnn_model/cnn14/plasma_tp1_0.1x_model_C1/roc_curve_resnet18_tf_0_1/nested_cv_random/resnet18/repeat_10_fold_5_metrics.csv,5,3,resnet18,all,C1,F1 at 98% Specificity,0.7075812274368231
/scratchc/nrlab/wang04/ulyses_results_iteration/iteration_3_merge_below_3/cnn_model/cnn14/plasma_tp1_0.1x_model_C1/roc_curve_resnet18_tf_0_1/nested_cv_random/resnet18/repeat_10_fold_5_metrics.csv,5,3,resnet18,all,C1,Sensitivity at 95% Specificity,0.6424581005586593
/scratchc/nrlab/wang04/ulyses_results_iteration/iteration_3_merge_below_3/cnn_model/cnn14/plasma_tp1_0.1x_model_C1/roc_curve_resnet18_tf_0_1/nested_cv_random/resnet18/repeat_10_fold_5_metrics.csv,5,3,resnet18,all,C1,PPV at 95% Specificity,0.9829059829059827
/scratchc/nrlab/wang04/ulyses_results_iteration/iteration_3_merge_below_3/cnn_model/cnn14/plasma_tp1_0.1x_model_C1/roc_curve_resnet18_tf_0_1/nested_cv_random/resnet18/repeat_10_fold_5_metrics.csv,5,3,resnet18,all,C1,Accuracy at 95% Specificity,0.7820499458017176
/scratchc/nrlab/wang04/ulyses_results_iteration/iteration_3_merge_below_3/cnn_model/cnn14/plasma_tp1_0.1x_model_C1/roc_curve_resnet18_tf_0_1/nested_cv_random/resnet18/repeat_10_fold_5_metrics.csv,5,3,resnet18,all,C1,F1 at 95% Specificity,0.777027027027027
/scratchc/nrlab/wang04/ulyses_results_iteration/iteration_3_merge_below_3/cnn_model/cnn14/plasma_tp1_0.1x_model_C1/roc_curve_resnet18_tf_0_1/nested_cv_random/resnet18/repeat_10_fold_5_metrics.csv,5,4,resnet18,all,C1,AUROC,0.92240067624683
/scratchc/nrlab/wang04/ulyses_results_iteration/iteration_3_merge_below_3/cnn_model/cnn14/plasma_tp1_0.1x_model_C1/roc_curve_resnet18_tf_0_1/nested_cv_random/resnet18/repeat_10_fold_5_metrics.csv,5,4,resnet18,all,C1,AUPRC,0.9712035086601456
/scratchc/nrlab/wang04/ulyses_results_iteration/iteration_3_merge_below_3/cnn_model/cnn14/plasma_tp1_0.1x_model_C1/roc_curve_resnet18_tf_0_1/nested_cv_random/resnet18/repeat_10_fold_5_metrics.csv,5,4,resnet18,all,C1,Sensitivity at 99% Specificity,0.5439560439560439
/scratchc/nrlab/wang04/ulyses_results_iteration/iteration_3_merge_below_3/cnn_model/cnn14/plasma_tp1_0.1x_model_C1/roc_curve_resnet18_tf_0_1/nested_cv_random/resnet18/repeat_10_fold_5_metrics.csv,5,4,resnet18,all,C1,PPV at 99% Specificity,1
/scratchc/nrlab/wang04/ulyses_results_iteration/iteration_3_merge_below_3/cnn_model/cnn14/plasma_tp1_0.1x_model_C1/roc_curve_resnet18_tf_0_1/nested_cv_random/resnet18/repeat_10_fold_5_metrics.csv,5,4,resnet18,all,C1,Accuracy at 99% Specificity,0.766978021978022
/scratchc/nrlab/wang04/ulyses_results_iteration/iteration_3_merge_below_3/cnn_model/cnn14/plasma_tp1_0.1x_model_C1/roc_curve_resnet18_tf_0_1/nested_cv_random/resnet18/repeat_10_fold_5_metrics.csv,5,4,resnet18,all,C1,F1 at 99% Specificity,0.7046263345195729
/scratchc/nrlab/wang04/ulyses_results_iteration/iteration_3_merge_below_3/cnn_model/cnn14/plasma_tp1_0.1x_model_C1/roc_curve_resnet18_tf_0_1/nested_cv_random/resnet18/repeat_10_fold_5_metrics.csv,5,4,resnet18,all,C1,Sensitivity at 98% Specificity,0.5439560439560439
/scratchc/nrlab/wang04/ulyses_results_iteration/iteration_3_merge_below_3/cnn_model/cnn14/plasma_tp1_0.1x_model_C1/roc_curve_resnet18_tf_0_1/nested_cv_random/resnet18/repeat_10_fold_5_metrics.csv,5,4,resnet18,all,C1,PPV at 98% Specificity,1
/scratchc/nrlab/wang04/ulyses_results_iteration/iteration_3_merge_below_3/cnn_model/cnn14/plasma_tp1_0.1x_model_C1/roc_curve_resnet18_tf_0_1/nested_cv_random/resnet18/repeat_10_fold_5_metrics.csv,5,4,resnet18,all,C1,Accuracy at 98% Specificity,0.7619780219780219
/scratchc/nrlab/wang04/ulyses_results_iteration/iteration_3_merge_below_3/cnn_model/cnn14/plasma_tp1_0.1x_model_C1/roc_curve_resnet18_tf_0_1/nested_cv_random/resnet18/repeat_10_fold_5_metrics.csv,5,4,resnet18,all,C1,F1 at 98% Specificity,0.7046263345195729
/scratchc/nrlab/wang04/ulyses_results_iteration/iteration_3_merge_below_3/cnn_model/cnn14/plasma_tp1_0.1x_model_C1/roc_curve_resnet18_tf_0_1/nested_cv_random/resnet18/repeat_10_fold_5_metrics.csv,5,4,resnet18,all,C1,Sensitivity at 95% Specificity,0.6428571428571429
/scratchc/nrlab/wang04/ulyses_results_iteration/iteration_3_merge_below_3/cnn_model/cnn14/plasma_tp1_0.1x_model_C1/roc_curve_resnet18_tf_0_1/nested_cv_random/resnet18/repeat_10_fold_5_metrics.csv,5,4,resnet18,all,C1,PPV at 95% Specificity,0.9831932773109244
/scratchc/nrlab/wang04/ulyses_results_iteration/iteration_3_merge_below_3/cnn_model/cnn14/plasma_tp1_0.1x_model_C1/roc_curve_resnet18_tf_0_1/nested_cv_random/resnet18/repeat_10_fold_5_metrics.csv,5,4,resnet18,all,C1,Accuracy at 95% Specificity,0.7818131868131868
/scratchc/nrlab/wang04/ulyses_results_iteration/iteration_3_merge_below_3/cnn_model/cnn14/plasma_tp1_0.1x_model_C1/roc_curve_resnet18_tf_0_1/nested_cv_random/resnet18/repeat_10_fold_5_metrics.csv,5,4,resnet18,all,C1,F1 at 95% Specificity,0.7774086378737541
/scratchc/nrlab/wang04/ulyses_results_iteration/iteration_3_merge_below_3/cnn_model/cnn14/plasma_tp1_0.1x_model_C1/roc_curve_resnet18_tf_0_1/nested_cv_random/resnet18/repeat_10_fold_5_metrics.csv,5,5,resnet18,all,C1,AUROC,0.8977424749163879
/scratchc/nrlab/wang04/ulyses_results_iteration/iteration_3_merge_below_3/cnn_model/cnn14/plasma_tp1_0.1x_model_C1/roc_curve_resnet18_tf_0_1/nested_cv_random/resnet18/repeat_10_fold_5_metrics.csv,5,5,resnet18,all,C1,AUPRC,0.963730396161397
/scratchc/nrlab/wang04/ulyses_results_iteration/iteration_3_merge_below_3/cnn_model/cnn14/plasma_tp1_0.1x_model_C1/roc_curve_resnet18_tf_0_1/nested_cv_random/resnet18/repeat_10_fold_5_metrics.csv,5,5,resnet18,all,C1,Sensitivity at 99% Specificity,0.4673913043478261
/scratchc/nrlab/wang04/ulyses_results_iteration/iteration_3_merge_below_3/cnn_model/cnn14/plasma_tp1_0.1x_model_C1/roc_curve_resnet18_tf_0_1/nested_cv_random/resnet18/repeat_10_fold_5_metrics.csv,5,5,resnet18,all,C1,PPV at 99% Specificity,1
/scratchc/nrlab/wang04/ulyses_results_iteration/iteration_3_merge_below_3/cnn_model/cnn14/plasma_tp1_0.1x_model_C1/roc_curve_resnet18_tf_0_1/nested_cv_random/resnet18/repeat_10_fold_5_metrics.csv,5,5,resnet18,all,C1,Accuracy at 99% Specificity,0.7286956521739131
/scratchc/nrlab/wang04/ulyses_results_iteration/iteration_3_merge_below_3/cnn_model/cnn14/plasma_tp1_0.1x_model_C1/roc_curve_resnet18_tf_0_1/nested_cv_random/resnet18/repeat_10_fold_5_metrics.csv,5,5,resnet18,all,C1,F1 at 99% Specificity,0.6370370370370371
/scratchc/nrlab/wang04/ulyses_results_iteration/iteration_3_merge_below_3/cnn_model/cnn14/plasma_tp1_0.1x_model_C1/roc_curve_resnet18_tf_0_1/nested_cv_random/resnet18/repeat_10_fold_5_metrics.csv,5,5,resnet18,all,C1,Sensitivity at 98% Specificity,0.4673913043478261
/scratchc/nrlab/wang04/ulyses_results_iteration/iteration_3_merge_below_3/cnn_model/cnn14/plasma_tp1_0.1x_model_C1/roc_curve_resnet18_tf_0_1/nested_cv_random/resnet18/repeat_10_fold_5_metrics.csv,5,5,resnet18,all,C1,PPV at 98% Specificity,1
/scratchc/nrlab/wang04/ulyses_results_iteration/iteration_3_merge_below_3/cnn_model/cnn14/plasma_tp1_0.1x_model_C1/roc_curve_resnet18_tf_0_1/nested_cv_random/resnet18/repeat_10_fold_5_metrics.csv,5,5,resnet18,all,C1,Accuracy at 98% Specificity,0.7236956521739131
/scratchc/nrlab/wang04/ulyses_results_iteration/iteration_3_merge_below_3/cnn_model/cnn14/plasma_tp1_0.1x_model_C1/roc_curve_resnet18_tf_0_1/nested_cv_random/resnet18/repeat_10_fold_5_metrics.csv,5,5,resnet18,all,C1,F1 at 98% Specificity,0.6370370370370371
/scratchc/nrlab/wang04/ulyses_results_iteration/iteration_3_merge_below_3/cnn_model/cnn14/plasma_tp1_0.1x_model_C1/roc_curve_resnet18_tf_0_1/nested_cv_random/resnet18/repeat_10_fold_5_metrics.csv,5,5,resnet18,all,C1,Sensitivity at 95% Specificity,0.6847826086956522
/scratchc/nrlab/wang04/ulyses_results_iteration/iteration_3_merge_below_3/cnn_model/cnn14/plasma_tp1_0.1x_model_C1/roc_curve_resnet18_tf_0_1/nested_cv_random/resnet18/repeat_10_fold_5_metrics.csv,5,5,resnet18,all,C1,PPV at 95% Specificity,0.9767441860465116
/scratchc/nrlab/wang04/ulyses_results_iteration/iteration_3_merge_below_3/cnn_model/cnn14/plasma_tp1_0.1x_model_C1/roc_curve_resnet18_tf_0_1/nested_cv_random/resnet18/repeat_10_fold_5_metrics.csv,5,5,resnet18,all,C1,Accuracy at 95% Specificity,0.7954682274247492
/scratchc/nrlab/wang04/ulyses_results_iteration/iteration_3_merge_below_3/cnn_model/cnn14/plasma_tp1_0.1x_model_C1/roc_curve_resnet18_tf_0_1/nested_cv_random/resnet18/repeat_10_fold_5_metrics.csv,5,5,resnet18,all,C1,F1 at 95% Specificity,0.805111821086262
/scratchc/nrlab/wang04/ulyses_results_iteration/iteration_3_merge_below_3/cnn_model/cnn14/plasma_tp1_0.1x_model_C1/roc_curve_resnet18_tf_0_1/nested_cv_random/resnet18/repeat_10_fold_5_metrics.csv,6,1,resnet18,all,C1,AUROC,0.8850707850707851
/scratchc/nrlab/wang04/ulyses_results_iteration/iteration_3_merge_below_3/cnn_model/cnn14/plasma_tp1_0.1x_model_C1/roc_curve_resnet18_tf_0_1/nested_cv_random/resnet18/repeat_10_fold_5_metrics.csv,6,1,resnet18,all,C1,AUPRC,0.938200436757037
/scratchc/nrlab/wang04/ulyses_results_iteration/iteration_3_merge_below_3/cnn_model/cnn14/plasma_tp1_0.1x_model_C1/roc_curve_resnet18_tf_0_1/nested_cv_random/resnet18/repeat_10_fold_5_metrics.csv,6,1,resnet18,all,C1,Sensitivity at 99% Specificity,0.0054054054054054
/scratchc/nrlab/wang04/ulyses_results_iteration/iteration_3_merge_below_3/cnn_model/cnn14/plasma_tp1_0.1x_model_C1/roc_curve_resnet18_tf_0_1/nested_cv_random/resnet18/repeat_10_fold_5_metrics.csv,6,1,resnet18,all,C1,PPV at 99% Specificity,0
/scratchc/nrlab/wang04/ulyses_results_iteration/iteration_3_merge_below_3/cnn_model/cnn14/plasma_tp1_0.1x_model_C1/roc_curve_resnet18_tf_0_1/nested_cv_random/resnet18/repeat_10_fold_5_metrics.csv,6,1,resnet18,all,C1,Accuracy at 99% Specificity,0.495
/scratchc/nrlab/wang04/ulyses_results_iteration/iteration_3_merge_below_3/cnn_model/cnn14/plasma_tp1_0.1x_model_C1/roc_curve_resnet18_tf_0_1/nested_cv_random/resnet18/repeat_10_fold_5_metrics.csv,6,1,resnet18,all,C1,F1 at 99% Specificity,0
/scratchc/nrlab/wang04/ulyses_results_iteration/iteration_3_merge_below_3/cnn_model/cnn14/plasma_tp1_0.1x_model_C1/roc_curve_resnet18_tf_0_1/nested_cv_random/resnet18/repeat_10_fold_5_metrics.csv,6,1,resnet18,all,C1,Sensitivity at 98% Specificity,0.0054054054054054
/scratchc/nrlab/wang04/ulyses_results_iteration/iteration_3_merge_below_3/cnn_model/cnn14/plasma_tp1_0.1x_model_C1/roc_curve_resnet18_tf_0_1/nested_cv_random/resnet18/repeat_10_fold_5_metrics.csv,6,1,resnet18,all,C1,PPV at 98% Specificity,0
/scratchc/nrlab/wang04/ulyses_results_iteration/iteration_3_merge_below_3/cnn_model/cnn14/plasma_tp1_0.1x_model_C1/roc_curve_resnet18_tf_0_1/nested_cv_random/resnet18/repeat_10_fold_5_metrics.csv,6,1,resnet18,all,C1,Accuracy at 98% Specificity,0.49
/scratchc/nrlab/wang04/ulyses_results_iteration/iteration_3_merge_below_3/cnn_model/cnn14/plasma_tp1_0.1x_model_C1/roc_curve_resnet18_tf_0_1/nested_cv_random/resnet18/repeat_10_fold_5_metrics.csv,6,1,resnet18,all,C1,F1 at 98% Specificity,0
/scratchc/nrlab/wang04/ulyses_results_iteration/iteration_3_merge_below_3/cnn_model/cnn14/plasma_tp1_0.1x_model_C1/roc_curve_resnet18_tf_0_1/nested_cv_random/resnet18/repeat_10_fold_5_metrics.csv,6,1,resnet18,all,C1,Sensitivity at 95% Specificity,0.4594594594594595
/scratchc/nrlab/wang04/ulyses_results_iteration/iteration_3_merge_below_3/cnn_model/cnn14/plasma_tp1_0.1x_model_C1/roc_curve_resnet18_tf_0_1/nested_cv_random/resnet18/repeat_10_fold_5_metrics.csv,6,1,resnet18,all,C1,PPV at 95% Specificity,0.9770114942528736
/scratchc/nrlab/wang04/ulyses_results_iteration/iteration_3_merge_below_3/cnn_model/cnn14/plasma_tp1_0.1x_model_C1/roc_curve_resnet18_tf_0_1/nested_cv_random/resnet18/repeat_10_fold_5_metrics.csv,6,1,resnet18,all,C1,Accuracy at 95% Specificity,0.6896503646503647
/scratchc/nrlab/wang04/ulyses_results_iteration/iteration_3_merge_below_3/cnn_model/cnn14/plasma_tp1_0.1x_model_C1/roc_curve_resnet18_tf_0_1/nested_cv_random/resnet18/repeat_10_fold_5_metrics.csv,6,1,resnet18,all,C1,F1 at 95% Specificity,0.625
/scratchc/nrlab/wang04/ulyses_results_iteration/iteration_3_merge_below_3/cnn_model/cnn14/plasma_tp1_0.1x_model_C1/roc_curve_resnet18_tf_0_1/nested_cv_random/resnet18/repeat_10_fold_5_metrics.csv,6,2,resnet18,all,C1,AUROC,0.8956043956043954
/scratchc/nrlab/wang04/ulyses_results_iteration/iteration_3_merge_below_3/cnn_model/cnn14/plasma_tp1_0.1x_model_C1/roc_curve_resnet18_tf_0_1/nested_cv_random/resnet18/repeat_10_fold_5_metrics.csv,6,2,resnet18,all,C1,AUPRC,0.961980000469227
/scratchc/nrlab/wang04/ulyses_results_iteration/iteration_3_merge_below_3/cnn_model/cnn14/plasma_tp1_0.1x_model_C1/roc_curve_resnet18_tf_0_1/nested_cv_random/resnet18/repeat_10_fold_5_metrics.csv,6,2,resnet18,all,C1,Sensitivity at 99% Specificity,0.489010989010989
/scratchc/nrlab/wang04/ulyses_results_iteration/iteration_3_merge_below_3/cnn_model/cnn14/plasma_tp1_0.1x_model_C1/roc_curve_resnet18_tf_0_1/nested_cv_random/resnet18/repeat_10_fold_5_metrics.csv,6,2,resnet18,all,C1,PPV at 99% Specificity,1
/scratchc/nrlab/wang04/ulyses_results_iteration/iteration_3_merge_below_3/cnn_model/cnn14/plasma_tp1_0.1x_model_C1/roc_curve_resnet18_tf_0_1/nested_cv_random/resnet18/repeat_10_fold_5_metrics.csv,6,2,resnet18,all,C1,Accuracy at 99% Specificity,0.7395054945054945
/scratchc/nrlab/wang04/ulyses_results_iteration/iteration_3_merge_below_3/cnn_model/cnn14/plasma_tp1_0.1x_model_C1/roc_curve_resnet18_tf_0_1/nested_cv_random/resnet18/repeat_10_fold_5_metrics.csv,6,2,resnet18,all,C1,F1 at 99% Specificity,0.6568265682656826
/scratchc/nrlab/wang04/ulyses_results_iteration/iteration_3_merge_below_3/cnn_model/cnn14/plasma_tp1_0.1x_model_C1/roc_curve_resnet18_tf_0_1/nested_cv_random/resnet18/repeat_10_fold_5_metrics.csv,6,2,resnet18,all,C1,Sensitivity at 98% Specificity,0.489010989010989
/scratchc/nrlab/wang04/ulyses_results_iteration/iteration_3_merge_below_3/cnn_model/cnn14/plasma_tp1_0.1x_model_C1/roc_curve_resnet18_tf_0_1/nested_cv_random/resnet18/repeat_10_fold_5_metrics.csv,6,2,resnet18,all,C1,PPV at 98% Specificity,1
/scratchc/nrlab/wang04/ulyses_results_iteration/iteration_3_merge_below_3/cnn_model/cnn14/plasma_tp1_0.1x_model_C1/roc_curve_resnet18_tf_0_1/nested_cv_random/resnet18/repeat_10_fold_5_metrics.csv,6,2,resnet18,all,C1,Accuracy at 98% Specificity,0.7345054945054945
/scratchc/nrlab/wang04/ulyses_results_iteration/iteration_3_merge_below_3/cnn_model/cnn14/plasma_tp1_0.1x_model_C1/roc_curve_resnet18_tf_0_1/nested_cv_random/resnet18/repeat_10_fold_5_metrics.csv,6,2,resnet18,all,C1,F1 at 98% Specificity,0.6568265682656826
/scratchc/nrlab/wang04/ulyses_results_iteration/iteration_3_merge_below_3/cnn_model/cnn14/plasma_tp1_0.1x_model_C1/roc_curve_resnet18_tf_0_1/nested_cv_random/resnet18/repeat_10_fold_5_metrics.csv,6,2,resnet18,all,C1,Sensitivity at 95% Specificity,0.5989010989010989
/scratchc/nrlab/wang04/ulyses_results_iteration/iteration_3_merge_below_3/cnn_model/cnn14/plasma_tp1_0.1x_model_C1/roc_curve_resnet18_tf_0_1/nested_cv_random/resnet18/repeat_10_fold_5_metrics.csv,6,2,resnet18,all,C1,PPV at 95% Specificity,0.981981981981982
/scratchc/nrlab/wang04/ulyses_results_iteration/iteration_3_merge_below_3/cnn_model/cnn14/plasma_tp1_0.1x_model_C1/roc_curve_resnet18_tf_0_1/nested_cv_random/resnet18/repeat_10_fold_5_metrics.csv,6,2,resnet18,all,C1,Accuracy at 95% Specificity,0.7598351648351648
/scratchc/nrlab/wang04/ulyses_results_iteration/iteration_3_merge_below_3/cnn_model/cnn14/plasma_tp1_0.1x_model_C1/roc_curve_resnet18_tf_0_1/nested_cv_random/resnet18/repeat_10_fold_5_metrics.csv,6,2,resnet18,all,C1,F1 at 95% Specificity,0.7440273037542662
/scratchc/nrlab/wang04/ulyses_results_iteration/iteration_3_merge_below_3/cnn_model/cnn14/plasma_tp1_0.1x_model_C1/roc_curve_resnet18_tf_0_1/nested_cv_random/resnet18/repeat_10_fold_5_metrics.csv,6,3,resnet18,all,C1,AUROC,0.917952314165498
/scratchc/nrlab/wang04/ulyses_results_iteration/iteration_3_merge_below_3/cnn_model/cnn14/plasma_tp1_0.1x_model_C1/roc_curve_resnet18_tf_0_1/nested_cv_random/resnet18/repeat_10_fold_5_metrics.csv,6,3,resnet18,all,C1,AUPRC,0.9719157421514708
/scratchc/nrlab/wang04/ulyses_results_iteration/iteration_3_merge_below_3/cnn_model/cnn14/plasma_tp1_0.1x_model_C1/roc_curve_resnet18_tf_0_1/nested_cv_random/resnet18/repeat_10_fold_5_metrics.csv,6,3,resnet18,all,C1,Sensitivity at 99% Specificity,0.5869565217391305
/scratchc/nrlab/wang04/ulyses_results_iteration/iteration_3_merge_below_3/cnn_model/cnn14/plasma_tp1_0.1x_model_C1/roc_curve_resnet18_tf_0_1/nested_cv_random/resnet18/repeat_10_fold_5_metrics.csv,6,3,resnet18,all,C1,PPV at 99% Specificity,1
/scratchc/nrlab/wang04/ulyses_results_iteration/iteration_3_merge_below_3/cnn_model/cnn14/plasma_tp1_0.1x_model_C1/roc_curve_resnet18_tf_0_1/nested_cv_random/resnet18/repeat_10_fold_5_metrics.csv,6,3,resnet18,all,C1,Accuracy at 99% Specificity,0.7884782608695653
/scratchc/nrlab/wang04/ulyses_results_iteration/iteration_3_merge_below_3/cnn_model/cnn14/plasma_tp1_0.1x_model_C1/roc_curve_resnet18_tf_0_1/nested_cv_random/resnet18/repeat_10_fold_5_metrics.csv,6,3,resnet18,all,C1,F1 at 99% Specificity,0.7397260273972602
/scratchc/nrlab/wang04/ulyses_results_iteration/iteration_3_merge_below_3/cnn_model/cnn14/plasma_tp1_0.1x_model_C1/roc_curve_resnet18_tf_0_1/nested_cv_random/resnet18/repeat_10_fold_5_metrics.csv,6,3,resnet18,all,C1,Sensitivity at 98% Specificity,0.5869565217391305
/scratchc/nrlab/wang04/ulyses_results_iteration/iteration_3_merge_below_3/cnn_model/cnn14/plasma_tp1_0.1x_model_C1/roc_curve_resnet18_tf_0_1/nested_cv_random/resnet18/repeat_10_fold_5_metrics.csv,6,3,resnet18,all,C1,PPV at 98% Specificity,1
/scratchc/nrlab/wang04/ulyses_results_iteration/iteration_3_merge_below_3/cnn_model/cnn14/plasma_tp1_0.1x_model_C1/roc_curve_resnet18_tf_0_1/nested_cv_random/resnet18/repeat_10_fold_5_metrics.csv,6,3,resnet18,all,C1,Accuracy at 98% Specificity,0.7834782608695652
/scratchc/nrlab/wang04/ulyses_results_iteration/iteration_3_merge_below_3/cnn_model/cnn14/plasma_tp1_0.1x_model_C1/roc_curve_resnet18_tf_0_1/nested_cv_random/resnet18/repeat_10_fold_5_metrics.csv,6,3,resnet18,all,C1,F1 at 98% Specificity,0.7397260273972602
/scratchc/nrlab/wang04/ulyses_results_iteration/iteration_3_merge_below_3/cnn_model/cnn14/plasma_tp1_0.1x_model_C1/roc_curve_resnet18_tf_0_1/nested_cv_random/resnet18/repeat_10_fold_5_metrics.csv,6,3,resnet18,all,C1,Sensitivity at 95% Specificity,0.6630434782608695
/scratchc/nrlab/wang04/ulyses_results_iteration/iteration_3_merge_below_3/cnn_model/cnn14/plasma_tp1_0.1x_model_C1/roc_curve_resnet18_tf_0_1/nested_cv_random/resnet18/repeat_10_fold_5_metrics.csv,6,3,resnet18,all,C1,PPV at 95% Specificity,0.9838709677419356
/scratchc/nrlab/wang04/ulyses_results_iteration/iteration_3_merge_below_3/cnn_model/cnn14/plasma_tp1_0.1x_model_C1/roc_curve_resnet18_tf_0_1/nested_cv_random/resnet18/repeat_10_fold_5_metrics.csv,6,3,resnet18,all,C1,Accuracy at 95% Specificity,0.7911991584852734
/scratchc/nrlab/wang04/ulyses_results_iteration/iteration_3_merge_below_3/cnn_model/cnn14/plasma_tp1_0.1x_model_C1/roc_curve_resnet18_tf_0_1/nested_cv_random/resnet18/repeat_10_fold_5_metrics.csv,6,3,resnet18,all,C1,F1 at 95% Specificity,0.7922077922077922
/scratchc/nrlab/wang04/ulyses_results_iteration/iteration_3_merge_below_3/cnn_model/cnn14/plasma_tp1_0.1x_model_C1/roc_curve_resnet18_tf_0_1/nested_cv_random/resnet18/repeat_10_fold_5_metrics.csv,6,4,resnet18,all,C1,AUROC,0.8808904777380565
/scratchc/nrlab/wang04/ulyses_results_iteration/iteration_3_merge_below_3/cnn_model/cnn14/plasma_tp1_0.1x_model_C1/roc_curve_resnet18_tf_0_1/nested_cv_random/resnet18/repeat_10_fold_5_metrics.csv,6,4,resnet18,all,C1,AUPRC,0.9553550520090048
/scratchc/nrlab/wang04/ulyses_results_iteration/iteration_3_merge_below_3/cnn_model/cnn14/plasma_tp1_0.1x_model_C1/roc_curve_resnet18_tf_0_1/nested_cv_random/resnet18/repeat_10_fold_5_metrics.csv,6,4,resnet18,all,C1,Sensitivity at 99% Specificity,0.39226519337016574
/scratchc/nrlab/wang04/ulyses_results_iteration/iteration_3_merge_below_3/cnn_model/cnn14/plasma_tp1_0.1x_model_C1/roc_curve_resnet18_tf_0_1/nested_cv_random/resnet18/repeat_10_fold_5_metrics.csv,6,4,resnet18,all,C1,PPV at 99% Specificity,1
/scratchc/nrlab/wang04/ulyses_results_iteration/iteration_3_merge_below_3/cnn_model/cnn14/plasma_tp1_0.1x_model_C1/roc_curve_resnet18_tf_0_1/nested_cv_random/resnet18/repeat_10_fold_5_metrics.csv,6,4,resnet18,all,C1,Accuracy at 99% Specificity,0.6911325966850829
/scratchc/nrlab/wang04/ulyses_results_iteration/iteration_3_merge_below_3/cnn_model/cnn14/plasma_tp1_0.1x_model_C1/roc_curve_resnet18_tf_0_1/nested_cv_random/resnet18/repeat_10_fold_5_metrics.csv,6,4,resnet18,all,C1,F1 at 99% Specificity,0.5634920634920635
/scratchc/nrlab/wang04/ulyses_results_iteration/iteration_3_merge_below_3/cnn_model/cnn14/plasma_tp1_0.1x_model_C1/roc_curve_resnet18_tf_0_1/nested_cv_random/resnet18/repeat_10_fold_5_metrics.csv,6,4,resnet18,all,C1,Sensitivity at 98% Specificity,0.39226519337016574
/scratchc/nrlab/wang04/ulyses_results_iteration/iteration_3_merge_below_3/cnn_model/cnn14/plasma_tp1_0.1x_model_C1/roc_curve_resnet18_tf_0_1/nested_cv_random/resnet18/repeat_10_fold_5_metrics.csv,6,4,resnet18,all,C1,PPV at 98% Specificity,1
/scratchc/nrlab/wang04/ulyses_results_iteration/iteration_3_merge_below_3/cnn_model/cnn14/plasma_tp1_0.1x_model_C1/roc_curve_resnet18_tf_0_1/nested_cv_random/resnet18/repeat_10_fold_5_metrics.csv,6,4,resnet18,all,C1,Accuracy at 98% Specificity,0.6861325966850829
/scratchc/nrlab/wang04/ulyses_results_iteration/iteration_3_merge_below_3/cnn_model/cnn14/plasma_tp1_0.1x_model_C1/roc_curve_resnet18_tf_0_1/nested_cv_random/resnet18/repeat_10_fold_5_metrics.csv,6,4,resnet18,all,C1,F1 at 98% Specificity,0.5634920634920635
/scratchc/nrlab/wang04/ulyses_results_iteration/iteration_3_merge_below_3/cnn_model/cnn14/plasma_tp1_0.1x_model_C1/roc_curve_resnet18_tf_0_1/nested_cv_random/resnet18/repeat_10_fold_5_metrics.csv,6,4,resnet18,all,C1,Sensitivity at 95% Specificity,0.6187845303867403
/scratchc/nrlab/wang04/ulyses_results_iteration/iteration_3_merge_below_3/cnn_model/cnn14/plasma_tp1_0.1x_model_C1/roc_curve_resnet18_tf_0_1/nested_cv_random/resnet18/repeat_10_fold_5_metrics.csv,6,4,resnet18,all,C1,PPV at 95% Specificity,0.9824561403508772
/scratchc/nrlab/wang04/ulyses_results_iteration/iteration_3_merge_below_3/cnn_model/cnn14/plasma_tp1_0.1x_model_C1/roc_curve_resnet18_tf_0_1/nested_cv_random/resnet18/repeat_10_fold_5_metrics.csv,6,4,resnet18,all,C1,Accuracy at 95% Specificity,0.7704216769580761
/scratchc/nrlab/wang04/ulyses_results_iteration/iteration_3_merge_below_3/cnn_model/cnn14/plasma_tp1_0.1x_model_C1/roc_curve_resnet18_tf_0_1/nested_cv_random/resnet18/repeat_10_fold_5_metrics.csv,6,4,resnet18,all,C1,F1 at 95% Specificity,0.7593220338983051
/scratchc/nrlab/wang04/ulyses_results_iteration/iteration_3_merge_below_3/cnn_model/cnn14/plasma_tp1_0.1x_model_C1/roc_curve_resnet18_tf_0_1/nested_cv_random/resnet18/repeat_10_fold_5_metrics.csv,6,5,resnet18,all,C1,AUROC,0.8793532338308457
/scratchc/nrlab/wang04/ulyses_results_iteration/iteration_3_merge_below_3/cnn_model/cnn14/plasma_tp1_0.1x_model_C1/roc_curve_resnet18_tf_0_1/nested_cv_random/resnet18/repeat_10_fold_5_metrics.csv,6,5,resnet18,all,C1,AUPRC,0.9422901773180252
/scratchc/nrlab/wang04/ulyses_results_iteration/iteration_3_merge_below_3/cnn_model/cnn14/plasma_tp1_0.1x_model_C1/roc_curve_resnet18_tf_0_1/nested_cv_random/resnet18/repeat_10_fold_5_metrics.csv,6,5,resnet18,all,C1,Sensitivity at 99% Specificity,0.08333333333333333
/scratchc/nrlab/wang04/ulyses_results_iteration/iteration_3_merge_below_3/cnn_model/cnn14/plasma_tp1_0.1x_model_C1/roc_curve_resnet18_tf_0_1/nested_cv_random/resnet18/repeat_10_fold_5_metrics.csv,6,5,resnet18,all,C1,PPV at 99% Specificity,1
/scratchc/nrlab/wang04/ulyses_results_iteration/iteration_3_merge_below_3/cnn_model/cnn14/plasma_tp1_0.1x_model_C1/roc_curve_resnet18_tf_0_1/nested_cv_random/resnet18/repeat_10_fold_5_metrics.csv,6,5,resnet18,all,C1,Accuracy at 99% Specificity,0.5366666666666666
/scratchc/nrlab/wang04/ulyses_results_iteration/iteration_3_merge_below_3/cnn_model/cnn14/plasma_tp1_0.1x_model_C1/roc_curve_resnet18_tf_0_1/nested_cv_random/resnet18/repeat_10_fold_5_metrics.csv,6,5,resnet18,all,C1,F1 at 99% Specificity,0.15384615384615383
/scratchc/nrlab/wang04/ulyses_results_iteration/iteration_3_merge_below_3/cnn_model/cnn14/plasma_tp1_0.1x_model_C1/roc_curve_resnet18_tf_0_1/nested_cv_random/resnet18/repeat_10_fold_5_metrics.csv,6,5,resnet18,all,C1,Sensitivity at 98% Specificity,0.08333333333333333
/scratchc/nrlab/wang04/ulyses_results_iteration/iteration_3_merge_below_3/cnn_model/cnn14/plasma_tp1_0.1x_model_C1/roc_curve_resnet18_tf_0_1/nested_cv_random/resnet18/repeat_10_fold_5_metrics.csv,6,5,resnet18,all,C1,PPV at 98% Specificity,1
/scratchc/nrlab/wang04/ulyses_results_iteration/iteration_3_merge_below_3/cnn_model/cnn14/plasma_tp1_0.1x_model_C1/roc_curve_resnet18_tf_0_1/nested_cv_random/resnet18/repeat_10_fold_5_metrics.csv,6,5,resnet18,all,C1,Accuracy at 98% Specificity,0.5316666666666666
/scratchc/nrlab/wang04/ulyses_results_iteration/iteration_3_merge_below_3/cnn_model/cnn14/plasma_tp1_0.1x_model_C1/roc_curve_resnet18_tf_0_1/nested_cv_random/resnet18/repeat_10_fold_5_metrics.csv,6,5,resnet18,all,C1,F1 at 98% Specificity,0.15384615384615383
/scratchc/nrlab/wang04/ulyses_results_iteration/iteration_3_merge_below_3/cnn_model/cnn14/plasma_tp1_0.1x_model_C1/roc_curve_resnet18_tf_0_1/nested_cv_random/resnet18/repeat_10_fold_5_metrics.csv,6,5,resnet18,all,C1,Sensitivity at 95% Specificity,0.3333333333333333
/scratchc/nrlab/wang04/ulyses_results_iteration/iteration_3_merge_below_3/cnn_model/cnn14/plasma_tp1_0.1x_model_C1/roc_curve_resnet18_tf_0_1/nested_cv_random/resnet18/repeat_10_fold_5_metrics.csv,6,5,resnet18,all,C1,PPV at 95% Specificity,0.967741935483871
/scratchc/nrlab/wang04/ulyses_results_iteration/iteration_3_merge_below_3/cnn_model/cnn14/plasma_tp1_0.1x_model_C1/roc_curve_resnet18_tf_0_1/nested_cv_random/resnet18/repeat_10_fold_5_metrics.csv,6,5,resnet18,all,C1,Accuracy at 95% Specificity,0.6274875621890547
/scratchc/nrlab/wang04/ulyses_results_iteration/iteration_3_merge_below_3/cnn_model/cnn14/plasma_tp1_0.1x_model_C1/roc_curve_resnet18_tf_0_1/nested_cv_random/resnet18/repeat_10_fold_5_metrics.csv,6,5,resnet18,all,C1,F1 at 95% Specificity,0.49586776859504134
/scratchc/nrlab/wang04/ulyses_results_iteration/iteration_3_merge_below_3/cnn_model/cnn14/plasma_tp1_0.1x_model_C1/roc_curve_resnet18_tf_0_1/nested_cv_random/resnet18/repeat_10_fold_5_metrics.csv,7,1,resnet18,all,C1,AUROC,0.9610655737704918
/scratchc/nrlab/wang04/ulyses_results_iteration/iteration_3_merge_below_3/cnn_model/cnn14/plasma_tp1_0.1x_model_C1/roc_curve_resnet18_tf_0_1/nested_cv_random/resnet18/repeat_10_fold_5_metrics.csv,7,1,resnet18,all,C1,AUPRC,0.9858695540989676
/scratchc/nrlab/wang04/ulyses_results_iteration/iteration_3_merge_below_3/cnn_model/cnn14/plasma_tp1_0.1x_model_C1/roc_curve_resnet18_tf_0_1/nested_cv_random/resnet18/repeat_10_fold_5_metrics.csv,7,1,resnet18,all,C1,Sensitivity at 99% Specificity,0.5792349726775956
/scratchc/nrlab/wang04/ulyses_results_iteration/iteration_3_merge_below_3/cnn_model/cnn14/plasma_tp1_0.1x_model_C1/roc_curve_resnet18_tf_0_1/nested_cv_random/resnet18/repeat_10_fold_5_metrics.csv,7,1,resnet18,all,C1,PPV at 99% Specificity,1
/scratchc/nrlab/wang04/ulyses_results_iteration/iteration_3_merge_below_3/cnn_model/cnn14/plasma_tp1_0.1x_model_C1/roc_curve_resnet18_tf_0_1/nested_cv_random/resnet18/repeat_10_fold_5_metrics.csv,7,1,resnet18,all,C1,Accuracy at 99% Specificity,0.7846174863387978
/scratchc/nrlab/wang04/ulyses_results_iteration/iteration_3_merge_below_3/cnn_model/cnn14/plasma_tp1_0.1x_model_C1/roc_curve_resnet18_tf_0_1/nested_cv_random/resnet18/repeat_10_fold_5_metrics.csv,7,1,resnet18,all,C1,F1 at 99% Specificity,0.7335640138408305
/scratchc/nrlab/wang04/ulyses_results_iteration/iteration_3_merge_below_3/cnn_model/cnn14/plasma_tp1_0.1x_model_C1/roc_curve_resnet18_tf_0_1/nested_cv_random/resnet18/repeat_10_fold_5_metrics.csv,7,1,resnet18,all,C1,Sensitivity at 98% Specificity,0.5792349726775956
/scratchc/nrlab/wang04/ulyses_results_iteration/iteration_3_merge_below_3/cnn_model/cnn14/plasma_tp1_0.1x_model_C1/roc_curve_resnet18_tf_0_1/nested_cv_random/resnet18/repeat_10_fold_5_metrics.csv,7,1,resnet18,all,C1,PPV at 98% Specificity,1
/scratchc/nrlab/wang04/ulyses_results_iteration/iteration_3_merge_below_3/cnn_model/cnn14/plasma_tp1_0.1x_model_C1/roc_curve_resnet18_tf_0_1/nested_cv_random/resnet18/repeat_10_fold_5_metrics.csv,7,1,resnet18,all,C1,Accuracy at 98% Specificity,0.7796174863387978
/scratchc/nrlab/wang04/ulyses_results_iteration/iteration_3_merge_below_3/cnn_model/cnn14/plasma_tp1_0.1x_model_C1/roc_curve_resnet18_tf_0_1/nested_cv_random/resnet18/repeat_10_fold_5_metrics.csv,7,1,resnet18,all,C1,F1 at 98% Specificity,0.7335640138408305
/scratchc/nrlab/wang04/ulyses_results_iteration/iteration_3_merge_below_3/cnn_model/cnn14/plasma_tp1_0.1x_model_C1/roc_curve_resnet18_tf_0_1/nested_cv_random/resnet18/repeat_10_fold_5_metrics.csv,7,1,resnet18,all,C1,Sensitivity at 95% Specificity,0.819672131147541
/scratchc/nrlab/wang04/ulyses_results_iteration/iteration_3_merge_below_3/cnn_model/cnn14/plasma_tp1_0.1x_model_C1/roc_curve_resnet18_tf_0_1/nested_cv_random/resnet18/repeat_10_fold_5_metrics.csv,7,1,resnet18,all,C1,PPV at 95% Specificity,0.986842105263158
/scratchc/nrlab/wang04/ulyses_results_iteration/iteration_3_merge_below_3/cnn_model/cnn14/plasma_tp1_0.1x_model_C1/roc_curve_resnet18_tf_0_1/nested_cv_random/resnet18/repeat_10_fold_5_metrics.csv,7,1,resnet18,all,C1,Accuracy at 95% Specificity,0.8699923155737705
/scratchc/nrlab/wang04/ulyses_results_iteration/iteration_3_merge_below_3/cnn_model/cnn14/plasma_tp1_0.1x_model_C1/roc_curve_resnet18_tf_0_1/nested_cv_random/resnet18/repeat_10_fold_5_metrics.csv,7,1,resnet18,all,C1,F1 at 95% Specificity,0.8955223880597015
/scratchc/nrlab/wang04/ulyses_results_iteration/iteration_3_merge_below_3/cnn_model/cnn14/plasma_tp1_0.1x_model_C1/roc_curve_resnet18_tf_0_1/nested_cv_random/resnet18/repeat_10_fold_5_metrics.csv,7,2,resnet18,all,C1,AUROC,0.929047131147541
/scratchc/nrlab/wang04/ulyses_results_iteration/iteration_3_merge_below_3/cnn_model/cnn14/plasma_tp1_0.1x_model_C1/roc_curve_resnet18_tf_0_1/nested_cv_random/resnet18/repeat_10_fold_5_metrics.csv,7,2,resnet18,all,C1,AUPRC,0.9758834890385552
/scratchc/nrlab/wang04/ulyses_results_iteration/iteration_3_merge_below_3/cnn_model/cnn14/plasma_tp1_0.1x_model_C1/roc_curve_resnet18_tf_0_1/nested_cv_random/resnet18/repeat_10_fold_5_metrics.csv,7,2,resnet18,all,C1,Sensitivity at 99% Specificity,0.6174863387978142
/scratchc/nrlab/wang04/ulyses_results_iteration/iteration_3_merge_below_3/cnn_model/cnn14/plasma_tp1_0.1x_model_C1/roc_curve_resnet18_tf_0_1/nested_cv_random/resnet18/repeat_10_fold_5_metrics.csv,7,2,resnet18,all,C1,PPV at 99% Specificity,1
/scratchc/nrlab/wang04/ulyses_results_iteration/iteration_3_merge_below_3/cnn_model/cnn14/plasma_tp1_0.1x_model_C1/roc_curve_resnet18_tf_0_1/nested_cv_random/resnet18/repeat_10_fold_5_metrics.csv,7,2,resnet18,all,C1,Accuracy at 99% Specificity,0.8037431693989071
/scratchc/nrlab/wang04/ulyses_results_iteration/iteration_3_merge_below_3/cnn_model/cnn14/plasma_tp1_0.1x_model_C1/roc_curve_resnet18_tf_0_1/nested_cv_random/resnet18/repeat_10_fold_5_metrics.csv,7,2,resnet18,all,C1,F1 at 99% Specificity,0.7635135135135135
/scratchc/nrlab/wang04/ulyses_results_iteration/iteration_3_merge_below_3/cnn_model/cnn14/plasma_tp1_0.1x_model_C1/roc_curve_resnet18_tf_0_1/nested_cv_random/resnet18/repeat_10_fold_5_metrics.csv,7,2,resnet18,all,C1,Sensitivity at 98% Specificity,0.6174863387978142
/scratchc/nrlab/wang04/ulyses_results_iteration/iteration_3_merge_below_3/cnn_model/cnn14/plasma_tp1_0.1x_model_C1/roc_curve_resnet18_tf_0_1/nested_cv_random/resnet18/repeat_10_fold_5_metrics.csv,7,2,resnet18,all,C1,PPV at 98% Specificity,1
/scratchc/nrlab/wang04/ulyses_results_iteration/iteration_3_merge_below_3/cnn_model/cnn14/plasma_tp1_0.1x_model_C1/roc_curve_resnet18_tf_0_1/nested_cv_random/resnet18/repeat_10_fold_5_metrics.csv,7,2,resnet18,all,C1,Accuracy at 98% Specificity,0.7987431693989071
/scratchc/nrlab/wang04/ulyses_results_iteration/iteration_3_merge_below_3/cnn_model/cnn14/plasma_tp1_0.1x_model_C1/roc_curve_resnet18_tf_0_1/nested_cv_random/resnet18/repeat_10_fold_5_metrics.csv,7,2,resnet18,all,C1,F1 at 98% Specificity,0.7635135135135135
/scratchc/nrlab/wang04/ulyses_results_iteration/iteration_3_merge_below_3/cnn_model/cnn14/plasma_tp1_0.1x_model_C1/roc_curve_resnet18_tf_0_1/nested_cv_random/resnet18/repeat_10_fold_5_metrics.csv,7,2,resnet18,all,C1,Sensitivity at 95% Specificity,0.6612021857923497
/scratchc/nrlab/wang04/ulyses_results_iteration/iteration_3_merge_below_3/cnn_model/cnn14/plasma_tp1_0.1x_model_C1/roc_curve_resnet18_tf_0_1/nested_cv_random/resnet18/repeat_10_fold_5_metrics.csv,7,2,resnet18,all,C1,PPV at 95% Specificity,0.983739837398374
/scratchc/nrlab/wang04/ulyses_results_iteration/iteration_3_merge_below_3/cnn_model/cnn14/plasma_tp1_0.1x_model_C1/roc_curve_resnet18_tf_0_1/nested_cv_random/resnet18/repeat_10_fold_5_metrics.csv,7,2,resnet18,all,C1,Accuracy at 95% Specificity,0.7907573428961748
/scratchc/nrlab/wang04/ulyses_results_iteration/iteration_3_merge_below_3/cnn_model/cnn14/plasma_tp1_0.1x_model_C1/roc_curve_resnet18_tf_0_1/nested_cv_random/resnet18/repeat_10_fold_5_metrics.csv,7,2,resnet18,all,C1,F1 at 95% Specificity,0.7908496732026143
/scratchc/nrlab/wang04/ulyses_results_iteration/iteration_3_merge_below_3/cnn_model/cnn14/plasma_tp1_0.1x_model_C1/roc_curve_resnet18_tf_0_1/nested_cv_random/resnet18/repeat_10_fold_5_metrics.csv,7,3,resnet18,all,C1,AUROC,0.8919412364130435
/scratchc/nrlab/wang04/ulyses_results_iteration/iteration_3_merge_below_3/cnn_model/cnn14/plasma_tp1_0.1x_model_C1/roc_curve_resnet18_tf_0_1/nested_cv_random/resnet18/repeat_10_fold_5_metrics.csv,7,3,resnet18,all,C1,AUPRC,0.958205247133921
/scratchc/nrlab/wang04/ulyses_results_iteration/iteration_3_merge_below_3/cnn_model/cnn14/plasma_tp1_0.1x_model_C1/roc_curve_resnet18_tf_0_1/nested_cv_random/resnet18/repeat_10_fold_5_metrics.csv,7,3,resnet18,all,C1,Sensitivity at 99% Specificity,0.18478260869565216
/scratchc/nrlab/wang04/ulyses_results_iteration/iteration_3_merge_below_3/cnn_model/cnn14/plasma_tp1_0.1x_model_C1/roc_curve_resnet18_tf_0_1/nested_cv_random/resnet18/repeat_10_fold_5_metrics.csv,7,3,resnet18,all,C1,PPV at 99% Specificity,1
/scratchc/nrlab/wang04/ulyses_results_iteration/iteration_3_merge_below_3/cnn_model/cnn14/plasma_tp1_0.1x_model_C1/roc_curve_resnet18_tf_0_1/nested_cv_random/resnet18/repeat_10_fold_5_metrics.csv,7,3,resnet18,all,C1,Accuracy at 99% Specificity,0.5846739130434783
/scratchc/nrlab/wang04/ulyses_results_iteration/iteration_3_merge_below_3/cnn_model/cnn14/plasma_tp1_0.1x_model_C1/roc_curve_resnet18_tf_0_1/nested_cv_random/resnet18/repeat_10_fold_5_metrics.csv,7,3,resnet18,all,C1,F1 at 99% Specificity,0.30414746543778803
/scratchc/nrlab/wang04/ulyses_results_iteration/iteration_3_merge_below_3/cnn_model/cnn14/plasma_tp1_0.1x_model_C1/roc_curve_resnet18_tf_0_1/nested_cv_random/resnet18/repeat_10_fold_5_metrics.csv,7,3,resnet18,all,C1,Sensitivity at 98% Specificity,0.18478260869565216
/scratchc/nrlab/wang04/ulyses_results_iteration/iteration_3_merge_below_3/cnn_model/cnn14/plasma_tp1_0.1x_model_C1/roc_curve_resnet18_tf_0_1/nested_cv_random/resnet18/repeat_10_fold_5_metrics.csv,7,3,resnet18,all,C1,PPV at 98% Specificity,1
/scratchc/nrlab/wang04/ulyses_results_iteration/iteration_3_merge_below_3/cnn_model/cnn14/plasma_tp1_0.1x_model_C1/roc_curve_resnet18_tf_0_1/nested_cv_random/resnet18/repeat_10_fold_5_metrics.csv,7,3,resnet18,all,C1,Accuracy at 98% Specificity,0.5796739130434783
/scratchc/nrlab/wang04/ulyses_results_iteration/iteration_3_merge_below_3/cnn_model/cnn14/plasma_tp1_0.1x_model_C1/roc_curve_resnet18_tf_0_1/nested_cv_random/resnet18/repeat_10_fold_5_metrics.csv,7,3,resnet18,all,C1,F1 at 98% Specificity,0.30414746543778803
/scratchc/nrlab/wang04/ulyses_results_iteration/iteration_3_merge_below_3/cnn_model/cnn14/plasma_tp1_0.1x_model_C1/roc_curve_resnet18_tf_0_1/nested_cv_random/resnet18/repeat_10_fold_5_metrics.csv,7,3,resnet18,all,C1,Sensitivity at 95% Specificity,0.6086956521739131
/scratchc/nrlab/wang04/ulyses_results_iteration/iteration_3_merge_below_3/cnn_model/cnn14/plasma_tp1_0.1x_model_C1/roc_curve_resnet18_tf_0_1/nested_cv_random/resnet18/repeat_10_fold_5_metrics.csv,7,3,resnet18,all,C1,PPV at 95% Specificity,0.9824561403508772
/scratchc/nrlab/wang04/ulyses_results_iteration/iteration_3_merge_below_3/cnn_model/cnn14/plasma_tp1_0.1x_model_C1/roc_curve_resnet18_tf_0_1/nested_cv_random/resnet18/repeat_10_fold_5_metrics.csv,7,3,resnet18,all,C1,Accuracy at 95% Specificity,0.7645040760869566
/scratchc/nrlab/wang04/ulyses_results_iteration/iteration_3_merge_below_3/cnn_model/cnn14/plasma_tp1_0.1x_model_C1/roc_curve_resnet18_tf_0_1/nested_cv_random/resnet18/repeat_10_fold_5_metrics.csv,7,3,resnet18,all,C1,F1 at 95% Specificity,0.7516778523489933
/scratchc/nrlab/wang04/ulyses_results_iteration/iteration_3_merge_below_3/cnn_model/cnn14/plasma_tp1_0.1x_model_C1/roc_curve_resnet18_tf_0_1/nested_cv_random/resnet18/repeat_10_fold_5_metrics.csv,7,4,resnet18,all,C1,AUROC,0.8398614661499134
/scratchc/nrlab/wang04/ulyses_results_iteration/iteration_3_merge_below_3/cnn_model/cnn14/plasma_tp1_0.1x_model_C1/roc_curve_resnet18_tf_0_1/nested_cv_random/resnet18/repeat_10_fold_5_metrics.csv,7,4,resnet18,all,C1,AUPRC,0.9337467941761302
/scratchc/nrlab/wang04/ulyses_results_iteration/iteration_3_merge_below_3/cnn_model/cnn14/plasma_tp1_0.1x_model_C1/roc_curve_resnet18_tf_0_1/nested_cv_random/resnet18/repeat_10_fold_5_metrics.csv,7,4,resnet18,all,C1,Sensitivity at 99% Specificity,0.19889502762430936
/scratchc/nrlab/wang04/ulyses_results_iteration/iteration_3_merge_below_3/cnn_model/cnn14/plasma_tp1_0.1x_model_C1/roc_curve_resnet18_tf_0_1/nested_cv_random/resnet18/repeat_10_fold_5_metrics.csv,7,4,resnet18,all,C1,PPV at 99% Specificity,1
/scratchc/nrlab/wang04/ulyses_results_iteration/iteration_3_merge_below_3/cnn_model/cnn14/plasma_tp1_0.1x_model_C1/roc_curve_resnet18_tf_0_1/nested_cv_random/resnet18/repeat_10_fold_5_metrics.csv,7,4,resnet18,all,C1,Accuracy at 99% Specificity,0.5944475138121547
/scratchc/nrlab/wang04/ulyses_results_iteration/iteration_3_merge_below_3/cnn_model/cnn14/plasma_tp1_0.1x_model_C1/roc_curve_resnet18_tf_0_1/nested_cv_random/resnet18/repeat_10_fold_5_metrics.csv,7,4,resnet18,all,C1,F1 at 99% Specificity,0.3317972350230415
/scratchc/nrlab/wang04/ulyses_results_iteration/iteration_3_merge_below_3/cnn_model/cnn14/plasma_tp1_0.1x_model_C1/roc_curve_resnet18_tf_0_1/nested_cv_random/resnet18/repeat_10_fold_5_metrics.csv,7,4,resnet18,all,C1,Sensitivity at 98% Specificity,0.19889502762430936
/scratchc/nrlab/wang04/ulyses_results_iteration/iteration_3_merge_below_3/cnn_model/cnn14/plasma_tp1_0.1x_model_C1/roc_curve_resnet18_tf_0_1/nested_cv_random/resnet18/repeat_10_fold_5_metrics.csv,7,4,resnet18,all,C1,PPV at 98% Specificity,1
/scratchc/nrlab/wang04/ulyses_results_iteration/iteration_3_merge_below_3/cnn_model/cnn14/plasma_tp1_0.1x_model_C1/roc_curve_resnet18_tf_0_1/nested_cv_random/resnet18/repeat_10_fold_5_metrics.csv,7,4,resnet18,all,C1,Accuracy at 98% Specificity,0.5894475138121547
/scratchc/nrlab/wang04/ulyses_results_iteration/iteration_3_merge_below_3/cnn_model/cnn14/plasma_tp1_0.1x_model_C1/roc_curve_resnet18_tf_0_1/nested_cv_random/resnet18/repeat_10_fold_5_metrics.csv,7,4,resnet18,all,C1,F1 at 98% Specificity,0.3317972350230415
/scratchc/nrlab/wang04/ulyses_results_iteration/iteration_3_merge_below_3/cnn_model/cnn14/plasma_tp1_0.1x_model_C1/roc_curve_resnet18_tf_0_1/nested_cv_random/resnet18/repeat_10_fold_5_metrics.csv,7,4,resnet18,all,C1,Sensitivity at 95% Specificity,0.425414364640884
/scratchc/nrlab/wang04/ulyses_results_iteration/iteration_3_merge_below_3/cnn_model/cnn14/plasma_tp1_0.1x_model_C1/roc_curve_resnet18_tf_0_1/nested_cv_random/resnet18/repeat_10_fold_5_metrics.csv,7,4,resnet18,all,C1,PPV at 95% Specificity,0.9746835443037974
/scratchc/nrlab/wang04/ulyses_results_iteration/iteration_3_merge_below_3/cnn_model/cnn14/plasma_tp1_0.1x_model_C1/roc_curve_resnet18_tf_0_1/nested_cv_random/resnet18/repeat_10_fold_5_metrics.csv,7,4,resnet18,all,C1,Accuracy at 95% Specificity,0.6735280778428301
/scratchc/nrlab/wang04/ulyses_results_iteration/iteration_3_merge_below_3/cnn_model/cnn14/plasma_tp1_0.1x_model_C1/roc_curve_resnet18_tf_0_1/nested_cv_random/resnet18/repeat_10_fold_5_metrics.csv,7,4,resnet18,all,C1,F1 at 95% Specificity,0.5923076923076923
/scratchc/nrlab/wang04/ulyses_results_iteration/iteration_3_merge_below_3/cnn_model/cnn14/plasma_tp1_0.1x_model_C1/roc_curve_resnet18_tf_0_1/nested_cv_random/resnet18/repeat_10_fold_5_metrics.csv,7,5,resnet18,all,C1,AUROC,0.89352084379708685
/scratchc/nrlab/wang04/ulyses_results_iteration/iteration_3_merge_below_3/cnn_model/cnn14/plasma_tp1_0.1x_model_C1/roc_curve_resnet18_tf_0_1/nested_cv_random/resnet18/repeat_10_fold_5_metrics.csv,7,5,resnet18,all,C1,AUPRC,0.9606812945726996
/scratchc/nrlab/wang04/ulyses_results_iteration/iteration_3_merge_below_3/cnn_model/cnn14/plasma_tp1_0.1x_model_C1/roc_curve_resnet18_tf_0_1/nested_cv_random/resnet18/repeat_10_fold_5_metrics.csv,7,5,resnet18,all,C1,Sensitivity at 99% Specificity,0.5580110497237569
/scratchc/nrlab/wang04/ulyses_results_iteration/iteration_3_merge_below_3/cnn_model/cnn14/plasma_tp1_0.1x_model_C1/roc_curve_resnet18_tf_0_1/nested_cv_random/resnet18/repeat_10_fold_5_metrics.csv,7,5,resnet18,all,C1,PPV at 99% Specificity,1
/scratchc/nrlab/wang04/ulyses_results_iteration/iteration_3_merge_below_3/cnn_model/cnn14/plasma_tp1_0.1x_model_C1/roc_curve_resnet18_tf_0_1/nested_cv_random/resnet18/repeat_10_fold_5_metrics.csv,7,5,resnet18,all,C1,Accuracy at 99% Specificity,0.7740055248618785
/scratchc/nrlab/wang04/ulyses_results_iteration/iteration_3_merge_below_3/cnn_model/cnn14/plasma_tp1_0.1x_model_C1/roc_curve_resnet18_tf_0_1/nested_cv_random/resnet18/repeat_10_fold_5_metrics.csv,7,5,resnet18,all,C1,F1 at 99% Specificity,0.7163120567375887
/scratchc/nrlab/wang04/ulyses_results_iteration/iteration_3_merge_below_3/cnn_model/cnn14/plasma_tp1_0.1x_model_C1/roc_curve_resnet18_tf_0_1/nested_cv_random/resnet18/repeat_10_fold_5_metrics.csv,7,5,resnet18,all,C1,Sensitivity at 98% Specificity,0.5580110497237569
/scratchc/nrlab/wang04/ulyses_results_iteration/iteration_3_merge_below_3/cnn_model/cnn14/plasma_tp1_0.1x_model_C1/roc_curve_resnet18_tf_0_1/nested_cv_random/resnet18/repeat_10_fold_5_metrics.csv,7,5,resnet18,all,C1,PPV at 98% Specificity,1
/scratchc/nrlab/wang04/ulyses_results_iteration/iteration_3_merge_below_3/cnn_model/cnn14/plasma_tp1_0.1x_model_C1/roc_curve_resnet18_tf_0_1/nested_cv_random/resnet18/repeat_10_fold_5_metrics.csv,7,5,resnet18,all,C1,Accuracy at 98% Specificity,0.7690055248618785
/scratchc/nrlab/wang04/ulyses_results_iteration/iteration_3_merge_below_3/cnn_model/cnn14/plasma_tp1_0.1x_model_C1/roc_curve_resnet18_tf_0_1/nested_cv_random/resnet18/repeat_10_fold_5_metrics.csv,7,5,resnet18,all,C1,F1 at 98% Specificity,0.7163120567375887
/scratchc/nrlab/wang04/ulyses_results_iteration/iteration_3_merge_below_3/cnn_model/cnn14/plasma_tp1_0.1x_model_C1/roc_curve_resnet18_tf_0_1/nested_cv_random/resnet18/repeat_10_fold_5_metrics.csv,7,5,resnet18,all,C1,Sensitivity at 95% Specificity,0.574585635359116
/scratchc/nrlab/wang04/ulyses_results_iteration/iteration_3_merge_below_3/cnn_model/cnn14/plasma_tp1_0.1x_model_C1/roc_curve_resnet18_tf_0_1/nested_cv_random/resnet18/repeat_10_fold_5_metrics.csv,7,5,resnet18,all,C1,PPV at 95% Specificity,0.981132075471698
/scratchc/nrlab/wang04/ulyses_results_iteration/iteration_3_merge_below_3/cnn_model/cnn14/plasma_tp1_0.1x_model_C1/roc_curve_resnet18_tf_0_1/nested_cv_random/resnet18/repeat_10_fold_5_metrics.csv,7,5,resnet18,all,C1,Accuracy at 95% Specificity,0.7478988782856186
/scratchc/nrlab/wang04/ulyses_results_iteration/iteration_3_merge_below_3/cnn_model/cnn14/plasma_tp1_0.1x_model_C1/roc_curve_resnet18_tf_0_1/nested_cv_random/resnet18/repeat_10_fold_5_metrics.csv,7,5,resnet18,all,C1,F1 at 95% Specificity,0.7247386759581882
/scratchc/nrlab/wang04/ulyses_results_iteration/iteration_3_merge_below_3/cnn_model/cnn14/plasma_tp1_0.1x_model_C1/roc_curve_resnet18_tf_0_1/nested_cv_random/resnet18/repeat_10_fold_5_metrics.csv,8,1,resnet18,all,C1,AUROC,0.870668006027122
/scratchc/nrlab/wang04/ulyses_results_iteration/iteration_3_merge_below_3/cnn_model/cnn14/plasma_tp1_0.1x_model_C1/roc_curve_resnet18_tf_0_1/nested_cv_random/resnet18/repeat_10_fold_5_metrics.csv,8,1,resnet18,all,C1,AUPRC,0.9506610412465856
/scratchc/nrlab/wang04/ulyses_results_iteration/iteration_3_merge_below_3/cnn_model/cnn14/plasma_tp1_0.1x_model_C1/roc_curve_resnet18_tf_0_1/nested_cv_random/resnet18/repeat_10_fold_5_metrics.csv,8,1,resnet18,all,C1,Sensitivity at 99% Specificity,0.4088397790055249
/scratchc/nrlab/wang04/ulyses_results_iteration/iteration_3_merge_below_3/cnn_model/cnn14/plasma_tp1_0.1x_model_C1/roc_curve_resnet18_tf_0_1/nested_cv_random/resnet18/repeat_10_fold_5_metrics.csv,8,1,resnet18,all,C1,PPV at 99% Specificity,1
/scratchc/nrlab/wang04/ulyses_results_iteration/iteration_3_merge_below_3/cnn_model/cnn14/plasma_tp1_0.1x_model_C1/roc_curve_resnet18_tf_0_1/nested_cv_random/resnet18/repeat_10_fold_5_metrics.csv,8,1,resnet18,all,C1,Accuracy at 99% Specificity,0.6994198895027625
/scratchc/nrlab/wang04/ulyses_results_iteration/iteration_3_merge_below_3/cnn_model/cnn14/plasma_tp1_0.1x_model_C1/roc_curve_resnet18_tf_0_1/nested_cv_random/resnet18/repeat_10_fold_5_metrics.csv,8,1,resnet18,all,C1,F1 at 99% Specificity,0.5803921568627451
/scratchc/nrlab/wang04/ulyses_results_iteration/iteration_3_merge_below_3/cnn_model/cnn14/plasma_tp1_0.1x_model_C1/roc_curve_resnet18_tf_0_1/nested_cv_random/resnet18/repeat_10_fold_5_metrics.csv,8,1,resnet18,all,C1,Sensitivity at 98% Specificity,0.4088397790055249
/scratchc/nrlab/wang04/ulyses_results_iteration/iteration_3_merge_below_3/cnn_model/cnn14/plasma_tp1_0.1x_model_C1/roc_curve_resnet18_tf_0_1/nested_cv_random/resnet18/repeat_10_fold_5_metrics.csv,8,1,resnet18,all,C1,PPV at 98% Specificity,1
/scratchc/nrlab/wang04/ulyses_results_iteration/iteration_3_merge_below_3/cnn_model/cnn14/plasma_tp1_0.1x_model_C1/roc_curve_resnet18_tf_0_1/nested_cv_random/resnet18/repeat_10_fold_5_metrics.csv,8,1,resnet18,all,C1,Accuracy at 98% Specificity,0.6944198895027625
/scratchc/nrlab/wang04/ulyses_results_iteration/iteration_3_merge_below_3/cnn_model/cnn14/plasma_tp1_0.1x_model_C1/roc_curve_resnet18_tf_0_1/nested_cv_random/resnet18/repeat_10_fold_5_metrics.csv,8,1,resnet18,all,C1,F1 at 98% Specificity,0.5803921568627451
/scratchc/nrlab/wang04/ulyses_results_iteration/iteration_3_merge_below_3/cnn_model/cnn14/plasma_tp1_0.1x_model_C1/roc_curve_resnet18_tf_0_1/nested_cv_random/resnet18/repeat_10_fold_5_metrics.csv,8,1,resnet18,all,C1,Sensitivity at 95% Specificity,0.5524861878453039
/scratchc/nrlab/wang04/ulyses_results_iteration/iteration_3_merge_below_3/cnn_model/cnn14/plasma_tp1_0.1x_model_C1/roc_curve_resnet18_tf_0_1/nested_cv_random/resnet18/repeat_10_fold_5_metrics.csv,8,1,resnet18,all,C1,PPV at 95% Specificity,0.970873786407767
/scratchc/nrlab/wang04/ulyses_results_iteration/iteration_3_merge_below_3/cnn_model/cnn14/plasma_tp1_0.1x_model_C1/roc_curve_resnet18_tf_0_1/nested_cv_random/resnet18/repeat_10_fold_5_metrics.csv,8,1,resnet18,all,C1,Accuracy at 95% Specificity,0.7296521848317429
/scratchc/nrlab/wang04/ulyses_results_iteration/iteration_3_merge_below_3/cnn_model/cnn14/plasma_tp1_0.1x_model_C1/roc_curve_resnet18_tf_0_1/nested_cv_random/resnet18/repeat_10_fold_5_metrics.csv,8,1,resnet18,all,C1,F1 at 95% Specificity,0.704225352112676
/scratchc/nrlab/wang04/ulyses_results_iteration/iteration_3_merge_below_3/cnn_model/cnn14/plasma_tp1_0.1x_model_C1/roc_curve_resnet18_tf_0_1/nested_cv_random/resnet18/repeat_10_fold_5_metrics.csv,8,2,resnet18,all,C1,AUROC,0.8751633986928105
/scratchc/nrlab/wang04/ulyses_results_iteration/iteration_3_merge_below_3/cnn_model/cnn14/plasma_tp1_0.1x_model_C1/roc_curve_resnet18_tf_0_1/nested_cv_random/resnet18/repeat_10_fold_5_metrics.csv,8,2,resnet18,all,C1,AUPRC,0.9374418262006944
/scratchc/nrlab/wang04/ulyses_results_iteration/iteration_3_merge_below_3/cnn_model/cnn14/plasma_tp1_0.1x_model_C1/roc_curve_resnet18_tf_0_1/nested_cv_random/resnet18/repeat_10_fold_5_metrics.csv,8,2,resnet18,all,C1,Sensitivity at 99% Specificity,0.08333333333333333
/scratchc/nrlab/wang04/ulyses_results_iteration/iteration_3_merge_below_3/cnn_model/cnn14/plasma_tp1_0.1x_model_C1/roc_curve_resnet18_tf_0_1/nested_cv_random/resnet18/repeat_10_fold_5_metrics.csv,8,2,resnet18,all,C1,PPV at 99% Specificity,1
/scratchc/nrlab/wang04/ulyses_results_iteration/iteration_3_merge_below_3/cnn_model/cnn14/plasma_tp1_0.1x_model_C1/roc_curve_resnet18_tf_0_1/nested_cv_random/resnet18/repeat_10_fold_5_metrics.csv,8,2,resnet18,all,C1,Accuracy at 99% Specificity,0.5366666666666666
/scratchc/nrlab/wang04/ulyses_results_iteration/iteration_3_merge_below_3/cnn_model/cnn14/plasma_tp1_0.1x_model_C1/roc_curve_resnet18_tf_0_1/nested_cv_random/resnet18/repeat_10_fold_5_metrics.csv,8,2,resnet18,all,C1,F1 at 99% Specificity,0.15384615384615383
/scratchc/nrlab/wang04/ulyses_results_iteration/iteration_3_merge_below_3/cnn_model/cnn14/plasma_tp1_0.1x_model_C1/roc_curve_resnet18_tf_0_1/nested_cv_random/resnet18/repeat_10_fold_5_metrics.csv,8,2,resnet18,all,C1,Sensitivity at 98% Specificity,0.08333333333333333
/scratchc/nrlab/wang04/ulyses_results_iteration/iteration_3_merge_below_3/cnn_model/cnn14/plasma_tp1_0.1x_model_C1/roc_curve_resnet18_tf_0_1/nested_cv_random/resnet18/repeat_10_fold_5_metrics.csv,8,2,resnet18,all,C1,PPV at 98% Specificity,1
/scratchc/nrlab/wang04/ulyses_results_iteration/iteration_3_merge_below_3/cnn_model/cnn14/plasma_tp1_0.1x_model_C1/roc_curve_resnet18_tf_0_1/nested_cv_random/resnet18/repeat_10_fold_5_metrics.csv,8,2,resnet18,all,C1,Accuracy at 98% Specificity,0.5316666666666666
/scratchc/nrlab/wang04/ulyses_results_iteration/iteration_3_merge_below_3/cnn_model/cnn14/plasma_tp1_0.1x_model_C1/roc_curve_resnet18_tf_0_1/nested_cv_random/resnet18/repeat_10_fold_5_metrics.csv,8,2,resnet18,all,C1,F1 at 98% Specificity,0.15384615384615383
/scratchc/nrlab/wang04/ulyses_results_iteration/iteration_3_merge_below_3/cnn_model/cnn14/plasma_tp1_0.1x_model_C1/roc_curve_resnet18_tf_0_1/nested_cv_random/resnet18/repeat_10_fold_5_metrics.csv,8,2,resnet18,all,C1,Sensitivity at 95% Specificity,0.32222222222222224
/scratchc/nrlab/wang04/ulyses_results_iteration/iteration_3_merge_below_3/cnn_model/cnn14/plasma_tp1_0.1x_model_C1/roc_curve_resnet18_tf_0_1/nested_cv_random/resnet18/repeat_10_fold_5_metrics.csv,8,2,resnet18,all,C1,PPV at 95% Specificity,0.9666666666666668
/scratchc/nrlab/wang04/ulyses_results_iteration/iteration_3_merge_below_3/cnn_model/cnn14/plasma_tp1_0.1x_model_C1/roc_curve_resnet18_tf_0_1/nested_cv_random/resnet18/repeat_10_fold_5_metrics.csv,8,2,resnet18,all,C1,Accuracy at 95% Specificity,0.622140522875817
/scratchc/nrlab/wang04/ulyses_results_iteration/iteration_3_merge_below_3/cnn_model/cnn14/plasma_tp1_0.1x_model_C1/roc_curve_resnet18_tf_0_1/nested_cv_random/resnet18/repeat_10_fold_5_metrics.csv,8,2,resnet18,all,C1,F1 at 95% Specificity,0.48333333333333334
/scratchc/nrlab/wang04/ulyses_results_iteration/iteration_3_merge_below_3/cnn_model/cnn14/plasma_tp1_0.1x_model_C1/roc_curve_resnet18_tf_0_1/nested_cv_random/resnet18/repeat_10_fold_5_metrics.csv,8,3,resnet18,all,C1,AUROC,0.9161115007012622
/scratchc/nrlab/wang04/ulyses_results_iteration/iteration_3_merge_below_3/cnn_model/cnn14/plasma_tp1_0.1x_model_C1/roc_curve_resnet18_tf_0_1/nested_cv_random/resnet18/repeat_10_fold_5_metrics.csv,8,3,resnet18,all,C1,AUPRC,0.9723362001200974
/scratchc/nrlab/wang04/ulyses_results_iteration/iteration_3_merge_below_3/cnn_model/cnn14/plasma_tp1_0.1x_model_C1/roc_curve_resnet18_tf_0_1/nested_cv_random/resnet18/repeat_10_fold_5_metrics.csv,8,3,resnet18,all,C1,Sensitivity at 99% Specificity,0.6630434782608695
/scratchc/nrlab/wang04/ulyses_results_iteration/iteration_3_merge_below_3/cnn_model/cnn14/plasma_tp1_0.1x_model_C1/roc_curve_resnet18_tf_0_1/nested_cv_random/resnet18/repeat_10_fold_5_metrics.csv,8,3,resnet18,all,C1,PPV at 99% Specificity,1
/scratchc/nrlab/wang04/ulyses_results_iteration/iteration_3_merge_below_3/cnn_model/cnn14/plasma_tp1_0.1x_model_C1/roc_curve_resnet18_tf_0_1/nested_cv_random/resnet18/repeat_10_fold_5_metrics.csv,8,3,resnet18,all,C1,Accuracy at 99% Specificity,0.8265217391304347
/scratchc/nrlab/wang04/ulyses_results_iteration/iteration_3_merge_below_3/cnn_model/cnn14/plasma_tp1_0.1x_model_C1/roc_curve_resnet18_tf_0_1/nested_cv_random/resnet18/repeat_10_fold_5_metrics.csv,8,3,resnet18,all,C1,F1 at 99% Specificity,0.7973856209150327
/scratchc/nrlab/wang04/ulyses_results_iteration/iteration_3_merge_below_3/cnn_model/cnn14/plasma_tp1_0.1x_model_C1/roc_curve_resnet18_tf_0_1/nested_cv_random/resnet18/repeat_10_fold_5_metrics.csv,8,3,resnet18,all,C1,Sensitivity at 98% Specificity,0.6630434782608695
/scratchc/nrlab/wang04/ulyses_results_iteration/iteration_3_merge_below_3/cnn_model/cnn14/plasma_tp1_0.1x_model_C1/roc_curve_resnet18_tf_0_1/nested_cv_random/resnet18/repeat_10_fold_5_metrics.csv,8,3,resnet18,all,C1,PPV at 98% Specificity,1
/scratchc/nrlab/wang04/ulyses_results_iteration/iteration_3_merge_below_3/cnn_model/cnn14/plasma_tp1_0.1x_model_C1/roc_curve_resnet18_tf_0_1/nested_cv_random/resnet18/repeat_10_fold_5_metrics.csv,8,3,resnet18,all,C1,Accuracy at 98% Specificity,0.8215217391304348
/scratchc/nrlab/wang04/ulyses_results_iteration/iteration_3_merge_below_3/cnn_model/cnn14/plasma_tp1_0.1x_model_C1/roc_curve_resnet18_tf_0_1/nested_cv_random/resnet18/repeat_10_fold_5_metrics.csv,8,3,resnet18,all,C1,F1 at 98% Specificity,0.7973856209150327
/scratchc/nrlab/wang04/ulyses_results_iteration/iteration_3_merge_below_3/cnn_model/cnn14/plasma_tp1_0.1x_model_C1/roc_curve_resnet18_tf_0_1/nested_cv_random/resnet18/repeat_10_fold_5_metrics.csv,8,3,resnet18,all,C1,Sensitivity at 95% Specificity,0.7336956521739131
/scratchc/nrlab/wang04/ulyses_results_iteration/iteration_3_merge_below_3/cnn_model/cnn14/plasma_tp1_0.1x_model_C1/roc_curve_resnet18_tf_0_1/nested_cv_random/resnet18/repeat_10_fold_5_metrics.csv,8,3,resnet18,all,C1,PPV at 95% Specificity,0.9854014598540146
/scratchc/nrlab/wang04/ulyses_results_iteration/iteration_3_merge_below_3/cnn_model/cnn14/plasma_tp1_0.1x_model_C1/roc_curve_resnet18_tf_0_1/nested_cv_random/resnet18/repeat_10_fold_5_metrics.csv,8,3,resnet18,all,C1,Accuracy at 95% Specificity,0.8265252454417953
/scratchc/nrlab/wang04/ulyses_results_iteration/iteration_3_merge_below_3/cnn_model/cnn14/plasma_tp1_0.1x_model_C1/roc_curve_resnet18_tf_0_1/nested_cv_random/resnet18/repeat_10_fold_5_metrics.csv,8,3,resnet18,all,C1,F1 at 95% Specificity,0.8411214953271028
/scratchc/nrlab/wang04/ulyses_results_iteration/iteration_3_merge_below_3/cnn_model/cnn14/plasma_tp1_0.1x_model_C1/roc_curve_resnet18_tf_0_1/nested_cv_random/resnet18/repeat_10_fold_5_metrics.csv,8,4,resnet18,all,C1,AUROC,0.9039008873263016
/scratchc/nrlab/wang04/ulyses_results_iteration/iteration_3_merge_below_3/cnn_model/cnn14/plasma_tp1_0.1x_model_C1/roc_curve_resnet18_tf_0_1/nested_cv_random/resnet18/repeat_10_fold_5_metrics.csv,8,4,resnet18,all,C1,AUPRC,0.9656954091584252
/scratchc/nrlab/wang04/ulyses_results_iteration/iteration_3_merge_below_3/cnn_model/cnn14/plasma_tp1_0.1x_model_C1/roc_curve_resnet18_tf_0_1/nested_cv_random/resnet18/repeat_10_fold_5_metrics.csv,8,4,resnet18,all,C1,Sensitivity at 99% Specificity,0.47513812154696133
/scratchc/nrlab/wang04/ulyses_results_iteration/iteration_3_merge_below_3/cnn_model/cnn14/plasma_tp1_0.1x_model_C1/roc_curve_resnet18_tf_0_1/nested_cv_random/resnet18/repeat_10_fold_5_metrics.csv,8,4,resnet18,all,C1,PPV at 99% Specificity,1
/scratchc/nrlab/wang04/ulyses_results_iteration/iteration_3_merge_below_3/cnn_model/cnn14/plasma_tp1_0.1x_model_C1/roc_curve_resnet18_tf_0_1/nested_cv_random/resnet18/repeat_10_fold_5_metrics.csv,8,4,resnet18,all,C1,Accuracy at 99% Specificity,0.7325690607734807
/scratchc/nrlab/wang04/ulyses_results_iteration/iteration_3_merge_below_3/cnn_model/cnn14/plasma_tp1_0.1x_model_C1/roc_curve_resnet18_tf_0_1/nested_cv_random/resnet18/repeat_10_fold_5_metrics.csv,8,4,resnet18,all,C1,F1 at 99% Specificity,0.6441947565543071
/scratchc/nrlab/wang04/ulyses_results_iteration/iteration_3_merge_below_3/cnn_model/cnn14/plasma_tp1_0.1x_model_C1/roc_curve_resnet18_tf_0_1/nested_cv_random/resnet18/repeat_10_fold_5_metrics.csv,8,4,resnet18,all,C1,Sensitivity at 98% Specificity,0.47513812154696133
/scratchc/nrlab/wang04/ulyses_results_iteration/iteration_3_merge_below_3/cnn_model/cnn14/plasma_tp1_0.1x_model_C1/roc_curve_resnet18_tf_0_1/nested_cv_random/resnet18/repeat_10_fold_5_metrics.csv,8,4,resnet18,all,C1,PPV at 98% Specificity,1
/scratchc/nrlab/wang04/ulyses_results_iteration/iteration_3_merge_below_3/cnn_model/cnn14/plasma_tp1_0.1x_model_C1/roc_curve_resnet18_tf_0_1/nested_cv_random/resnet18/repeat_10_fold_5_metrics.csv,8,4,resnet18,all,C1,Accuracy at 98% Specificity,0.7275690607734806
/scratchc/nrlab/wang04/ulyses_results_iteration/iteration_3_merge_below_3/cnn_model/cnn14/plasma_tp1_0.1x_model_C1/roc_curve_resnet18_tf_0_1/nested_cv_random/resnet18/repeat_10_fold_5_metrics.csv,8,4,resnet18,all,C1,F1 at 98% Specificity,0.6441947565543071
/scratchc/nrlab/wang04/ulyses_results_iteration/iteration_3_merge_below_3/cnn_model/cnn14/plasma_tp1_0.1x_model_C1/roc_curve_resnet18_tf_0_1/nested_cv_random/resnet18/repeat_10_fold_5_metrics.csv,8,4,resnet18,all,C1,Sensitivity at 95% Specificity,0.6740331491712708
/scratchc/nrlab/wang04/ulyses_results_iteration/iteration_3_merge_below_3/cnn_model/cnn14/plasma_tp1_0.1x_model_C1/roc_curve_resnet18_tf_0_1/nested_cv_random/resnet18/repeat_10_fold_5_metrics.csv,8,4,resnet18,all,C1,PPV at 95% Specificity,0.9838709677419356
/scratchc/nrlab/wang04/ulyses_results_iteration/iteration_3_merge_below_3/cnn_model/cnn14/plasma_tp1_0.1x_model_C1/roc_curve_resnet18_tf_0_1/nested_cv_random/resnet18/repeat_10_fold_5_metrics.csv,8,4,resnet18,all,C1,Accuracy at 95% Specificity,0.797622635191696
/scratchc/nrlab/wang04/ulyses_results_iteration/iteration_3_merge_below_3/cnn_model/cnn14/plasma_tp1_0.1x_model_C1/roc_curve_resnet18_tf_0_1/nested_cv_random/resnet18/repeat_10_fold_5_metrics.csv,8,4,resnet18,all,C1,F1 at 95% Specificity,0.8
/scratchc/nrlab/wang04/ulyses_results_iteration/iteration_3_merge_below_3/cnn_model/cnn14/plasma_tp1_0.1x_model_C1/roc_curve_resnet18_tf_0_1/nested_cv_random/resnet18/repeat_10_fold_5_metrics.csv,8,5,resnet18,all,C1,AUROC,0.9180747567844344
/scratchc/nrlab/wang04/ulyses_results_iteration/iteration_3_merge_below_3/cnn_model/cnn14/plasma_tp1_0.1x_model_C1/roc_curve_resnet18_tf_0_1/nested_cv_random/resnet18/repeat_10_fold_5_metrics.csv,8,5,resnet18,all,C1,AUPRC,0.9725642320839636
/scratchc/nrlab/wang04/ulyses_results_iteration/iteration_3_merge_below_3/cnn_model/cnn14/plasma_tp1_0.1x_model_C1/roc_curve_resnet18_tf_0_1/nested_cv_random/resnet18/repeat_10_fold_5_metrics.csv,8,5,resnet18,all,C1,Sensitivity at 99% Specificity,0.6129032258064516
/scratchc/nrlab/wang04/ulyses_results_iteration/iteration_3_merge_below_3/cnn_model/cnn14/plasma_tp1_0.1x_model_C1/roc_curve_resnet18_tf_0_1/nested_cv_random/resnet18/repeat_10_fold_5_metrics.csv,8,5,resnet18,all,C1,PPV at 99% Specificity,1
/scratchc/nrlab/wang04/ulyses_results_iteration/iteration_3_merge_below_3/cnn_model/cnn14/plasma_tp1_0.1x_model_C1/roc_curve_resnet18_tf_0_1/nested_cv_random/resnet18/repeat_10_fold_5_metrics.csv,8,5,resnet18,all,C1,Accuracy at 99% Specificity,0.8014516129032259
/scratchc/nrlab/wang04/ulyses_results_iteration/iteration_3_merge_below_3/cnn_model/cnn14/plasma_tp1_0.1x_model_C1/roc_curve_resnet18_tf_0_1/nested_cv_random/resnet18/repeat_10_fold_5_metrics.csv,8,5,resnet18,all,C1,F1 at 99% Specificity,0.76
/scratchc/nrlab/wang04/ulyses_results_iteration/iteration_3_merge_below_3/cnn_model/cnn14/plasma_tp1_0.1x_model_C1/roc_curve_resnet18_tf_0_1/nested_cv_random/resnet18/repeat_10_fold_5_metrics.csv,8,5,resnet18,all,C1,Sensitivity at 98% Specificity,0.6129032258064516
/scratchc/nrlab/wang04/ulyses_results_iteration/iteration_3_merge_below_3/cnn_model/cnn14/plasma_tp1_0.1x_model_C1/roc_curve_resnet18_tf_0_1/nested_cv_random/resnet18/repeat_10_fold_5_metrics.csv,8,5,resnet18,all,C1,PPV at 98% Specificity,1
/scratchc/nrlab/wang04/ulyses_results_iteration/iteration_3_merge_below_3/cnn_model/cnn14/plasma_tp1_0.1x_model_C1/roc_curve_resnet18_tf_0_1/nested_cv_random/resnet18/repeat_10_fold_5_metrics.csv,8,5,resnet18,all,C1,Accuracy at 98% Specificity,0.7964516129032257
/scratchc/nrlab/wang04/ulyses_results_iteration/iteration_3_merge_below_3/cnn_model/cnn14/plasma_tp1_0.1x_model_C1/roc_curve_resnet18_tf_0_1/nested_cv_random/resnet18/repeat_10_fold_5_metrics.csv,8,5,resnet18,all,C1,F1 at 98% Specificity,0.76
/scratchc/nrlab/wang04/ulyses_results_iteration/iteration_3_merge_below_3/cnn_model/cnn14/plasma_tp1_0.1x_model_C1/roc_curve_resnet18_tf_0_1/nested_cv_random/resnet18/repeat_10_fold_5_metrics.csv,8,5,resnet18,all,C1,Sensitivity at 95% Specificity,0.6989247311827957
/scratchc/nrlab/wang04/ulyses_results_iteration/iteration_3_merge_below_3/cnn_model/cnn14/plasma_tp1_0.1x_model_C1/roc_curve_resnet18_tf_0_1/nested_cv_random/resnet18/repeat_10_fold_5_metrics.csv,8,5,resnet18,all,C1,PPV at 95% Specificity,0.9848484848484848
/scratchc/nrlab/wang04/ulyses_results_iteration/iteration_3_merge_below_3/cnn_model/cnn14/plasma_tp1_0.1x_model_C1/roc_curve_resnet18_tf_0_1/nested_cv_random/resnet18/repeat_10_fold_5_metrics.csv,8,5,resnet18,all,C1,Accuracy at 95% Specificity,0.8093830005120328
/scratchc/nrlab/wang04/ulyses_results_iteration/iteration_3_merge_below_3/cnn_model/cnn14/plasma_tp1_0.1x_model_C1/roc_curve_resnet18_tf_0_1/nested_cv_random/resnet18/repeat_10_fold_5_metrics.csv,8,5,resnet18,all,C1,F1 at 95% Specificity,0.8176100628930818
/scratchc/nrlab/wang04/ulyses_results_iteration/iteration_3_merge_below_3/cnn_model/cnn14/plasma_tp1_0.1x_model_C1/roc_curve_resnet18_tf_0_1/nested_cv_random/resnet18/repeat_10_fold_5_metrics.csv,9,1,resnet18,all,C1,AUROC,0.9326596467391304
/scratchc/nrlab/wang04/ulyses_results_iteration/iteration_3_merge_below_3/cnn_model/cnn14/plasma_tp1_0.1x_model_C1/roc_curve_resnet18_tf_0_1/nested_cv_random/resnet18/repeat_10_fold_5_metrics.csv,9,1,resnet18,all,C1,AUPRC,0.9768317326212642
/scratchc/nrlab/wang04/ulyses_results_iteration/iteration_3_merge_below_3/cnn_model/cnn14/plasma_tp1_0.1x_model_C1/roc_curve_resnet18_tf_0_1/nested_cv_random/resnet18/repeat_10_fold_5_metrics.csv,9,1,resnet18,all,C1,Sensitivity at 99% Specificity,0.5163043478260869
/scratchc/nrlab/wang04/ulyses_results_iteration/iteration_3_merge_below_3/cnn_model/cnn14/plasma_tp1_0.1x_model_C1/roc_curve_resnet18_tf_0_1/nested_cv_random/resnet18/repeat_10_fold_5_metrics.csv,9,1,resnet18,all,C1,PPV at 99% Specificity,1
/scratchc/nrlab/wang04/ulyses_results_iteration/iteration_3_merge_below_3/cnn_model/cnn14/plasma_tp1_0.1x_model_C1/roc_curve_resnet18_tf_0_1/nested_cv_random/resnet18/repeat_10_fold_5_metrics.csv,9,1,resnet18,all,C1,Accuracy at 99% Specificity,0.7531521739130435
/scratchc/nrlab/wang04/ulyses_results_iteration/iteration_3_merge_below_3/cnn_model/cnn14/plasma_tp1_0.1x_model_C1/roc_curve_resnet18_tf_0_1/nested_cv_random/resnet18/repeat_10_fold_5_metrics.csv,9,1,resnet18,all,C1,F1 at 99% Specificity,0.6810035842293907
/scratchc/nrlab/wang04/ulyses_results_iteration/iteration_3_merge_below_3/cnn_model/cnn14/plasma_tp1_0.1x_model_C1/roc_curve_resnet18_tf_0_1/nested_cv_random/resnet18/repeat_10_fold_5_metrics.csv,9,1,resnet18,all,C1,Sensitivity at 98% Specificity,0.5163043478260869
/scratchc/nrlab/wang04/ulyses_results_iteration/iteration_3_merge_below_3/cnn_model/cnn14/plasma_tp1_0.1x_model_C1/roc_curve_resnet18_tf_0_1/nested_cv_random/resnet18/repeat_10_fold_5_metrics.csv,9,1,resnet18,all,C1,PPV at 98% Specificity,1
/scratchc/nrlab/wang04/ulyses_results_iteration/iteration_3_merge_below_3/cnn_model/cnn14/plasma_tp1_0.1x_model_C1/roc_curve_resnet18_tf_0_1/nested_cv_random/resnet18/repeat_10_fold_5_metrics.csv,9,1,resnet18,all,C1,Accuracy at 98% Specificity,0.74815217391304345
/scratchc/nrlab/wang04/ulyses_results_iteration/iteration_3_merge_below_3/cnn_model/cnn14/plasma_tp1_0.1x_model_C1/roc_curve_resnet18_tf_0_1/nested_cv_random/resnet18/repeat_10_fold_5_metrics.csv,9,1,resnet18,all,C1,F1 at 98% Specificity,0.6810035842293907
/scratchc/nrlab/wang04/ulyses_results_iteration/iteration_3_merge_below_3/cnn_model/cnn14/plasma_tp1_0.1x_model_C1/roc_curve_resnet18_tf_0_1/nested_cv_random/resnet18/repeat_10_fold_5_metrics.csv,9,1,resnet18,all,C1,Sensitivity at 95% Specificity,0.7663043478260869
/scratchc/nrlab/wang04/ulyses_results_iteration/iteration_3_merge_below_3/cnn_model/cnn14/plasma_tp1_0.1x_model_C1/roc_curve_resnet18_tf_0_1/nested_cv_random/resnet18/repeat_10_fold_5_metrics.csv,9,1,resnet18,all,C1,PPV at 95% Specificity,0.986013986013986
/scratchc/nrlab/wang04/ulyses_results_iteration/iteration_3_merge_below_3/cnn_model/cnn14/plasma_tp1_0.1x_model_C1/roc_curve_resnet18_tf_0_1/nested_cv_random/resnet18/repeat_10_fold_5_metrics.csv,9,1,resnet18,all,C1,Accuracy at 95% Specificity,0.8433084239130435
/scratchc/nrlab/wang04/ulyses_results_iteration/iteration_3_merge_below_3/cnn_model/cnn14/plasma_tp1_0.1x_model_C1/roc_curve_resnet18_tf_0_1/nested_cv_random/resnet18/repeat_10_fold_5_metrics.csv,9,1,resnet18,all,C1,F1 at 95% Specificity,0.8623853211009175
/scratchc/nrlab/wang04/ulyses_results_iteration/iteration_3_merge_below_3/cnn_model/cnn14/plasma_tp1_0.1x_model_C1/roc_curve_resnet18_tf_0_1/nested_cv_random/resnet18/repeat_10_fold_5_metrics.csv,9,2,resnet18,all,C1,AUROC,0.9036497572409176
/scratchc/nrlab/wang04/ulyses_results_iteration/iteration_3_merge_below_3/cnn_model/cnn14/plasma_tp1_0.1x_model_C1/roc_curve_resnet18_tf_0_1/nested_cv_random/resnet18/repeat_10_fold_5_metrics.csv,9,2,resnet18,all,C1,AUPRC,0.9640954485982772
/scratchc/nrlab/wang04/ulyses_results_iteration/iteration_3_merge_below_3/cnn_model/cnn14/plasma_tp1_0.1x_model_C1/roc_curve_resnet18_tf_0_1/nested_cv_random/resnet18/repeat_10_fold_5_metrics.csv,9,2,resnet18,all,C1,Sensitivity at 99% Specificity,0.5082872928176796
/scratchc/nrlab/wang04/ulyses_results_iteration/iteration_3_merge_below_3/cnn_model/cnn14/plasma_tp1_0.1x_model_C1/roc_curve_resnet18_tf_0_1/nested_cv_random/resnet18/repeat_10_fold_5_metrics.csv,9,2,resnet18,all,C1,PPV at 99% Specificity,1
/scratchc/nrlab/wang04/ulyses_results_iteration/iteration_3_merge_below_3/cnn_model/cnn14/plasma_tp1_0.1x_model_C1/roc_curve_resnet18_tf_0_1/nested_cv_random/resnet18/repeat_10_fold_5_metrics.csv,9,2,resnet18,all,C1,Accuracy at 99% Specificity,0.7491436464088398
/scratchc/nrlab/wang04/ulyses_results_iteration/iteration_3_merge_below_3/cnn_model/cnn14/plasma_tp1_0.1x_model_C1/roc_curve_resnet18_tf_0_1/nested_cv_random/resnet18/repeat_10_fold_5_metrics.csv,9,2,resnet18,all,C1,F1 at 99% Specificity,0.673992673992674
/scratchc/nrlab/wang04/ulyses_results_iteration/iteration_3_merge_below_3/cnn_model/cnn14/plasma_tp1_0.1x_model_C1/roc_curve_resnet18_tf_0_1/nested_cv_random/resnet18/repeat_10_fold_5_metrics.csv,9,2,resnet18,all,C1,Sensitivity at 98% Specificity,0.5082872928176796
/scratchc/nrlab/wang04/ulyses_results_iteration/iteration_3_merge_below_3/cnn_model/cnn14/plasma_tp1_0.1x_model_C1/roc_curve_resnet18_tf_0_1/nested_cv_random/resnet18/repeat_10_fold_5_metrics.csv,9,2,resnet18,all,C1,PPV at 98% Specificity,1
/scratchc/nrlab/wang04/ulyses_results_iteration/iteration_3_merge_below_3/cnn_model/cnn14/plasma_tp1_0.1x_model_C1/roc_curve_resnet18_tf_0_1/nested_cv_random/resnet18/repeat_10_fold_5_metrics.csv,9,2,resnet18,all,C1,Accuracy at 98% Specificity,0.7441436464088398
/scratchc/nrlab/wang04/ulyses_results_iteration/iteration_3_merge_below_3/cnn_model/cnn14/plasma_tp1_0.1x_model_C1/roc_curve_resnet18_tf_0_1/nested_cv_random/resnet18/repeat_10_fold_5_metrics.csv,9,2,resnet18,all,C1,F1 at 98% Specificity,0.673992673992674
/scratchc/nrlab/wang04/ulyses_results_iteration/iteration_3_merge_below_3/cnn_model/cnn14/plasma_tp1_0.1x_model_C1/roc_curve_resnet18_tf_0_1/nested_cv_random/resnet18/repeat_10_fold_5_metrics.csv,9,2,resnet18,all,C1,Sensitivity at 95% Specificity,0.585635359116022
/scratchc/nrlab/wang04/ulyses_results_iteration/iteration_3_merge_below_3/cnn_model/cnn14/plasma_tp1_0.1x_model_C1/roc_curve_resnet18_tf_0_1/nested_cv_random/resnet18/repeat_10_fold_5_metrics.csv,9,2,resnet18,all,C1,PPV at 95% Specificity,0.9814814814814816
/scratchc/nrlab/wang04/ulyses_results_iteration/iteration_3_merge_below_3/cnn_model/cnn14/plasma_tp1_0.1x_model_C1/roc_curve_resnet18_tf_0_1/nested_cv_random/resnet18/repeat_10_fold_5_metrics.csv,9,2,resnet18,all,C1,Accuracy at 95% Specificity,0.7534237401640715
/scratchc/nrlab/wang04/ulyses_results_iteration/iteration_3_merge_below_3/cnn_model/cnn14/plasma_tp1_0.1x_model_C1/roc_curve_resnet18_tf_0_1/nested_cv_random/resnet18/repeat_10_fold_5_metrics.csv,9,2,resnet18,all,C1,F1 at 95% Specificity,0.7335640138408305
/scratchc/nrlab/wang04/ulyses_results_iteration/iteration_3_merge_below_3/cnn_model/cnn14/plasma_tp1_0.1x_model_C1/roc_curve_resnet18_tf_0_1/nested_cv_random/resnet18/repeat_10_fold_5_metrics.csv,9,3,resnet18,all,C1,AUROC,0.9120111731843576
/scratchc/nrlab/wang04/ulyses_results_iteration/iteration_3_merge_below_3/cnn_model/cnn14/plasma_tp1_0.1x_model_C1/roc_curve_resnet18_tf_0_1/nested_cv_random/resnet18/repeat_10_fold_5_metrics.csv,9,3,resnet18,all,C1,AUPRC,0.9645541911165278
/scratchc/nrlab/wang04/ulyses_results_iteration/iteration_3_merge_below_3/cnn_model/cnn14/plasma_tp1_0.1x_model_C1/roc_curve_resnet18_tf_0_1/nested_cv_random/resnet18/repeat_10_fold_5_metrics.csv,9,3,resnet18,all,C1,Sensitivity at 99% Specificity,0.4581005586592179
/scratchc/nrlab/wang04/ulyses_results_iteration/iteration_3_merge_below_3/cnn_model/cnn14/plasma_tp1_0.1x_model_C1/roc_curve_resnet18_tf_0_1/nested_cv_random/resnet18/repeat_10_fold_5_metrics.csv,9,3,resnet18,all,C1,PPV at 99% Specificity,1
/scratchc/nrlab/wang04/ulyses_results_iteration/iteration_3_merge_below_3/cnn_model/cnn14/plasma_tp1_0.1x_model_C1/roc_curve_resnet18_tf_0_1/nested_cv_random/resnet18/repeat_10_fold_5_metrics.csv,9,3,resnet18,all,C1,Accuracy at 99% Specificity,0.724050279329609
/scratchc/nrlab/wang04/ulyses_results_iteration/iteration_3_merge_below_3/cnn_model/cnn14/plasma_tp1_0.1x_model_C1/roc_curve_resnet18_tf_0_1/nested_cv_random/resnet18/repeat_10_fold_5_metrics.csv,9,3,resnet18,all,C1,F1 at 99% Specificity,0.6283524904214559
/scratchc/nrlab/wang04/ulyses_results_iteration/iteration_3_merge_below_3/cnn_model/cnn14/plasma_tp1_0.1x_model_C1/roc_curve_resnet18_tf_0_1/nested_cv_random/resnet18/repeat_10_fold_5_metrics.csv,9,3,resnet18,all,C1,Sensitivity at 98% Specificity,0.4581005586592179
/scratchc/nrlab/wang04/ulyses_results_iteration/iteration_3_merge_below_3/cnn_model/cnn14/plasma_tp1_0.1x_model_C1/roc_curve_resnet18_tf_0_1/nested_cv_random/resnet18/repeat_10_fold_5_metrics.csv,9,3,resnet18,all,C1,PPV at 98% Specificity,1
/scratchc/nrlab/wang04/ulyses_results_iteration/iteration_3_merge_below_3/cnn_model/cnn14/plasma_tp1_0.1x_model_C1/roc_curve_resnet18_tf_0_1/nested_cv_random/resnet18/repeat_10_fold_5_metrics.csv,9,3,resnet18,all,C1,Accuracy at 98% Specificity,0.719050279329609
/scratchc/nrlab/wang04/ulyses_results_iteration/iteration_3_merge_below_3/cnn_model/cnn14/plasma_tp1_0.1x_model_C1/roc_curve_resnet18_tf_0_1/nested_cv_random/resnet18/repeat_10_fold_5_metrics.csv,9,3,resnet18,all,C1,F1 at 98% Specificity,0.6283524904214559
/scratchc/nrlab/wang04/ulyses_results_iteration/iteration_3_merge_below_3/cnn_model/cnn14/plasma_tp1_0.1x_model_C1/roc_curve_resnet18_tf_0_1/nested_cv_random/resnet18/repeat_10_fold_5_metrics.csv,9,3,resnet18,all,C1,Sensitivity at 95% Specificity,0.5865921787709497
/scratchc/nrlab/wang04/ulyses_results_iteration/iteration_3_merge_below_3/cnn_model/cnn14/plasma_tp1_0.1x_model_C1/roc_curve_resnet18_tf_0_1/nested_cv_random/resnet18/repeat_10_fold_5_metrics.csv,9,3,resnet18,all,C1,PPV at 95% Specificity,0.9813084112149532
/scratchc/nrlab/wang04/ulyses_results_iteration/iteration_3_merge_below_3/cnn_model/cnn14/plasma_tp1_0.1x_model_C1/roc_curve_resnet18_tf_0_1/nested_cv_random/resnet18/repeat_10_fold_5_metrics.csv,9,3,resnet18,all,C1,Accuracy at 95% Specificity,0.7543255011501807
/scratchc/nrlab/wang04/ulyses_results_iteration/iteration_3_merge_below_3/cnn_model/cnn14/plasma_tp1_0.1x_model_C1/roc_curve_resnet18_tf_0_1/nested_cv_random/resnet18/repeat_10_fold_5_metrics.csv,9,3,resnet18,all,C1,F1 at 95% Specificity,0.7342657342657343
/scratchc/nrlab/wang04/ulyses_results_iteration/iteration_3_merge_below_3/cnn_model/cnn14/plasma_tp1_0.1x_model_C1/roc_curve_resnet18_tf_0_1/nested_cv_random/resnet18/repeat_10_fold_5_metrics.csv,9,4,resnet18,all,C1,AUROC,0.8863855527307793
/scratchc/nrlab/wang04/ulyses_results_iteration/iteration_3_merge_below_3/cnn_model/cnn14/plasma_tp1_0.1x_model_C1/roc_curve_resnet18_tf_0_1/nested_cv_random/resnet18/repeat_10_fold_5_metrics.csv,9,4,resnet18,all,C1,AUPRC,0.9564964280326486
/scratchc/nrlab/wang04/ulyses_results_iteration/iteration_3_merge_below_3/cnn_model/cnn14/plasma_tp1_0.1x_model_C1/roc_curve_resnet18_tf_0_1/nested_cv_random/resnet18/repeat_10_fold_5_metrics.csv,9,4,resnet18,all,C1,Sensitivity at 99% Specificity,0.2620320855614973
/scratchc/nrlab/wang04/ulyses_results_iteration/iteration_3_merge_below_3/cnn_model/cnn14/plasma_tp1_0.1x_model_C1/roc_curve_resnet18_tf_0_1/nested_cv_random/resnet18/repeat_10_fold_5_metrics.csv,9,4,resnet18,all,C1,PPV at 99% Specificity,1
/scratchc/nrlab/wang04/ulyses_results_iteration/iteration_3_merge_below_3/cnn_model/cnn14/plasma_tp1_0.1x_model_C1/roc_curve_resnet18_tf_0_1/nested_cv_random/resnet18/repeat_10_fold_5_metrics.csv,9,4,resnet18,all,C1,Accuracy at 99% Specificity,0.6260160427807486
/scratchc/nrlab/wang04/ulyses_results_iteration/iteration_3_merge_below_3/cnn_model/cnn14/plasma_tp1_0.1x_model_C1/roc_curve_resnet18_tf_0_1/nested_cv_random/resnet18/repeat_10_fold_5_metrics.csv,9,4,resnet18,all,C1,F1 at 99% Specificity,0.4152542372881356
/scratchc/nrlab/wang04/ulyses_results_iteration/iteration_3_merge_below_3/cnn_model/cnn14/plasma_tp1_0.1x_model_C1/roc_curve_resnet18_tf_0_1/nested_cv_random/resnet18/repeat_10_fold_5_metrics.csv,9,4,resnet18,all,C1,Sensitivity at 98% Specificity,0.2620320855614973
/scratchc/nrlab/wang04/ulyses_results_iteration/iteration_3_merge_below_3/cnn_model/cnn14/plasma_tp1_0.1x_model_C1/roc_curve_resnet18_tf_0_1/nested_cv_random/resnet18/repeat_10_fold_5_metrics.csv,9,4,resnet18,all,C1,PPV at 98% Specificity,1
/scratchc/nrlab/wang04/ulyses_results_iteration/iteration_3_merge_below_3/cnn_model/cnn14/plasma_tp1_0.1x_model_C1/roc_curve_resnet18_tf_0_1/nested_cv_random/resnet18/repeat_10_fold_5_metrics.csv,9,4,resnet18,all,C1,Accuracy at 98% Specificity,0.6210160427807486
/scratchc/nrlab/wang04/ulyses_results_iteration/iteration_3_merge_below_3/cnn_model/cnn14/plasma_tp1_0.1x_model_C1/roc_curve_resnet18_tf_0_1/nested_cv_random/resnet18/repeat_10_fold_5_metrics.csv,9,4,resnet18,all,C1,F1 at 98% Specificity,0.4152542372881356
/scratchc/nrlab/wang04/ulyses_results_iteration/iteration_3_merge_below_3/cnn_model/cnn14/plasma_tp1_0.1x_model_C1/roc_curve_resnet18_tf_0_1/nested_cv_random/resnet18/repeat_10_fold_5_metrics.csv,9,4,resnet18,all,C1,Sensitivity at 95% Specificity,0.32085561497326204
/scratchc/nrlab/wang04/ulyses_results_iteration/iteration_3_merge_below_3/cnn_model/cnn14/plasma_tp1_0.1x_model_C1/roc_curve_resnet18_tf_0_1/nested_cv_random/resnet18/repeat_10_fold_5_metrics.csv,9,4,resnet18,all,C1,PPV at 95% Specificity,0.967741935483871
/scratchc/nrlab/wang04/ulyses_results_iteration/iteration_3_merge_below_3/cnn_model/cnn14/plasma_tp1_0.1x_model_C1/roc_curve_resnet18_tf_0_1/nested_cv_random/resnet18/repeat_10_fold_5_metrics.csv,9,4,resnet18,all,C1,Accuracy at 95% Specificity,0.6198540369948277
/scratchc/nrlab/wang04/ulyses_results_iteration/iteration_3_merge_below_3/cnn_model/cnn14/plasma_tp1_0.1x_model_C1/roc_curve_resnet18_tf_0_1/nested_cv_random/resnet18/repeat_10_fold_5_metrics.csv,9,4,resnet18,all,C1,F1 at 95% Specificity,0.4819277108433735
/scratchc/nrlab/wang04/ulyses_results_iteration/iteration_3_merge_below_3/cnn_model/cnn14/plasma_tp1_0.1x_model_C1/roc_curve_resnet18_tf_0_1/nested_cv_random/resnet18/repeat_10_fold_5_metrics.csv,9,5,resnet18,all,C1,AUROC,0.8718818014398123
/scratchc/nrlab/wang04/ulyses_results_iteration/iteration_3_merge_below_3/cnn_model/cnn14/plasma_tp1_0.1x_model_C1/roc_curve_resnet18_tf_0_1/nested_cv_random/resnet18/repeat_10_fold_5_metrics.csv,9,5,resnet18,all,C1,AUPRC,0.938908758183231
/scratchc/nrlab/wang04/ulyses_results_iteration/iteration_3_merge_below_3/cnn_model/cnn14/plasma_tp1_0.1x_model_C1/roc_curve_resnet18_tf_0_1/nested_cv_random/resnet18/repeat_10_fold_5_metrics.csv,9,5,resnet18,all,C1,Sensitivity at 99% Specificity,0.05524861878453038
/scratchc/nrlab/wang04/ulyses_results_iteration/iteration_3_merge_below_3/cnn_model/cnn14/plasma_tp1_0.1x_model_C1/roc_curve_resnet18_tf_0_1/nested_cv_random/resnet18/repeat_10_fold_5_metrics.csv,9,5,resnet18,all,C1,PPV at 99% Specificity,1
/scratchc/nrlab/wang04/ulyses_results_iteration/iteration_3_merge_below_3/cnn_model/cnn14/plasma_tp1_0.1x_model_C1/roc_curve_resnet18_tf_0_1/nested_cv_random/resnet18/repeat_10_fold_5_metrics.csv,9,5,resnet18,all,C1,Accuracy at 99% Specificity,0.5198618784530387
/scratchc/nrlab/wang04/ulyses_results_iteration/iteration_3_merge_below_3/cnn_model/cnn14/plasma_tp1_0.1x_model_C1/roc_curve_resnet18_tf_0_1/nested_cv_random/resnet18/repeat_10_fold_5_metrics.csv,9,5,resnet18,all,C1,F1 at 99% Specificity,0.09473684210526316
/scratchc/nrlab/wang04/ulyses_results_iteration/iteration_3_merge_below_3/cnn_model/cnn14/plasma_tp1_0.1x_model_C1/roc_curve_resnet18_tf_0_1/nested_cv_random/resnet18/repeat_10_fold_5_metrics.csv,9,5,resnet18,all,C1,Sensitivity at 98% Specificity,0.05524861878453038
/scratchc/nrlab/wang04/ulyses_results_iteration/iteration_3_merge_below_3/cnn_model/cnn14/plasma_tp1_0.1x_model_C1/roc_curve_resnet18_tf_0_1/nested_cv_random/resnet18/repeat_10_fold_5_metrics.csv,9,5,resnet18,all,C1,PPV at 98% Specificity,1
/scratchc/nrlab/wang04/ulyses_results_iteration/iteration_3_merge_below_3/cnn_model/cnn14/plasma_tp1_0.1x_model_C1/roc_curve_resnet18_tf_0_1/nested_cv_random/resnet18/repeat_10_fold_5_metrics.csv,9,5,resnet18,all,C1,Accuracy at 98% Specificity,0.5148618784530387
/scratchc/nrlab/wang04/ulyses_results_iteration/iteration_3_merge_below_3/cnn_model/cnn14/plasma_tp1_0.1x_model_C1/roc_curve_resnet18_tf_0_1/nested_cv_random/resnet18/repeat_10_fold_5_metrics.csv,9,5,resnet18,all,C1,F1 at 98% Specificity,0.09473684210526316
/scratchc/nrlab/wang04/ulyses_results_iteration/iteration_3_merge_below_3/cnn_model/cnn14/plasma_tp1_0.1x_model_C1/roc_curve_resnet18_tf_0_1/nested_cv_random/resnet18/repeat_10_fold_5_metrics.csv,9,5,resnet18,all,C1,Sensitivity at 95% Specificity,0.569060773480663
/scratchc/nrlab/wang04/ulyses_results_iteration/iteration_3_merge_below_3/cnn_model/cnn14/plasma_tp1_0.1x_model_C1/roc_curve_resnet18_tf_0_1/nested_cv_random/resnet18/repeat_10_fold_5_metrics.csv,9,5,resnet18,all,C1,PPV at 95% Specificity,0.9809523809523808
/scratchc/nrlab/wang04/ulyses_results_iteration/iteration_3_merge_below_3/cnn_model/cnn14/plasma_tp1_0.1x_model_C1/roc_curve_resnet18_tf_0_1/nested_cv_random/resnet18/repeat_10_fold_5_metrics.csv,9,5,resnet18,all,C1,Accuracy at 95% Specificity,0.7451364473463921
/scratchc/nrlab/wang04/ulyses_results_iteration/iteration_3_merge_below_3/cnn_model/cnn14/plasma_tp1_0.1x_model_C1/roc_curve_resnet18_tf_0_1/nested_cv_random/resnet18/repeat_10_fold_5_metrics.csv,9,5,resnet18,all,C1,F1 at 95% Specificity,0.7202797202797203
/scratchc/nrlab/wang04/ulyses_results_iteration/iteration_3_merge_below_3/cnn_model/cnn14/plasma_tp1_0.1x_model_C1/roc_curve_resnet18_tf_0_1/nested_cv_random/resnet18/repeat_10_fold_5_metrics.csv,10,2,resnet18,all,C1,AUROC,0.9103653005689784
/scratchc/nrlab/wang04/ulyses_results_iteration/iteration_3_merge_below_3/cnn_model/cnn14/plasma_tp1_0.1x_model_C1/roc_curve_resnet18_tf_0_1/nested_cv_random/resnet18/repeat_10_fold_5_metrics.csv,10,2,resnet18,all,C1,AUPRC,0.9669271457659812
/scratchc/nrlab/wang04/ulyses_results_iteration/iteration_3_merge_below_3/cnn_model/cnn14/plasma_tp1_0.1x_model_C1/roc_curve_resnet18_tf_0_1/nested_cv_random/resnet18/repeat_10_fold_5_metrics.csv,10,2,resnet18,all,C1,Sensitivity at 99% Specificity,0.6187845303867403
/scratchc/nrlab/wang04/ulyses_results_iteration/iteration_3_merge_below_3/cnn_model/cnn14/plasma_tp1_0.1x_model_C1/roc_curve_resnet18_tf_0_1/nested_cv_random/resnet18/repeat_10_fold_5_metrics.csv,10,2,resnet18,all,C1,PPV at 99% Specificity,1
/scratchc/nrlab/wang04/ulyses_results_iteration/iteration_3_merge_below_3/cnn_model/cnn14/plasma_tp1_0.1x_model_C1/roc_curve_resnet18_tf_0_1/nested_cv_random/resnet18/repeat_10_fold_5_metrics.csv,10,2,resnet18,all,C1,Accuracy at 99% Specificity,0.8043922651933701
/scratchc/nrlab/wang04/ulyses_results_iteration/iteration_3_merge_below_3/cnn_model/cnn14/plasma_tp1_0.1x_model_C1/roc_curve_resnet18_tf_0_1/nested_cv_random/resnet18/repeat_10_fold_5_metrics.csv,10,2,resnet18,all,C1,F1 at 99% Specificity,0.764505119453925
/scratchc/nrlab/wang04/ulyses_results_iteration/iteration_3_merge_below_3/cnn_model/cnn14/plasma_tp1_0.1x_model_C1/roc_curve_resnet18_tf_0_1/nested_cv_random/resnet18/repeat_10_fold_5_metrics.csv,10,2,resnet18,all,C1,Sensitivity at 98% Specificity,0.6187845303867403
/scratchc/nrlab/wang04/ulyses_results_iteration/iteration_3_merge_below_3/cnn_model/cnn14/plasma_tp1_0.1x_model_C1/roc_curve_resnet18_tf_0_1/nested_cv_random/resnet18/repeat_10_fold_5_metrics.csv,10,2,resnet18,all,C1,PPV at 98% Specificity,1
/scratchc/nrlab/wang04/ulyses_results_iteration/iteration_3_merge_below_3/cnn_model/cnn14/plasma_tp1_0.1x_model_C1/roc_curve_resnet18_tf_0_1/nested_cv_random/resnet18/repeat_10_fold_5_metrics.csv,10,2,resnet18,all,C1,Accuracy at 98% Specificity,0.7993922651933701
/scratchc/nrlab/wang04/ulyses_results_iteration/iteration_3_merge_below_3/cnn_model/cnn14/plasma_tp1_0.1x_model_C1/roc_curve_resnet18_tf_0_1/nested_cv_random/resnet18/repeat_10_fold_5_metrics.csv,10,2,resnet18,all,C1,F1 at 98% Specificity,0.764505119453925
/scratchc/nrlab/wang04/ulyses_results_iteration/iteration_3_merge_below_3/cnn_model/cnn14/plasma_tp1_0.1x_model_C1/roc_curve_resnet18_tf_0_1/nested_cv_random/resnet18/repeat_10_fold_5_metrics.csv,10,2,resnet18,all,C1,Sensitivity at 95% Specificity,0.6298342541436464
/scratchc/nrlab/wang04/ulyses_results_iteration/iteration_3_merge_below_3/cnn_model/cnn14/plasma_tp1_0.1x_model_C1/roc_curve_resnet18_tf_0_1/nested_cv_random/resnet18/repeat_10_fold_5_metrics.csv,10,2,resnet18,all,C1,PPV at 95% Specificity,0.97435897435897445
/scratchc/nrlab/wang04/ulyses_results_iteration/iteration_3_merge_below_3/cnn_model/cnn14/plasma_tp1_0.1x_model_C1/roc_curve_resnet18_tf_0_1/nested_cv_random/resnet18/repeat_10_fold_5_metrics.csv,10,2,resnet18,all,C1,Accuracy at 95% Specificity,0.7686484703554053
/scratchc/nrlab/wang04/ulyses_results_iteration/iteration_3_merge_below_3/cnn_model/cnn14/plasma_tp1_0.1x_model_C1/roc_curve_resnet18_tf_0_1/nested_cv_random/resnet18/repeat_10_fold_5_metrics.csv,10,2,resnet18,all,C1,F1 at 95% Specificity,0.7651006711409396
/scratchc/nrlab/wang04/ulyses_results_iteration/iteration_3_merge_below_3/cnn_model/cnn14/plasma_tp1_0.1x_model_C1/roc_curve_resnet18_tf_0_1/nested_cv_random/resnet18/repeat_10_fold_5_metrics.csv,10,3,resnet18,all,C1,AUROC,0.8812105926860025
/scratchc/nrlab/wang04/ulyses_results_iteration/iteration_3_merge_below_3/cnn_model/cnn14/plasma_tp1_0.1x_model_C1/roc_curve_resnet18_tf_0_1/nested_cv_random/resnet18/repeat_10_fold_5_metrics.csv,10,3,resnet18,all,C1,AUPRC,0.95684500413340845
/scratchc/nrlab/wang04/ulyses_results_iteration/iteration_3_merge_below_3/cnn_model/cnn14/plasma_tp1_0.1x_model_C1/roc_curve_resnet18_tf_0_1/nested_cv_random/resnet18/repeat_10_fold_5_metrics.csv,10,3,resnet18,all,C1,Sensitivity at 99% Specificity,0.4098360655737705
/scratchc/nrlab/wang04/ulyses_results_iteration/iteration_3_merge_below_3/cnn_model/cnn14/plasma_tp1_0.1x_model_C1/roc_curve_resnet18_tf_0_1/nested_cv_random/resnet18/repeat_10_fold_5_metrics.csv,10,3,resnet18,all,C1,PPV at 99% Specificity,1
/scratchc/nrlab/wang04/ulyses_results_iteration/iteration_3_merge_below_3/cnn_model/cnn14/plasma_tp1_0.1x_model_C1/roc_curve_resnet18_tf_0_1/nested_cv_random/resnet18/repeat_10_fold_5_metrics.csv,10,3,resnet18,all,C1,Accuracy at 99% Specificity,0.6999180327868852
/scratchc/nrlab/wang04/ulyses_results_iteration/iteration_3_merge_below_3/cnn_model/cnn14/plasma_tp1_0.1x_model_C1/roc_curve_resnet18_tf_0_1/nested_cv_random/resnet18/repeat_10_fold_5_metrics.csv,10,3,resnet18,all,C1,F1 at 99% Specificity,0.5813953488372093
/scratchc/nrlab/wang04/ulyses_results_iteration/iteration_3_merge_below_3/cnn_model/cnn14/plasma_tp1_0.1x_model_C1/roc_curve_resnet18_tf_0_1/nested_cv_random/resnet18/repeat_10_fold_5_metrics.csv,10,3,resnet18,all,C1,Sensitivity at 98% Specificity,0.4098360655737705
/scratchc/nrlab/wang04/ulyses_results_iteration/iteration_3_merge_below_3/cnn_model/cnn14/plasma_tp1_0.1x_model_C1/roc_curve_resnet18_tf_0_1/nested_cv_random/resnet18/repeat_10_fold_5_metrics.csv,10,3,resnet18,all,C1,PPV at 98% Specificity,1
/scratchc/nrlab/wang04/ulyses_results_iteration/iteration_3_merge_below_3/cnn_model/cnn14/plasma_tp1_0.1x_model_C1/roc_curve_resnet18_tf_0_1/nested_cv_random/resnet18/repeat_10_fold_5_metrics.csv,10,3,resnet18,all,C1,Accuracy at 98% Specificity,0.6949180327868852
/scratchc/nrlab/wang04/ulyses_results_iteration/iteration_3_merge_below_3/cnn_model/cnn14/plasma_tp1_0.1x_model_C1/roc_curve_resnet18_tf_0_1/nested_cv_random/resnet18/repeat_10_fold_5_metrics.csv,10,3,resnet18,all,C1,F1 at 98% Specificity,0.5813953488372093
/scratchc/nrlab/wang04/ulyses_results_iteration/iteration_3_merge_below_3/cnn_model/cnn14/plasma_tp1_0.1x_model_C1/roc_curve_resnet18_tf_0_1/nested_cv_random/resnet18/repeat_10_fold_5_metrics.csv,10,3,resnet18,all,C1,Sensitivity at 95% Specificity,0.5683060109289617
/scratchc/nrlab/wang04/ulyses_results_iteration/iteration_3_merge_below_3/cnn_model/cnn14/plasma_tp1_0.1x_model_C1/roc_curve_resnet18_tf_0_1/nested_cv_random/resnet18/repeat_10_fold_5_metrics.csv,10,3,resnet18,all,C1,PPV at 95% Specificity,0.981132075471698
/scratchc/nrlab/wang04/ulyses_results_iteration/iteration_3_merge_below_3/cnn_model/cnn14/plasma_tp1_0.1x_model_C1/roc_curve_resnet18_tf_0_1/nested_cv_random/resnet18/repeat_10_fold_5_metrics.csv,10,3,resnet18,all,C1,Accuracy at 95% Specificity,0.7445376208490961
/scratchc/nrlab/wang04/ulyses_results_iteration/iteration_3_merge_below_3/cnn_model/cnn14/plasma_tp1_0.1x_model_C1/roc_curve_resnet18_tf_0_1/nested_cv_random/resnet18/repeat_10_fold_5_metrics.csv,10,3,resnet18,all,C1,F1 at 95% Specificity,0.7197231833910035
/scratchc/nrlab/wang04/ulyses_results_iteration/iteration_3_merge_below_3/cnn_model/cnn14/plasma_tp1_0.1x_model_C1/roc_curve_resnet18_tf_0_1/nested_cv_random/resnet18/repeat_10_fold_5_metrics.csv,10,4,resnet18,all,C1,AUROC,0.932780847145488
/scratchc/nrlab/wang04/ulyses_results_iteration/iteration_3_merge_below_3/cnn_model/cnn14/plasma_tp1_0.1x_model_C1/roc_curve_resnet18_tf_0_1/nested_cv_random/resnet18/repeat_10_fold_5_metrics.csv,10,4,resnet18,all,C1,AUPRC,0.9753114983147564
/scratchc/nrlab/wang04/ulyses_results_iteration/iteration_3_merge_below_3/cnn_model/cnn14/plasma_tp1_0.1x_model_C1/roc_curve_resnet18_tf_0_1/nested_cv_random/resnet18/repeat_10_fold_5_metrics.csv,10,4,resnet18,all,C1,Sensitivity at 99% Specificity,0.6187845303867403
/scratchc/nrlab/wang04/ulyses_results_iteration/iteration_3_merge_below_3/cnn_model/cnn14/plasma_tp1_0.1x_model_C1/roc_curve_resnet18_tf_0_1/nested_cv_random/resnet18/repeat_10_fold_5_metrics.csv,10,4,resnet18,all,C1,PPV at 99% Specificity,1
/scratchc/nrlab/wang04/ulyses_results_iteration/iteration_3_merge_below_3/cnn_model/cnn14/plasma_tp1_0.1x_model_C1/roc_curve_resnet18_tf_0_1/nested_cv_random/resnet18/repeat_10_fold_5_metrics.csv,10,4,resnet18,all,C1,Accuracy at 99% Specificity,0.8043922651933701
/scratchc/nrlab/wang04/ulyses_results_iteration/iteration_3_merge_below_3/cnn_model/cnn14/plasma_tp1_0.1x_model_C1/roc_curve_resnet18_tf_0_1/nested_cv_random/resnet18/repeat_10_fold_5_metrics.csv,10,4,resnet18,all,C1,F1 at 99% Specificity,0.764505119453925
/scratchc/nrlab/wang04/ulyses_results_iteration/iteration_3_merge_below_3/cnn_model/cnn14/plasma_tp1_0.1x_model_C1/roc_curve_resnet18_tf_0_1/nested_cv_random/resnet18/repeat_10_fold_5_metrics.csv,10,4,resnet18,all,C1,Sensitivity at 98% Specificity,0.6187845303867403
/scratchc/nrlab/wang04/ulyses_results_iteration/iteration_3_merge_below_3/cnn_model/cnn14/plasma_tp1_0.1x_model_C1/roc_curve_resnet18_tf_0_1/nested_cv_random/resnet18/repeat_10_fold_5_metrics.csv,10,4,resnet18,all,C1,PPV at 98% Specificity,1
/scratchc/nrlab/wang04/ulyses_results_iteration/iteration_3_merge_below_3/cnn_model/cnn14/plasma_tp1_0.1x_model_C1/roc_curve_resnet18_tf_0_1/nested_cv_random/resnet18/repeat_10_fold_5_metrics.csv,10,4,resnet18,all,C1,Accuracy at 98% Specificity,0.7993922651933701
/scratchc/nrlab/wang04/ulyses_results_iteration/iteration_3_merge_below_3/cnn_model/cnn14/plasma_tp1_0.1x_model_C1/roc_curve_resnet18_tf_0_1/nested_cv_random/resnet18/repeat_10_fold_5_metrics.csv,10,4,resnet18,all,C1,F1 at 98% Specificity,0.764505119453925
/scratchc/nrlab/wang04/ulyses_results_iteration/iteration_3_merge_below_3/cnn_model/cnn14/plasma_tp1_0.1x_model_C1/roc_curve_resnet18_tf_0_1/nested_cv_random/resnet18/repeat_10_fold_5_metrics.csv,10,4,resnet18,all,C1,Sensitivity at 95% Specificity,0.6850828729281768
/scratchc/nrlab/wang04/ulyses_results_iteration/iteration_3_merge_below_3/cnn_model/cnn14/plasma_tp1_0.1x_model_C1/roc_curve_resnet18_tf_0_1/nested_cv_random/resnet18/repeat_10_fold_5_metrics.csv,10,4,resnet18,all,C1,PPV at 95% Specificity,0.984126984126984
/scratchc/nrlab/wang04/ulyses_results_iteration/iteration_3_merge_below_3/cnn_model/cnn14/plasma_tp1_0.1x_model_C1/roc_curve_resnet18_tf_0_1/nested_cv_random/resnet18/repeat_10_fold_5_metrics.csv,10,4,resnet18,all,C1,Accuracy at 95% Specificity,0.803147497070149
/scratchc/nrlab/wang04/ulyses_results_iteration/iteration_3_merge_below_3/cnn_model/cnn14/plasma_tp1_0.1x_model_C1/roc_curve_resnet18_tf_0_1/nested_cv_random/resnet18/repeat_10_fold_5_metrics.csv,10,4,resnet18,all,C1,F1 at 95% Specificity,0.8078175895765473
/scratchc/nrlab/wang04/ulyses_results_iteration/iteration_3_merge_below_3/cnn_model/cnn14/plasma_tp1_0.1x_model_C1/roc_curve_resnet18_tf_0_1/nested_cv_random/resnet18/repeat_10_fold_5_metrics.csv,10,5,resnet18,all,C1,AUROC,0.8847481021394066
/scratchc/nrlab/wang04/ulyses_results_iteration/iteration_3_merge_below_3/cnn_model/cnn14/plasma_tp1_0.1x_model_C1/roc_curve_resnet18_tf_0_1/nested_cv_random/resnet18/repeat_10_fold_5_metrics.csv,10,5,resnet18,all,C1,AUPRC,0.9583829932224884
/scratchc/nrlab/wang04/ulyses_results_iteration/iteration_3_merge_below_3/cnn_model/cnn14/plasma_tp1_0.1x_model_C1/roc_curve_resnet18_tf_0_1/nested_cv_random/resnet18/repeat_10_fold_5_metrics.csv,10,5,resnet18,all,C1,Sensitivity at 99% Specificity,0.34782608695652173
/scratchc/nrlab/wang04/ulyses_results_iteration/iteration_3_merge_below_3/cnn_model/cnn14/plasma_tp1_0.1x_model_C1/roc_curve_resnet18_tf_0_1/nested_cv_random/resnet18/repeat_10_fold_5_metrics.csv,10,5,resnet18,all,C1,PPV at 99% Specificity,1
/scratchc/nrlab/wang04/ulyses_results_iteration/iteration_3_merge_below_3/cnn_model/cnn14/plasma_tp1_0.1x_model_C1/roc_curve_resnet18_tf_0_1/nested_cv_random/resnet18/repeat_10_fold_5_metrics.csv,10,5,resnet18,all,C1,Accuracy at 99% Specificity,0.6689130434782609
/scratchc/nrlab/wang04/ulyses_results_iteration/iteration_3_merge_below_3/cnn_model/cnn14/plasma_tp1_0.1x_model_C1/roc_curve_resnet18_tf_0_1/nested_cv_random/resnet18/repeat_10_fold_5_metrics.csv,10,5,resnet18,all,C1,F1 at 99% Specificity,0.5161290322580645
/scratchc/nrlab/wang04/ulyses_results_iteration/iteration_3_merge_below_3/cnn_model/cnn14/plasma_tp1_0.1x_model_C1/roc_curve_resnet18_tf_0_1/nested_cv_random/resnet18/repeat_10_fold_5_metrics.csv,10,5,resnet18,all,C1,Sensitivity at 98% Specificity,0.34782608695652173
/scratchc/nrlab/wang04/ulyses_results_iteration/iteration_3_merge_below_3/cnn_model/cnn14/plasma_tp1_0.1x_model_C1/roc_curve_resnet18_tf_0_1/nested_cv_random/resnet18/repeat_10_fold_5_metrics.csv,10,5,resnet18,all,C1,PPV at 98% Specificity,1
/scratchc/nrlab/wang04/ulyses_results_iteration/iteration_3_merge_below_3/cnn_model/cnn14/plasma_tp1_0.1x_model_C1/roc_curve_resnet18_tf_0_1/nested_cv_random/resnet18/repeat_10_fold_5_metrics.csv,10,5,resnet18,all,C1,Accuracy at 98% Specificity,0.6639130434782609
/scratchc/nrlab/wang04/ulyses_results_iteration/iteration_3_merge_below_3/cnn_model/cnn14/plasma_tp1_0.1x_model_C1/roc_curve_resnet18_tf_0_1/nested_cv_random/resnet18/repeat_10_fold_5_metrics.csv,10,5,resnet18,all,C1,F1 at 98% Specificity,0.5161290322580645
/scratchc/nrlab/wang04/ulyses_results_iteration/iteration_3_merge_below_3/cnn_model/cnn14/plasma_tp1_0.1x_model_C1/roc_curve_resnet18_tf_0_1/nested_cv_random/resnet18/repeat_10_fold_5_metrics.csv,10,5,resnet18,all,C1,Sensitivity at 95% Specificity,0.6630434782608695
/scratchc/nrlab/wang04/ulyses_results_iteration/iteration_3_merge_below_3/cnn_model/cnn14/plasma_tp1_0.1x_model_C1/roc_curve_resnet18_tf_0_1/nested_cv_random/resnet18/repeat_10_fold_5_metrics.csv,10,5,resnet18,all,C1,PPV at 95% Specificity,0.9838709677419356
/scratchc/nrlab/wang04/ulyses_results_iteration/iteration_3_merge_below_3/cnn_model/cnn14/plasma_tp1_0.1x_model_C1/roc_curve_resnet18_tf_0_1/nested_cv_random/resnet18/repeat_10_fold_5_metrics.csv,10,5,resnet18,all,C1,Accuracy at 95% Specificity,0.7914423740510697
/scratchc/nrlab/wang04/ulyses_results_iteration/iteration_3_merge_below_3/cnn_model/cnn14/plasma_tp1_0.1x_model_C1/roc_curve_resnet18_tf_0_1/nested_cv_random/resnet18/repeat_10_fold_5_metrics.csv,10,5,resnet18,all,C1,F1 at 95% Specificity,0.7922077922077922
/scratchc/nrlab/wang04/ulyses_results_iteration/iteration_3_merge_below_3/cnn_model/cnn14/plasma_tp1_0.1x_model_C1/roc_curve_resnet18_tf_0.03_0.1/nested_cv_random/resnet18/repeat_10_fold_5_metrics.csv,1,1,resnet18,"(0.03, 0.1]",C1,AUROC,0.978956228956229
/scratchc/nrlab/wang04/ulyses_results_iteration/iteration_3_merge_below_3/cnn_model/cnn14/plasma_tp1_0.1x_model_C1/roc_curve_resnet18_tf_0.03_0.1/nested_cv_random/resnet18/repeat_10_fold_5_metrics.csv,1,1,resnet18,"(0.03, 0.1]",C1,AUPRC,0.9638549125079942
/scratchc/nrlab/wang04/ulyses_results_iteration/iteration_3_merge_below_3/cnn_model/cnn14/plasma_tp1_0.1x_model_C1/roc_curve_resnet18_tf_0.03_0.1/nested_cv_random/resnet18/repeat_10_fold_5_metrics.csv,1,1,resnet18,"(0.03, 0.1]",C1,Sensitivity at 99% Specificity,0.6388888888888888
/scratchc/nrlab/wang04/ulyses_results_iteration/iteration_3_merge_below_3/cnn_model/cnn14/plasma_tp1_0.1x_model_C1/roc_curve_resnet18_tf_0.03_0.1/nested_cv_random/resnet18/repeat_10_fold_5_metrics.csv,1,1,resnet18,"(0.03, 0.1]",C1,PPV at 99% Specificity,1
/scratchc/nrlab/wang04/ulyses_results_iteration/iteration_3_merge_below_3/cnn_model/cnn14/plasma_tp1_0.1x_model_C1/roc_curve_resnet18_tf_0.03_0.1/nested_cv_random/resnet18/repeat_10_fold_5_metrics.csv,1,1,resnet18,"(0.03, 0.1]",C1,Accuracy at 99% Specificity,0.8144444444444444
/scratchc/nrlab/wang04/ulyses_results_iteration/iteration_3_merge_below_3/cnn_model/cnn14/plasma_tp1_0.1x_model_C1/roc_curve_resnet18_tf_0.03_0.1/nested_cv_random/resnet18/repeat_10_fold_5_metrics.csv,1,1,resnet18,"(0.03, 0.1]",C1,F1 at 99% Specificity,0.7796610169491526
/scratchc/nrlab/wang04/ulyses_results_iteration/iteration_3_merge_below_3/cnn_model/cnn14/plasma_tp1_0.1x_model_C1/roc_curve_resnet18_tf_0.03_0.1/nested_cv_random/resnet18/repeat_10_fold_5_metrics.csv,1,1,resnet18,"(0.03, 0.1]",C1,Sensitivity at 98% Specificity,0.6388888888888888
/scratchc/nrlab/wang04/ulyses_results_iteration/iteration_3_merge_below_3/cnn_model/cnn14/plasma_tp1_0.1x_model_C1/roc_curve_resnet18_tf_0.03_0.1/nested_cv_random/resnet18/repeat_10_fold_5_metrics.csv,1,1,resnet18,"(0.03, 0.1]",C1,PPV at 98% Specificity,1
/scratchc/nrlab/wang04/ulyses_results_iteration/iteration_3_merge_below_3/cnn_model/cnn14/plasma_tp1_0.1x_model_C1/roc_curve_resnet18_tf_0.03_0.1/nested_cv_random/resnet18/repeat_10_fold_5_metrics.csv,1,1,resnet18,"(0.03, 0.1]",C1,Accuracy at 98% Specificity,0.8094444444444444
/scratchc/nrlab/wang04/ulyses_results_iteration/iteration_3_merge_below_3/cnn_model/cnn14/plasma_tp1_0.1x_model_C1/roc_curve_resnet18_tf_0.03_0.1/nested_cv_random/resnet18/repeat_10_fold_5_metrics.csv,1,1,resnet18,"(0.03, 0.1]",C1,F1 at 98% Specificity,0.7796610169491526
/scratchc/nrlab/wang04/ulyses_results_iteration/iteration_3_merge_below_3/cnn_model/cnn14/plasma_tp1_0.1x_model_C1/roc_curve_resnet18_tf_0.03_0.1/nested_cv_random/resnet18/repeat_10_fold_5_metrics.csv,1,1,resnet18,"(0.03, 0.1]",C1,Sensitivity at 95% Specificity,0.8333333333333334
/scratchc/nrlab/wang04/ulyses_results_iteration/iteration_3_merge_below_3/cnn_model/cnn14/plasma_tp1_0.1x_model_C1/roc_curve_resnet18_tf_0.03_0.1/nested_cv_random/resnet18/repeat_10_fold_5_metrics.csv,1,1,resnet18,"(0.03, 0.1]",C1,PPV at 95% Specificity,0.9375
/scratchc/nrlab/wang04/ulyses_results_iteration/iteration_3_merge_below_3/cnn_model/cnn14/plasma_tp1_0.1x_model_C1/roc_curve_resnet18_tf_0.03_0.1/nested_cv_random/resnet18/repeat_10_fold_5_metrics.csv,1,1,resnet18,"(0.03, 0.1]",C1,Accuracy at 95% Specificity,0.8772727272727272
/scratchc/nrlab/wang04/ulyses_results_iteration/iteration_3_merge_below_3/cnn_model/cnn14/plasma_tp1_0.1x_model_C1/roc_curve_resnet18_tf_0.03_0.1/nested_cv_random/resnet18/repeat_10_fold_5_metrics.csv,1,1,resnet18,"(0.03, 0.1]",C1,F1 at 95% Specificity,0.8823529411764706
/scratchc/nrlab/wang04/ulyses_results_iteration/iteration_3_merge_below_3/cnn_model/cnn14/plasma_tp1_0.1x_model_C1/roc_curve_resnet18_tf_0.03_0.1/nested_cv_random/resnet18/repeat_10_fold_5_metrics.csv,1,2,resnet18,"(0.03, 0.1]",C1,AUROC,0.9354978354978356
/scratchc/nrlab/wang04/ulyses_results_iteration/iteration_3_merge_below_3/cnn_model/cnn14/plasma_tp1_0.1x_model_C1/roc_curve_resnet18_tf_0.03_0.1/nested_cv_random/resnet18/repeat_10_fold_5_metrics.csv,1,2,resnet18,"(0.03, 0.1]",C1,AUPRC,0.9233462701470028
/scratchc/nrlab/wang04/ulyses_results_iteration/iteration_3_merge_below_3/cnn_model/cnn14/plasma_tp1_0.1x_model_C1/roc_curve_resnet18_tf_0.03_0.1/nested_cv_random/resnet18/repeat_10_fold_5_metrics.csv,1,2,resnet18,"(0.03, 0.1]",C1,Sensitivity at 99% Specificity,0.5714285714285714
/scratchc/nrlab/wang04/ulyses_results_iteration/iteration_3_merge_below_3/cnn_model/cnn14/plasma_tp1_0.1x_model_C1/roc_curve_resnet18_tf_0.03_0.1/nested_cv_random/resnet18/repeat_10_fold_5_metrics.csv,1,2,resnet18,"(0.03, 0.1]",C1,PPV at 99% Specificity,1
/scratchc/nrlab/wang04/ulyses_results_iteration/iteration_3_merge_below_3/cnn_model/cnn14/plasma_tp1_0.1x_model_C1/roc_curve_resnet18_tf_0.03_0.1/nested_cv_random/resnet18/repeat_10_fold_5_metrics.csv,1,2,resnet18,"(0.03, 0.1]",C1,Accuracy at 99% Specificity,0.7807142857142857
/scratchc/nrlab/wang04/ulyses_results_iteration/iteration_3_merge_below_3/cnn_model/cnn14/plasma_tp1_0.1x_model_C1/roc_curve_resnet18_tf_0.03_0.1/nested_cv_random/resnet18/repeat_10_fold_5_metrics.csv,1,2,resnet18,"(0.03, 0.1]",C1,F1 at 99% Specificity,0.7272727272727273
/scratchc/nrlab/wang04/ulyses_results_iteration/iteration_3_merge_below_3/cnn_model/cnn14/plasma_tp1_0.1x_model_C1/roc_curve_resnet18_tf_0.03_0.1/nested_cv_random/resnet18/repeat_10_fold_5_metrics.csv,1,2,resnet18,"(0.03, 0.1]",C1,Sensitivity at 98% Specificity,0.5714285714285714
/scratchc/nrlab/wang04/ulyses_results_iteration/iteration_3_merge_below_3/cnn_model/cnn14/plasma_tp1_0.1x_model_C1/roc_curve_resnet18_tf_0.03_0.1/nested_cv_random/resnet18/repeat_10_fold_5_metrics.csv,1,2,resnet18,"(0.03, 0.1]",C1,PPV at 98% Specificity,1
/scratchc/nrlab/wang04/ulyses_results_iteration/iteration_3_merge_below_3/cnn_model/cnn14/plasma_tp1_0.1x_model_C1/roc_curve_resnet18_tf_0.03_0.1/nested_cv_random/resnet18/repeat_10_fold_5_metrics.csv,1,2,resnet18,"(0.03, 0.1]",C1,Accuracy at 98% Specificity,0.7757142857142857
/scratchc/nrlab/wang04/ulyses_results_iteration/iteration_3_merge_below_3/cnn_model/cnn14/plasma_tp1_0.1x_model_C1/roc_curve_resnet18_tf_0.03_0.1/nested_cv_random/resnet18/repeat_10_fold_5_metrics.csv,1,2,resnet18,"(0.03, 0.1]",C1,F1 at 98% Specificity,0.7272727272727273
/scratchc/nrlab/wang04/ulyses_results_iteration/iteration_3_merge_below_3/cnn_model/cnn14/plasma_tp1_0.1x_model_C1/roc_curve_resnet18_tf_0.03_0.1/nested_cv_random/resnet18/repeat_10_fold_5_metrics.csv,1,2,resnet18,"(0.03, 0.1]",C1,Sensitivity at 95% Specificity,0.7714285714285715
/scratchc/nrlab/wang04/ulyses_results_iteration/iteration_3_merge_below_3/cnn_model/cnn14/plasma_tp1_0.1x_model_C1/roc_curve_resnet18_tf_0.03_0.1/nested_cv_random/resnet18/repeat_10_fold_5_metrics.csv,1,2,resnet18,"(0.03, 0.1]",C1,PPV at 95% Specificity,0.9310344827586208
/scratchc/nrlab/wang04/ulyses_results_iteration/iteration_3_merge_below_3/cnn_model/cnn14/plasma_tp1_0.1x_model_C1/roc_curve_resnet18_tf_0.03_0.1/nested_cv_random/resnet18/repeat_10_fold_5_metrics.csv,1,2,resnet18,"(0.03, 0.1]",C1,Accuracy at 95% Specificity,0.8463203463203464
/scratchc/nrlab/wang04/ulyses_results_iteration/iteration_3_merge_below_3/cnn_model/cnn14/plasma_tp1_0.1x_model_C1/roc_curve_resnet18_tf_0.03_0.1/nested_cv_random/resnet18/repeat_10_fold_5_metrics.csv,1,2,resnet18,"(0.03, 0.1]",C1,F1 at 95% Specificity,0.84375
/scratchc/nrlab/wang04/ulyses_results_iteration/iteration_3_merge_below_3/cnn_model/cnn14/plasma_tp1_0.1x_model_C1/roc_curve_resnet18_tf_0.03_0.1/nested_cv_random/resnet18/repeat_10_fold_5_metrics.csv,1,3,resnet18,"(0.03, 0.1]",C1,AUROC,0.9493506493506492
/scratchc/nrlab/wang04/ulyses_results_iteration/iteration_3_merge_below_3/cnn_model/cnn14/plasma_tp1_0.1x_model_C1/roc_curve_resnet18_tf_0.03_0.1/nested_cv_random/resnet18/repeat_10_fold_5_metrics.csv,1,3,resnet18,"(0.03, 0.1]",C1,AUPRC,0.906186489485888
/scratchc/nrlab/wang04/ulyses_results_iteration/iteration_3_merge_below_3/cnn_model/cnn14/plasma_tp1_0.1x_model_C1/roc_curve_resnet18_tf_0.03_0.1/nested_cv_random/resnet18/repeat_10_fold_5_metrics.csv,1,3,resnet18,"(0.03, 0.1]",C1,Sensitivity at 99% Specificity,0.3142857142857143
/scratchc/nrlab/wang04/ulyses_results_iteration/iteration_3_merge_below_3/cnn_model/cnn14/plasma_tp1_0.1x_model_C1/roc_curve_resnet18_tf_0.03_0.1/nested_cv_random/resnet18/repeat_10_fold_5_metrics.csv,1,3,resnet18,"(0.03, 0.1]",C1,PPV at 99% Specificity,1
/scratchc/nrlab/wang04/ulyses_results_iteration/iteration_3_merge_below_3/cnn_model/cnn14/plasma_tp1_0.1x_model_C1/roc_curve_resnet18_tf_0.03_0.1/nested_cv_random/resnet18/repeat_10_fold_5_metrics.csv,1,3,resnet18,"(0.03, 0.1]",C1,Accuracy at 99% Specificity,0.6521428571428571
/scratchc/nrlab/wang04/ulyses_results_iteration/iteration_3_merge_below_3/cnn_model/cnn14/plasma_tp1_0.1x_model_C1/roc_curve_resnet18_tf_0.03_0.1/nested_cv_random/resnet18/repeat_10_fold_5_metrics.csv,1,3,resnet18,"(0.03, 0.1]",C1,F1 at 99% Specificity,0.4782608695652174
/scratchc/nrlab/wang04/ulyses_results_iteration/iteration_3_merge_below_3/cnn_model/cnn14/plasma_tp1_0.1x_model_C1/roc_curve_resnet18_tf_0.03_0.1/nested_cv_random/resnet18/repeat_10_fold_5_metrics.csv,1,3,resnet18,"(0.03, 0.1]",C1,Sensitivity at 98% Specificity,0.3142857142857143
/scratchc/nrlab/wang04/ulyses_results_iteration/iteration_3_merge_below_3/cnn_model/cnn14/plasma_tp1_0.1x_model_C1/roc_curve_resnet18_tf_0.03_0.1/nested_cv_random/resnet18/repeat_10_fold_5_metrics.csv,1,3,resnet18,"(0.03, 0.1]",C1,PPV at 98% Specificity,1
/scratchc/nrlab/wang04/ulyses_results_iteration/iteration_3_merge_below_3/cnn_model/cnn14/plasma_tp1_0.1x_model_C1/roc_curve_resnet18_tf_0.03_0.1/nested_cv_random/resnet18/repeat_10_fold_5_metrics.csv,1,3,resnet18,"(0.03, 0.1]",C1,Accuracy at 98% Specificity,0.6471428571428571
/scratchc/nrlab/wang04/ulyses_results_iteration/iteration_3_merge_below_3/cnn_model/cnn14/plasma_tp1_0.1x_model_C1/roc_curve_resnet18_tf_0.03_0.1/nested_cv_random/resnet18/repeat_10_fold_5_metrics.csv,1,3,resnet18,"(0.03, 0.1]",C1,F1 at 98% Specificity,0.4782608695652174
/scratchc/nrlab/wang04/ulyses_results_iteration/iteration_3_merge_below_3/cnn_model/cnn14/plasma_tp1_0.1x_model_C1/roc_curve_resnet18_tf_0.03_0.1/nested_cv_random/resnet18/repeat_10_fold_5_metrics.csv,1,3,resnet18,"(0.03, 0.1]",C1,Sensitivity at 95% Specificity,0.5142857142857142
/scratchc/nrlab/wang04/ulyses_results_iteration/iteration_3_merge_below_3/cnn_model/cnn14/plasma_tp1_0.1x_model_C1/roc_curve_resnet18_tf_0.03_0.1/nested_cv_random/resnet18/repeat_10_fold_5_metrics.csv,1,3,resnet18,"(0.03, 0.1]",C1,PPV at 95% Specificity,0.9
/scratchc/nrlab/wang04/ulyses_results_iteration/iteration_3_merge_below_3/cnn_model/cnn14/plasma_tp1_0.1x_model_C1/roc_curve_resnet18_tf_0.03_0.1/nested_cv_random/resnet18/repeat_10_fold_5_metrics.csv,1,3,resnet18,"(0.03, 0.1]",C1,Accuracy at 95% Specificity,0.7177489177489177
/scratchc/nrlab/wang04/ulyses_results_iteration/iteration_3_merge_below_3/cnn_model/cnn14/plasma_tp1_0.1x_model_C1/roc_curve_resnet18_tf_0.03_0.1/nested_cv_random/resnet18/repeat_10_fold_5_metrics.csv,1,3,resnet18,"(0.03, 0.1]",C1,F1 at 95% Specificity,0.6545454545454545
/scratchc/nrlab/wang04/ulyses_results_iteration/iteration_3_merge_below_3/cnn_model/cnn14/plasma_tp1_0.1x_model_C1/roc_curve_resnet18_tf_0.03_0.1/nested_cv_random/resnet18/repeat_10_fold_5_metrics.csv,1,4,resnet18,"(0.03, 0.1]",C1,AUROC,0.9197994987468672
/scratchc/nrlab/wang04/ulyses_results_iteration/iteration_3_merge_below_3/cnn_model/cnn14/plasma_tp1_0.1x_model_C1/roc_curve_resnet18_tf_0.03_0.1/nested_cv_random/resnet18/repeat_10_fold_5_metrics.csv,1,4,resnet18,"(0.03, 0.1]",C1,AUPRC,0.9152184847319076
/scratchc/nrlab/wang04/ulyses_results_iteration/iteration_3_merge_below_3/cnn_model/cnn14/plasma_tp1_0.1x_model_C1/roc_curve_resnet18_tf_0.03_0.1/nested_cv_random/resnet18/repeat_10_fold_5_metrics.csv,1,4,resnet18,"(0.03, 0.1]",C1,Sensitivity at 99% Specificity,0.631578947368421
/scratchc/nrlab/wang04/ulyses_results_iteration/iteration_3_merge_below_3/cnn_model/cnn14/plasma_tp1_0.1x_model_C1/roc_curve_resnet18_tf_0.03_0.1/nested_cv_random/resnet18/repeat_10_fold_5_metrics.csv,1,4,resnet18,"(0.03, 0.1]",C1,PPV at 99% Specificity,1
/scratchc/nrlab/wang04/ulyses_results_iteration/iteration_3_merge_below_3/cnn_model/cnn14/plasma_tp1_0.1x_model_C1/roc_curve_resnet18_tf_0.03_0.1/nested_cv_random/resnet18/repeat_10_fold_5_metrics.csv,1,4,resnet18,"(0.03, 0.1]",C1,Accuracy at 99% Specificity,0.8107894736842105
/scratchc/nrlab/wang04/ulyses_results_iteration/iteration_3_merge_below_3/cnn_model/cnn14/plasma_tp1_0.1x_model_C1/roc_curve_resnet18_tf_0.03_0.1/nested_cv_random/resnet18/repeat_10_fold_5_metrics.csv,1,4,resnet18,"(0.03, 0.1]",C1,F1 at 99% Specificity,0.7741935483870968
/scratchc/nrlab/wang04/ulyses_results_iteration/iteration_3_merge_below_3/cnn_model/cnn14/plasma_tp1_0.1x_model_C1/roc_curve_resnet18_tf_0.03_0.1/nested_cv_random/resnet18/repeat_10_fold_5_metrics.csv,1,4,resnet18,"(0.03, 0.1]",C1,Sensitivity at 98% Specificity,0.631578947368421
/scratchc/nrlab/wang04/ulyses_results_iteration/iteration_3_merge_below_3/cnn_model/cnn14/plasma_tp1_0.1x_model_C1/roc_curve_resnet18_tf_0.03_0.1/nested_cv_random/resnet18/repeat_10_fold_5_metrics.csv,1,4,resnet18,"(0.03, 0.1]",C1,PPV at 98% Specificity,1
/scratchc/nrlab/wang04/ulyses_results_iteration/iteration_3_merge_below_3/cnn_model/cnn14/plasma_tp1_0.1x_model_C1/roc_curve_resnet18_tf_0.03_0.1/nested_cv_random/resnet18/repeat_10_fold_5_metrics.csv,1,4,resnet18,"(0.03, 0.1]",C1,Accuracy at 98% Specificity,0.8057894736842105
/scratchc/nrlab/wang04/ulyses_results_iteration/iteration_3_merge_below_3/cnn_model/cnn14/plasma_tp1_0.1x_model_C1/roc_curve_resnet18_tf_0.03_0.1/nested_cv_random/resnet18/repeat_10_fold_5_metrics.csv,1,4,resnet18,"(0.03, 0.1]",C1,F1 at 98% Specificity,0.7741935483870968
/scratchc/nrlab/wang04/ulyses_results_iteration/iteration_3_merge_below_3/cnn_model/cnn14/plasma_tp1_0.1x_model_C1/roc_curve_resnet18_tf_0.03_0.1/nested_cv_random/resnet18/repeat_10_fold_5_metrics.csv,1,4,resnet18,"(0.03, 0.1]",C1,Sensitivity at 95% Specificity,0.7105263157894737
/scratchc/nrlab/wang04/ulyses_results_iteration/iteration_3_merge_below_3/cnn_model/cnn14/plasma_tp1_0.1x_model_C1/roc_curve_resnet18_tf_0.03_0.1/nested_cv_random/resnet18/repeat_10_fold_5_metrics.csv,1,4,resnet18,"(0.03, 0.1]",C1,PPV at 95% Specificity,0.9310344827586208
/scratchc/nrlab/wang04/ulyses_results_iteration/iteration_3_merge_below_3/cnn_model/cnn14/plasma_tp1_0.1x_model_C1/roc_curve_resnet18_tf_0.03_0.1/nested_cv_random/resnet18/repeat_10_fold_5_metrics.csv,1,4,resnet18,"(0.03, 0.1]",C1,Accuracy at 95% Specificity,0.8151837928153718
/scratchc/nrlab/wang04/ulyses_results_iteration/iteration_3_merge_below_3/cnn_model/cnn14/plasma_tp1_0.1x_model_C1/roc_curve_resnet18_tf_0.03_0.1/nested_cv_random/resnet18/repeat_10_fold_5_metrics.csv,1,4,resnet18,"(0.03, 0.1]",C1,F1 at 95% Specificity,0.8059701492537313
/scratchc/nrlab/wang04/ulyses_results_iteration/iteration_3_merge_below_3/cnn_model/cnn14/plasma_tp1_0.1x_model_C1/roc_curve_resnet18_tf_0.03_0.1/nested_cv_random/resnet18/repeat_10_fold_5_metrics.csv,1,5,resnet18,"(0.03, 0.1]",C1,AUROC,0.9176520270270272
/scratchc/nrlab/wang04/ulyses_results_iteration/iteration_3_merge_below_3/cnn_model/cnn14/plasma_tp1_0.1x_model_C1/roc_curve_resnet18_tf_0.03_0.1/nested_cv_random/resnet18/repeat_10_fold_5_metrics.csv,1,5,resnet18,"(0.03, 0.1]",C1,AUPRC,0.8987677061823132
/scratchc/nrlab/wang04/ulyses_results_iteration/iteration_3_merge_below_3/cnn_model/cnn14/plasma_tp1_0.1x_model_C1/roc_curve_resnet18_tf_0.03_0.1/nested_cv_random/resnet18/repeat_10_fold_5_metrics.csv,1,5,resnet18,"(0.03, 0.1]",C1,Sensitivity at 99% Specificity,0.4864864864864865
/scratchc/nrlab/wang04/ulyses_results_iteration/iteration_3_merge_below_3/cnn_model/cnn14/plasma_tp1_0.1x_model_C1/roc_curve_resnet18_tf_0.03_0.1/nested_cv_random/resnet18/repeat_10_fold_5_metrics.csv,1,5,resnet18,"(0.03, 0.1]",C1,PPV at 99% Specificity,1
/scratchc/nrlab/wang04/ulyses_results_iteration/iteration_3_merge_below_3/cnn_model/cnn14/plasma_tp1_0.1x_model_C1/roc_curve_resnet18_tf_0.03_0.1/nested_cv_random/resnet18/repeat_10_fold_5_metrics.csv,1,5,resnet18,"(0.03, 0.1]",C1,Accuracy at 99% Specificity,0.7382432432432433
/scratchc/nrlab/wang04/ulyses_results_iteration/iteration_3_merge_below_3/cnn_model/cnn14/plasma_tp1_0.1x_model_C1/roc_curve_resnet18_tf_0.03_0.1/nested_cv_random/resnet18/repeat_10_fold_5_metrics.csv,1,5,resnet18,"(0.03, 0.1]",C1,F1 at 99% Specificity,0.6545454545454545
/scratchc/nrlab/wang04/ulyses_results_iteration/iteration_3_merge_below_3/cnn_model/cnn14/plasma_tp1_0.1x_model_C1/roc_curve_resnet18_tf_0.03_0.1/nested_cv_random/resnet18/repeat_10_fold_5_metrics.csv,1,5,resnet18,"(0.03, 0.1]",C1,Sensitivity at 98% Specificity,0.4864864864864865
/scratchc/nrlab/wang04/ulyses_results_iteration/iteration_3_merge_below_3/cnn_model/cnn14/plasma_tp1_0.1x_model_C1/roc_curve_resnet18_tf_0.03_0.1/nested_cv_random/resnet18/repeat_10_fold_5_metrics.csv,1,5,resnet18,"(0.03, 0.1]",C1,PPV at 98% Specificity,1
/scratchc/nrlab/wang04/ulyses_results_iteration/iteration_3_merge_below_3/cnn_model/cnn14/plasma_tp1_0.1x_model_C1/roc_curve_resnet18_tf_0.03_0.1/nested_cv_random/resnet18/repeat_10_fold_5_metrics.csv,1,5,resnet18,"(0.03, 0.1]",C1,Accuracy at 98% Specificity,0.7332432432432432
/scratchc/nrlab/wang04/ulyses_results_iteration/iteration_3_merge_below_3/cnn_model/cnn14/plasma_tp1_0.1x_model_C1/roc_curve_resnet18_tf_0.03_0.1/nested_cv_random/resnet18/repeat_10_fold_5_metrics.csv,1,5,resnet18,"(0.03, 0.1]",C1,F1 at 98% Specificity,0.6545454545454545
/scratchc/nrlab/wang04/ulyses_results_iteration/iteration_3_merge_below_3/cnn_model/cnn14/plasma_tp1_0.1x_model_C1/roc_curve_resnet18_tf_0.03_0.1/nested_cv_random/resnet18/repeat_10_fold_5_metrics.csv,1,5,resnet18,"(0.03, 0.1]",C1,Sensitivity at 95% Specificity,0.7027027027027027
/scratchc/nrlab/wang04/ulyses_results_iteration/iteration_3_merge_below_3/cnn_model/cnn14/plasma_tp1_0.1x_model_C1/roc_curve_resnet18_tf_0.03_0.1/nested_cv_random/resnet18/repeat_10_fold_5_metrics.csv,1,5,resnet18,"(0.03, 0.1]",C1,PPV at 95% Specificity,0.9285714285714286
/scratchc/nrlab/wang04/ulyses_results_iteration/iteration_3_merge_below_3/cnn_model/cnn14/plasma_tp1_0.1x_model_C1/roc_curve_resnet18_tf_0.03_0.1/nested_cv_random/resnet18/repeat_10_fold_5_metrics.csv,1,5,resnet18,"(0.03, 0.1]",C1,Accuracy at 95% Specificity,0.8115076013513514
/scratchc/nrlab/wang04/ulyses_results_iteration/iteration_3_merge_below_3/cnn_model/cnn14/plasma_tp1_0.1x_model_C1/roc_curve_resnet18_tf_0.03_0.1/nested_cv_random/resnet18/repeat_10_fold_5_metrics.csv,1,5,resnet18,"(0.03, 0.1]",C1,F1 at 95% Specificity,0.8
/scratchc/nrlab/wang04/ulyses_results_iteration/iteration_3_merge_below_3/cnn_model/cnn14/plasma_tp1_0.1x_model_C1/roc_curve_resnet18_tf_0.03_0.1/nested_cv_random/resnet18/repeat_10_fold_5_metrics.csv,2,1,resnet18,"(0.03, 0.1]",C1,AUROC,0.9002132196162046
/scratchc/nrlab/wang04/ulyses_results_iteration/iteration_3_merge_below_3/cnn_model/cnn14/plasma_tp1_0.1x_model_C1/roc_curve_resnet18_tf_0.03_0.1/nested_cv_random/resnet18/repeat_10_fold_5_metrics.csv,2,1,resnet18,"(0.03, 0.1]",C1,AUPRC,0.8574793660026051
/scratchc/nrlab/wang04/ulyses_results_iteration/iteration_3_merge_below_3/cnn_model/cnn14/plasma_tp1_0.1x_model_C1/roc_curve_resnet18_tf_0.03_0.1/nested_cv_random/resnet18/repeat_10_fold_5_metrics.csv,2,1,resnet18,"(0.03, 0.1]",C1,Sensitivity at 99% Specificity,0.22857142857142856
/scratchc/nrlab/wang04/ulyses_results_iteration/iteration_3_merge_below_3/cnn_model/cnn14/plasma_tp1_0.1x_model_C1/roc_curve_resnet18_tf_0.03_0.1/nested_cv_random/resnet18/repeat_10_fold_5_metrics.csv,2,1,resnet18,"(0.03, 0.1]",C1,PPV at 99% Specificity,1
/scratchc/nrlab/wang04/ulyses_results_iteration/iteration_3_merge_below_3/cnn_model/cnn14/plasma_tp1_0.1x_model_C1/roc_curve_resnet18_tf_0.03_0.1/nested_cv_random/resnet18/repeat_10_fold_5_metrics.csv,2,1,resnet18,"(0.03, 0.1]",C1,Accuracy at 99% Specificity,0.6092857142857143
/scratchc/nrlab/wang04/ulyses_results_iteration/iteration_3_merge_below_3/cnn_model/cnn14/plasma_tp1_0.1x_model_C1/roc_curve_resnet18_tf_0.03_0.1/nested_cv_random/resnet18/repeat_10_fold_5_metrics.csv,2,1,resnet18,"(0.03, 0.1]",C1,F1 at 99% Specificity,0.3720930232558139
/scratchc/nrlab/wang04/ulyses_results_iteration/iteration_3_merge_below_3/cnn_model/cnn14/plasma_tp1_0.1x_model_C1/roc_curve_resnet18_tf_0.03_0.1/nested_cv_random/resnet18/repeat_10_fold_5_metrics.csv,2,1,resnet18,"(0.03, 0.1]",C1,Sensitivity at 98% Specificity,0.22857142857142856
/scratchc/nrlab/wang04/ulyses_results_iteration/iteration_3_merge_below_3/cnn_model/cnn14/plasma_tp1_0.1x_model_C1/roc_curve_resnet18_tf_0.03_0.1/nested_cv_random/resnet18/repeat_10_fold_5_metrics.csv,2,1,resnet18,"(0.03, 0.1]",C1,PPV at 98% Specificity,1
/scratchc/nrlab/wang04/ulyses_results_iteration/iteration_3_merge_below_3/cnn_model/cnn14/plasma_tp1_0.1x_model_C1/roc_curve_resnet18_tf_0.03_0.1/nested_cv_random/resnet18/repeat_10_fold_5_metrics.csv,2,1,resnet18,"(0.03, 0.1]",C1,Accuracy at 98% Specificity,0.6042857142857143
/scratchc/nrlab/wang04/ulyses_results_iteration/iteration_3_merge_below_3/cnn_model/cnn14/plasma_tp1_0.1x_model_C1/roc_curve_resnet18_tf_0.03_0.1/nested_cv_random/resnet18/repeat_10_fold_5_metrics.csv,2,1,resnet18,"(0.03, 0.1]",C1,F1 at 98% Specificity,0.3720930232558139
/scratchc/nrlab/wang04/ulyses_results_iteration/iteration_3_merge_below_3/cnn_model/cnn14/plasma_tp1_0.1x_model_C1/roc_curve_resnet18_tf_0.03_0.1/nested_cv_random/resnet18/repeat_10_fold_5_metrics.csv,2,1,resnet18,"(0.03, 0.1]",C1,Sensitivity at 95% Specificity,0.5714285714285714
/scratchc/nrlab/wang04/ulyses_results_iteration/iteration_3_merge_below_3/cnn_model/cnn14/plasma_tp1_0.1x_model_C1/roc_curve_resnet18_tf_0.03_0.1/nested_cv_random/resnet18/repeat_10_fold_5_metrics.csv,2,1,resnet18,"(0.03, 0.1]",C1,PPV at 95% Specificity,0.9523809523809524
/scratchc/nrlab/wang04/ulyses_results_iteration/iteration_3_merge_below_3/cnn_model/cnn14/plasma_tp1_0.1x_model_C1/roc_curve_resnet18_tf_0.03_0.1/nested_cv_random/resnet18/repeat_10_fold_5_metrics.csv,2,1,resnet18,"(0.03, 0.1]",C1,Accuracy at 95% Specificity,0.7536247334754798
/scratchc/nrlab/wang04/ulyses_results_iteration/iteration_3_merge_below_3/cnn_model/cnn14/plasma_tp1_0.1x_model_C1/roc_curve_resnet18_tf_0.03_0.1/nested_cv_random/resnet18/repeat_10_fold_5_metrics.csv,2,1,resnet18,"(0.03, 0.1]",C1,F1 at 95% Specificity,0.7142857142857143
/scratchc/nrlab/wang04/ulyses_results_iteration/iteration_3_merge_below_3/cnn_model/cnn14/plasma_tp1_0.1x_model_C1/roc_curve_resnet18_tf_0.03_0.1/nested_cv_random/resnet18/repeat_10_fold_5_metrics.csv,2,2,resnet18,"(0.03, 0.1]",C1,AUROC,0.965437788018433
/scratchc/nrlab/wang04/ulyses_results_iteration/iteration_3_merge_below_3/cnn_model/cnn14/plasma_tp1_0.1x_model_C1/roc_curve_resnet18_tf_0.03_0.1/nested_cv_random/resnet18/repeat_10_fold_5_metrics.csv,2,2,resnet18,"(0.03, 0.1]",C1,AUPRC,0.948675985356861
/scratchc/nrlab/wang04/ulyses_results_iteration/iteration_3_merge_below_3/cnn_model/cnn14/plasma_tp1_0.1x_model_C1/roc_curve_resnet18_tf_0.03_0.1/nested_cv_random/resnet18/repeat_10_fold_5_metrics.csv,2,2,resnet18,"(0.03, 0.1]",C1,Sensitivity at 99% Specificity,0.6774193548387096
/scratchc/nrlab/wang04/ulyses_results_iteration/iteration_3_merge_below_3/cnn_model/cnn14/plasma_tp1_0.1x_model_C1/roc_curve_resnet18_tf_0.03_0.1/nested_cv_random/resnet18/repeat_10_fold_5_metrics.csv,2,2,resnet18,"(0.03, 0.1]",C1,PPV at 99% Specificity,1
/scratchc/nrlab/wang04/ulyses_results_iteration/iteration_3_merge_below_3/cnn_model/cnn14/plasma_tp1_0.1x_model_C1/roc_curve_resnet18_tf_0.03_0.1/nested_cv_random/resnet18/repeat_10_fold_5_metrics.csv,2,2,resnet18,"(0.03, 0.1]",C1,Accuracy at 99% Specificity,0.8337096774193549
/scratchc/nrlab/wang04/ulyses_results_iteration/iteration_3_merge_below_3/cnn_model/cnn14/plasma_tp1_0.1x_model_C1/roc_curve_resnet18_tf_0.03_0.1/nested_cv_random/resnet18/repeat_10_fold_5_metrics.csv,2,2,resnet18,"(0.03, 0.1]",C1,F1 at 99% Specificity,0.8076923076923077
/scratchc/nrlab/wang04/ulyses_results_iteration/iteration_3_merge_below_3/cnn_model/cnn14/plasma_tp1_0.1x_model_C1/roc_curve_resnet18_tf_0.03_0.1/nested_cv_random/resnet18/repeat_10_fold_5_metrics.csv,2,2,resnet18,"(0.03, 0.1]",C1,Sensitivity at 98% Specificity,0.6774193548387096
/scratchc/nrlab/wang04/ulyses_results_iteration/iteration_3_merge_below_3/cnn_model/cnn14/plasma_tp1_0.1x_model_C1/roc_curve_resnet18_tf_0.03_0.1/nested_cv_random/resnet18/repeat_10_fold_5_metrics.csv,2,2,resnet18,"(0.03, 0.1]",C1,PPV at 98% Specificity,1
/scratchc/nrlab/wang04/ulyses_results_iteration/iteration_3_merge_below_3/cnn_model/cnn14/plasma_tp1_0.1x_model_C1/roc_curve_resnet18_tf_0.03_0.1/nested_cv_random/resnet18/repeat_10_fold_5_metrics.csv,2,2,resnet18,"(0.03, 0.1]",C1,Accuracy at 98% Specificity,0.8287096774193548
/scratchc/nrlab/wang04/ulyses_results_iteration/iteration_3_merge_below_3/cnn_model/cnn14/plasma_tp1_0.1x_model_C1/roc_curve_resnet18_tf_0.03_0.1/nested_cv_random/resnet18/repeat_10_fold_5_metrics.csv,2,2,resnet18,"(0.03, 0.1]",C1,F1 at 98% Specificity,0.8076923076923077
/scratchc/nrlab/wang04/ulyses_results_iteration/iteration_3_merge_below_3/cnn_model/cnn14/plasma_tp1_0.1x_model_C1/roc_curve_resnet18_tf_0.03_0.1/nested_cv_random/resnet18/repeat_10_fold_5_metrics.csv,2,2,resnet18,"(0.03, 0.1]",C1,Sensitivity at 95% Specificity,0.9032258064516128
/scratchc/nrlab/wang04/ulyses_results_iteration/iteration_3_merge_below_3/cnn_model/cnn14/plasma_tp1_0.1x_model_C1/roc_curve_resnet18_tf_0.03_0.1/nested_cv_random/resnet18/repeat_10_fold_5_metrics.csv,2,2,resnet18,"(0.03, 0.1]",C1,PPV at 95% Specificity,0.9032258064516128
/scratchc/nrlab/wang04/ulyses_results_iteration/iteration_3_merge_below_3/cnn_model/cnn14/plasma_tp1_0.1x_model_C1/roc_curve_resnet18_tf_0.03_0.1/nested_cv_random/resnet18/repeat_10_fold_5_metrics.csv,2,2,resnet18,"(0.03, 0.1]",C1,Accuracy at 95% Specificity,0.9062557603686636
/scratchc/nrlab/wang04/ulyses_results_iteration/iteration_3_merge_below_3/cnn_model/cnn14/plasma_tp1_0.1x_model_C1/roc_curve_resnet18_tf_0.03_0.1/nested_cv_random/resnet18/repeat_10_fold_5_metrics.csv,2,2,resnet18,"(0.03, 0.1]",C1,F1 at 95% Specificity,0.9032258064516128
/scratchc/nrlab/wang04/ulyses_results_iteration/iteration_3_merge_below_3/cnn_model/cnn14/plasma_tp1_0.1x_model_C1/roc_curve_resnet18_tf_0.03_0.1/nested_cv_random/resnet18/repeat_10_fold_5_metrics.csv,2,3,resnet18,"(0.03, 0.1]",C1,AUROC,0.9372950819672132
/scratchc/nrlab/wang04/ulyses_results_iteration/iteration_3_merge_below_3/cnn_model/cnn14/plasma_tp1_0.1x_model_C1/roc_curve_resnet18_tf_0.03_0.1/nested_cv_random/resnet18/repeat_10_fold_5_metrics.csv,2,3,resnet18,"(0.03, 0.1]",C1,AUPRC,0.9241225123780178
/scratchc/nrlab/wang04/ulyses_results_iteration/iteration_3_merge_below_3/cnn_model/cnn14/plasma_tp1_0.1x_model_C1/roc_curve_resnet18_tf_0.03_0.1/nested_cv_random/resnet18/repeat_10_fold_5_metrics.csv,2,3,resnet18,"(0.03, 0.1]",C1,Sensitivity at 99% Specificity,0.625
/scratchc/nrlab/wang04/ulyses_results_iteration/iteration_3_merge_below_3/cnn_model/cnn14/plasma_tp1_0.1x_model_C1/roc_curve_resnet18_tf_0.03_0.1/nested_cv_random/resnet18/repeat_10_fold_5_metrics.csv,2,3,resnet18,"(0.03, 0.1]",C1,PPV at 99% Specificity,1
/scratchc/nrlab/wang04/ulyses_results_iteration/iteration_3_merge_below_3/cnn_model/cnn14/plasma_tp1_0.1x_model_C1/roc_curve_resnet18_tf_0.03_0.1/nested_cv_random/resnet18/repeat_10_fold_5_metrics.csv,2,3,resnet18,"(0.03, 0.1]",C1,Accuracy at 99% Specificity,0.8075
/scratchc/nrlab/wang04/ulyses_results_iteration/iteration_3_merge_below_3/cnn_model/cnn14/plasma_tp1_0.1x_model_C1/roc_curve_resnet18_tf_0.03_0.1/nested_cv_random/resnet18/repeat_10_fold_5_metrics.csv,2,3,resnet18,"(0.03, 0.1]",C1,F1 at 99% Specificity,0.7692307692307693
/scratchc/nrlab/wang04/ulyses_results_iteration/iteration_3_merge_below_3/cnn_model/cnn14/plasma_tp1_0.1x_model_C1/roc_curve_resnet18_tf_0.03_0.1/nested_cv_random/resnet18/repeat_10_fold_5_metrics.csv,2,3,resnet18,"(0.03, 0.1]",C1,Sensitivity at 98% Specificity,0.625
/scratchc/nrlab/wang04/ulyses_results_iteration/iteration_3_merge_below_3/cnn_model/cnn14/plasma_tp1_0.1x_model_C1/roc_curve_resnet18_tf_0.03_0.1/nested_cv_random/resnet18/repeat_10_fold_5_metrics.csv,2,3,resnet18,"(0.03, 0.1]",C1,PPV at 98% Specificity,1
/scratchc/nrlab/wang04/ulyses_results_iteration/iteration_3_merge_below_3/cnn_model/cnn14/plasma_tp1_0.1x_model_C1/roc_curve_resnet18_tf_0.03_0.1/nested_cv_random/resnet18/repeat_10_fold_5_metrics.csv,2,3,resnet18,"(0.03, 0.1]",C1,Accuracy at 98% Specificity,0.8025
/scratchc/nrlab/wang04/ulyses_results_iteration/iteration_3_merge_below_3/cnn_model/cnn14/plasma_tp1_0.1x_model_C1/roc_curve_resnet18_tf_0.03_0.1/nested_cv_random/resnet18/repeat_10_fold_5_metrics.csv,2,3,resnet18,"(0.03, 0.1]",C1,F1 at 98% Specificity,0.7692307692307693
/scratchc/nrlab/wang04/ulyses_results_iteration/iteration_3_merge_below_3/cnn_model/cnn14/plasma_tp1_0.1x_model_C1/roc_curve_resnet18_tf_0.03_0.1/nested_cv_random/resnet18/repeat_10_fold_5_metrics.csv,2,3,resnet18,"(0.03, 0.1]",C1,Sensitivity at 95% Specificity,0.7
/scratchc/nrlab/wang04/ulyses_results_iteration/iteration_3_merge_below_3/cnn_model/cnn14/plasma_tp1_0.1x_model_C1/roc_curve_resnet18_tf_0.03_0.1/nested_cv_random/resnet18/repeat_10_fold_5_metrics.csv,2,3,resnet18,"(0.03, 0.1]",C1,PPV at 95% Specificity,0.9333333333333332
/scratchc/nrlab/wang04/ulyses_results_iteration/iteration_3_merge_below_3/cnn_model/cnn14/plasma_tp1_0.1x_model_C1/roc_curve_resnet18_tf_0.03_0.1/nested_cv_random/resnet18/repeat_10_fold_5_metrics.csv,2,3,resnet18,"(0.03, 0.1]",C1,Accuracy at 95% Specificity,0.8094262295081966
/scratchc/nrlab/wang04/ulyses_results_iteration/iteration_3_merge_below_3/cnn_model/cnn14/plasma_tp1_0.1x_model_C1/roc_curve_resnet18_tf_0.03_0.1/nested_cv_random/resnet18/repeat_10_fold_5_metrics.csv,2,3,resnet18,"(0.03, 0.1]",C1,F1 at 95% Specificity,0.8
/scratchc/nrlab/wang04/ulyses_results_iteration/iteration_3_merge_below_3/cnn_model/cnn14/plasma_tp1_0.1x_model_C1/roc_curve_resnet18_tf_0.03_0.1/nested_cv_random/resnet18/repeat_10_fold_5_metrics.csv,2,4,resnet18,"(0.03, 0.1]",C1,AUROC,0.906060606060606
/scratchc/nrlab/wang04/ulyses_results_iteration/iteration_3_merge_below_3/cnn_model/cnn14/plasma_tp1_0.1x_model_C1/roc_curve_resnet18_tf_0.03_0.1/nested_cv_random/resnet18/repeat_10_fold_5_metrics.csv,2,4,resnet18,"(0.03, 0.1]",C1,AUPRC,0.9082994272058226
/scratchc/nrlab/wang04/ulyses_results_iteration/iteration_3_merge_below_3/cnn_model/cnn14/plasma_tp1_0.1x_model_C1/roc_curve_resnet18_tf_0.03_0.1/nested_cv_random/resnet18/repeat_10_fold_5_metrics.csv,2,4,resnet18,"(0.03, 0.1]",C1,Sensitivity at 99% Specificity,0.6
/scratchc/nrlab/wang04/ulyses_results_iteration/iteration_3_merge_below_3/cnn_model/cnn14/plasma_tp1_0.1x_model_C1/roc_curve_resnet18_tf_0.03_0.1/nested_cv_random/resnet18/repeat_10_fold_5_metrics.csv,2,4,resnet18,"(0.03, 0.1]",C1,PPV at 99% Specificity,1
/scratchc/nrlab/wang04/ulyses_results_iteration/iteration_3_merge_below_3/cnn_model/cnn14/plasma_tp1_0.1x_model_C1/roc_curve_resnet18_tf_0.03_0.1/nested_cv_random/resnet18/repeat_10_fold_5_metrics.csv,2,4,resnet18,"(0.03, 0.1]",C1,Accuracy at 99% Specificity,0.7949999999999999
/scratchc/nrlab/wang04/ulyses_results_iteration/iteration_3_merge_below_3/cnn_model/cnn14/plasma_tp1_0.1x_model_C1/roc_curve_resnet18_tf_0.03_0.1/nested_cv_random/resnet18/repeat_10_fold_5_metrics.csv,2,4,resnet18,"(0.03, 0.1]",C1,F1 at 99% Specificity,0.75
/scratchc/nrlab/wang04/ulyses_results_iteration/iteration_3_merge_below_3/cnn_model/cnn14/plasma_tp1_0.1x_model_C1/roc_curve_resnet18_tf_0.03_0.1/nested_cv_random/resnet18/repeat_10_fold_5_metrics.csv,2,4,resnet18,"(0.03, 0.1]",C1,Sensitivity at 98% Specificity,0.6
/scratchc/nrlab/wang04/ulyses_results_iteration/iteration_3_merge_below_3/cnn_model/cnn14/plasma_tp1_0.1x_model_C1/roc_curve_resnet18_tf_0.03_0.1/nested_cv_random/resnet18/repeat_10_fold_5_metrics.csv,2,4,resnet18,"(0.03, 0.1]",C1,PPV at 98% Specificity,1
/scratchc/nrlab/wang04/ulyses_results_iteration/iteration_3_merge_below_3/cnn_model/cnn14/plasma_tp1_0.1x_model_C1/roc_curve_resnet18_tf_0.03_0.1/nested_cv_random/resnet18/repeat_10_fold_5_metrics.csv,2,4,resnet18,"(0.03, 0.1]",C1,Accuracy at 98% Specificity,0.79
/scratchc/nrlab/wang04/ulyses_results_iteration/iteration_3_merge_below_3/cnn_model/cnn14/plasma_tp1_0.1x_model_C1/roc_curve_resnet18_tf_0.03_0.1/nested_cv_random/resnet18/repeat_10_fold_5_metrics.csv,2,4,resnet18,"(0.03, 0.1]",C1,F1 at 98% Specificity,0.75
/scratchc/nrlab/wang04/ulyses_results_iteration/iteration_3_merge_below_3/cnn_model/cnn14/plasma_tp1_0.1x_model_C1/roc_curve_resnet18_tf_0.03_0.1/nested_cv_random/resnet18/repeat_10_fold_5_metrics.csv,2,4,resnet18,"(0.03, 0.1]",C1,Sensitivity at 95% Specificity,0.6857142857142857
/scratchc/nrlab/wang04/ulyses_results_iteration/iteration_3_merge_below_3/cnn_model/cnn14/plasma_tp1_0.1x_model_C1/roc_curve_resnet18_tf_0.03_0.1/nested_cv_random/resnet18/repeat_10_fold_5_metrics.csv,2,4,resnet18,"(0.03, 0.1]",C1,PPV at 95% Specificity,0.9230769230769232
/scratchc/nrlab/wang04/ulyses_results_iteration/iteration_3_merge_below_3/cnn_model/cnn14/plasma_tp1_0.1x_model_C1/roc_curve_resnet18_tf_0.03_0.1/nested_cv_random/resnet18/repeat_10_fold_5_metrics.csv,2,4,resnet18,"(0.03, 0.1]",C1,Accuracy at 95% Specificity,0.8034632034632034
/scratchc/nrlab/wang04/ulyses_results_iteration/iteration_3_merge_below_3/cnn_model/cnn14/plasma_tp1_0.1x_model_C1/roc_curve_resnet18_tf_0.03_0.1/nested_cv_random/resnet18/repeat_10_fold_5_metrics.csv,2,4,resnet18,"(0.03, 0.1]",C1,F1 at 95% Specificity,0.7868852459016393
/scratchc/nrlab/wang04/ulyses_results_iteration/iteration_3_merge_below_3/cnn_model/cnn14/plasma_tp1_0.1x_model_C1/roc_curve_resnet18_tf_0.03_0.1/nested_cv_random/resnet18/repeat_10_fold_5_metrics.csv,2,5,resnet18,"(0.03, 0.1]",C1,AUROC,0.9270491803278688
/scratchc/nrlab/wang04/ulyses_results_iteration/iteration_3_merge_below_3/cnn_model/cnn14/plasma_tp1_0.1x_model_C1/roc_curve_resnet18_tf_0.03_0.1/nested_cv_random/resnet18/repeat_10_fold_5_metrics.csv,2,5,resnet18,"(0.03, 0.1]",C1,AUPRC,0.9235369828608536
/scratchc/nrlab/wang04/ulyses_results_iteration/iteration_3_merge_below_3/cnn_model/cnn14/plasma_tp1_0.1x_model_C1/roc_curve_resnet18_tf_0.03_0.1/nested_cv_random/resnet18/repeat_10_fold_5_metrics.csv,2,5,resnet18,"(0.03, 0.1]",C1,Sensitivity at 99% Specificity,0.525
/scratchc/nrlab/wang04/ulyses_results_iteration/iteration_3_merge_below_3/cnn_model/cnn14/plasma_tp1_0.1x_model_C1/roc_curve_resnet18_tf_0.03_0.1/nested_cv_random/resnet18/repeat_10_fold_5_metrics.csv,2,5,resnet18,"(0.03, 0.1]",C1,PPV at 99% Specificity,1
/scratchc/nrlab/wang04/ulyses_results_iteration/iteration_3_merge_below_3/cnn_model/cnn14/plasma_tp1_0.1x_model_C1/roc_curve_resnet18_tf_0.03_0.1/nested_cv_random/resnet18/repeat_10_fold_5_metrics.csv,2,5,resnet18,"(0.03, 0.1]",C1,Accuracy at 99% Specificity,0.7575000000000001
/scratchc/nrlab/wang04/ulyses_results_iteration/iteration_3_merge_below_3/cnn_model/cnn14/plasma_tp1_0.1x_model_C1/roc_curve_resnet18_tf_0.03_0.1/nested_cv_random/resnet18/repeat_10_fold_5_metrics.csv,2,5,resnet18,"(0.03, 0.1]",C1,F1 at 99% Specificity,0.6885245901639344
/scratchc/nrlab/wang04/ulyses_results_iteration/iteration_3_merge_below_3/cnn_model/cnn14/plasma_tp1_0.1x_model_C1/roc_curve_resnet18_tf_0.03_0.1/nested_cv_random/resnet18/repeat_10_fold_5_metrics.csv,2,5,resnet18,"(0.03, 0.1]",C1,Sensitivity at 98% Specificity,0.525
/scratchc/nrlab/wang04/ulyses_results_iteration/iteration_3_merge_below_3/cnn_model/cnn14/plasma_tp1_0.1x_model_C1/roc_curve_resnet18_tf_0.03_0.1/nested_cv_random/resnet18/repeat_10_fold_5_metrics.csv,2,5,resnet18,"(0.03, 0.1]",C1,PPV at 98% Specificity,1
/scratchc/nrlab/wang04/ulyses_results_iteration/iteration_3_merge_below_3/cnn_model/cnn14/plasma_tp1_0.1x_model_C1/roc_curve_resnet18_tf_0.03_0.1/nested_cv_random/resnet18/repeat_10_fold_5_metrics.csv,2,5,resnet18,"(0.03, 0.1]",C1,Accuracy at 98% Specificity,0.7525
/scratchc/nrlab/wang04/ulyses_results_iteration/iteration_3_merge_below_3/cnn_model/cnn14/plasma_tp1_0.1x_model_C1/roc_curve_resnet18_tf_0.03_0.1/nested_cv_random/resnet18/repeat_10_fold_5_metrics.csv,2,5,resnet18,"(0.03, 0.1]",C1,F1 at 98% Specificity,0.6885245901639344
/scratchc/nrlab/wang04/ulyses_results_iteration/iteration_3_merge_below_3/cnn_model/cnn14/plasma_tp1_0.1x_model_C1/roc_curve_resnet18_tf_0.03_0.1/nested_cv_random/resnet18/repeat_10_fold_5_metrics.csv,2,5,resnet18,"(0.03, 0.1]",C1,Sensitivity at 95% Specificity,0.8
/scratchc/nrlab/wang04/ulyses_results_iteration/iteration_3_merge_below_3/cnn_model/cnn14/plasma_tp1_0.1x_model_C1/roc_curve_resnet18_tf_0.03_0.1/nested_cv_random/resnet18/repeat_10_fold_5_metrics.csv,2,5,resnet18,"(0.03, 0.1]",C1,PPV at 95% Specificity,0.9142857142857144
/scratchc/nrlab/wang04/ulyses_results_iteration/iteration_3_merge_below_3/cnn_model/cnn14/plasma_tp1_0.1x_model_C1/roc_curve_resnet18_tf_0.03_0.1/nested_cv_random/resnet18/repeat_10_fold_5_metrics.csv,2,5,resnet18,"(0.03, 0.1]",C1,Accuracy at 95% Specificity,0.851639344262295
/scratchc/nrlab/wang04/ulyses_results_iteration/iteration_3_merge_below_3/cnn_model/cnn14/plasma_tp1_0.1x_model_C1/roc_curve_resnet18_tf_0.03_0.1/nested_cv_random/resnet18/repeat_10_fold_5_metrics.csv,2,5,resnet18,"(0.03, 0.1]",C1,F1 at 95% Specificity,0.8533333333333334
/scratchc/nrlab/wang04/ulyses_results_iteration/iteration_3_merge_below_3/cnn_model/cnn14/plasma_tp1_0.1x_model_C1/roc_curve_resnet18_tf_0.03_0.1/nested_cv_random/resnet18/repeat_10_fold_5_metrics.csv,3,1,resnet18,"(0.03, 0.1]",C1,AUROC,0.9692760942760944
/scratchc/nrlab/wang04/ulyses_results_iteration/iteration_3_merge_below_3/cnn_model/cnn14/plasma_tp1_0.1x_model_C1/roc_curve_resnet18_tf_0.03_0.1/nested_cv_random/resnet18/repeat_10_fold_5_metrics.csv,3,1,resnet18,"(0.03, 0.1]",C1,AUPRC,0.9513865310301324
/scratchc/nrlab/wang04/ulyses_results_iteration/iteration_3_merge_below_3/cnn_model/cnn14/plasma_tp1_0.1x_model_C1/roc_curve_resnet18_tf_0.03_0.1/nested_cv_random/resnet18/repeat_10_fold_5_metrics.csv,3,1,resnet18,"(0.03, 0.1]",C1,Sensitivity at 99% Specificity,0.5833333333333334
/scratchc/nrlab/wang04/ulyses_results_iteration/iteration_3_merge_below_3/cnn_model/cnn14/plasma_tp1_0.1x_model_C1/roc_curve_resnet18_tf_0.03_0.1/nested_cv_random/resnet18/repeat_10_fold_5_metrics.csv,3,1,resnet18,"(0.03, 0.1]",C1,PPV at 99% Specificity,1
/scratchc/nrlab/wang04/ulyses_results_iteration/iteration_3_merge_below_3/cnn_model/cnn14/plasma_tp1_0.1x_model_C1/roc_curve_resnet18_tf_0.03_0.1/nested_cv_random/resnet18/repeat_10_fold_5_metrics.csv,3,1,resnet18,"(0.03, 0.1]",C1,Accuracy at 99% Specificity,0.7866666666666666
/scratchc/nrlab/wang04/ulyses_results_iteration/iteration_3_merge_below_3/cnn_model/cnn14/plasma_tp1_0.1x_model_C1/roc_curve_resnet18_tf_0.03_0.1/nested_cv_random/resnet18/repeat_10_fold_5_metrics.csv,3,1,resnet18,"(0.03, 0.1]",C1,F1 at 99% Specificity,0.7368421052631579
/scratchc/nrlab/wang04/ulyses_results_iteration/iteration_3_merge_below_3/cnn_model/cnn14/plasma_tp1_0.1x_model_C1/roc_curve_resnet18_tf_0.03_0.1/nested_cv_random/resnet18/repeat_10_fold_5_metrics.csv,3,1,resnet18,"(0.03, 0.1]",C1,Sensitivity at 98% Specificity,0.5833333333333334
/scratchc/nrlab/wang04/ulyses_results_iteration/iteration_3_merge_below_3/cnn_model/cnn14/plasma_tp1_0.1x_model_C1/roc_curve_resnet18_tf_0.03_0.1/nested_cv_random/resnet18/repeat_10_fold_5_metrics.csv,3,1,resnet18,"(0.03, 0.1]",C1,PPV at 98% Specificity,1
/scratchc/nrlab/wang04/ulyses_results_iteration/iteration_3_merge_below_3/cnn_model/cnn14/plasma_tp1_0.1x_model_C1/roc_curve_resnet18_tf_0.03_0.1/nested_cv_random/resnet18/repeat_10_fold_5_metrics.csv,3,1,resnet18,"(0.03, 0.1]",C1,Accuracy at 98% Specificity,0.7816666666666667
/scratchc/nrlab/wang04/ulyses_results_iteration/iteration_3_merge_below_3/cnn_model/cnn14/plasma_tp1_0.1x_model_C1/roc_curve_resnet18_tf_0.03_0.1/nested_cv_random/resnet18/repeat_10_fold_5_metrics.csv,3,1,resnet18,"(0.03, 0.1]",C1,F1 at 98% Specificity,0.7368421052631579
/scratchc/nrlab/wang04/ulyses_results_iteration/iteration_3_merge_below_3/cnn_model/cnn14/plasma_tp1_0.1x_model_C1/roc_curve_resnet18_tf_0.03_0.1/nested_cv_random/resnet18/repeat_10_fold_5_metrics.csv,3,1,resnet18,"(0.03, 0.1]",C1,Sensitivity at 95% Specificity,0.8055555555555556
/scratchc/nrlab/wang04/ulyses_results_iteration/iteration_3_merge_below_3/cnn_model/cnn14/plasma_tp1_0.1x_model_C1/roc_curve_resnet18_tf_0.03_0.1/nested_cv_random/resnet18/repeat_10_fold_5_metrics.csv,3,1,resnet18,"(0.03, 0.1]",C1,PPV at 95% Specificity,0.90625
/scratchc/nrlab/wang04/ulyses_results_iteration/iteration_3_merge_below_3/cnn_model/cnn14/plasma_tp1_0.1x_model_C1/roc_curve_resnet18_tf_0.03_0.1/nested_cv_random/resnet18/repeat_10_fold_5_metrics.csv,3,1,resnet18,"(0.03, 0.1]",C1,Accuracy at 95% Specificity,0.8561868686868688
/scratchc/nrlab/wang04/ulyses_results_iteration/iteration_3_merge_below_3/cnn_model/cnn14/plasma_tp1_0.1x_model_C1/roc_curve_resnet18_tf_0.03_0.1/nested_cv_random/resnet18/repeat_10_fold_5_metrics.csv,3,1,resnet18,"(0.03, 0.1]",C1,F1 at 95% Specificity,0.8529411764705882
/scratchc/nrlab/wang04/ulyses_results_iteration/iteration_3_merge_below_3/cnn_model/cnn14/plasma_tp1_0.1x_model_C1/roc_curve_resnet18_tf_0.03_0.1/nested_cv_random/resnet18/repeat_10_fold_5_metrics.csv,3,2,resnet18,"(0.03, 0.1]",C1,AUROC,0.9307359307359307
/scratchc/nrlab/wang04/ulyses_results_iteration/iteration_3_merge_below_3/cnn_model/cnn14/plasma_tp1_0.1x_model_C1/roc_curve_resnet18_tf_0.03_0.1/nested_cv_random/resnet18/repeat_10_fold_5_metrics.csv,3,2,resnet18,"(0.03, 0.1]",C1,AUPRC,0.901806583330562
/scratchc/nrlab/wang04/ulyses_results_iteration/iteration_3_merge_below_3/cnn_model/cnn14/plasma_tp1_0.1x_model_C1/roc_curve_resnet18_tf_0.03_0.1/nested_cv_random/resnet18/repeat_10_fold_5_metrics.csv,3,2,resnet18,"(0.03, 0.1]",C1,Sensitivity at 99% Specificity,0.45714285714285713
/scratchc/nrlab/wang04/ulyses_results_iteration/iteration_3_merge_below_3/cnn_model/cnn14/plasma_tp1_0.1x_model_C1/roc_curve_resnet18_tf_0.03_0.1/nested_cv_random/resnet18/repeat_10_fold_5_metrics.csv,3,2,resnet18,"(0.03, 0.1]",C1,PPV at 99% Specificity,1
/scratchc/nrlab/wang04/ulyses_results_iteration/iteration_3_merge_below_3/cnn_model/cnn14/plasma_tp1_0.1x_model_C1/roc_curve_resnet18_tf_0.03_0.1/nested_cv_random/resnet18/repeat_10_fold_5_metrics.csv,3,2,resnet18,"(0.03, 0.1]",C1,Accuracy at 99% Specificity,0.7235714285714285
/scratchc/nrlab/wang04/ulyses_results_iteration/iteration_3_merge_below_3/cnn_model/cnn14/plasma_tp1_0.1x_model_C1/roc_curve_resnet18_tf_0.03_0.1/nested_cv_random/resnet18/repeat_10_fold_5_metrics.csv,3,2,resnet18,"(0.03, 0.1]",C1,F1 at 99% Specificity,0.6274509803921569
/scratchc/nrlab/wang04/ulyses_results_iteration/iteration_3_merge_below_3/cnn_model/cnn14/plasma_tp1_0.1x_model_C1/roc_curve_resnet18_tf_0.03_0.1/nested_cv_random/resnet18/repeat_10_fold_5_metrics.csv,3,2,resnet18,"(0.03, 0.1]",C1,Sensitivity at 98% Specificity,0.45714285714285713
/scratchc/nrlab/wang04/ulyses_results_iteration/iteration_3_merge_below_3/cnn_model/cnn14/plasma_tp1_0.1x_model_C1/roc_curve_resnet18_tf_0.03_0.1/nested_cv_random/resnet18/repeat_10_fold_5_metrics.csv,3,2,resnet18,"(0.03, 0.1]",C1,PPV at 98% Specificity,1
/scratchc/nrlab/wang04/ulyses_results_iteration/iteration_3_merge_below_3/cnn_model/cnn14/plasma_tp1_0.1x_model_C1/roc_curve_resnet18_tf_0.03_0.1/nested_cv_random/resnet18/repeat_10_fold_5_metrics.csv,3,2,resnet18,"(0.03, 0.1]",C1,Accuracy at 98% Specificity,0.7185714285714285
/scratchc/nrlab/wang04/ulyses_results_iteration/iteration_3_merge_below_3/cnn_model/cnn14/plasma_tp1_0.1x_model_C1/roc_curve_resnet18_tf_0.03_0.1/nested_cv_random/resnet18/repeat_10_fold_5_metrics.csv,3,2,resnet18,"(0.03, 0.1]",C1,F1 at 98% Specificity,0.6274509803921569
/scratchc/nrlab/wang04/ulyses_results_iteration/iteration_3_merge_below_3/cnn_model/cnn14/plasma_tp1_0.1x_model_C1/roc_curve_resnet18_tf_0.03_0.1/nested_cv_random/resnet18/repeat_10_fold_5_metrics.csv,3,2,resnet18,"(0.03, 0.1]",C1,Sensitivity at 95% Specificity,0.7142857142857143
/scratchc/nrlab/wang04/ulyses_results_iteration/iteration_3_merge_below_3/cnn_model/cnn14/plasma_tp1_0.1x_model_C1/roc_curve_resnet18_tf_0.03_0.1/nested_cv_random/resnet18/repeat_10_fold_5_metrics.csv,3,2,resnet18,"(0.03, 0.1]",C1,PPV at 95% Specificity,0.8620689655172413
/scratchc/nrlab/wang04/ulyses_results_iteration/iteration_3_merge_below_3/cnn_model/cnn14/plasma_tp1_0.1x_model_C1/roc_curve_resnet18_tf_0.03_0.1/nested_cv_random/resnet18/repeat_10_fold_5_metrics.csv,3,2,resnet18,"(0.03, 0.1]",C1,Accuracy at 95% Specificity,0.8033549783549784
/scratchc/nrlab/wang04/ulyses_results_iteration/iteration_3_merge_below_3/cnn_model/cnn14/plasma_tp1_0.1x_model_C1/roc_curve_resnet18_tf_0.03_0.1/nested_cv_random/resnet18/repeat_10_fold_5_metrics.csv,3,2,resnet18,"(0.03, 0.1]",C1,F1 at 95% Specificity,0.78125
/scratchc/nrlab/wang04/ulyses_results_iteration/iteration_3_merge_below_3/cnn_model/cnn14/plasma_tp1_0.1x_model_C1/roc_curve_resnet18_tf_0.03_0.1/nested_cv_random/resnet18/repeat_10_fold_5_metrics.csv,3,3,resnet18,"(0.03, 0.1]",C1,AUROC,0.935897435897436
/scratchc/nrlab/wang04/ulyses_results_iteration/iteration_3_merge_below_3/cnn_model/cnn14/plasma_tp1_0.1x_model_C1/roc_curve_resnet18_tf_0.03_0.1/nested_cv_random/resnet18/repeat_10_fold_5_metrics.csv,3,3,resnet18,"(0.03, 0.1]",C1,AUPRC,0.9225416373575888
/scratchc/nrlab/wang04/ulyses_results_iteration/iteration_3_merge_below_3/cnn_model/cnn14/plasma_tp1_0.1x_model_C1/roc_curve_resnet18_tf_0.03_0.1/nested_cv_random/resnet18/repeat_10_fold_5_metrics.csv,3,3,resnet18,"(0.03, 0.1]",C1,Sensitivity at 99% Specificity,0.6666666666666666
/scratchc/nrlab/wang04/ulyses_results_iteration/iteration_3_merge_below_3/cnn_model/cnn14/plasma_tp1_0.1x_model_C1/roc_curve_resnet18_tf_0.03_0.1/nested_cv_random/resnet18/repeat_10_fold_5_metrics.csv,3,3,resnet18,"(0.03, 0.1]",C1,PPV at 99% Specificity,1
/scratchc/nrlab/wang04/ulyses_results_iteration/iteration_3_merge_below_3/cnn_model/cnn14/plasma_tp1_0.1x_model_C1/roc_curve_resnet18_tf_0.03_0.1/nested_cv_random/resnet18/repeat_10_fold_5_metrics.csv,3,3,resnet18,"(0.03, 0.1]",C1,Accuracy at 99% Specificity,0.8283333333333334
/scratchc/nrlab/wang04/ulyses_results_iteration/iteration_3_merge_below_3/cnn_model/cnn14/plasma_tp1_0.1x_model_C1/roc_curve_resnet18_tf_0.03_0.1/nested_cv_random/resnet18/repeat_10_fold_5_metrics.csv,3,3,resnet18,"(0.03, 0.1]",C1,F1 at 99% Specificity,0.8
/scratchc/nrlab/wang04/ulyses_results_iteration/iteration_3_merge_below_3/cnn_model/cnn14/plasma_tp1_0.1x_model_C1/roc_curve_resnet18_tf_0.03_0.1/nested_cv_random/resnet18/repeat_10_fold_5_metrics.csv,3,3,resnet18,"(0.03, 0.1]",C1,Sensitivity at 98% Specificity,0.6666666666666666
/scratchc/nrlab/wang04/ulyses_results_iteration/iteration_3_merge_below_3/cnn_model/cnn14/plasma_tp1_0.1x_model_C1/roc_curve_resnet18_tf_0.03_0.1/nested_cv_random/resnet18/repeat_10_fold_5_metrics.csv,3,3,resnet18,"(0.03, 0.1]",C1,PPV at 98% Specificity,1
/scratchc/nrlab/wang04/ulyses_results_iteration/iteration_3_merge_below_3/cnn_model/cnn14/plasma_tp1_0.1x_model_C1/roc_curve_resnet18_tf_0.03_0.1/nested_cv_random/resnet18/repeat_10_fold_5_metrics.csv,3,3,resnet18,"(0.03, 0.1]",C1,Accuracy at 98% Specificity,0.8233333333333333
/scratchc/nrlab/wang04/ulyses_results_iteration/iteration_3_merge_below_3/cnn_model/cnn14/plasma_tp1_0.1x_model_C1/roc_curve_resnet18_tf_0.03_0.1/nested_cv_random/resnet18/repeat_10_fold_5_metrics.csv,3,3,resnet18,"(0.03, 0.1]",C1,F1 at 98% Specificity,0.8
/scratchc/nrlab/wang04/ulyses_results_iteration/iteration_3_merge_below_3/cnn_model/cnn14/plasma_tp1_0.1x_model_C1/roc_curve_resnet18_tf_0.03_0.1/nested_cv_random/resnet18/repeat_10_fold_5_metrics.csv,3,3,resnet18,"(0.03, 0.1]",C1,Sensitivity at 95% Specificity,0.75
/scratchc/nrlab/wang04/ulyses_results_iteration/iteration_3_merge_below_3/cnn_model/cnn14/plasma_tp1_0.1x_model_C1/roc_curve_resnet18_tf_0.03_0.1/nested_cv_random/resnet18/repeat_10_fold_5_metrics.csv,3,3,resnet18,"(0.03, 0.1]",C1,PPV at 95% Specificity,0.9310344827586208
/scratchc/nrlab/wang04/ulyses_results_iteration/iteration_3_merge_below_3/cnn_model/cnn14/plasma_tp1_0.1x_model_C1/roc_curve_resnet18_tf_0.03_0.1/nested_cv_random/resnet18/repeat_10_fold_5_metrics.csv,3,3,resnet18,"(0.03, 0.1]",C1,Accuracy at 95% Specificity,0.8353846153846154
/scratchc/nrlab/wang04/ulyses_results_iteration/iteration_3_merge_below_3/cnn_model/cnn14/plasma_tp1_0.1x_model_C1/roc_curve_resnet18_tf_0.03_0.1/nested_cv_random/resnet18/repeat_10_fold_5_metrics.csv,3,3,resnet18,"(0.03, 0.1]",C1,F1 at 95% Specificity,0.8307692307692308
/scratchc/nrlab/wang04/ulyses_results_iteration/iteration_3_merge_below_3/cnn_model/cnn14/plasma_tp1_0.1x_model_C1/roc_curve_resnet18_tf_0.03_0.1/nested_cv_random/resnet18/repeat_10_fold_5_metrics.csv,3,4,resnet18,"(0.03, 0.1]",C1,AUROC,0.9001670843776108
/scratchc/nrlab/wang04/ulyses_results_iteration/iteration_3_merge_below_3/cnn_model/cnn14/plasma_tp1_0.1x_model_C1/roc_curve_resnet18_tf_0.03_0.1/nested_cv_random/resnet18/repeat_10_fold_5_metrics.csv,3,4,resnet18,"(0.03, 0.1]",C1,AUPRC,0.8864744193289369
/scratchc/nrlab/wang04/ulyses_results_iteration/iteration_3_merge_below_3/cnn_model/cnn14/plasma_tp1_0.1x_model_C1/roc_curve_resnet18_tf_0.03_0.1/nested_cv_random/resnet18/repeat_10_fold_5_metrics.csv,3,4,resnet18,"(0.03, 0.1]",C1,Sensitivity at 99% Specificity,0.5789473684210527
/scratchc/nrlab/wang04/ulyses_results_iteration/iteration_3_merge_below_3/cnn_model/cnn14/plasma_tp1_0.1x_model_C1/roc_curve_resnet18_tf_0.03_0.1/nested_cv_random/resnet18/repeat_10_fold_5_metrics.csv,3,4,resnet18,"(0.03, 0.1]",C1,PPV at 99% Specificity,1
/scratchc/nrlab/wang04/ulyses_results_iteration/iteration_3_merge_below_3/cnn_model/cnn14/plasma_tp1_0.1x_model_C1/roc_curve_resnet18_tf_0.03_0.1/nested_cv_random/resnet18/repeat_10_fold_5_metrics.csv,3,4,resnet18,"(0.03, 0.1]",C1,Accuracy at 99% Specificity,0.7844736842105263
/scratchc/nrlab/wang04/ulyses_results_iteration/iteration_3_merge_below_3/cnn_model/cnn14/plasma_tp1_0.1x_model_C1/roc_curve_resnet18_tf_0.03_0.1/nested_cv_random/resnet18/repeat_10_fold_5_metrics.csv,3,4,resnet18,"(0.03, 0.1]",C1,F1 at 99% Specificity,0.7333333333333333
/scratchc/nrlab/wang04/ulyses_results_iteration/iteration_3_merge_below_3/cnn_model/cnn14/plasma_tp1_0.1x_model_C1/roc_curve_resnet18_tf_0.03_0.1/nested_cv_random/resnet18/repeat_10_fold_5_metrics.csv,3,4,resnet18,"(0.03, 0.1]",C1,Sensitivity at 98% Specificity,0.5789473684210527
/scratchc/nrlab/wang04/ulyses_results_iteration/iteration_3_merge_below_3/cnn_model/cnn14/plasma_tp1_0.1x_model_C1/roc_curve_resnet18_tf_0.03_0.1/nested_cv_random/resnet18/repeat_10_fold_5_metrics.csv,3,4,resnet18,"(0.03, 0.1]",C1,PPV at 98% Specificity,1
/scratchc/nrlab/wang04/ulyses_results_iteration/iteration_3_merge_below_3/cnn_model/cnn14/plasma_tp1_0.1x_model_C1/roc_curve_resnet18_tf_0.03_0.1/nested_cv_random/resnet18/repeat_10_fold_5_metrics.csv,3,4,resnet18,"(0.03, 0.1]",C1,Accuracy at 98% Specificity,0.7794736842105263
/scratchc/nrlab/wang04/ulyses_results_iteration/iteration_3_merge_below_3/cnn_model/cnn14/plasma_tp1_0.1x_model_C1/roc_curve_resnet18_tf_0.03_0.1/nested_cv_random/resnet18/repeat_10_fold_5_metrics.csv,3,4,resnet18,"(0.03, 0.1]",C1,F1 at 98% Specificity,0.7333333333333333
/scratchc/nrlab/wang04/ulyses_results_iteration/iteration_3_merge_below_3/cnn_model/cnn14/plasma_tp1_0.1x_model_C1/roc_curve_resnet18_tf_0.03_0.1/nested_cv_random/resnet18/repeat_10_fold_5_metrics.csv,3,4,resnet18,"(0.03, 0.1]",C1,Sensitivity at 95% Specificity,0.631578947368421
/scratchc/nrlab/wang04/ulyses_results_iteration/iteration_3_merge_below_3/cnn_model/cnn14/plasma_tp1_0.1x_model_C1/roc_curve_resnet18_tf_0.03_0.1/nested_cv_random/resnet18/repeat_10_fold_5_metrics.csv,3,4,resnet18,"(0.03, 0.1]",C1,PPV at 95% Specificity,0.8888888888888888
/scratchc/nrlab/wang04/ulyses_results_iteration/iteration_3_merge_below_3/cnn_model/cnn14/plasma_tp1_0.1x_model_C1/roc_curve_resnet18_tf_0.03_0.1/nested_cv_random/resnet18/repeat_10_fold_5_metrics.csv,3,4,resnet18,"(0.03, 0.1]",C1,Accuracy at 95% Specificity,0.7681704260651628
/scratchc/nrlab/wang04/ulyses_results_iteration/iteration_3_merge_below_3/cnn_model/cnn14/plasma_tp1_0.1x_model_C1/roc_curve_resnet18_tf_0.03_0.1/nested_cv_random/resnet18/repeat_10_fold_5_metrics.csv,3,4,resnet18,"(0.03, 0.1]",C1,F1 at 95% Specificity,0.7384615384615385
/scratchc/nrlab/wang04/ulyses_results_iteration/iteration_3_merge_below_3/cnn_model/cnn14/plasma_tp1_0.1x_model_C1/roc_curve_resnet18_tf_0.03_0.1/nested_cv_random/resnet18/repeat_10_fold_5_metrics.csv,3,5,resnet18,"(0.03, 0.1]",C1,AUROC,0.8974358974358975
/scratchc/nrlab/wang04/ulyses_results_iteration/iteration_3_merge_below_3/cnn_model/cnn14/plasma_tp1_0.1x_model_C1/roc_curve_resnet18_tf_0.03_0.1/nested_cv_random/resnet18/repeat_10_fold_5_metrics.csv,3,5,resnet18,"(0.03, 0.1]",C1,AUPRC,0.903245359358412
/scratchc/nrlab/wang04/ulyses_results_iteration/iteration_3_merge_below_3/cnn_model/cnn14/plasma_tp1_0.1x_model_C1/roc_curve_resnet18_tf_0.03_0.1/nested_cv_random/resnet18/repeat_10_fold_5_metrics.csv,3,5,resnet18,"(0.03, 0.1]",C1,Sensitivity at 99% Specificity,0.6944444444444444
/scratchc/nrlab/wang04/ulyses_results_iteration/iteration_3_merge_below_3/cnn_model/cnn14/plasma_tp1_0.1x_model_C1/roc_curve_resnet18_tf_0.03_0.1/nested_cv_random/resnet18/repeat_10_fold_5_metrics.csv,3,5,resnet18,"(0.03, 0.1]",C1,PPV at 99% Specificity,1
/scratchc/nrlab/wang04/ulyses_results_iteration/iteration_3_merge_below_3/cnn_model/cnn14/plasma_tp1_0.1x_model_C1/roc_curve_resnet18_tf_0.03_0.1/nested_cv_random/resnet18/repeat_10_fold_5_metrics.csv,3,5,resnet18,"(0.03, 0.1]",C1,Accuracy at 99% Specificity,0.8422222222222222
/scratchc/nrlab/wang04/ulyses_results_iteration/iteration_3_merge_below_3/cnn_model/cnn14/plasma_tp1_0.1x_model_C1/roc_curve_resnet18_tf_0.03_0.1/nested_cv_random/resnet18/repeat_10_fold_5_metrics.csv,3,5,resnet18,"(0.03, 0.1]",C1,F1 at 99% Specificity,0.819672131147541
/scratchc/nrlab/wang04/ulyses_results_iteration/iteration_3_merge_below_3/cnn_model/cnn14/plasma_tp1_0.1x_model_C1/roc_curve_resnet18_tf_0.03_0.1/nested_cv_random/resnet18/repeat_10_fold_5_metrics.csv,3,5,resnet18,"(0.03, 0.1]",C1,Sensitivity at 98% Specificity,0.6944444444444444
/scratchc/nrlab/wang04/ulyses_results_iteration/iteration_3_merge_below_3/cnn_model/cnn14/plasma_tp1_0.1x_model_C1/roc_curve_resnet18_tf_0.03_0.1/nested_cv_random/resnet18/repeat_10_fold_5_metrics.csv,3,5,resnet18,"(0.03, 0.1]",C1,PPV at 98% Specificity,1
/scratchc/nrlab/wang04/ulyses_results_iteration/iteration_3_merge_below_3/cnn_model/cnn14/plasma_tp1_0.1x_model_C1/roc_curve_resnet18_tf_0.03_0.1/nested_cv_random/resnet18/repeat_10_fold_5_metrics.csv,3,5,resnet18,"(0.03, 0.1]",C1,Accuracy at 98% Specificity,0.8372222222222222
/scratchc/nrlab/wang04/ulyses_results_iteration/iteration_3_merge_below_3/cnn_model/cnn14/plasma_tp1_0.1x_model_C1/roc_curve_resnet18_tf_0.03_0.1/nested_cv_random/resnet18/repeat_10_fold_5_metrics.csv,3,5,resnet18,"(0.03, 0.1]",C1,F1 at 98% Specificity,0.819672131147541
/scratchc/nrlab/wang04/ulyses_results_iteration/iteration_3_merge_below_3/cnn_model/cnn14/plasma_tp1_0.1x_model_C1/roc_curve_resnet18_tf_0.03_0.1/nested_cv_random/resnet18/repeat_10_fold_5_metrics.csv,3,5,resnet18,"(0.03, 0.1]",C1,Sensitivity at 95% Specificity,0.7777777777777778
/scratchc/nrlab/wang04/ulyses_results_iteration/iteration_3_merge_below_3/cnn_model/cnn14/plasma_tp1_0.1x_model_C1/roc_curve_resnet18_tf_0.03_0.1/nested_cv_random/resnet18/repeat_10_fold_5_metrics.csv,3,5,resnet18,"(0.03, 0.1]",C1,PPV at 95% Specificity,0.9032258064516128
/scratchc/nrlab/wang04/ulyses_results_iteration/iteration_3_merge_below_3/cnn_model/cnn14/plasma_tp1_0.1x_model_C1/roc_curve_resnet18_tf_0.03_0.1/nested_cv_random/resnet18/repeat_10_fold_5_metrics.csv,3,5,resnet18,"(0.03, 0.1]",C1,Accuracy at 95% Specificity,0.841965811965812
/scratchc/nrlab/wang04/ulyses_results_iteration/iteration_3_merge_below_3/cnn_model/cnn14/plasma_tp1_0.1x_model_C1/roc_curve_resnet18_tf_0.03_0.1/nested_cv_random/resnet18/repeat_10_fold_5_metrics.csv,3,5,resnet18,"(0.03, 0.1]",C1,F1 at 95% Specificity,0.835820895522388
/scratchc/nrlab/wang04/ulyses_results_iteration/iteration_3_merge_below_3/cnn_model/cnn14/plasma_tp1_0.1x_model_C1/roc_curve_resnet18_tf_0.03_0.1/nested_cv_random/resnet18/repeat_10_fold_5_metrics.csv,4,1,resnet18,"(0.03, 0.1]",C1,AUROC,0.9302019315188762
/scratchc/nrlab/wang04/ulyses_results_iteration/iteration_3_merge_below_3/cnn_model/cnn14/plasma_tp1_0.1x_model_C1/roc_curve_resnet18_tf_0.03_0.1/nested_cv_random/resnet18/repeat_10_fold_5_metrics.csv,4,1,resnet18,"(0.03, 0.1]",C1,AUPRC,0.9116225370345746
/scratchc/nrlab/wang04/ulyses_results_iteration/iteration_3_merge_below_3/cnn_model/cnn14/plasma_tp1_0.1x_model_C1/roc_curve_resnet18_tf_0.03_0.1/nested_cv_random/resnet18/repeat_10_fold_5_metrics.csv,4,1,resnet18,"(0.03, 0.1]",C1,Sensitivity at 99% Specificity,0.4705882352941176
/scratchc/nrlab/wang04/ulyses_results_iteration/iteration_3_merge_below_3/cnn_model/cnn14/plasma_tp1_0.1x_model_C1/roc_curve_resnet18_tf_0.03_0.1/nested_cv_random/resnet18/repeat_10_fold_5_metrics.csv,4,1,resnet18,"(0.03, 0.1]",C1,PPV at 99% Specificity,1
/scratchc/nrlab/wang04/ulyses_results_iteration/iteration_3_merge_below_3/cnn_model/cnn14/plasma_tp1_0.1x_model_C1/roc_curve_resnet18_tf_0.03_0.1/nested_cv_random/resnet18/repeat_10_fold_5_metrics.csv,4,1,resnet18,"(0.03, 0.1]",C1,Accuracy at 99% Specificity,0.7302941176470588
/scratchc/nrlab/wang04/ulyses_results_iteration/iteration_3_merge_below_3/cnn_model/cnn14/plasma_tp1_0.1x_model_C1/roc_curve_resnet18_tf_0.03_0.1/nested_cv_random/resnet18/repeat_10_fold_5_metrics.csv,4,1,resnet18,"(0.03, 0.1]",C1,F1 at 99% Specificity,0.64
/scratchc/nrlab/wang04/ulyses_results_iteration/iteration_3_merge_below_3/cnn_model/cnn14/plasma_tp1_0.1x_model_C1/roc_curve_resnet18_tf_0.03_0.1/nested_cv_random/resnet18/repeat_10_fold_5_metrics.csv,4,1,resnet18,"(0.03, 0.1]",C1,Sensitivity at 98% Specificity,0.4705882352941176
/scratchc/nrlab/wang04/ulyses_results_iteration/iteration_3_merge_below_3/cnn_model/cnn14/plasma_tp1_0.1x_model_C1/roc_curve_resnet18_tf_0.03_0.1/nested_cv_random/resnet18/repeat_10_fold_5_metrics.csv,4,1,resnet18,"(0.03, 0.1]",C1,PPV at 98% Specificity,1
/scratchc/nrlab/wang04/ulyses_results_iteration/iteration_3_merge_below_3/cnn_model/cnn14/plasma_tp1_0.1x_model_C1/roc_curve_resnet18_tf_0.03_0.1/nested_cv_random/resnet18/repeat_10_fold_5_metrics.csv,4,1,resnet18,"(0.03, 0.1]",C1,Accuracy at 98% Specificity,0.7252941176470589
/scratchc/nrlab/wang04/ulyses_results_iteration/iteration_3_merge_below_3/cnn_model/cnn14/plasma_tp1_0.1x_model_C1/roc_curve_resnet18_tf_0.03_0.1/nested_cv_random/resnet18/repeat_10_fold_5_metrics.csv,4,1,resnet18,"(0.03, 0.1]",C1,F1 at 98% Specificity,0.64
/scratchc/nrlab/wang04/ulyses_results_iteration/iteration_3_merge_below_3/cnn_model/cnn14/plasma_tp1_0.1x_model_C1/roc_curve_resnet18_tf_0.03_0.1/nested_cv_random/resnet18/repeat_10_fold_5_metrics.csv,4,1,resnet18,"(0.03, 0.1]",C1,Sensitivity at 95% Specificity,0.7647058823529411
/scratchc/nrlab/wang04/ulyses_results_iteration/iteration_3_merge_below_3/cnn_model/cnn14/plasma_tp1_0.1x_model_C1/roc_curve_resnet18_tf_0.03_0.1/nested_cv_random/resnet18/repeat_10_fold_5_metrics.csv,4,1,resnet18,"(0.03, 0.1]",C1,PPV at 95% Specificity,0.9629629629629628
/scratchc/nrlab/wang04/ulyses_results_iteration/iteration_3_merge_below_3/cnn_model/cnn14/plasma_tp1_0.1x_model_C1/roc_curve_resnet18_tf_0.03_0.1/nested_cv_random/resnet18/repeat_10_fold_5_metrics.csv,4,1,resnet18,"(0.03, 0.1]",C1,Accuracy at 95% Specificity,0.8502633889376645
/scratchc/nrlab/wang04/ulyses_results_iteration/iteration_3_merge_below_3/cnn_model/cnn14/plasma_tp1_0.1x_model_C1/roc_curve_resnet18_tf_0.03_0.1/nested_cv_random/resnet18/repeat_10_fold_5_metrics.csv,4,1,resnet18,"(0.03, 0.1]",C1,F1 at 95% Specificity,0.8524590163934426
/scratchc/nrlab/wang04/ulyses_results_iteration/iteration_3_merge_below_3/cnn_model/cnn14/plasma_tp1_0.1x_model_C1/roc_curve_resnet18_tf_0.03_0.1/nested_cv_random/resnet18/repeat_10_fold_5_metrics.csv,4,2,resnet18,"(0.03, 0.1]",C1,AUROC,0.9388773388773388
/scratchc/nrlab/wang04/ulyses_results_iteration/iteration_3_merge_below_3/cnn_model/cnn14/plasma_tp1_0.1x_model_C1/roc_curve_resnet18_tf_0.03_0.1/nested_cv_random/resnet18/repeat_10_fold_5_metrics.csv,4,2,resnet18,"(0.03, 0.1]",C1,AUPRC,0.9318583153535196
/scratchc/nrlab/wang04/ulyses_results_iteration/iteration_3_merge_below_3/cnn_model/cnn14/plasma_tp1_0.1x_model_C1/roc_curve_resnet18_tf_0.03_0.1/nested_cv_random/resnet18/repeat_10_fold_5_metrics.csv,4,2,resnet18,"(0.03, 0.1]",C1,Sensitivity at 99% Specificity,0.6756756756756757
/scratchc/nrlab/wang04/ulyses_results_iteration/iteration_3_merge_below_3/cnn_model/cnn14/plasma_tp1_0.1x_model_C1/roc_curve_resnet18_tf_0.03_0.1/nested_cv_random/resnet18/repeat_10_fold_5_metrics.csv,4,2,resnet18,"(0.03, 0.1]",C1,PPV at 99% Specificity,1
/scratchc/nrlab/wang04/ulyses_results_iteration/iteration_3_merge_below_3/cnn_model/cnn14/plasma_tp1_0.1x_model_C1/roc_curve_resnet18_tf_0.03_0.1/nested_cv_random/resnet18/repeat_10_fold_5_metrics.csv,4,2,resnet18,"(0.03, 0.1]",C1,Accuracy at 99% Specificity,0.8328378378378378
/scratchc/nrlab/wang04/ulyses_results_iteration/iteration_3_merge_below_3/cnn_model/cnn14/plasma_tp1_0.1x_model_C1/roc_curve_resnet18_tf_0.03_0.1/nested_cv_random/resnet18/repeat_10_fold_5_metrics.csv,4,2,resnet18,"(0.03, 0.1]",C1,F1 at 99% Specificity,0.8064516129032258
/scratchc/nrlab/wang04/ulyses_results_iteration/iteration_3_merge_below_3/cnn_model/cnn14/plasma_tp1_0.1x_model_C1/roc_curve_resnet18_tf_0.03_0.1/nested_cv_random/resnet18/repeat_10_fold_5_metrics.csv,4,2,resnet18,"(0.03, 0.1]",C1,Sensitivity at 98% Specificity,0.6756756756756757
/scratchc/nrlab/wang04/ulyses_results_iteration/iteration_3_merge_below_3/cnn_model/cnn14/plasma_tp1_0.1x_model_C1/roc_curve_resnet18_tf_0.03_0.1/nested_cv_random/resnet18/repeat_10_fold_5_metrics.csv,4,2,resnet18,"(0.03, 0.1]",C1,PPV at 98% Specificity,1
/scratchc/nrlab/wang04/ulyses_results_iteration/iteration_3_merge_below_3/cnn_model/cnn14/plasma_tp1_0.1x_model_C1/roc_curve_resnet18_tf_0.03_0.1/nested_cv_random/resnet18/repeat_10_fold_5_metrics.csv,4,2,resnet18,"(0.03, 0.1]",C1,Accuracy at 98% Specificity,0.8278378378378378
/scratchc/nrlab/wang04/ulyses_results_iteration/iteration_3_merge_below_3/cnn_model/cnn14/plasma_tp1_0.1x_model_C1/roc_curve_resnet18_tf_0.03_0.1/nested_cv_random/resnet18/repeat_10_fold_5_metrics.csv,4,2,resnet18,"(0.03, 0.1]",C1,F1 at 98% Specificity,0.8064516129032258
/scratchc/nrlab/wang04/ulyses_results_iteration/iteration_3_merge_below_3/cnn_model/cnn14/plasma_tp1_0.1x_model_C1/roc_curve_resnet18_tf_0.03_0.1/nested_cv_random/resnet18/repeat_10_fold_5_metrics.csv,4,2,resnet18,"(0.03, 0.1]",C1,Sensitivity at 95% Specificity,0.7567567567567568
/scratchc/nrlab/wang04/ulyses_results_iteration/iteration_3_merge_below_3/cnn_model/cnn14/plasma_tp1_0.1x_model_C1/roc_curve_resnet18_tf_0.03_0.1/nested_cv_random/resnet18/repeat_10_fold_5_metrics.csv,4,2,resnet18,"(0.03, 0.1]",C1,PPV at 95% Specificity,0.9333333333333332
/scratchc/nrlab/wang04/ulyses_results_iteration/iteration_3_merge_below_3/cnn_model/cnn14/plasma_tp1_0.1x_model_C1/roc_curve_resnet18_tf_0.03_0.1/nested_cv_random/resnet18/repeat_10_fold_5_metrics.csv,4,2,resnet18,"(0.03, 0.1]",C1,Accuracy at 95% Specificity,0.8387629937629937
/scratchc/nrlab/wang04/ulyses_results_iteration/iteration_3_merge_below_3/cnn_model/cnn14/plasma_tp1_0.1x_model_C1/roc_curve_resnet18_tf_0.03_0.1/nested_cv_random/resnet18/repeat_10_fold_5_metrics.csv,4,2,resnet18,"(0.03, 0.1]",C1,F1 at 95% Specificity,0.835820895522388
/scratchc/nrlab/wang04/ulyses_results_iteration/iteration_3_merge_below_3/cnn_model/cnn14/plasma_tp1_0.1x_model_C1/roc_curve_resnet18_tf_0.03_0.1/nested_cv_random/resnet18/repeat_10_fold_5_metrics.csv,4,3,resnet18,"(0.03, 0.1]",C1,AUROC,0.9640198511166252
/scratchc/nrlab/wang04/ulyses_results_iteration/iteration_3_merge_below_3/cnn_model/cnn14/plasma_tp1_0.1x_model_C1/roc_curve_resnet18_tf_0.03_0.1/nested_cv_random/resnet18/repeat_10_fold_5_metrics.csv,4,3,resnet18,"(0.03, 0.1]",C1,AUPRC,0.9586078166097513
/scratchc/nrlab/wang04/ulyses_results_iteration/iteration_3_merge_below_3/cnn_model/cnn14/plasma_tp1_0.1x_model_C1/roc_curve_resnet18_tf_0.03_0.1/nested_cv_random/resnet18/repeat_10_fold_5_metrics.csv,4,3,resnet18,"(0.03, 0.1]",C1,Sensitivity at 99% Specificity,0.7692307692307693
/scratchc/nrlab/wang04/ulyses_results_iteration/iteration_3_merge_below_3/cnn_model/cnn14/plasma_tp1_0.1x_model_C1/roc_curve_resnet18_tf_0.03_0.1/nested_cv_random/resnet18/repeat_10_fold_5_metrics.csv,4,3,resnet18,"(0.03, 0.1]",C1,PPV at 99% Specificity,1
/scratchc/nrlab/wang04/ulyses_results_iteration/iteration_3_merge_below_3/cnn_model/cnn14/plasma_tp1_0.1x_model_C1/roc_curve_resnet18_tf_0.03_0.1/nested_cv_random/resnet18/repeat_10_fold_5_metrics.csv,4,3,resnet18,"(0.03, 0.1]",C1,Accuracy at 99% Specificity,0.8796153846153847
/scratchc/nrlab/wang04/ulyses_results_iteration/iteration_3_merge_below_3/cnn_model/cnn14/plasma_tp1_0.1x_model_C1/roc_curve_resnet18_tf_0.03_0.1/nested_cv_random/resnet18/repeat_10_fold_5_metrics.csv,4,3,resnet18,"(0.03, 0.1]",C1,F1 at 99% Specificity,0.8695652173913043
/scratchc/nrlab/wang04/ulyses_results_iteration/iteration_3_merge_below_3/cnn_model/cnn14/plasma_tp1_0.1x_model_C1/roc_curve_resnet18_tf_0.03_0.1/nested_cv_random/resnet18/repeat_10_fold_5_metrics.csv,4,3,resnet18,"(0.03, 0.1]",C1,Sensitivity at 98% Specificity,0.7692307692307693
/scratchc/nrlab/wang04/ulyses_results_iteration/iteration_3_merge_below_3/cnn_model/cnn14/plasma_tp1_0.1x_model_C1/roc_curve_resnet18_tf_0.03_0.1/nested_cv_random/resnet18/repeat_10_fold_5_metrics.csv,4,3,resnet18,"(0.03, 0.1]",C1,PPV at 98% Specificity,1
/scratchc/nrlab/wang04/ulyses_results_iteration/iteration_3_merge_below_3/cnn_model/cnn14/plasma_tp1_0.1x_model_C1/roc_curve_resnet18_tf_0.03_0.1/nested_cv_random/resnet18/repeat_10_fold_5_metrics.csv,4,3,resnet18,"(0.03, 0.1]",C1,Accuracy at 98% Specificity,0.8746153846153846
/scratchc/nrlab/wang04/ulyses_results_iteration/iteration_3_merge_below_3/cnn_model/cnn14/plasma_tp1_0.1x_model_C1/roc_curve_resnet18_tf_0.03_0.1/nested_cv_random/resnet18/repeat_10_fold_5_metrics.csv,4,3,resnet18,"(0.03, 0.1]",C1,F1 at 98% Specificity,0.8695652173913043
/scratchc/nrlab/wang04/ulyses_results_iteration/iteration_3_merge_below_3/cnn_model/cnn14/plasma_tp1_0.1x_model_C1/roc_curve_resnet18_tf_0.03_0.1/nested_cv_random/resnet18/repeat_10_fold_5_metrics.csv,4,3,resnet18,"(0.03, 0.1]",C1,Sensitivity at 95% Specificity,0.8461538461538461
/scratchc/nrlab/wang04/ulyses_results_iteration/iteration_3_merge_below_3/cnn_model/cnn14/plasma_tp1_0.1x_model_C1/roc_curve_resnet18_tf_0.03_0.1/nested_cv_random/resnet18/repeat_10_fold_5_metrics.csv,4,3,resnet18,"(0.03, 0.1]",C1,PPV at 95% Specificity,0.9428571428571428
/scratchc/nrlab/wang04/ulyses_results_iteration/iteration_3_merge_below_3/cnn_model/cnn14/plasma_tp1_0.1x_model_C1/roc_curve_resnet18_tf_0.03_0.1/nested_cv_random/resnet18/repeat_10_fold_5_metrics.csv,4,3,resnet18,"(0.03, 0.1]",C1,Accuracy at 95% Specificity,0.8827543424317618
/scratchc/nrlab/wang04/ulyses_results_iteration/iteration_3_merge_below_3/cnn_model/cnn14/plasma_tp1_0.1x_model_C1/roc_curve_resnet18_tf_0.03_0.1/nested_cv_random/resnet18/repeat_10_fold_5_metrics.csv,4,3,resnet18,"(0.03, 0.1]",C1,F1 at 95% Specificity,0.8918918918918919
/scratchc/nrlab/wang04/ulyses_results_iteration/iteration_3_merge_below_3/cnn_model/cnn14/plasma_tp1_0.1x_model_C1/roc_curve_resnet18_tf_0.03_0.1/nested_cv_random/resnet18/repeat_10_fold_5_metrics.csv,4,4,resnet18,"(0.03, 0.1]",C1,AUROC,0.9236172080772608
/scratchc/nrlab/wang04/ulyses_results_iteration/iteration_3_merge_below_3/cnn_model/cnn14/plasma_tp1_0.1x_model_C1/roc_curve_resnet18_tf_0.03_0.1/nested_cv_random/resnet18/repeat_10_fold_5_metrics.csv,4,4,resnet18,"(0.03, 0.1]",C1,AUPRC,0.8991104927131469
/scratchc/nrlab/wang04/ulyses_results_iteration/iteration_3_merge_below_3/cnn_model/cnn14/plasma_tp1_0.1x_model_C1/roc_curve_resnet18_tf_0.03_0.1/nested_cv_random/resnet18/repeat_10_fold_5_metrics.csv,4,4,resnet18,"(0.03, 0.1]",C1,Sensitivity at 99% Specificity,0.6470588235294118
/scratchc/nrlab/wang04/ulyses_results_iteration/iteration_3_merge_below_3/cnn_model/cnn14/plasma_tp1_0.1x_model_C1/roc_curve_resnet18_tf_0.03_0.1/nested_cv_random/resnet18/repeat_10_fold_5_metrics.csv,4,4,resnet18,"(0.03, 0.1]",C1,PPV at 99% Specificity,1
/scratchc/nrlab/wang04/ulyses_results_iteration/iteration_3_merge_below_3/cnn_model/cnn14/plasma_tp1_0.1x_model_C1/roc_curve_resnet18_tf_0.03_0.1/nested_cv_random/resnet18/repeat_10_fold_5_metrics.csv,4,4,resnet18,"(0.03, 0.1]",C1,Accuracy at 99% Specificity,0.818529411764706
/scratchc/nrlab/wang04/ulyses_results_iteration/iteration_3_merge_below_3/cnn_model/cnn14/plasma_tp1_0.1x_model_C1/roc_curve_resnet18_tf_0.03_0.1/nested_cv_random/resnet18/repeat_10_fold_5_metrics.csv,4,4,resnet18,"(0.03, 0.1]",C1,F1 at 99% Specificity,0.7857142857142857
/scratchc/nrlab/wang04/ulyses_results_iteration/iteration_3_merge_below_3/cnn_model/cnn14/plasma_tp1_0.1x_model_C1/roc_curve_resnet18_tf_0.03_0.1/nested_cv_random/resnet18/repeat_10_fold_5_metrics.csv,4,4,resnet18,"(0.03, 0.1]",C1,Sensitivity at 98% Specificity,0.6470588235294118
/scratchc/nrlab/wang04/ulyses_results_iteration/iteration_3_merge_below_3/cnn_model/cnn14/plasma_tp1_0.1x_model_C1/roc_curve_resnet18_tf_0.03_0.1/nested_cv_random/resnet18/repeat_10_fold_5_metrics.csv,4,4,resnet18,"(0.03, 0.1]",C1,PPV at 98% Specificity,1
/scratchc/nrlab/wang04/ulyses_results_iteration/iteration_3_merge_below_3/cnn_model/cnn14/plasma_tp1_0.1x_model_C1/roc_curve_resnet18_tf_0.03_0.1/nested_cv_random/resnet18/repeat_10_fold_5_metrics.csv,4,4,resnet18,"(0.03, 0.1]",C1,Accuracy at 98% Specificity,0.8135294117647058
/scratchc/nrlab/wang04/ulyses_results_iteration/iteration_3_merge_below_3/cnn_model/cnn14/plasma_tp1_0.1x_model_C1/roc_curve_resnet18_tf_0.03_0.1/nested_cv_random/resnet18/repeat_10_fold_5_metrics.csv,4,4,resnet18,"(0.03, 0.1]",C1,F1 at 98% Specificity,0.7857142857142857
/scratchc/nrlab/wang04/ulyses_results_iteration/iteration_3_merge_below_3/cnn_model/cnn14/plasma_tp1_0.1x_model_C1/roc_curve_resnet18_tf_0.03_0.1/nested_cv_random/resnet18/repeat_10_fold_5_metrics.csv,4,4,resnet18,"(0.03, 0.1]",C1,Sensitivity at 95% Specificity,0.7058823529411765
/scratchc/nrlab/wang04/ulyses_results_iteration/iteration_3_merge_below_3/cnn_model/cnn14/plasma_tp1_0.1x_model_C1/roc_curve_resnet18_tf_0.03_0.1/nested_cv_random/resnet18/repeat_10_fold_5_metrics.csv,4,4,resnet18,"(0.03, 0.1]",C1,PPV at 95% Specificity,0.8888888888888888
/scratchc/nrlab/wang04/ulyses_results_iteration/iteration_3_merge_below_3/cnn_model/cnn14/plasma_tp1_0.1x_model_C1/roc_curve_resnet18_tf_0.03_0.1/nested_cv_random/resnet18/repeat_10_fold_5_metrics.csv,4,4,resnet18,"(0.03, 0.1]",C1,Accuracy at 95% Specificity,0.8066725197541703
/scratchc/nrlab/wang04/ulyses_results_iteration/iteration_3_merge_below_3/cnn_model/cnn14/plasma_tp1_0.1x_model_C1/roc_curve_resnet18_tf_0.03_0.1/nested_cv_random/resnet18/repeat_10_fold_5_metrics.csv,4,4,resnet18,"(0.03, 0.1]",C1,F1 at 95% Specificity,0.7868852459016393
/scratchc/nrlab/wang04/ulyses_results_iteration/iteration_3_merge_below_3/cnn_model/cnn14/plasma_tp1_0.1x_model_C1/roc_curve_resnet18_tf_0.03_0.1/nested_cv_random/resnet18/repeat_10_fold_5_metrics.csv,4,5,resnet18,"(0.03, 0.1]",C1,AUROC,0.8885135135135136
/scratchc/nrlab/wang04/ulyses_results_iteration/iteration_3_merge_below_3/cnn_model/cnn14/plasma_tp1_0.1x_model_C1/roc_curve_resnet18_tf_0.03_0.1/nested_cv_random/resnet18/repeat_10_fold_5_metrics.csv,4,5,resnet18,"(0.03, 0.1]",C1,AUPRC,0.8851888939154173
/scratchc/nrlab/wang04/ulyses_results_iteration/iteration_3_merge_below_3/cnn_model/cnn14/plasma_tp1_0.1x_model_C1/roc_curve_resnet18_tf_0.03_0.1/nested_cv_random/resnet18/repeat_10_fold_5_metrics.csv,4,5,resnet18,"(0.03, 0.1]",C1,Sensitivity at 99% Specificity,0.4594594594594595
/scratchc/nrlab/wang04/ulyses_results_iteration/iteration_3_merge_below_3/cnn_model/cnn14/plasma_tp1_0.1x_model_C1/roc_curve_resnet18_tf_0.03_0.1/nested_cv_random/resnet18/repeat_10_fold_5_metrics.csv,4,5,resnet18,"(0.03, 0.1]",C1,PPV at 99% Specificity,1
/scratchc/nrlab/wang04/ulyses_results_iteration/iteration_3_merge_below_3/cnn_model/cnn14/plasma_tp1_0.1x_model_C1/roc_curve_resnet18_tf_0.03_0.1/nested_cv_random/resnet18/repeat_10_fold_5_metrics.csv,4,5,resnet18,"(0.03, 0.1]",C1,Accuracy at 99% Specificity,0.7247297297297297
/scratchc/nrlab/wang04/ulyses_results_iteration/iteration_3_merge_below_3/cnn_model/cnn14/plasma_tp1_0.1x_model_C1/roc_curve_resnet18_tf_0.03_0.1/nested_cv_random/resnet18/repeat_10_fold_5_metrics.csv,4,5,resnet18,"(0.03, 0.1]",C1,F1 at 99% Specificity,0.6296296296296297
/scratchc/nrlab/wang04/ulyses_results_iteration/iteration_3_merge_below_3/cnn_model/cnn14/plasma_tp1_0.1x_model_C1/roc_curve_resnet18_tf_0.03_0.1/nested_cv_random/resnet18/repeat_10_fold_5_metrics.csv,4,5,resnet18,"(0.03, 0.1]",C1,Sensitivity at 98% Specificity,0.4594594594594595
/scratchc/nrlab/wang04/ulyses_results_iteration/iteration_3_merge_below_3/cnn_model/cnn14/plasma_tp1_0.1x_model_C1/roc_curve_resnet18_tf_0.03_0.1/nested_cv_random/resnet18/repeat_10_fold_5_metrics.csv,4,5,resnet18,"(0.03, 0.1]",C1,PPV at 98% Specificity,1
/scratchc/nrlab/wang04/ulyses_results_iteration/iteration_3_merge_below_3/cnn_model/cnn14/plasma_tp1_0.1x_model_C1/roc_curve_resnet18_tf_0.03_0.1/nested_cv_random/resnet18/repeat_10_fold_5_metrics.csv,4,5,resnet18,"(0.03, 0.1]",C1,Accuracy at 98% Specificity,0.7197297297297297
/scratchc/nrlab/wang04/ulyses_results_iteration/iteration_3_merge_below_3/cnn_model/cnn14/plasma_tp1_0.1x_model_C1/roc_curve_resnet18_tf_0.03_0.1/nested_cv_random/resnet18/repeat_10_fold_5_metrics.csv,4,5,resnet18,"(0.03, 0.1]",C1,F1 at 98% Specificity,0.6296296296296297
/scratchc/nrlab/wang04/ulyses_results_iteration/iteration_3_merge_below_3/cnn_model/cnn14/plasma_tp1_0.1x_model_C1/roc_curve_resnet18_tf_0.03_0.1/nested_cv_random/resnet18/repeat_10_fold_5_metrics.csv,4,5,resnet18,"(0.03, 0.1]",C1,Sensitivity at 95% Specificity,0.6756756756756757
/scratchc/nrlab/wang04/ulyses_results_iteration/iteration_3_merge_below_3/cnn_model/cnn14/plasma_tp1_0.1x_model_C1/roc_curve_resnet18_tf_0.03_0.1/nested_cv_random/resnet18/repeat_10_fold_5_metrics.csv,4,5,resnet18,"(0.03, 0.1]",C1,PPV at 95% Specificity,0.9615384615384616
/scratchc/nrlab/wang04/ulyses_results_iteration/iteration_3_merge_below_3/cnn_model/cnn14/plasma_tp1_0.1x_model_C1/roc_curve_resnet18_tf_0.03_0.1/nested_cv_random/resnet18/repeat_10_fold_5_metrics.csv,4,5,resnet18,"(0.03, 0.1]",C1,Accuracy at 95% Specificity,0.8054159628378378
/scratchc/nrlab/wang04/ulyses_results_iteration/iteration_3_merge_below_3/cnn_model/cnn14/plasma_tp1_0.1x_model_C1/roc_curve_resnet18_tf_0.03_0.1/nested_cv_random/resnet18/repeat_10_fold_5_metrics.csv,4,5,resnet18,"(0.03, 0.1]",C1,F1 at 95% Specificity,0.7936507936507936
/scratchc/nrlab/wang04/ulyses_results_iteration/iteration_3_merge_below_3/cnn_model/cnn14/plasma_tp1_0.1x_model_C1/roc_curve_resnet18_tf_0.03_0.1/nested_cv_random/resnet18/repeat_10_fold_5_metrics.csv,5,1,resnet18,"(0.03, 0.1]",C1,AUROC,0.916008316008316
/scratchc/nrlab/wang04/ulyses_results_iteration/iteration_3_merge_below_3/cnn_model/cnn14/plasma_tp1_0.1x_model_C1/roc_curve_resnet18_tf_0.03_0.1/nested_cv_random/resnet18/repeat_10_fold_5_metrics.csv,5,1,resnet18,"(0.03, 0.1]",C1,AUPRC,0.8970305861564742
/scratchc/nrlab/wang04/ulyses_results_iteration/iteration_3_merge_below_3/cnn_model/cnn14/plasma_tp1_0.1x_model_C1/roc_curve_resnet18_tf_0.03_0.1/nested_cv_random/resnet18/repeat_10_fold_5_metrics.csv,5,1,resnet18,"(0.03, 0.1]",C1,Sensitivity at 99% Specificity,0.5945945945945946
/scratchc/nrlab/wang04/ulyses_results_iteration/iteration_3_merge_below_3/cnn_model/cnn14/plasma_tp1_0.1x_model_C1/roc_curve_resnet18_tf_0.03_0.1/nested_cv_random/resnet18/repeat_10_fold_5_metrics.csv,5,1,resnet18,"(0.03, 0.1]",C1,PPV at 99% Specificity,1
/scratchc/nrlab/wang04/ulyses_results_iteration/iteration_3_merge_below_3/cnn_model/cnn14/plasma_tp1_0.1x_model_C1/roc_curve_resnet18_tf_0.03_0.1/nested_cv_random/resnet18/repeat_10_fold_5_metrics.csv,5,1,resnet18,"(0.03, 0.1]",C1,Accuracy at 99% Specificity,0.7922972972972973
/scratchc/nrlab/wang04/ulyses_results_iteration/iteration_3_merge_below_3/cnn_model/cnn14/plasma_tp1_0.1x_model_C1/roc_curve_resnet18_tf_0.03_0.1/nested_cv_random/resnet18/repeat_10_fold_5_metrics.csv,5,1,resnet18,"(0.03, 0.1]",C1,F1 at 99% Specificity,0.7457627118644068
/scratchc/nrlab/wang04/ulyses_results_iteration/iteration_3_merge_below_3/cnn_model/cnn14/plasma_tp1_0.1x_model_C1/roc_curve_resnet18_tf_0.03_0.1/nested_cv_random/resnet18/repeat_10_fold_5_metrics.csv,5,1,resnet18,"(0.03, 0.1]",C1,Sensitivity at 98% Specificity,0.5945945945945946
/scratchc/nrlab/wang04/ulyses_results_iteration/iteration_3_merge_below_3/cnn_model/cnn14/plasma_tp1_0.1x_model_C1/roc_curve_resnet18_tf_0.03_0.1/nested_cv_random/resnet18/repeat_10_fold_5_metrics.csv,5,1,resnet18,"(0.03, 0.1]",C1,PPV at 98% Specificity,1
/scratchc/nrlab/wang04/ulyses_results_iteration/iteration_3_merge_below_3/cnn_model/cnn14/plasma_tp1_0.1x_model_C1/roc_curve_resnet18_tf_0.03_0.1/nested_cv_random/resnet18/repeat_10_fold_5_metrics.csv,5,1,resnet18,"(0.03, 0.1]",C1,Accuracy at 98% Specificity,0.7872972972972974
/scratchc/nrlab/wang04/ulyses_results_iteration/iteration_3_merge_below_3/cnn_model/cnn14/plasma_tp1_0.1x_model_C1/roc_curve_resnet18_tf_0.03_0.1/nested_cv_random/resnet18/repeat_10_fold_5_metrics.csv,5,1,resnet18,"(0.03, 0.1]",C1,F1 at 98% Specificity,0.7457627118644068
/scratchc/nrlab/wang04/ulyses_results_iteration/iteration_3_merge_below_3/cnn_model/cnn14/plasma_tp1_0.1x_model_C1/roc_curve_resnet18_tf_0.03_0.1/nested_cv_random/resnet18/repeat_10_fold_5_metrics.csv,5,1,resnet18,"(0.03, 0.1]",C1,Sensitivity at 95% Specificity,0.7027027027027027
/scratchc/nrlab/wang04/ulyses_results_iteration/iteration_3_merge_below_3/cnn_model/cnn14/plasma_tp1_0.1x_model_C1/roc_curve_resnet18_tf_0.03_0.1/nested_cv_random/resnet18/repeat_10_fold_5_metrics.csv,5,1,resnet18,"(0.03, 0.1]",C1,PPV at 95% Specificity,0.8666666666666667
/scratchc/nrlab/wang04/ulyses_results_iteration/iteration_3_merge_below_3/cnn_model/cnn14/plasma_tp1_0.1x_model_C1/roc_curve_resnet18_tf_0.03_0.1/nested_cv_random/resnet18/repeat_10_fold_5_metrics.csv,5,1,resnet18,"(0.03, 0.1]",C1,Accuracy at 95% Specificity,0.7971205821205821
/scratchc/nrlab/wang04/ulyses_results_iteration/iteration_3_merge_below_3/cnn_model/cnn14/plasma_tp1_0.1x_model_C1/roc_curve_resnet18_tf_0.03_0.1/nested_cv_random/resnet18/repeat_10_fold_5_metrics.csv,5,1,resnet18,"(0.03, 0.1]",C1,F1 at 95% Specificity,0.7761194029850746
/scratchc/nrlab/wang04/ulyses_results_iteration/iteration_3_merge_below_3/cnn_model/cnn14/plasma_tp1_0.1x_model_C1/roc_curve_resnet18_tf_0.03_0.1/nested_cv_random/resnet18/repeat_10_fold_5_metrics.csv,5,2,resnet18,"(0.03, 0.1]",C1,AUROC,0.9515151515151516
/scratchc/nrlab/wang04/ulyses_results_iteration/iteration_3_merge_below_3/cnn_model/cnn14/plasma_tp1_0.1x_model_C1/roc_curve_resnet18_tf_0.03_0.1/nested_cv_random/resnet18/repeat_10_fold_5_metrics.csv,5,2,resnet18,"(0.03, 0.1]",C1,AUPRC,0.92954475746209
/scratchc/nrlab/wang04/ulyses_results_iteration/iteration_3_merge_below_3/cnn_model/cnn14/plasma_tp1_0.1x_model_C1/roc_curve_resnet18_tf_0.03_0.1/nested_cv_random/resnet18/repeat_10_fold_5_metrics.csv,5,2,resnet18,"(0.03, 0.1]",C1,Sensitivity at 99% Specificity,0.6857142857142857
/scratchc/nrlab/wang04/ulyses_results_iteration/iteration_3_merge_below_3/cnn_model/cnn14/plasma_tp1_0.1x_model_C1/roc_curve_resnet18_tf_0.03_0.1/nested_cv_random/resnet18/repeat_10_fold_5_metrics.csv,5,2,resnet18,"(0.03, 0.1]",C1,PPV at 99% Specificity,1
/scratchc/nrlab/wang04/ulyses_results_iteration/iteration_3_merge_below_3/cnn_model/cnn14/plasma_tp1_0.1x_model_C1/roc_curve_resnet18_tf_0.03_0.1/nested_cv_random/resnet18/repeat_10_fold_5_metrics.csv,5,2,resnet18,"(0.03, 0.1]",C1,Accuracy at 99% Specificity,0.8378571428571429
/scratchc/nrlab/wang04/ulyses_results_iteration/iteration_3_merge_below_3/cnn_model/cnn14/plasma_tp1_0.1x_model_C1/roc_curve_resnet18_tf_0.03_0.1/nested_cv_random/resnet18/repeat_10_fold_5_metrics.csv,5,2,resnet18,"(0.03, 0.1]",C1,F1 at 99% Specificity,0.8135593220338984
/scratchc/nrlab/wang04/ulyses_results_iteration/iteration_3_merge_below_3/cnn_model/cnn14/plasma_tp1_0.1x_model_C1/roc_curve_resnet18_tf_0.03_0.1/nested_cv_random/resnet18/repeat_10_fold_5_metrics.csv,5,2,resnet18,"(0.03, 0.1]",C1,Sensitivity at 98% Specificity,0.6857142857142857
/scratchc/nrlab/wang04/ulyses_results_iteration/iteration_3_merge_below_3/cnn_model/cnn14/plasma_tp1_0.1x_model_C1/roc_curve_resnet18_tf_0.03_0.1/nested_cv_random/resnet18/repeat_10_fold_5_metrics.csv,5,2,resnet18,"(0.03, 0.1]",C1,PPV at 98% Specificity,1
/scratchc/nrlab/wang04/ulyses_results_iteration/iteration_3_merge_below_3/cnn_model/cnn14/plasma_tp1_0.1x_model_C1/roc_curve_resnet18_tf_0.03_0.1/nested_cv_random/resnet18/repeat_10_fold_5_metrics.csv,5,2,resnet18,"(0.03, 0.1]",C1,Accuracy at 98% Specificity,0.8328571428571429
/scratchc/nrlab/wang04/ulyses_results_iteration/iteration_3_merge_below_3/cnn_model/cnn14/plasma_tp1_0.1x_model_C1/roc_curve_resnet18_tf_0.03_0.1/nested_cv_random/resnet18/repeat_10_fold_5_metrics.csv,5,2,resnet18,"(0.03, 0.1]",C1,F1 at 98% Specificity,0.8135593220338984
/scratchc/nrlab/wang04/ulyses_results_iteration/iteration_3_merge_below_3/cnn_model/cnn14/plasma_tp1_0.1x_model_C1/roc_curve_resnet18_tf_0.03_0.1/nested_cv_random/resnet18/repeat_10_fold_5_metrics.csv,5,2,resnet18,"(0.03, 0.1]",C1,Sensitivity at 95% Specificity,0.7428571428571429
/scratchc/nrlab/wang04/ulyses_results_iteration/iteration_3_merge_below_3/cnn_model/cnn14/plasma_tp1_0.1x_model_C1/roc_curve_resnet18_tf_0.03_0.1/nested_cv_random/resnet18/repeat_10_fold_5_metrics.csv,5,2,resnet18,"(0.03, 0.1]",C1,PPV at 95% Specificity,0.9285714285714286
/scratchc/nrlab/wang04/ulyses_results_iteration/iteration_3_merge_below_3/cnn_model/cnn14/plasma_tp1_0.1x_model_C1/roc_curve_resnet18_tf_0.03_0.1/nested_cv_random/resnet18/repeat_10_fold_5_metrics.csv,5,2,resnet18,"(0.03, 0.1]",C1,Accuracy at 95% Specificity,0.832034632034632
/scratchc/nrlab/wang04/ulyses_results_iteration/iteration_3_merge_below_3/cnn_model/cnn14/plasma_tp1_0.1x_model_C1/roc_curve_resnet18_tf_0.03_0.1/nested_cv_random/resnet18/repeat_10_fold_5_metrics.csv,5,2,resnet18,"(0.03, 0.1]",C1,F1 at 95% Specificity,0.8253968253968254
/scratchc/nrlab/wang04/ulyses_results_iteration/iteration_3_merge_below_3/cnn_model/cnn14/plasma_tp1_0.1x_model_C1/roc_curve_resnet18_tf_0.03_0.1/nested_cv_random/resnet18/repeat_10_fold_5_metrics.csv,5,4,resnet18,"(0.03, 0.1]",C1,AUROC,0.9189640768588138
/scratchc/nrlab/wang04/ulyses_results_iteration/iteration_3_merge_below_3/cnn_model/cnn14/plasma_tp1_0.1x_model_C1/roc_curve_resnet18_tf_0.03_0.1/nested_cv_random/resnet18/repeat_10_fold_5_metrics.csv,5,4,resnet18,"(0.03, 0.1]",C1,AUPRC,0.9101807981859938
/scratchc/nrlab/wang04/ulyses_results_iteration/iteration_3_merge_below_3/cnn_model/cnn14/plasma_tp1_0.1x_model_C1/roc_curve_resnet18_tf_0.03_0.1/nested_cv_random/resnet18/repeat_10_fold_5_metrics.csv,5,4,resnet18,"(0.03, 0.1]",C1,Sensitivity at 99% Specificity,0.5526315789473685
/scratchc/nrlab/wang04/ulyses_results_iteration/iteration_3_merge_below_3/cnn_model/cnn14/plasma_tp1_0.1x_model_C1/roc_curve_resnet18_tf_0.03_0.1/nested_cv_random/resnet18/repeat_10_fold_5_metrics.csv,5,4,resnet18,"(0.03, 0.1]",C1,PPV at 99% Specificity,1
/scratchc/nrlab/wang04/ulyses_results_iteration/iteration_3_merge_below_3/cnn_model/cnn14/plasma_tp1_0.1x_model_C1/roc_curve_resnet18_tf_0.03_0.1/nested_cv_random/resnet18/repeat_10_fold_5_metrics.csv,5,4,resnet18,"(0.03, 0.1]",C1,Accuracy at 99% Specificity,0.7713157894736842
/scratchc/nrlab/wang04/ulyses_results_iteration/iteration_3_merge_below_3/cnn_model/cnn14/plasma_tp1_0.1x_model_C1/roc_curve_resnet18_tf_0.03_0.1/nested_cv_random/resnet18/repeat_10_fold_5_metrics.csv,5,4,resnet18,"(0.03, 0.1]",C1,F1 at 99% Specificity,0.711864406779661
/scratchc/nrlab/wang04/ulyses_results_iteration/iteration_3_merge_below_3/cnn_model/cnn14/plasma_tp1_0.1x_model_C1/roc_curve_resnet18_tf_0.03_0.1/nested_cv_random/resnet18/repeat_10_fold_5_metrics.csv,5,4,resnet18,"(0.03, 0.1]",C1,Sensitivity at 98% Specificity,0.5526315789473685
/scratchc/nrlab/wang04/ulyses_results_iteration/iteration_3_merge_below_3/cnn_model/cnn14/plasma_tp1_0.1x_model_C1/roc_curve_resnet18_tf_0.03_0.1/nested_cv_random/resnet18/repeat_10_fold_5_metrics.csv,5,4,resnet18,"(0.03, 0.1]",C1,PPV at 98% Specificity,1
/scratchc/nrlab/wang04/ulyses_results_iteration/iteration_3_merge_below_3/cnn_model/cnn14/plasma_tp1_0.1x_model_C1/roc_curve_resnet18_tf_0.03_0.1/nested_cv_random/resnet18/repeat_10_fold_5_metrics.csv,5,4,resnet18,"(0.03, 0.1]",C1,Accuracy at 98% Specificity,0.7663157894736843
/scratchc/nrlab/wang04/ulyses_results_iteration/iteration_3_merge_below_3/cnn_model/cnn14/plasma_tp1_0.1x_model_C1/roc_curve_resnet18_tf_0.03_0.1/nested_cv_random/resnet18/repeat_10_fold_5_metrics.csv,5,4,resnet18,"(0.03, 0.1]",C1,F1 at 98% Specificity,0.711864406779661
/scratchc/nrlab/wang04/ulyses_results_iteration/iteration_3_merge_below_3/cnn_model/cnn14/plasma_tp1_0.1x_model_C1/roc_curve_resnet18_tf_0.03_0.1/nested_cv_random/resnet18/repeat_10_fold_5_metrics.csv,5,4,resnet18,"(0.03, 0.1]",C1,Sensitivity at 95% Specificity,0.6842105263157895
/scratchc/nrlab/wang04/ulyses_results_iteration/iteration_3_merge_below_3/cnn_model/cnn14/plasma_tp1_0.1x_model_C1/roc_curve_resnet18_tf_0.03_0.1/nested_cv_random/resnet18/repeat_10_fold_5_metrics.csv,5,4,resnet18,"(0.03, 0.1]",C1,PPV at 95% Specificity,0.9285714285714286
/scratchc/nrlab/wang04/ulyses_results_iteration/iteration_3_merge_below_3/cnn_model/cnn14/plasma_tp1_0.1x_model_C1/roc_curve_resnet18_tf_0.03_0.1/nested_cv_random/resnet18/repeat_10_fold_5_metrics.csv,5,4,resnet18,"(0.03, 0.1]",C1,Accuracy at 95% Specificity,0.8020258980785296
/scratchc/nrlab/wang04/ulyses_results_iteration/iteration_3_merge_below_3/cnn_model/cnn14/plasma_tp1_0.1x_model_C1/roc_curve_resnet18_tf_0.03_0.1/nested_cv_random/resnet18/repeat_10_fold_5_metrics.csv,5,4,resnet18,"(0.03, 0.1]",C1,F1 at 95% Specificity,0.7878787878787878
/scratchc/nrlab/wang04/ulyses_results_iteration/iteration_3_merge_below_3/cnn_model/cnn14/plasma_tp1_0.1x_model_C1/roc_curve_resnet18_tf_0.03_0.1/nested_cv_random/resnet18/repeat_10_fold_5_metrics.csv,6,1,resnet18,"(0.03, 0.1]",C1,AUROC,0.9625420875420876
/scratchc/nrlab/wang04/ulyses_results_iteration/iteration_3_merge_below_3/cnn_model/cnn14/plasma_tp1_0.1x_model_C1/roc_curve_resnet18_tf_0.03_0.1/nested_cv_random/resnet18/repeat_10_fold_5_metrics.csv,6,1,resnet18,"(0.03, 0.1]",C1,AUPRC,0.9278228242494032
/scratchc/nrlab/wang04/ulyses_results_iteration/iteration_3_merge_below_3/cnn_model/cnn14/plasma_tp1_0.1x_model_C1/roc_curve_resnet18_tf_0.03_0.1/nested_cv_random/resnet18/repeat_10_fold_5_metrics.csv,6,1,resnet18,"(0.03, 0.1]",C1,Sensitivity at 99% Specificity,0.3055555555555556
/scratchc/nrlab/wang04/ulyses_results_iteration/iteration_3_merge_below_3/cnn_model/cnn14/plasma_tp1_0.1x_model_C1/roc_curve_resnet18_tf_0.03_0.1/nested_cv_random/resnet18/repeat_10_fold_5_metrics.csv,6,1,resnet18,"(0.03, 0.1]",C1,PPV at 99% Specificity,1
/scratchc/nrlab/wang04/ulyses_results_iteration/iteration_3_merge_below_3/cnn_model/cnn14/plasma_tp1_0.1x_model_C1/roc_curve_resnet18_tf_0.03_0.1/nested_cv_random/resnet18/repeat_10_fold_5_metrics.csv,6,1,resnet18,"(0.03, 0.1]",C1,Accuracy at 99% Specificity,0.6477777777777778
/scratchc/nrlab/wang04/ulyses_results_iteration/iteration_3_merge_below_3/cnn_model/cnn14/plasma_tp1_0.1x_model_C1/roc_curve_resnet18_tf_0.03_0.1/nested_cv_random/resnet18/repeat_10_fold_5_metrics.csv,6,1,resnet18,"(0.03, 0.1]",C1,F1 at 99% Specificity,0.46808510638297873
/scratchc/nrlab/wang04/ulyses_results_iteration/iteration_3_merge_below_3/cnn_model/cnn14/plasma_tp1_0.1x_model_C1/roc_curve_resnet18_tf_0.03_0.1/nested_cv_random/resnet18/repeat_10_fold_5_metrics.csv,6,1,resnet18,"(0.03, 0.1]",C1,Sensitivity at 98% Specificity,0.3055555555555556
/scratchc/nrlab/wang04/ulyses_results_iteration/iteration_3_merge_below_3/cnn_model/cnn14/plasma_tp1_0.1x_model_C1/roc_curve_resnet18_tf_0.03_0.1/nested_cv_random/resnet18/repeat_10_fold_5_metrics.csv,6,1,resnet18,"(0.03, 0.1]",C1,PPV at 98% Specificity,1
/scratchc/nrlab/wang04/ulyses_results_iteration/iteration_3_merge_below_3/cnn_model/cnn14/plasma_tp1_0.1x_model_C1/roc_curve_resnet18_tf_0.03_0.1/nested_cv_random/resnet18/repeat_10_fold_5_metrics.csv,6,1,resnet18,"(0.03, 0.1]",C1,Accuracy at 98% Specificity,0.6427777777777778
/scratchc/nrlab/wang04/ulyses_results_iteration/iteration_3_merge_below_3/cnn_model/cnn14/plasma_tp1_0.1x_model_C1/roc_curve_resnet18_tf_0.03_0.1/nested_cv_random/resnet18/repeat_10_fold_5_metrics.csv,6,1,resnet18,"(0.03, 0.1]",C1,F1 at 98% Specificity,0.46808510638297873
/scratchc/nrlab/wang04/ulyses_results_iteration/iteration_3_merge_below_3/cnn_model/cnn14/plasma_tp1_0.1x_model_C1/roc_curve_resnet18_tf_0.03_0.1/nested_cv_random/resnet18/repeat_10_fold_5_metrics.csv,6,1,resnet18,"(0.03, 0.1]",C1,Sensitivity at 95% Specificity,0.7222222222222222
/scratchc/nrlab/wang04/ulyses_results_iteration/iteration_3_merge_below_3/cnn_model/cnn14/plasma_tp1_0.1x_model_C1/roc_curve_resnet18_tf_0.03_0.1/nested_cv_random/resnet18/repeat_10_fold_5_metrics.csv,6,1,resnet18,"(0.03, 0.1]",C1,PPV at 95% Specificity,0.9285714285714286
/scratchc/nrlab/wang04/ulyses_results_iteration/iteration_3_merge_below_3/cnn_model/cnn14/plasma_tp1_0.1x_model_C1/roc_curve_resnet18_tf_0.03_0.1/nested_cv_random/resnet18/repeat_10_fold_5_metrics.csv,6,1,resnet18,"(0.03, 0.1]",C1,Accuracy at 95% Specificity,0.8217171717171716
/scratchc/nrlab/wang04/ulyses_results_iteration/iteration_3_merge_below_3/cnn_model/cnn14/plasma_tp1_0.1x_model_C1/roc_curve_resnet18_tf_0.03_0.1/nested_cv_random/resnet18/repeat_10_fold_5_metrics.csv,6,1,resnet18,"(0.03, 0.1]",C1,F1 at 95% Specificity,0.8125
/scratchc/nrlab/wang04/ulyses_results_iteration/iteration_3_merge_below_3/cnn_model/cnn14/plasma_tp1_0.1x_model_C1/roc_curve_resnet18_tf_0.03_0.1/nested_cv_random/resnet18/repeat_10_fold_5_metrics.csv,6,2,resnet18,"(0.03, 0.1]",C1,AUROC,0.9100087796312556
/scratchc/nrlab/wang04/ulyses_results_iteration/iteration_3_merge_below_3/cnn_model/cnn14/plasma_tp1_0.1x_model_C1/roc_curve_resnet18_tf_0.03_0.1/nested_cv_random/resnet18/repeat_10_fold_5_metrics.csv,6,2,resnet18,"(0.03, 0.1]",C1,AUPRC,0.8866121001917794
/scratchc/nrlab/wang04/ulyses_results_iteration/iteration_3_merge_below_3/cnn_model/cnn14/plasma_tp1_0.1x_model_C1/roc_curve_resnet18_tf_0.03_0.1/nested_cv_random/resnet18/repeat_10_fold_5_metrics.csv,6,2,resnet18,"(0.03, 0.1]",C1,Sensitivity at 99% Specificity,0.35294117647058826
/scratchc/nrlab/wang04/ulyses_results_iteration/iteration_3_merge_below_3/cnn_model/cnn14/plasma_tp1_0.1x_model_C1/roc_curve_resnet18_tf_0.03_0.1/nested_cv_random/resnet18/repeat_10_fold_5_metrics.csv,6,2,resnet18,"(0.03, 0.1]",C1,PPV at 99% Specificity,1
/scratchc/nrlab/wang04/ulyses_results_iteration/iteration_3_merge_below_3/cnn_model/cnn14/plasma_tp1_0.1x_model_C1/roc_curve_resnet18_tf_0.03_0.1/nested_cv_random/resnet18/repeat_10_fold_5_metrics.csv,6,2,resnet18,"(0.03, 0.1]",C1,Accuracy at 99% Specificity,0.6714705882352942
/scratchc/nrlab/wang04/ulyses_results_iteration/iteration_3_merge_below_3/cnn_model/cnn14/plasma_tp1_0.1x_model_C1/roc_curve_resnet18_tf_0.03_0.1/nested_cv_random/resnet18/repeat_10_fold_5_metrics.csv,6,2,resnet18,"(0.03, 0.1]",C1,F1 at 99% Specificity,0.5217391304347826
/scratchc/nrlab/wang04/ulyses_results_iteration/iteration_3_merge_below_3/cnn_model/cnn14/plasma_tp1_0.1x_model_C1/roc_curve_resnet18_tf_0.03_0.1/nested_cv_random/resnet18/repeat_10_fold_5_metrics.csv,6,2,resnet18,"(0.03, 0.1]",C1,Sensitivity at 98% Specificity,0.35294117647058826
/scratchc/nrlab/wang04/ulyses_results_iteration/iteration_3_merge_below_3/cnn_model/cnn14/plasma_tp1_0.1x_model_C1/roc_curve_resnet18_tf_0.03_0.1/nested_cv_random/resnet18/repeat_10_fold_5_metrics.csv,6,2,resnet18,"(0.03, 0.1]",C1,PPV at 98% Specificity,1
/scratchc/nrlab/wang04/ulyses_results_iteration/iteration_3_merge_below_3/cnn_model/cnn14/plasma_tp1_0.1x_model_C1/roc_curve_resnet18_tf_0.03_0.1/nested_cv_random/resnet18/repeat_10_fold_5_metrics.csv,6,2,resnet18,"(0.03, 0.1]",C1,Accuracy at 98% Specificity,0.6664705882352941
/scratchc/nrlab/wang04/ulyses_results_iteration/iteration_3_merge_below_3/cnn_model/cnn14/plasma_tp1_0.1x_model_C1/roc_curve_resnet18_tf_0.03_0.1/nested_cv_random/resnet18/repeat_10_fold_5_metrics.csv,6,2,resnet18,"(0.03, 0.1]",C1,F1 at 98% Specificity,0.5217391304347826
/scratchc/nrlab/wang04/ulyses_results_iteration/iteration_3_merge_below_3/cnn_model/cnn14/plasma_tp1_0.1x_model_C1/roc_curve_resnet18_tf_0.03_0.1/nested_cv_random/resnet18/repeat_10_fold_5_metrics.csv,6,2,resnet18,"(0.03, 0.1]",C1,Sensitivity at 95% Specificity,0.7352941176470589
/scratchc/nrlab/wang04/ulyses_results_iteration/iteration_3_merge_below_3/cnn_model/cnn14/plasma_tp1_0.1x_model_C1/roc_curve_resnet18_tf_0.03_0.1/nested_cv_random/resnet18/repeat_10_fold_5_metrics.csv,6,2,resnet18,"(0.03, 0.1]",C1,PPV at 95% Specificity,0.9615384615384616
/scratchc/nrlab/wang04/ulyses_results_iteration/iteration_3_merge_below_3/cnn_model/cnn14/plasma_tp1_0.1x_model_C1/roc_curve_resnet18_tf_0.03_0.1/nested_cv_random/resnet18/repeat_10_fold_5_metrics.csv,6,2,resnet18,"(0.03, 0.1]",C1,Accuracy at 95% Specificity,0.8355575065847234
/scratchc/nrlab/wang04/ulyses_results_iteration/iteration_3_merge_below_3/cnn_model/cnn14/plasma_tp1_0.1x_model_C1/roc_curve_resnet18_tf_0.03_0.1/nested_cv_random/resnet18/repeat_10_fold_5_metrics.csv,6,2,resnet18,"(0.03, 0.1]",C1,F1 at 95% Specificity,0.8333333333333334
/scratchc/nrlab/wang04/ulyses_results_iteration/iteration_3_merge_below_3/cnn_model/cnn14/plasma_tp1_0.1x_model_C1/roc_curve_resnet18_tf_0.03_0.1/nested_cv_random/resnet18/repeat_10_fold_5_metrics.csv,6,3,resnet18,"(0.03, 0.1]",C1,AUROC,0.9510135135135136
/scratchc/nrlab/wang04/ulyses_results_iteration/iteration_3_merge_below_3/cnn_model/cnn14/plasma_tp1_0.1x_model_C1/roc_curve_resnet18_tf_0.03_0.1/nested_cv_random/resnet18/repeat_10_fold_5_metrics.csv,6,3,resnet18,"(0.03, 0.1]",C1,AUPRC,0.93989553040981
/scratchc/nrlab/wang04/ulyses_results_iteration/iteration_3_merge_below_3/cnn_model/cnn14/plasma_tp1_0.1x_model_C1/roc_curve_resnet18_tf_0.03_0.1/nested_cv_random/resnet18/repeat_10_fold_5_metrics.csv,6,3,resnet18,"(0.03, 0.1]",C1,Sensitivity at 99% Specificity,0.6756756756756757
/scratchc/nrlab/wang04/ulyses_results_iteration/iteration_3_merge_below_3/cnn_model/cnn14/plasma_tp1_0.1x_model_C1/roc_curve_resnet18_tf_0.03_0.1/nested_cv_random/resnet18/repeat_10_fold_5_metrics.csv,6,3,resnet18,"(0.03, 0.1]",C1,PPV at 99% Specificity,1
/scratchc/nrlab/wang04/ulyses_results_iteration/iteration_3_merge_below_3/cnn_model/cnn14/plasma_tp1_0.1x_model_C1/roc_curve_resnet18_tf_0.03_0.1/nested_cv_random/resnet18/repeat_10_fold_5_metrics.csv,6,3,resnet18,"(0.03, 0.1]",C1,Accuracy at 99% Specificity,0.8328378378378378
/scratchc/nrlab/wang04/ulyses_results_iteration/iteration_3_merge_below_3/cnn_model/cnn14/plasma_tp1_0.1x_model_C1/roc_curve_resnet18_tf_0.03_0.1/nested_cv_random/resnet18/repeat_10_fold_5_metrics.csv,6,3,resnet18,"(0.03, 0.1]",C1,F1 at 99% Specificity,0.8064516129032258
/scratchc/nrlab/wang04/ulyses_results_iteration/iteration_3_merge_below_3/cnn_model/cnn14/plasma_tp1_0.1x_model_C1/roc_curve_resnet18_tf_0.03_0.1/nested_cv_random/resnet18/repeat_10_fold_5_metrics.csv,6,3,resnet18,"(0.03, 0.1]",C1,Sensitivity at 98% Specificity,0.6756756756756757
/scratchc/nrlab/wang04/ulyses_results_iteration/iteration_3_merge_below_3/cnn_model/cnn14/plasma_tp1_0.1x_model_C1/roc_curve_resnet18_tf_0.03_0.1/nested_cv_random/resnet18/repeat_10_fold_5_metrics.csv,6,3,resnet18,"(0.03, 0.1]",C1,PPV at 98% Specificity,1
/scratchc/nrlab/wang04/ulyses_results_iteration/iteration_3_merge_below_3/cnn_model/cnn14/plasma_tp1_0.1x_model_C1/roc_curve_resnet18_tf_0.03_0.1/nested_cv_random/resnet18/repeat_10_fold_5_metrics.csv,6,3,resnet18,"(0.03, 0.1]",C1,Accuracy at 98% Specificity,0.8278378378378378
/scratchc/nrlab/wang04/ulyses_results_iteration/iteration_3_merge_below_3/cnn_model/cnn14/plasma_tp1_0.1x_model_C1/roc_curve_resnet18_tf_0.03_0.1/nested_cv_random/resnet18/repeat_10_fold_5_metrics.csv,6,3,resnet18,"(0.03, 0.1]",C1,F1 at 98% Specificity,0.8064516129032258
/scratchc/nrlab/wang04/ulyses_results_iteration/iteration_3_merge_below_3/cnn_model/cnn14/plasma_tp1_0.1x_model_C1/roc_curve_resnet18_tf_0.03_0.1/nested_cv_random/resnet18/repeat_10_fold_5_metrics.csv,6,3,resnet18,"(0.03, 0.1]",C1,Sensitivity at 95% Specificity,0.8108108108108109
/scratchc/nrlab/wang04/ulyses_results_iteration/iteration_3_merge_below_3/cnn_model/cnn14/plasma_tp1_0.1x_model_C1/roc_curve_resnet18_tf_0.03_0.1/nested_cv_random/resnet18/repeat_10_fold_5_metrics.csv,6,3,resnet18,"(0.03, 0.1]",C1,PPV at 95% Specificity,0.9375
/scratchc/nrlab/wang04/ulyses_results_iteration/iteration_3_merge_below_3/cnn_model/cnn14/plasma_tp1_0.1x_model_C1/roc_curve_resnet18_tf_0.03_0.1/nested_cv_random/resnet18/repeat_10_fold_5_metrics.csv,6,3,resnet18,"(0.03, 0.1]",C1,Accuracy at 95% Specificity,0.8655616554054054
/scratchc/nrlab/wang04/ulyses_results_iteration/iteration_3_merge_below_3/cnn_model/cnn14/plasma_tp1_0.1x_model_C1/roc_curve_resnet18_tf_0.03_0.1/nested_cv_random/resnet18/repeat_10_fold_5_metrics.csv,6,3,resnet18,"(0.03, 0.1]",C1,F1 at 95% Specificity,0.8695652173913043
/scratchc/nrlab/wang04/ulyses_results_iteration/iteration_3_merge_below_3/cnn_model/cnn14/plasma_tp1_0.1x_model_C1/roc_curve_resnet18_tf_0.03_0.1/nested_cv_random/resnet18/repeat_10_fold_5_metrics.csv,6,4,resnet18,"(0.03, 0.1]",C1,AUROC,0.8855472013366751
/scratchc/nrlab/wang04/ulyses_results_iteration/iteration_3_merge_below_3/cnn_model/cnn14/plasma_tp1_0.1x_model_C1/roc_curve_resnet18_tf_0.03_0.1/nested_cv_random/resnet18/repeat_10_fold_5_metrics.csv,6,4,resnet18,"(0.03, 0.1]",C1,AUPRC,0.8819204576340284
/scratchc/nrlab/wang04/ulyses_results_iteration/iteration_3_merge_below_3/cnn_model/cnn14/plasma_tp1_0.1x_model_C1/roc_curve_resnet18_tf_0.03_0.1/nested_cv_random/resnet18/repeat_10_fold_5_metrics.csv,6,4,resnet18,"(0.03, 0.1]",C1,Sensitivity at 99% Specificity,0.5263157894736842
/scratchc/nrlab/wang04/ulyses_results_iteration/iteration_3_merge_below_3/cnn_model/cnn14/plasma_tp1_0.1x_model_C1/roc_curve_resnet18_tf_0.03_0.1/nested_cv_random/resnet18/repeat_10_fold_5_metrics.csv,6,4,resnet18,"(0.03, 0.1]",C1,PPV at 99% Specificity,1
/scratchc/nrlab/wang04/ulyses_results_iteration/iteration_3_merge_below_3/cnn_model/cnn14/plasma_tp1_0.1x_model_C1/roc_curve_resnet18_tf_0.03_0.1/nested_cv_random/resnet18/repeat_10_fold_5_metrics.csv,6,4,resnet18,"(0.03, 0.1]",C1,Accuracy at 99% Specificity,0.7581578947368421
/scratchc/nrlab/wang04/ulyses_results_iteration/iteration_3_merge_below_3/cnn_model/cnn14/plasma_tp1_0.1x_model_C1/roc_curve_resnet18_tf_0.03_0.1/nested_cv_random/resnet18/repeat_10_fold_5_metrics.csv,6,4,resnet18,"(0.03, 0.1]",C1,F1 at 99% Specificity,0.6896551724137931
/scratchc/nrlab/wang04/ulyses_results_iteration/iteration_3_merge_below_3/cnn_model/cnn14/plasma_tp1_0.1x_model_C1/roc_curve_resnet18_tf_0.03_0.1/nested_cv_random/resnet18/repeat_10_fold_5_metrics.csv,6,4,resnet18,"(0.03, 0.1]",C1,Sensitivity at 98% Specificity,0.5263157894736842
/scratchc/nrlab/wang04/ulyses_results_iteration/iteration_3_merge_below_3/cnn_model/cnn14/plasma_tp1_0.1x_model_C1/roc_curve_resnet18_tf_0.03_0.1/nested_cv_random/resnet18/repeat_10_fold_5_metrics.csv,6,4,resnet18,"(0.03, 0.1]",C1,PPV at 98% Specificity,1
/scratchc/nrlab/wang04/ulyses_results_iteration/iteration_3_merge_below_3/cnn_model/cnn14/plasma_tp1_0.1x_model_C1/roc_curve_resnet18_tf_0.03_0.1/nested_cv_random/resnet18/repeat_10_fold_5_metrics.csv,6,4,resnet18,"(0.03, 0.1]",C1,Accuracy at 98% Specificity,0.753157894736842
/scratchc/nrlab/wang04/ulyses_results_iteration/iteration_3_merge_below_3/cnn_model/cnn14/plasma_tp1_0.1x_model_C1/roc_curve_resnet18_tf_0.03_0.1/nested_cv_random/resnet18/repeat_10_fold_5_metrics.csv,6,4,resnet18,"(0.03, 0.1]",C1,F1 at 98% Specificity,0.6896551724137931
/scratchc/nrlab/wang04/ulyses_results_iteration/iteration_3_merge_below_3/cnn_model/cnn14/plasma_tp1_0.1x_model_C1/roc_curve_resnet18_tf_0.03_0.1/nested_cv_random/resnet18/repeat_10_fold_5_metrics.csv,6,4,resnet18,"(0.03, 0.1]",C1,Sensitivity at 95% Specificity,0.631578947368421
/scratchc/nrlab/wang04/ulyses_results_iteration/iteration_3_merge_below_3/cnn_model/cnn14/plasma_tp1_0.1x_model_C1/roc_curve_resnet18_tf_0.03_0.1/nested_cv_random/resnet18/repeat_10_fold_5_metrics.csv,6,4,resnet18,"(0.03, 0.1]",C1,PPV at 95% Specificity,0.9230769230769232
/scratchc/nrlab/wang04/ulyses_results_iteration/iteration_3_merge_below_3/cnn_model/cnn14/plasma_tp1_0.1x_model_C1/roc_curve_resnet18_tf_0.03_0.1/nested_cv_random/resnet18/repeat_10_fold_5_metrics.csv,6,4,resnet18,"(0.03, 0.1]",C1,Accuracy at 95% Specificity,0.7757101086048455
/scratchc/nrlab/wang04/ulyses_results_iteration/iteration_3_merge_below_3/cnn_model/cnn14/plasma_tp1_0.1x_model_C1/roc_curve_resnet18_tf_0.03_0.1/nested_cv_random/resnet18/repeat_10_fold_5_metrics.csv,6,4,resnet18,"(0.03, 0.1]",C1,F1 at 95% Specificity,0.75
/scratchc/nrlab/wang04/ulyses_results_iteration/iteration_3_merge_below_3/cnn_model/cnn14/plasma_tp1_0.1x_model_C1/roc_curve_resnet18_tf_0.03_0.1/nested_cv_random/resnet18/repeat_10_fold_5_metrics.csv,6,5,resnet18,"(0.03, 0.1]",C1,AUROC,0.9585470085470084
/scratchc/nrlab/wang04/ulyses_results_iteration/iteration_3_merge_below_3/cnn_model/cnn14/plasma_tp1_0.1x_model_C1/roc_curve_resnet18_tf_0.03_0.1/nested_cv_random/resnet18/repeat_10_fold_5_metrics.csv,6,5,resnet18,"(0.03, 0.1]",C1,AUPRC,0.9438988272636778
/scratchc/nrlab/wang04/ulyses_results_iteration/iteration_3_merge_below_3/cnn_model/cnn14/plasma_tp1_0.1x_model_C1/roc_curve_resnet18_tf_0.03_0.1/nested_cv_random/resnet18/repeat_10_fold_5_metrics.csv,6,5,resnet18,"(0.03, 0.1]",C1,Sensitivity at 99% Specificity,0.6388888888888888
/scratchc/nrlab/wang04/ulyses_results_iteration/iteration_3_merge_below_3/cnn_model/cnn14/plasma_tp1_0.1x_model_C1/roc_curve_resnet18_tf_0.03_0.1/nested_cv_random/resnet18/repeat_10_fold_5_metrics.csv,6,5,resnet18,"(0.03, 0.1]",C1,PPV at 99% Specificity,1
/scratchc/nrlab/wang04/ulyses_results_iteration/iteration_3_merge_below_3/cnn_model/cnn14/plasma_tp1_0.1x_model_C1/roc_curve_resnet18_tf_0.03_0.1/nested_cv_random/resnet18/repeat_10_fold_5_metrics.csv,6,5,resnet18,"(0.03, 0.1]",C1,Accuracy at 99% Specificity,0.8144444444444444
/scratchc/nrlab/wang04/ulyses_results_iteration/iteration_3_merge_below_3/cnn_model/cnn14/plasma_tp1_0.1x_model_C1/roc_curve_resnet18_tf_0.03_0.1/nested_cv_random/resnet18/repeat_10_fold_5_metrics.csv,6,5,resnet18,"(0.03, 0.1]",C1,F1 at 99% Specificity,0.7796610169491526
/scratchc/nrlab/wang04/ulyses_results_iteration/iteration_3_merge_below_3/cnn_model/cnn14/plasma_tp1_0.1x_model_C1/roc_curve_resnet18_tf_0.03_0.1/nested_cv_random/resnet18/repeat_10_fold_5_metrics.csv,6,5,resnet18,"(0.03, 0.1]",C1,Sensitivity at 98% Specificity,0.6388888888888888
/scratchc/nrlab/wang04/ulyses_results_iteration/iteration_3_merge_below_3/cnn_model/cnn14/plasma_tp1_0.1x_model_C1/roc_curve_resnet18_tf_0.03_0.1/nested_cv_random/resnet18/repeat_10_fold_5_metrics.csv,6,5,resnet18,"(0.03, 0.1]",C1,PPV at 98% Specificity,1
/scratchc/nrlab/wang04/ulyses_results_iteration/iteration_3_merge_below_3/cnn_model/cnn14/plasma_tp1_0.1x_model_C1/roc_curve_resnet18_tf_0.03_0.1/nested_cv_random/resnet18/repeat_10_fold_5_metrics.csv,6,5,resnet18,"(0.03, 0.1]",C1,Accuracy at 98% Specificity,0.8094444444444444
/scratchc/nrlab/wang04/ulyses_results_iteration/iteration_3_merge_below_3/cnn_model/cnn14/plasma_tp1_0.1x_model_C1/roc_curve_resnet18_tf_0.03_0.1/nested_cv_random/resnet18/repeat_10_fold_5_metrics.csv,6,5,resnet18,"(0.03, 0.1]",C1,F1 at 98% Specificity,0.7796610169491526
/scratchc/nrlab/wang04/ulyses_results_iteration/iteration_3_merge_below_3/cnn_model/cnn14/plasma_tp1_0.1x_model_C1/roc_curve_resnet18_tf_0.03_0.1/nested_cv_random/resnet18/repeat_10_fold_5_metrics.csv,6,5,resnet18,"(0.03, 0.1]",C1,Sensitivity at 95% Specificity,0.8055555555555556
/scratchc/nrlab/wang04/ulyses_results_iteration/iteration_3_merge_below_3/cnn_model/cnn14/plasma_tp1_0.1x_model_C1/roc_curve_resnet18_tf_0.03_0.1/nested_cv_random/resnet18/repeat_10_fold_5_metrics.csv,6,5,resnet18,"(0.03, 0.1]",C1,PPV at 95% Specificity,0.935483870967742
/scratchc/nrlab/wang04/ulyses_results_iteration/iteration_3_merge_below_3/cnn_model/cnn14/plasma_tp1_0.1x_model_C1/roc_curve_resnet18_tf_0.03_0.1/nested_cv_random/resnet18/repeat_10_fold_5_metrics.csv,6,5,resnet18,"(0.03, 0.1]",C1,Accuracy at 95% Specificity,0.8631623931623931
/scratchc/nrlab/wang04/ulyses_results_iteration/iteration_3_merge_below_3/cnn_model/cnn14/plasma_tp1_0.1x_model_C1/roc_curve_resnet18_tf_0.03_0.1/nested_cv_random/resnet18/repeat_10_fold_5_metrics.csv,6,5,resnet18,"(0.03, 0.1]",C1,F1 at 95% Specificity,0.8656716417910447
/scratchc/nrlab/wang04/ulyses_results_iteration/iteration_3_merge_below_3/cnn_model/cnn14/plasma_tp1_0.1x_model_C1/roc_curve_resnet18_tf_0.03_0.1/nested_cv_random/resnet18/repeat_10_fold_5_metrics.csv,7,1,resnet18,"(0.03, 0.1]",C1,AUROC,0.951858108108108
/scratchc/nrlab/wang04/ulyses_results_iteration/iteration_3_merge_below_3/cnn_model/cnn14/plasma_tp1_0.1x_model_C1/roc_curve_resnet18_tf_0.03_0.1/nested_cv_random/resnet18/repeat_10_fold_5_metrics.csv,7,1,resnet18,"(0.03, 0.1]",C1,AUPRC,0.9344096793195948
/scratchc/nrlab/wang04/ulyses_results_iteration/iteration_3_merge_below_3/cnn_model/cnn14/plasma_tp1_0.1x_model_C1/roc_curve_resnet18_tf_0.03_0.1/nested_cv_random/resnet18/repeat_10_fold_5_metrics.csv,7,1,resnet18,"(0.03, 0.1]",C1,Sensitivity at 99% Specificity,0.5675675675675675
/scratchc/nrlab/wang04/ulyses_results_iteration/iteration_3_merge_below_3/cnn_model/cnn14/plasma_tp1_0.1x_model_C1/roc_curve_resnet18_tf_0.03_0.1/nested_cv_random/resnet18/repeat_10_fold_5_metrics.csv,7,1,resnet18,"(0.03, 0.1]",C1,PPV at 99% Specificity,1
/scratchc/nrlab/wang04/ulyses_results_iteration/iteration_3_merge_below_3/cnn_model/cnn14/plasma_tp1_0.1x_model_C1/roc_curve_resnet18_tf_0.03_0.1/nested_cv_random/resnet18/repeat_10_fold_5_metrics.csv,7,1,resnet18,"(0.03, 0.1]",C1,Accuracy at 99% Specificity,0.7787837837837838
/scratchc/nrlab/wang04/ulyses_results_iteration/iteration_3_merge_below_3/cnn_model/cnn14/plasma_tp1_0.1x_model_C1/roc_curve_resnet18_tf_0.03_0.1/nested_cv_random/resnet18/repeat_10_fold_5_metrics.csv,7,1,resnet18,"(0.03, 0.1]",C1,F1 at 99% Specificity,0.7241379310344828
/scratchc/nrlab/wang04/ulyses_results_iteration/iteration_3_merge_below_3/cnn_model/cnn14/plasma_tp1_0.1x_model_C1/roc_curve_resnet18_tf_0.03_0.1/nested_cv_random/resnet18/repeat_10_fold_5_metrics.csv,7,1,resnet18,"(0.03, 0.1]",C1,Sensitivity at 98% Specificity,0.5675675675675675
/scratchc/nrlab/wang04/ulyses_results_iteration/iteration_3_merge_below_3/cnn_model/cnn14/plasma_tp1_0.1x_model_C1/roc_curve_resnet18_tf_0.03_0.1/nested_cv_random/resnet18/repeat_10_fold_5_metrics.csv,7,1,resnet18,"(0.03, 0.1]",C1,PPV at 98% Specificity,1
/scratchc/nrlab/wang04/ulyses_results_iteration/iteration_3_merge_below_3/cnn_model/cnn14/plasma_tp1_0.1x_model_C1/roc_curve_resnet18_tf_0.03_0.1/nested_cv_random/resnet18/repeat_10_fold_5_metrics.csv,7,1,resnet18,"(0.03, 0.1]",C1,Accuracy at 98% Specificity,0.7737837837837838
/scratchc/nrlab/wang04/ulyses_results_iteration/iteration_3_merge_below_3/cnn_model/cnn14/plasma_tp1_0.1x_model_C1/roc_curve_resnet18_tf_0.03_0.1/nested_cv_random/resnet18/repeat_10_fold_5_metrics.csv,7,1,resnet18,"(0.03, 0.1]",C1,F1 at 98% Specificity,0.7241379310344828
/scratchc/nrlab/wang04/ulyses_results_iteration/iteration_3_merge_below_3/cnn_model/cnn14/plasma_tp1_0.1x_model_C1/roc_curve_resnet18_tf_0.03_0.1/nested_cv_random/resnet18/repeat_10_fold_5_metrics.csv,7,1,resnet18,"(0.03, 0.1]",C1,Sensitivity at 95% Specificity,0.7567567567567568
/scratchc/nrlab/wang04/ulyses_results_iteration/iteration_3_merge_below_3/cnn_model/cnn14/plasma_tp1_0.1x_model_C1/roc_curve_resnet18_tf_0.03_0.1/nested_cv_random/resnet18/repeat_10_fold_5_metrics.csv,7,1,resnet18,"(0.03, 0.1]",C1,PPV at 95% Specificity,0.875
/scratchc/nrlab/wang04/ulyses_results_iteration/iteration_3_merge_below_3/cnn_model/cnn14/plasma_tp1_0.1x_model_C1/roc_curve_resnet18_tf_0.03_0.1/nested_cv_random/resnet18/repeat_10_fold_5_metrics.csv,7,1,resnet18,"(0.03, 0.1]",C1,Accuracy at 95% Specificity,0.8236908783783784
/scratchc/nrlab/wang04/ulyses_results_iteration/iteration_3_merge_below_3/cnn_model/cnn14/plasma_tp1_0.1x_model_C1/roc_curve_resnet18_tf_0.03_0.1/nested_cv_random/resnet18/repeat_10_fold_5_metrics.csv,7,1,resnet18,"(0.03, 0.1]",C1,F1 at 95% Specificity,0.8115942028985508
/scratchc/nrlab/wang04/ulyses_results_iteration/iteration_3_merge_below_3/cnn_model/cnn14/plasma_tp1_0.1x_model_C1/roc_curve_resnet18_tf_0.03_0.1/nested_cv_random/resnet18/repeat_10_fold_5_metrics.csv,7,3,resnet18,"(0.03, 0.1]",C1,AUROC,0.9762993762993764
/scratchc/nrlab/wang04/ulyses_results_iteration/iteration_3_merge_below_3/cnn_model/cnn14/plasma_tp1_0.1x_model_C1/roc_curve_resnet18_tf_0.03_0.1/nested_cv_random/resnet18/repeat_10_fold_5_metrics.csv,7,3,resnet18,"(0.03, 0.1]",C1,AUPRC,0.9597974521622016
/scratchc/nrlab/wang04/ulyses_results_iteration/iteration_3_merge_below_3/cnn_model/cnn14/plasma_tp1_0.1x_model_C1/roc_curve_resnet18_tf_0.03_0.1/nested_cv_random/resnet18/repeat_10_fold_5_metrics.csv,7,3,resnet18,"(0.03, 0.1]",C1,Sensitivity at 99% Specificity,0.5675675675675675
/scratchc/nrlab/wang04/ulyses_results_iteration/iteration_3_merge_below_3/cnn_model/cnn14/plasma_tp1_0.1x_model_C1/roc_curve_resnet18_tf_0.03_0.1/nested_cv_random/resnet18/repeat_10_fold_5_metrics.csv,7,3,resnet18,"(0.03, 0.1]",C1,PPV at 99% Specificity,1
/scratchc/nrlab/wang04/ulyses_results_iteration/iteration_3_merge_below_3/cnn_model/cnn14/plasma_tp1_0.1x_model_C1/roc_curve_resnet18_tf_0.03_0.1/nested_cv_random/resnet18/repeat_10_fold_5_metrics.csv,7,3,resnet18,"(0.03, 0.1]",C1,Accuracy at 99% Specificity,0.7787837837837838
/scratchc/nrlab/wang04/ulyses_results_iteration/iteration_3_merge_below_3/cnn_model/cnn14/plasma_tp1_0.1x_model_C1/roc_curve_resnet18_tf_0.03_0.1/nested_cv_random/resnet18/repeat_10_fold_5_metrics.csv,7,3,resnet18,"(0.03, 0.1]",C1,F1 at 99% Specificity,0.7241379310344828
/scratchc/nrlab/wang04/ulyses_results_iteration/iteration_3_merge_below_3/cnn_model/cnn14/plasma_tp1_0.1x_model_C1/roc_curve_resnet18_tf_0.03_0.1/nested_cv_random/resnet18/repeat_10_fold_5_metrics.csv,7,3,resnet18,"(0.03, 0.1]",C1,Sensitivity at 98% Specificity,0.5675675675675675
/scratchc/nrlab/wang04/ulyses_results_iteration/iteration_3_merge_below_3/cnn_model/cnn14/plasma_tp1_0.1x_model_C1/roc_curve_resnet18_tf_0.03_0.1/nested_cv_random/resnet18/repeat_10_fold_5_metrics.csv,7,3,resnet18,"(0.03, 0.1]",C1,PPV at 98% Specificity,1
/scratchc/nrlab/wang04/ulyses_results_iteration/iteration_3_merge_below_3/cnn_model/cnn14/plasma_tp1_0.1x_model_C1/roc_curve_resnet18_tf_0.03_0.1/nested_cv_random/resnet18/repeat_10_fold_5_metrics.csv,7,3,resnet18,"(0.03, 0.1]",C1,Accuracy at 98% Specificity,0.7737837837837838
/scratchc/nrlab/wang04/ulyses_results_iteration/iteration_3_merge_below_3/cnn_model/cnn14/plasma_tp1_0.1x_model_C1/roc_curve_resnet18_tf_0.03_0.1/nested_cv_random/resnet18/repeat_10_fold_5_metrics.csv,7,3,resnet18,"(0.03, 0.1]",C1,F1 at 98% Specificity,0.7241379310344828
/scratchc/nrlab/wang04/ulyses_results_iteration/iteration_3_merge_below_3/cnn_model/cnn14/plasma_tp1_0.1x_model_C1/roc_curve_resnet18_tf_0.03_0.1/nested_cv_random/resnet18/repeat_10_fold_5_metrics.csv,7,3,resnet18,"(0.03, 0.1]",C1,Sensitivity at 95% Specificity,0.7567567567567568
/scratchc/nrlab/wang04/ulyses_results_iteration/iteration_3_merge_below_3/cnn_model/cnn14/plasma_tp1_0.1x_model_C1/roc_curve_resnet18_tf_0.03_0.1/nested_cv_random/resnet18/repeat_10_fold_5_metrics.csv,7,3,resnet18,"(0.03, 0.1]",C1,PPV at 95% Specificity,0.9333333333333332
/scratchc/nrlab/wang04/ulyses_results_iteration/iteration_3_merge_below_3/cnn_model/cnn14/plasma_tp1_0.1x_model_C1/roc_curve_resnet18_tf_0.03_0.1/nested_cv_random/resnet18/repeat_10_fold_5_metrics.csv,7,3,resnet18,"(0.03, 0.1]",C1,Accuracy at 95% Specificity,0.8387629937629937
/scratchc/nrlab/wang04/ulyses_results_iteration/iteration_3_merge_below_3/cnn_model/cnn14/plasma_tp1_0.1x_model_C1/roc_curve_resnet18_tf_0.03_0.1/nested_cv_random/resnet18/repeat_10_fold_5_metrics.csv,7,3,resnet18,"(0.03, 0.1]",C1,F1 at 95% Specificity,0.835820895522388
/scratchc/nrlab/wang04/ulyses_results_iteration/iteration_3_merge_below_3/cnn_model/cnn14/plasma_tp1_0.1x_model_C1/roc_curve_resnet18_tf_0.03_0.1/nested_cv_random/resnet18/repeat_10_fold_5_metrics.csv,7,4,resnet18,"(0.03, 0.1]",C1,AUROC,0.8663101604278074
/scratchc/nrlab/wang04/ulyses_results_iteration/iteration_3_merge_below_3/cnn_model/cnn14/plasma_tp1_0.1x_model_C1/roc_curve_resnet18_tf_0.03_0.1/nested_cv_random/resnet18/repeat_10_fold_5_metrics.csv,7,4,resnet18,"(0.03, 0.1]",C1,AUPRC,0.8457232671461685
/scratchc/nrlab/wang04/ulyses_results_iteration/iteration_3_merge_below_3/cnn_model/cnn14/plasma_tp1_0.1x_model_C1/roc_curve_resnet18_tf_0.03_0.1/nested_cv_random/resnet18/repeat_10_fold_5_metrics.csv,7,4,resnet18,"(0.03, 0.1]",C1,Sensitivity at 99% Specificity,0.5454545454545454
/scratchc/nrlab/wang04/ulyses_results_iteration/iteration_3_merge_below_3/cnn_model/cnn14/plasma_tp1_0.1x_model_C1/roc_curve_resnet18_tf_0.03_0.1/nested_cv_random/resnet18/repeat_10_fold_5_metrics.csv,7,4,resnet18,"(0.03, 0.1]",C1,PPV at 99% Specificity,1
/scratchc/nrlab/wang04/ulyses_results_iteration/iteration_3_merge_below_3/cnn_model/cnn14/plasma_tp1_0.1x_model_C1/roc_curve_resnet18_tf_0.03_0.1/nested_cv_random/resnet18/repeat_10_fold_5_metrics.csv,7,4,resnet18,"(0.03, 0.1]",C1,Accuracy at 99% Specificity,0.7677272727272727
/scratchc/nrlab/wang04/ulyses_results_iteration/iteration_3_merge_below_3/cnn_model/cnn14/plasma_tp1_0.1x_model_C1/roc_curve_resnet18_tf_0.03_0.1/nested_cv_random/resnet18/repeat_10_fold_5_metrics.csv,7,4,resnet18,"(0.03, 0.1]",C1,F1 at 99% Specificity,0.7058823529411765
/scratchc/nrlab/wang04/ulyses_results_iteration/iteration_3_merge_below_3/cnn_model/cnn14/plasma_tp1_0.1x_model_C1/roc_curve_resnet18_tf_0.03_0.1/nested_cv_random/resnet18/repeat_10_fold_5_metrics.csv,7,4,resnet18,"(0.03, 0.1]",C1,Sensitivity at 98% Specificity,0.5454545454545454
/scratchc/nrlab/wang04/ulyses_results_iteration/iteration_3_merge_below_3/cnn_model/cnn14/plasma_tp1_0.1x_model_C1/roc_curve_resnet18_tf_0.03_0.1/nested_cv_random/resnet18/repeat_10_fold_5_metrics.csv,7,4,resnet18,"(0.03, 0.1]",C1,PPV at 98% Specificity,1
/scratchc/nrlab/wang04/ulyses_results_iteration/iteration_3_merge_below_3/cnn_model/cnn14/plasma_tp1_0.1x_model_C1/roc_curve_resnet18_tf_0.03_0.1/nested_cv_random/resnet18/repeat_10_fold_5_metrics.csv,7,4,resnet18,"(0.03, 0.1]",C1,Accuracy at 98% Specificity,0.7627272727272727
/scratchc/nrlab/wang04/ulyses_results_iteration/iteration_3_merge_below_3/cnn_model/cnn14/plasma_tp1_0.1x_model_C1/roc_curve_resnet18_tf_0.03_0.1/nested_cv_random/resnet18/repeat_10_fold_5_metrics.csv,7,4,resnet18,"(0.03, 0.1]",C1,F1 at 98% Specificity,0.7058823529411765
/scratchc/nrlab/wang04/ulyses_results_iteration/iteration_3_merge_below_3/cnn_model/cnn14/plasma_tp1_0.1x_model_C1/roc_curve_resnet18_tf_0.03_0.1/nested_cv_random/resnet18/repeat_10_fold_5_metrics.csv,7,4,resnet18,"(0.03, 0.1]",C1,Sensitivity at 95% Specificity,0.5757575757575758
/scratchc/nrlab/wang04/ulyses_results_iteration/iteration_3_merge_below_3/cnn_model/cnn14/plasma_tp1_0.1x_model_C1/roc_curve_resnet18_tf_0.03_0.1/nested_cv_random/resnet18/repeat_10_fold_5_metrics.csv,7,4,resnet18,"(0.03, 0.1]",C1,PPV at 95% Specificity,0.95
/scratchc/nrlab/wang04/ulyses_results_iteration/iteration_3_merge_below_3/cnn_model/cnn14/plasma_tp1_0.1x_model_C1/roc_curve_resnet18_tf_0.03_0.1/nested_cv_random/resnet18/repeat_10_fold_5_metrics.csv,7,4,resnet18,"(0.03, 0.1]",C1,Accuracy at 95% Specificity,0.7558934937611408
/scratchc/nrlab/wang04/ulyses_results_iteration/iteration_3_merge_below_3/cnn_model/cnn14/plasma_tp1_0.1x_model_C1/roc_curve_resnet18_tf_0.03_0.1/nested_cv_random/resnet18/repeat_10_fold_5_metrics.csv,7,4,resnet18,"(0.03, 0.1]",C1,F1 at 95% Specificity,0.71698113207547165
/scratchc/nrlab/wang04/ulyses_results_iteration/iteration_3_merge_below_3/cnn_model/cnn14/plasma_tp1_0.1x_model_C1/roc_curve_resnet18_tf_0.03_0.1/nested_cv_random/resnet18/repeat_10_fold_5_metrics.csv,7,5,resnet18,"(0.03, 0.1]",C1,AUROC,0.9098428453267164
/scratchc/nrlab/wang04/ulyses_results_iteration/iteration_3_merge_below_3/cnn_model/cnn14/plasma_tp1_0.1x_model_C1/roc_curve_resnet18_tf_0.03_0.1/nested_cv_random/resnet18/repeat_10_fold_5_metrics.csv,7,5,resnet18,"(0.03, 0.1]",C1,AUPRC,0.8877025615598466
/scratchc/nrlab/wang04/ulyses_results_iteration/iteration_3_merge_below_3/cnn_model/cnn14/plasma_tp1_0.1x_model_C1/roc_curve_resnet18_tf_0.03_0.1/nested_cv_random/resnet18/repeat_10_fold_5_metrics.csv,7,5,resnet18,"(0.03, 0.1]",C1,Sensitivity at 99% Specificity,0.4358974358974359
/scratchc/nrlab/wang04/ulyses_results_iteration/iteration_3_merge_below_3/cnn_model/cnn14/plasma_tp1_0.1x_model_C1/roc_curve_resnet18_tf_0.03_0.1/nested_cv_random/resnet18/repeat_10_fold_5_metrics.csv,7,5,resnet18,"(0.03, 0.1]",C1,PPV at 99% Specificity,1
/scratchc/nrlab/wang04/ulyses_results_iteration/iteration_3_merge_below_3/cnn_model/cnn14/plasma_tp1_0.1x_model_C1/roc_curve_resnet18_tf_0.03_0.1/nested_cv_random/resnet18/repeat_10_fold_5_metrics.csv,7,5,resnet18,"(0.03, 0.1]",C1,Accuracy at 99% Specificity,0.712948717948718
/scratchc/nrlab/wang04/ulyses_results_iteration/iteration_3_merge_below_3/cnn_model/cnn14/plasma_tp1_0.1x_model_C1/roc_curve_resnet18_tf_0.03_0.1/nested_cv_random/resnet18/repeat_10_fold_5_metrics.csv,7,5,resnet18,"(0.03, 0.1]",C1,F1 at 99% Specificity,0.6071428571428571
/scratchc/nrlab/wang04/ulyses_results_iteration/iteration_3_merge_below_3/cnn_model/cnn14/plasma_tp1_0.1x_model_C1/roc_curve_resnet18_tf_0.03_0.1/nested_cv_random/resnet18/repeat_10_fold_5_metrics.csv,7,5,resnet18,"(0.03, 0.1]",C1,Sensitivity at 98% Specificity,0.4358974358974359
/scratchc/nrlab/wang04/ulyses_results_iteration/iteration_3_merge_below_3/cnn_model/cnn14/plasma_tp1_0.1x_model_C1/roc_curve_resnet18_tf_0.03_0.1/nested_cv_random/resnet18/repeat_10_fold_5_metrics.csv,7,5,resnet18,"(0.03, 0.1]",C1,PPV at 98% Specificity,1
/scratchc/nrlab/wang04/ulyses_results_iteration/iteration_3_merge_below_3/cnn_model/cnn14/plasma_tp1_0.1x_model_C1/roc_curve_resnet18_tf_0.03_0.1/nested_cv_random/resnet18/repeat_10_fold_5_metrics.csv,7,5,resnet18,"(0.03, 0.1]",C1,Accuracy at 98% Specificity,0.7079487179487179
/scratchc/nrlab/wang04/ulyses_results_iteration/iteration_3_merge_below_3/cnn_model/cnn14/plasma_tp1_0.1x_model_C1/roc_curve_resnet18_tf_0.03_0.1/nested_cv_random/resnet18/repeat_10_fold_5_metrics.csv,7,5,resnet18,"(0.03, 0.1]",C1,F1 at 98% Specificity,0.6071428571428571
/scratchc/nrlab/wang04/ulyses_results_iteration/iteration_3_merge_below_3/cnn_model/cnn14/plasma_tp1_0.1x_model_C1/roc_curve_resnet18_tf_0.03_0.1/nested_cv_random/resnet18/repeat_10_fold_5_metrics.csv,7,5,resnet18,"(0.03, 0.1]",C1,Sensitivity at 95% Specificity,0.5897435897435898
/scratchc/nrlab/wang04/ulyses_results_iteration/iteration_3_merge_below_3/cnn_model/cnn14/plasma_tp1_0.1x_model_C1/roc_curve_resnet18_tf_0.03_0.1/nested_cv_random/resnet18/repeat_10_fold_5_metrics.csv,7,5,resnet18,"(0.03, 0.1]",C1,PPV at 95% Specificity,0.92
/scratchc/nrlab/wang04/ulyses_results_iteration/iteration_3_merge_below_3/cnn_model/cnn14/plasma_tp1_0.1x_model_C1/roc_curve_resnet18_tf_0.03_0.1/nested_cv_random/resnet18/repeat_10_fold_5_metrics.csv,7,5,resnet18,"(0.03, 0.1]",C1,Accuracy at 95% Specificity,0.7545492142266336
/scratchc/nrlab/wang04/ulyses_results_iteration/iteration_3_merge_below_3/cnn_model/cnn14/plasma_tp1_0.1x_model_C1/roc_curve_resnet18_tf_0.03_0.1/nested_cv_random/resnet18/repeat_10_fold_5_metrics.csv,7,5,resnet18,"(0.03, 0.1]",C1,F1 at 95% Specificity,0.71875
/scratchc/nrlab/wang04/ulyses_results_iteration/iteration_3_merge_below_3/cnn_model/cnn14/plasma_tp1_0.1x_model_C1/roc_curve_resnet18_tf_0.03_0.1/nested_cv_random/resnet18/repeat_10_fold_5_metrics.csv,8,2,resnet18,"(0.03, 0.1]",C1,AUROC,0.934543918918919
/scratchc/nrlab/wang04/ulyses_results_iteration/iteration_3_merge_below_3/cnn_model/cnn14/plasma_tp1_0.1x_model_C1/roc_curve_resnet18_tf_0.03_0.1/nested_cv_random/resnet18/repeat_10_fold_5_metrics.csv,8,2,resnet18,"(0.03, 0.1]",C1,AUPRC,0.9166243019818192
/scratchc/nrlab/wang04/ulyses_results_iteration/iteration_3_merge_below_3/cnn_model/cnn14/plasma_tp1_0.1x_model_C1/roc_curve_resnet18_tf_0.03_0.1/nested_cv_random/resnet18/repeat_10_fold_5_metrics.csv,8,2,resnet18,"(0.03, 0.1]",C1,Sensitivity at 99% Specificity,0.40540540540540543
/scratchc/nrlab/wang04/ulyses_results_iteration/iteration_3_merge_below_3/cnn_model/cnn14/plasma_tp1_0.1x_model_C1/roc_curve_resnet18_tf_0.03_0.1/nested_cv_random/resnet18/repeat_10_fold_5_metrics.csv,8,2,resnet18,"(0.03, 0.1]",C1,PPV at 99% Specificity,1
/scratchc/nrlab/wang04/ulyses_results_iteration/iteration_3_merge_below_3/cnn_model/cnn14/plasma_tp1_0.1x_model_C1/roc_curve_resnet18_tf_0.03_0.1/nested_cv_random/resnet18/repeat_10_fold_5_metrics.csv,8,2,resnet18,"(0.03, 0.1]",C1,Accuracy at 99% Specificity,0.6977027027027027
/scratchc/nrlab/wang04/ulyses_results_iteration/iteration_3_merge_below_3/cnn_model/cnn14/plasma_tp1_0.1x_model_C1/roc_curve_resnet18_tf_0.03_0.1/nested_cv_random/resnet18/repeat_10_fold_5_metrics.csv,8,2,resnet18,"(0.03, 0.1]",C1,F1 at 99% Specificity,0.5769230769230769
/scratchc/nrlab/wang04/ulyses_results_iteration/iteration_3_merge_below_3/cnn_model/cnn14/plasma_tp1_0.1x_model_C1/roc_curve_resnet18_tf_0.03_0.1/nested_cv_random/resnet18/repeat_10_fold_5_metrics.csv,8,2,resnet18,"(0.03, 0.1]",C1,Sensitivity at 98% Specificity,0.40540540540540543
/scratchc/nrlab/wang04/ulyses_results_iteration/iteration_3_merge_below_3/cnn_model/cnn14/plasma_tp1_0.1x_model_C1/roc_curve_resnet18_tf_0.03_0.1/nested_cv_random/resnet18/repeat_10_fold_5_metrics.csv,8,2,resnet18,"(0.03, 0.1]",C1,PPV at 98% Specificity,1
/scratchc/nrlab/wang04/ulyses_results_iteration/iteration_3_merge_below_3/cnn_model/cnn14/plasma_tp1_0.1x_model_C1/roc_curve_resnet18_tf_0.03_0.1/nested_cv_random/resnet18/repeat_10_fold_5_metrics.csv,8,2,resnet18,"(0.03, 0.1]",C1,Accuracy at 98% Specificity,0.6927027027027027
/scratchc/nrlab/wang04/ulyses_results_iteration/iteration_3_merge_below_3/cnn_model/cnn14/plasma_tp1_0.1x_model_C1/roc_curve_resnet18_tf_0.03_0.1/nested_cv_random/resnet18/repeat_10_fold_5_metrics.csv,8,2,resnet18,"(0.03, 0.1]",C1,F1 at 98% Specificity,0.5769230769230769
/scratchc/nrlab/wang04/ulyses_results_iteration/iteration_3_merge_below_3/cnn_model/cnn14/plasma_tp1_0.1x_model_C1/roc_curve_resnet18_tf_0.03_0.1/nested_cv_random/resnet18/repeat_10_fold_5_metrics.csv,8,2,resnet18,"(0.03, 0.1]",C1,Sensitivity at 95% Specificity,0.7297297297297297
/scratchc/nrlab/wang04/ulyses_results_iteration/iteration_3_merge_below_3/cnn_model/cnn14/plasma_tp1_0.1x_model_C1/roc_curve_resnet18_tf_0.03_0.1/nested_cv_random/resnet18/repeat_10_fold_5_metrics.csv,8,2,resnet18,"(0.03, 0.1]",C1,PPV at 95% Specificity,0.9310344827586208
/scratchc/nrlab/wang04/ulyses_results_iteration/iteration_3_merge_below_3/cnn_model/cnn14/plasma_tp1_0.1x_model_C1/roc_curve_resnet18_tf_0.03_0.1/nested_cv_random/resnet18/repeat_10_fold_5_metrics.csv,8,2,resnet18,"(0.03, 0.1]",C1,Accuracy at 95% Specificity,0.8250211148648648
/scratchc/nrlab/wang04/ulyses_results_iteration/iteration_3_merge_below_3/cnn_model/cnn14/plasma_tp1_0.1x_model_C1/roc_curve_resnet18_tf_0.03_0.1/nested_cv_random/resnet18/repeat_10_fold_5_metrics.csv,8,2,resnet18,"(0.03, 0.1]",C1,F1 at 95% Specificity,0.8181818181818182
/scratchc/nrlab/wang04/ulyses_results_iteration/iteration_3_merge_below_3/cnn_model/cnn14/plasma_tp1_0.1x_model_C1/roc_curve_resnet18_tf_0.03_0.1/nested_cv_random/resnet18/repeat_10_fold_5_metrics.csv,8,3,resnet18,"(0.03, 0.1]",C1,AUROC,0.9564102564102565
/scratchc/nrlab/wang04/ulyses_results_iteration/iteration_3_merge_below_3/cnn_model/cnn14/plasma_tp1_0.1x_model_C1/roc_curve_resnet18_tf_0.03_0.1/nested_cv_random/resnet18/repeat_10_fold_5_metrics.csv,8,3,resnet18,"(0.03, 0.1]",C1,AUPRC,0.9366713140695708
/scratchc/nrlab/wang04/ulyses_results_iteration/iteration_3_merge_below_3/cnn_model/cnn14/plasma_tp1_0.1x_model_C1/roc_curve_resnet18_tf_0.03_0.1/nested_cv_random/resnet18/repeat_10_fold_5_metrics.csv,8,3,resnet18,"(0.03, 0.1]",C1,Sensitivity at 99% Specificity,0.5833333333333334
/scratchc/nrlab/wang04/ulyses_results_iteration/iteration_3_merge_below_3/cnn_model/cnn14/plasma_tp1_0.1x_model_C1/roc_curve_resnet18_tf_0.03_0.1/nested_cv_random/resnet18/repeat_10_fold_5_metrics.csv,8,3,resnet18,"(0.03, 0.1]",C1,PPV at 99% Specificity,1
/scratchc/nrlab/wang04/ulyses_results_iteration/iteration_3_merge_below_3/cnn_model/cnn14/plasma_tp1_0.1x_model_C1/roc_curve_resnet18_tf_0.03_0.1/nested_cv_random/resnet18/repeat_10_fold_5_metrics.csv,8,3,resnet18,"(0.03, 0.1]",C1,Accuracy at 99% Specificity,0.7866666666666666
/scratchc/nrlab/wang04/ulyses_results_iteration/iteration_3_merge_below_3/cnn_model/cnn14/plasma_tp1_0.1x_model_C1/roc_curve_resnet18_tf_0.03_0.1/nested_cv_random/resnet18/repeat_10_fold_5_metrics.csv,8,3,resnet18,"(0.03, 0.1]",C1,F1 at 99% Specificity,0.7368421052631579
/scratchc/nrlab/wang04/ulyses_results_iteration/iteration_3_merge_below_3/cnn_model/cnn14/plasma_tp1_0.1x_model_C1/roc_curve_resnet18_tf_0.03_0.1/nested_cv_random/resnet18/repeat_10_fold_5_metrics.csv,8,3,resnet18,"(0.03, 0.1]",C1,Sensitivity at 98% Specificity,0.5833333333333334
/scratchc/nrlab/wang04/ulyses_results_iteration/iteration_3_merge_below_3/cnn_model/cnn14/plasma_tp1_0.1x_model_C1/roc_curve_resnet18_tf_0.03_0.1/nested_cv_random/resnet18/repeat_10_fold_5_metrics.csv,8,3,resnet18,"(0.03, 0.1]",C1,PPV at 98% Specificity,1
/scratchc/nrlab/wang04/ulyses_results_iteration/iteration_3_merge_below_3/cnn_model/cnn14/plasma_tp1_0.1x_model_C1/roc_curve_resnet18_tf_0.03_0.1/nested_cv_random/resnet18/repeat_10_fold_5_metrics.csv,8,3,resnet18,"(0.03, 0.1]",C1,Accuracy at 98% Specificity,0.7816666666666667
/scratchc/nrlab/wang04/ulyses_results_iteration/iteration_3_merge_below_3/cnn_model/cnn14/plasma_tp1_0.1x_model_C1/roc_curve_resnet18_tf_0.03_0.1/nested_cv_random/resnet18/repeat_10_fold_5_metrics.csv,8,3,resnet18,"(0.03, 0.1]",C1,F1 at 98% Specificity,0.7368421052631579
/scratchc/nrlab/wang04/ulyses_results_iteration/iteration_3_merge_below_3/cnn_model/cnn14/plasma_tp1_0.1x_model_C1/roc_curve_resnet18_tf_0.03_0.1/nested_cv_random/resnet18/repeat_10_fold_5_metrics.csv,8,3,resnet18,"(0.03, 0.1]",C1,Sensitivity at 95% Specificity,0.75
/scratchc/nrlab/wang04/ulyses_results_iteration/iteration_3_merge_below_3/cnn_model/cnn14/plasma_tp1_0.1x_model_C1/roc_curve_resnet18_tf_0.03_0.1/nested_cv_random/resnet18/repeat_10_fold_5_metrics.csv,8,3,resnet18,"(0.03, 0.1]",C1,PPV at 95% Specificity,0.9310344827586208
/scratchc/nrlab/wang04/ulyses_results_iteration/iteration_3_merge_below_3/cnn_model/cnn14/plasma_tp1_0.1x_model_C1/roc_curve_resnet18_tf_0.03_0.1/nested_cv_random/resnet18/repeat_10_fold_5_metrics.csv,8,3,resnet18,"(0.03, 0.1]",C1,Accuracy at 95% Specificity,0.8353846153846154
/scratchc/nrlab/wang04/ulyses_results_iteration/iteration_3_merge_below_3/cnn_model/cnn14/plasma_tp1_0.1x_model_C1/roc_curve_resnet18_tf_0.03_0.1/nested_cv_random/resnet18/repeat_10_fold_5_metrics.csv,8,3,resnet18,"(0.03, 0.1]",C1,F1 at 95% Specificity,0.8307692307692308
/scratchc/nrlab/wang04/ulyses_results_iteration/iteration_3_merge_below_3/cnn_model/cnn14/plasma_tp1_0.1x_model_C1/roc_curve_resnet18_tf_0.03_0.1/nested_cv_random/resnet18/repeat_10_fold_5_metrics.csv,8,4,resnet18,"(0.03, 0.1]",C1,AUROC,0.8419913419913421
/scratchc/nrlab/wang04/ulyses_results_iteration/iteration_3_merge_below_3/cnn_model/cnn14/plasma_tp1_0.1x_model_C1/roc_curve_resnet18_tf_0.03_0.1/nested_cv_random/resnet18/repeat_10_fold_5_metrics.csv,8,4,resnet18,"(0.03, 0.1]",C1,AUPRC,0.8331549301472334
/scratchc/nrlab/wang04/ulyses_results_iteration/iteration_3_merge_below_3/cnn_model/cnn14/plasma_tp1_0.1x_model_C1/roc_curve_resnet18_tf_0.03_0.1/nested_cv_random/resnet18/repeat_10_fold_5_metrics.csv,8,4,resnet18,"(0.03, 0.1]",C1,Sensitivity at 99% Specificity,0.5142857142857142
/scratchc/nrlab/wang04/ulyses_results_iteration/iteration_3_merge_below_3/cnn_model/cnn14/plasma_tp1_0.1x_model_C1/roc_curve_resnet18_tf_0.03_0.1/nested_cv_random/resnet18/repeat_10_fold_5_metrics.csv,8,4,resnet18,"(0.03, 0.1]",C1,PPV at 99% Specificity,1
/scratchc/nrlab/wang04/ulyses_results_iteration/iteration_3_merge_below_3/cnn_model/cnn14/plasma_tp1_0.1x_model_C1/roc_curve_resnet18_tf_0.03_0.1/nested_cv_random/resnet18/repeat_10_fold_5_metrics.csv,8,4,resnet18,"(0.03, 0.1]",C1,Accuracy at 99% Specificity,0.7521428571428571
/scratchc/nrlab/wang04/ulyses_results_iteration/iteration_3_merge_below_3/cnn_model/cnn14/plasma_tp1_0.1x_model_C1/roc_curve_resnet18_tf_0.03_0.1/nested_cv_random/resnet18/repeat_10_fold_5_metrics.csv,8,4,resnet18,"(0.03, 0.1]",C1,F1 at 99% Specificity,0.6792452830188679
/scratchc/nrlab/wang04/ulyses_results_iteration/iteration_3_merge_below_3/cnn_model/cnn14/plasma_tp1_0.1x_model_C1/roc_curve_resnet18_tf_0.03_0.1/nested_cv_random/resnet18/repeat_10_fold_5_metrics.csv,8,4,resnet18,"(0.03, 0.1]",C1,Sensitivity at 98% Specificity,0.5142857142857142
/scratchc/nrlab/wang04/ulyses_results_iteration/iteration_3_merge_below_3/cnn_model/cnn14/plasma_tp1_0.1x_model_C1/roc_curve_resnet18_tf_0.03_0.1/nested_cv_random/resnet18/repeat_10_fold_5_metrics.csv,8,4,resnet18,"(0.03, 0.1]",C1,PPV at 98% Specificity,1
/scratchc/nrlab/wang04/ulyses_results_iteration/iteration_3_merge_below_3/cnn_model/cnn14/plasma_tp1_0.1x_model_C1/roc_curve_resnet18_tf_0.03_0.1/nested_cv_random/resnet18/repeat_10_fold_5_metrics.csv,8,4,resnet18,"(0.03, 0.1]",C1,Accuracy at 98% Specificity,0.7471428571428571
/scratchc/nrlab/wang04/ulyses_results_iteration/iteration_3_merge_below_3/cnn_model/cnn14/plasma_tp1_0.1x_model_C1/roc_curve_resnet18_tf_0.03_0.1/nested_cv_random/resnet18/repeat_10_fold_5_metrics.csv,8,4,resnet18,"(0.03, 0.1]",C1,F1 at 98% Specificity,0.6792452830188679
/scratchc/nrlab/wang04/ulyses_results_iteration/iteration_3_merge_below_3/cnn_model/cnn14/plasma_tp1_0.1x_model_C1/roc_curve_resnet18_tf_0.03_0.1/nested_cv_random/resnet18/repeat_10_fold_5_metrics.csv,8,4,resnet18,"(0.03, 0.1]",C1,Sensitivity at 95% Specificity,0.5142857142857142
/scratchc/nrlab/wang04/ulyses_results_iteration/iteration_3_merge_below_3/cnn_model/cnn14/plasma_tp1_0.1x_model_C1/roc_curve_resnet18_tf_0.03_0.1/nested_cv_random/resnet18/repeat_10_fold_5_metrics.csv,8,4,resnet18,"(0.03, 0.1]",C1,PPV at 95% Specificity,1
/scratchc/nrlab/wang04/ulyses_results_iteration/iteration_3_merge_below_3/cnn_model/cnn14/plasma_tp1_0.1x_model_C1/roc_curve_resnet18_tf_0.03_0.1/nested_cv_random/resnet18/repeat_10_fold_5_metrics.csv,8,4,resnet18,"(0.03, 0.1]",C1,Accuracy at 95% Specificity,0.7321428571428571
/scratchc/nrlab/wang04/ulyses_results_iteration/iteration_3_merge_below_3/cnn_model/cnn14/plasma_tp1_0.1x_model_C1/roc_curve_resnet18_tf_0.03_0.1/nested_cv_random/resnet18/repeat_10_fold_5_metrics.csv,8,4,resnet18,"(0.03, 0.1]",C1,F1 at 95% Specificity,0.6792452830188679
/scratchc/nrlab/wang04/ulyses_results_iteration/iteration_3_merge_below_3/cnn_model/cnn14/plasma_tp1_0.1x_model_C1/roc_curve_resnet18_tf_0.03_0.1/nested_cv_random/resnet18/repeat_10_fold_5_metrics.csv,8,5,resnet18,"(0.03, 0.1]",C1,AUROC,0.8978040540540541
/scratchc/nrlab/wang04/ulyses_results_iteration/iteration_3_merge_below_3/cnn_model/cnn14/plasma_tp1_0.1x_model_C1/roc_curve_resnet18_tf_0.03_0.1/nested_cv_random/resnet18/repeat_10_fold_5_metrics.csv,8,5,resnet18,"(0.03, 0.1]",C1,AUPRC,0.8778051972307221
/scratchc/nrlab/wang04/ulyses_results_iteration/iteration_3_merge_below_3/cnn_model/cnn14/plasma_tp1_0.1x_model_C1/roc_curve_resnet18_tf_0.03_0.1/nested_cv_random/resnet18/repeat_10_fold_5_metrics.csv,8,5,resnet18,"(0.03, 0.1]",C1,Sensitivity at 99% Specificity,0.4594594594594595
/scratchc/nrlab/wang04/ulyses_results_iteration/iteration_3_merge_below_3/cnn_model/cnn14/plasma_tp1_0.1x_model_C1/roc_curve_resnet18_tf_0.03_0.1/nested_cv_random/resnet18/repeat_10_fold_5_metrics.csv,8,5,resnet18,"(0.03, 0.1]",C1,PPV at 99% Specificity,1
/scratchc/nrlab/wang04/ulyses_results_iteration/iteration_3_merge_below_3/cnn_model/cnn14/plasma_tp1_0.1x_model_C1/roc_curve_resnet18_tf_0.03_0.1/nested_cv_random/resnet18/repeat_10_fold_5_metrics.csv,8,5,resnet18,"(0.03, 0.1]",C1,Accuracy at 99% Specificity,0.7247297297297297
/scratchc/nrlab/wang04/ulyses_results_iteration/iteration_3_merge_below_3/cnn_model/cnn14/plasma_tp1_0.1x_model_C1/roc_curve_resnet18_tf_0.03_0.1/nested_cv_random/resnet18/repeat_10_fold_5_metrics.csv,8,5,resnet18,"(0.03, 0.1]",C1,F1 at 99% Specificity,0.6296296296296297
/scratchc/nrlab/wang04/ulyses_results_iteration/iteration_3_merge_below_3/cnn_model/cnn14/plasma_tp1_0.1x_model_C1/roc_curve_resnet18_tf_0.03_0.1/nested_cv_random/resnet18/repeat_10_fold_5_metrics.csv,8,5,resnet18,"(0.03, 0.1]",C1,Sensitivity at 98% Specificity,0.4594594594594595
/scratchc/nrlab/wang04/ulyses_results_iteration/iteration_3_merge_below_3/cnn_model/cnn14/plasma_tp1_0.1x_model_C1/roc_curve_resnet18_tf_0.03_0.1/nested_cv_random/resnet18/repeat_10_fold_5_metrics.csv,8,5,resnet18,"(0.03, 0.1]",C1,PPV at 98% Specificity,1
/scratchc/nrlab/wang04/ulyses_results_iteration/iteration_3_merge_below_3/cnn_model/cnn14/plasma_tp1_0.1x_model_C1/roc_curve_resnet18_tf_0.03_0.1/nested_cv_random/resnet18/repeat_10_fold_5_metrics.csv,8,5,resnet18,"(0.03, 0.1]",C1,Accuracy at 98% Specificity,0.7197297297297297
/scratchc/nrlab/wang04/ulyses_results_iteration/iteration_3_merge_below_3/cnn_model/cnn14/plasma_tp1_0.1x_model_C1/roc_curve_resnet18_tf_0.03_0.1/nested_cv_random/resnet18/repeat_10_fold_5_metrics.csv,8,5,resnet18,"(0.03, 0.1]",C1,F1 at 98% Specificity,0.6296296296296297
/scratchc/nrlab/wang04/ulyses_results_iteration/iteration_3_merge_below_3/cnn_model/cnn14/plasma_tp1_0.1x_model_C1/roc_curve_resnet18_tf_0.03_0.1/nested_cv_random/resnet18/repeat_10_fold_5_metrics.csv,8,5,resnet18,"(0.03, 0.1]",C1,Sensitivity at 95% Specificity,0.6486486486486487
/scratchc/nrlab/wang04/ulyses_results_iteration/iteration_3_merge_below_3/cnn_model/cnn14/plasma_tp1_0.1x_model_C1/roc_curve_resnet18_tf_0.03_0.1/nested_cv_random/resnet18/repeat_10_fold_5_metrics.csv,8,5,resnet18,"(0.03, 0.1]",C1,PPV at 95% Specificity,0.9230769230769232
/scratchc/nrlab/wang04/ulyses_results_iteration/iteration_3_merge_below_3/cnn_model/cnn14/plasma_tp1_0.1x_model_C1/roc_curve_resnet18_tf_0.03_0.1/nested_cv_random/resnet18/repeat_10_fold_5_metrics.csv,8,5,resnet18,"(0.03, 0.1]",C1,Accuracy at 95% Specificity,0.7844805743243244
/scratchc/nrlab/wang04/ulyses_results_iteration/iteration_3_merge_below_3/cnn_model/cnn14/plasma_tp1_0.1x_model_C1/roc_curve_resnet18_tf_0.03_0.1/nested_cv_random/resnet18/repeat_10_fold_5_metrics.csv,8,5,resnet18,"(0.03, 0.1]",C1,F1 at 95% Specificity,0.7619047619047619
/scratchc/nrlab/wang04/ulyses_results_iteration/iteration_3_merge_below_3/cnn_model/cnn14/plasma_tp1_0.1x_model_C1/roc_curve_resnet18_tf_0.03_0.1/nested_cv_random/resnet18/repeat_10_fold_5_metrics.csv,9,2,resnet18,"(0.03, 0.1]",C1,AUROC,0.9130434782608696
/scratchc/nrlab/wang04/ulyses_results_iteration/iteration_3_merge_below_3/cnn_model/cnn14/plasma_tp1_0.1x_model_C1/roc_curve_resnet18_tf_0.03_0.1/nested_cv_random/resnet18/repeat_10_fold_5_metrics.csv,9,2,resnet18,"(0.03, 0.1]",C1,AUPRC,0.8578256730832889
/scratchc/nrlab/wang04/ulyses_results_iteration/iteration_3_merge_below_3/cnn_model/cnn14/plasma_tp1_0.1x_model_C1/roc_curve_resnet18_tf_0.03_0.1/nested_cv_random/resnet18/repeat_10_fold_5_metrics.csv,9,2,resnet18,"(0.03, 0.1]",C1,Sensitivity at 99% Specificity,0.125
/scratchc/nrlab/wang04/ulyses_results_iteration/iteration_3_merge_below_3/cnn_model/cnn14/plasma_tp1_0.1x_model_C1/roc_curve_resnet18_tf_0.03_0.1/nested_cv_random/resnet18/repeat_10_fold_5_metrics.csv,9,2,resnet18,"(0.03, 0.1]",C1,PPV at 99% Specificity,1
/scratchc/nrlab/wang04/ulyses_results_iteration/iteration_3_merge_below_3/cnn_model/cnn14/plasma_tp1_0.1x_model_C1/roc_curve_resnet18_tf_0.03_0.1/nested_cv_random/resnet18/repeat_10_fold_5_metrics.csv,9,2,resnet18,"(0.03, 0.1]",C1,Accuracy at 99% Specificity,0.5575
/scratchc/nrlab/wang04/ulyses_results_iteration/iteration_3_merge_below_3/cnn_model/cnn14/plasma_tp1_0.1x_model_C1/roc_curve_resnet18_tf_0.03_0.1/nested_cv_random/resnet18/repeat_10_fold_5_metrics.csv,9,2,resnet18,"(0.03, 0.1]",C1,F1 at 99% Specificity,0.2222222222222222
/scratchc/nrlab/wang04/ulyses_results_iteration/iteration_3_merge_below_3/cnn_model/cnn14/plasma_tp1_0.1x_model_C1/roc_curve_resnet18_tf_0.03_0.1/nested_cv_random/resnet18/repeat_10_fold_5_metrics.csv,9,2,resnet18,"(0.03, 0.1]",C1,Sensitivity at 98% Specificity,0.125
/scratchc/nrlab/wang04/ulyses_results_iteration/iteration_3_merge_below_3/cnn_model/cnn14/plasma_tp1_0.1x_model_C1/roc_curve_resnet18_tf_0.03_0.1/nested_cv_random/resnet18/repeat_10_fold_5_metrics.csv,9,2,resnet18,"(0.03, 0.1]",C1,PPV at 98% Specificity,1
/scratchc/nrlab/wang04/ulyses_results_iteration/iteration_3_merge_below_3/cnn_model/cnn14/plasma_tp1_0.1x_model_C1/roc_curve_resnet18_tf_0.03_0.1/nested_cv_random/resnet18/repeat_10_fold_5_metrics.csv,9,2,resnet18,"(0.03, 0.1]",C1,Accuracy at 98% Specificity,0.5525
/scratchc/nrlab/wang04/ulyses_results_iteration/iteration_3_merge_below_3/cnn_model/cnn14/plasma_tp1_0.1x_model_C1/roc_curve_resnet18_tf_0.03_0.1/nested_cv_random/resnet18/repeat_10_fold_5_metrics.csv,9,2,resnet18,"(0.03, 0.1]",C1,F1 at 98% Specificity,0.2222222222222222
/scratchc/nrlab/wang04/ulyses_results_iteration/iteration_3_merge_below_3/cnn_model/cnn14/plasma_tp1_0.1x_model_C1/roc_curve_resnet18_tf_0.03_0.1/nested_cv_random/resnet18/repeat_10_fold_5_metrics.csv,9,2,resnet18,"(0.03, 0.1]",C1,Sensitivity at 95% Specificity,0.46875
/scratchc/nrlab/wang04/ulyses_results_iteration/iteration_3_merge_below_3/cnn_model/cnn14/plasma_tp1_0.1x_model_C1/roc_curve_resnet18_tf_0.03_0.1/nested_cv_random/resnet18/repeat_10_fold_5_metrics.csv,9,2,resnet18,"(0.03, 0.1]",C1,PPV at 95% Specificity,0.9375
/scratchc/nrlab/wang04/ulyses_results_iteration/iteration_3_merge_below_3/cnn_model/cnn14/plasma_tp1_0.1x_model_C1/roc_curve_resnet18_tf_0.03_0.1/nested_cv_random/resnet18/repeat_10_fold_5_metrics.csv,9,2,resnet18,"(0.03, 0.1]",C1,Accuracy at 95% Specificity,0.7024909420289855
/scratchc/nrlab/wang04/ulyses_results_iteration/iteration_3_merge_below_3/cnn_model/cnn14/plasma_tp1_0.1x_model_C1/roc_curve_resnet18_tf_0.03_0.1/nested_cv_random/resnet18/repeat_10_fold_5_metrics.csv,9,2,resnet18,"(0.03, 0.1]",C1,F1 at 95% Specificity,0.625
/scratchc/nrlab/wang04/ulyses_results_iteration/iteration_3_merge_below_3/cnn_model/cnn14/plasma_tp1_0.1x_model_C1/roc_curve_resnet18_tf_0.03_0.1/nested_cv_random/resnet18/repeat_10_fold_5_metrics.csv,9,3,resnet18,"(0.03, 0.1]",C1,AUROC,0.9483606557377048
/scratchc/nrlab/wang04/ulyses_results_iteration/iteration_3_merge_below_3/cnn_model/cnn14/plasma_tp1_0.1x_model_C1/roc_curve_resnet18_tf_0.03_0.1/nested_cv_random/resnet18/repeat_10_fold_5_metrics.csv,9,3,resnet18,"(0.03, 0.1]",C1,AUPRC,0.942967913099294
/scratchc/nrlab/wang04/ulyses_results_iteration/iteration_3_merge_below_3/cnn_model/cnn14/plasma_tp1_0.1x_model_C1/roc_curve_resnet18_tf_0.03_0.1/nested_cv_random/resnet18/repeat_10_fold_5_metrics.csv,9,3,resnet18,"(0.03, 0.1]",C1,Sensitivity at 99% Specificity,0.7
/scratchc/nrlab/wang04/ulyses_results_iteration/iteration_3_merge_below_3/cnn_model/cnn14/plasma_tp1_0.1x_model_C1/roc_curve_resnet18_tf_0.03_0.1/nested_cv_random/resnet18/repeat_10_fold_5_metrics.csv,9,3,resnet18,"(0.03, 0.1]",C1,PPV at 99% Specificity,1
/scratchc/nrlab/wang04/ulyses_results_iteration/iteration_3_merge_below_3/cnn_model/cnn14/plasma_tp1_0.1x_model_C1/roc_curve_resnet18_tf_0.03_0.1/nested_cv_random/resnet18/repeat_10_fold_5_metrics.csv,9,3,resnet18,"(0.03, 0.1]",C1,Accuracy at 99% Specificity,0.845
/scratchc/nrlab/wang04/ulyses_results_iteration/iteration_3_merge_below_3/cnn_model/cnn14/plasma_tp1_0.1x_model_C1/roc_curve_resnet18_tf_0.03_0.1/nested_cv_random/resnet18/repeat_10_fold_5_metrics.csv,9,3,resnet18,"(0.03, 0.1]",C1,F1 at 99% Specificity,0.8235294117647058
/scratchc/nrlab/wang04/ulyses_results_iteration/iteration_3_merge_below_3/cnn_model/cnn14/plasma_tp1_0.1x_model_C1/roc_curve_resnet18_tf_0.03_0.1/nested_cv_random/resnet18/repeat_10_fold_5_metrics.csv,9,3,resnet18,"(0.03, 0.1]",C1,Sensitivity at 98% Specificity,0.7
/scratchc/nrlab/wang04/ulyses_results_iteration/iteration_3_merge_below_3/cnn_model/cnn14/plasma_tp1_0.1x_model_C1/roc_curve_resnet18_tf_0.03_0.1/nested_cv_random/resnet18/repeat_10_fold_5_metrics.csv,9,3,resnet18,"(0.03, 0.1]",C1,PPV at 98% Specificity,1
/scratchc/nrlab/wang04/ulyses_results_iteration/iteration_3_merge_below_3/cnn_model/cnn14/plasma_tp1_0.1x_model_C1/roc_curve_resnet18_tf_0.03_0.1/nested_cv_random/resnet18/repeat_10_fold_5_metrics.csv,9,3,resnet18,"(0.03, 0.1]",C1,Accuracy at 98% Specificity,0.84
/scratchc/nrlab/wang04/ulyses_results_iteration/iteration_3_merge_below_3/cnn_model/cnn14/plasma_tp1_0.1x_model_C1/roc_curve_resnet18_tf_0.03_0.1/nested_cv_random/resnet18/repeat_10_fold_5_metrics.csv,9,3,resnet18,"(0.03, 0.1]",C1,F1 at 98% Specificity,0.8235294117647058
/scratchc/nrlab/wang04/ulyses_results_iteration/iteration_3_merge_below_3/cnn_model/cnn14/plasma_tp1_0.1x_model_C1/roc_curve_resnet18_tf_0.03_0.1/nested_cv_random/resnet18/repeat_10_fold_5_metrics.csv,9,3,resnet18,"(0.03, 0.1]",C1,Sensitivity at 95% Specificity,0.8
/scratchc/nrlab/wang04/ulyses_results_iteration/iteration_3_merge_below_3/cnn_model/cnn14/plasma_tp1_0.1x_model_C1/roc_curve_resnet18_tf_0.03_0.1/nested_cv_random/resnet18/repeat_10_fold_5_metrics.csv,9,3,resnet18,"(0.03, 0.1]",C1,PPV at 95% Specificity,0.9411764705882352
/scratchc/nrlab/wang04/ulyses_results_iteration/iteration_3_merge_below_3/cnn_model/cnn14/plasma_tp1_0.1x_model_C1/roc_curve_resnet18_tf_0.03_0.1/nested_cv_random/resnet18/repeat_10_fold_5_metrics.csv,9,3,resnet18,"(0.03, 0.1]",C1,Accuracy at 95% Specificity,0.8594262295081967
/scratchc/nrlab/wang04/ulyses_results_iteration/iteration_3_merge_below_3/cnn_model/cnn14/plasma_tp1_0.1x_model_C1/roc_curve_resnet18_tf_0.03_0.1/nested_cv_random/resnet18/repeat_10_fold_5_metrics.csv,9,3,resnet18,"(0.03, 0.1]",C1,F1 at 95% Specificity,0.8648648648648649
/scratchc/nrlab/wang04/ulyses_results_iteration/iteration_3_merge_below_3/cnn_model/cnn14/plasma_tp1_0.1x_model_C1/roc_curve_resnet18_tf_0.03_0.1/nested_cv_random/resnet18/repeat_10_fold_5_metrics.csv,9,5,resnet18,"(0.03, 0.1]",C1,AUROC,0.8771712158808933
/scratchc/nrlab/wang04/ulyses_results_iteration/iteration_3_merge_below_3/cnn_model/cnn14/plasma_tp1_0.1x_model_C1/roc_curve_resnet18_tf_0.03_0.1/nested_cv_random/resnet18/repeat_10_fold_5_metrics.csv,9,5,resnet18,"(0.03, 0.1]",C1,AUPRC,0.892051491786742
/scratchc/nrlab/wang04/ulyses_results_iteration/iteration_3_merge_below_3/cnn_model/cnn14/plasma_tp1_0.1x_model_C1/roc_curve_resnet18_tf_0.03_0.1/nested_cv_random/resnet18/repeat_10_fold_5_metrics.csv,9,5,resnet18,"(0.03, 0.1]",C1,Sensitivity at 99% Specificity,0.6153846153846154
/scratchc/nrlab/wang04/ulyses_results_iteration/iteration_3_merge_below_3/cnn_model/cnn14/plasma_tp1_0.1x_model_C1/roc_curve_resnet18_tf_0.03_0.1/nested_cv_random/resnet18/repeat_10_fold_5_metrics.csv,9,5,resnet18,"(0.03, 0.1]",C1,PPV at 99% Specificity,1
/scratchc/nrlab/wang04/ulyses_results_iteration/iteration_3_merge_below_3/cnn_model/cnn14/plasma_tp1_0.1x_model_C1/roc_curve_resnet18_tf_0.03_0.1/nested_cv_random/resnet18/repeat_10_fold_5_metrics.csv,9,5,resnet18,"(0.03, 0.1]",C1,Accuracy at 99% Specificity,0.8026923076923077
/scratchc/nrlab/wang04/ulyses_results_iteration/iteration_3_merge_below_3/cnn_model/cnn14/plasma_tp1_0.1x_model_C1/roc_curve_resnet18_tf_0.03_0.1/nested_cv_random/resnet18/repeat_10_fold_5_metrics.csv,9,5,resnet18,"(0.03, 0.1]",C1,F1 at 99% Specificity,0.7619047619047619
/scratchc/nrlab/wang04/ulyses_results_iteration/iteration_3_merge_below_3/cnn_model/cnn14/plasma_tp1_0.1x_model_C1/roc_curve_resnet18_tf_0.03_0.1/nested_cv_random/resnet18/repeat_10_fold_5_metrics.csv,9,5,resnet18,"(0.03, 0.1]",C1,Sensitivity at 98% Specificity,0.6153846153846154
/scratchc/nrlab/wang04/ulyses_results_iteration/iteration_3_merge_below_3/cnn_model/cnn14/plasma_tp1_0.1x_model_C1/roc_curve_resnet18_tf_0.03_0.1/nested_cv_random/resnet18/repeat_10_fold_5_metrics.csv,9,5,resnet18,"(0.03, 0.1]",C1,PPV at 98% Specificity,1
/scratchc/nrlab/wang04/ulyses_results_iteration/iteration_3_merge_below_3/cnn_model/cnn14/plasma_tp1_0.1x_model_C1/roc_curve_resnet18_tf_0.03_0.1/nested_cv_random/resnet18/repeat_10_fold_5_metrics.csv,9,5,resnet18,"(0.03, 0.1]",C1,Accuracy at 98% Specificity,0.7976923076923077
/scratchc/nrlab/wang04/ulyses_results_iteration/iteration_3_merge_below_3/cnn_model/cnn14/plasma_tp1_0.1x_model_C1/roc_curve_resnet18_tf_0.03_0.1/nested_cv_random/resnet18/repeat_10_fold_5_metrics.csv,9,5,resnet18,"(0.03, 0.1]",C1,F1 at 98% Specificity,0.7619047619047619
/scratchc/nrlab/wang04/ulyses_results_iteration/iteration_3_merge_below_3/cnn_model/cnn14/plasma_tp1_0.1x_model_C1/roc_curve_resnet18_tf_0.03_0.1/nested_cv_random/resnet18/repeat_10_fold_5_metrics.csv,9,5,resnet18,"(0.03, 0.1]",C1,Sensitivity at 95% Specificity,0.717948717948718
/scratchc/nrlab/wang04/ulyses_results_iteration/iteration_3_merge_below_3/cnn_model/cnn14/plasma_tp1_0.1x_model_C1/roc_curve_resnet18_tf_0.03_0.1/nested_cv_random/resnet18/repeat_10_fold_5_metrics.csv,9,5,resnet18,"(0.03, 0.1]",C1,PPV at 95% Specificity,0.9032258064516128
/scratchc/nrlab/wang04/ulyses_results_iteration/iteration_3_merge_below_3/cnn_model/cnn14/plasma_tp1_0.1x_model_C1/roc_curve_resnet18_tf_0.03_0.1/nested_cv_random/resnet18/repeat_10_fold_5_metrics.csv,9,5,resnet18,"(0.03, 0.1]",C1,Accuracy at 95% Specificity,0.810990488006617
/scratchc/nrlab/wang04/ulyses_results_iteration/iteration_3_merge_below_3/cnn_model/cnn14/plasma_tp1_0.1x_model_C1/roc_curve_resnet18_tf_0.03_0.1/nested_cv_random/resnet18/repeat_10_fold_5_metrics.csv,9,5,resnet18,"(0.03, 0.1]",C1,F1 at 95% Specificity,0.8
/scratchc/nrlab/wang04/ulyses_results_iteration/iteration_3_merge_below_3/cnn_model/cnn14/plasma_tp1_0.1x_model_C1/roc_curve_resnet18_tf_0.03_0.1/nested_cv_random/resnet18/repeat_10_fold_5_metrics.csv,10,1,resnet18,"(0.03, 0.1]",C1,AUROC,0.9611940298507464
/scratchc/nrlab/wang04/ulyses_results_iteration/iteration_3_merge_below_3/cnn_model/cnn14/plasma_tp1_0.1x_model_C1/roc_curve_resnet18_tf_0.03_0.1/nested_cv_random/resnet18/repeat_10_fold_5_metrics.csv,10,1,resnet18,"(0.03, 0.1]",C1,AUPRC,0.9435412786604014
/scratchc/nrlab/wang04/ulyses_results_iteration/iteration_3_merge_below_3/cnn_model/cnn14/plasma_tp1_0.1x_model_C1/roc_curve_resnet18_tf_0.03_0.1/nested_cv_random/resnet18/repeat_10_fold_5_metrics.csv,10,1,resnet18,"(0.03, 0.1]",C1,Sensitivity at 99% Specificity,0.5714285714285714
/scratchc/nrlab/wang04/ulyses_results_iteration/iteration_3_merge_below_3/cnn_model/cnn14/plasma_tp1_0.1x_model_C1/roc_curve_resnet18_tf_0.03_0.1/nested_cv_random/resnet18/repeat_10_fold_5_metrics.csv,10,1,resnet18,"(0.03, 0.1]",C1,PPV at 99% Specificity,1
/scratchc/nrlab/wang04/ulyses_results_iteration/iteration_3_merge_below_3/cnn_model/cnn14/plasma_tp1_0.1x_model_C1/roc_curve_resnet18_tf_0.03_0.1/nested_cv_random/resnet18/repeat_10_fold_5_metrics.csv,10,1,resnet18,"(0.03, 0.1]",C1,Accuracy at 99% Specificity,0.7807142857142857
/scratchc/nrlab/wang04/ulyses_results_iteration/iteration_3_merge_below_3/cnn_model/cnn14/plasma_tp1_0.1x_model_C1/roc_curve_resnet18_tf_0.03_0.1/nested_cv_random/resnet18/repeat_10_fold_5_metrics.csv,10,1,resnet18,"(0.03, 0.1]",C1,F1 at 99% Specificity,0.7272727272727273
/scratchc/nrlab/wang04/ulyses_results_iteration/iteration_3_merge_below_3/cnn_model/cnn14/plasma_tp1_0.1x_model_C1/roc_curve_resnet18_tf_0.03_0.1/nested_cv_random/resnet18/repeat_10_fold_5_metrics.csv,10,1,resnet18,"(0.03, 0.1]",C1,Sensitivity at 98% Specificity,0.5714285714285714
/scratchc/nrlab/wang04/ulyses_results_iteration/iteration_3_merge_below_3/cnn_model/cnn14/plasma_tp1_0.1x_model_C1/roc_curve_resnet18_tf_0.03_0.1/nested_cv_random/resnet18/repeat_10_fold_5_metrics.csv,10,1,resnet18,"(0.03, 0.1]",C1,PPV at 98% Specificity,1
/scratchc/nrlab/wang04/ulyses_results_iteration/iteration_3_merge_below_3/cnn_model/cnn14/plasma_tp1_0.1x_model_C1/roc_curve_resnet18_tf_0.03_0.1/nested_cv_random/resnet18/repeat_10_fold_5_metrics.csv,10,1,resnet18,"(0.03, 0.1]",C1,Accuracy at 98% Specificity,0.7757142857142857
/scratchc/nrlab/wang04/ulyses_results_iteration/iteration_3_merge_below_3/cnn_model/cnn14/plasma_tp1_0.1x_model_C1/roc_curve_resnet18_tf_0.03_0.1/nested_cv_random/resnet18/repeat_10_fold_5_metrics.csv,10,1,resnet18,"(0.03, 0.1]",C1,F1 at 98% Specificity,0.7272727272727273
/scratchc/nrlab/wang04/ulyses_results_iteration/iteration_3_merge_below_3/cnn_model/cnn14/plasma_tp1_0.1x_model_C1/roc_curve_resnet18_tf_0.03_0.1/nested_cv_random/resnet18/repeat_10_fold_5_metrics.csv,10,1,resnet18,"(0.03, 0.1]",C1,Sensitivity at 95% Specificity,0.8
/scratchc/nrlab/wang04/ulyses_results_iteration/iteration_3_merge_below_3/cnn_model/cnn14/plasma_tp1_0.1x_model_C1/roc_curve_resnet18_tf_0.03_0.1/nested_cv_random/resnet18/repeat_10_fold_5_metrics.csv,10,1,resnet18,"(0.03, 0.1]",C1,PPV at 95% Specificity,0.9333333333333332
/scratchc/nrlab/wang04/ulyses_results_iteration/iteration_3_merge_below_3/cnn_model/cnn14/plasma_tp1_0.1x_model_C1/roc_curve_resnet18_tf_0.03_0.1/nested_cv_random/resnet18/repeat_10_fold_5_metrics.csv,10,1,resnet18,"(0.03, 0.1]",C1,Accuracy at 95% Specificity,0.860820895522388
/scratchc/nrlab/wang04/ulyses_results_iteration/iteration_3_merge_below_3/cnn_model/cnn14/plasma_tp1_0.1x_model_C1/roc_curve_resnet18_tf_0.03_0.1/nested_cv_random/resnet18/repeat_10_fold_5_metrics.csv,10,1,resnet18,"(0.03, 0.1]",C1,F1 at 95% Specificity,0.8615384615384616
/scratchc/nrlab/wang04/ulyses_results_iteration/iteration_3_merge_below_3/cnn_model/cnn14/plasma_tp1_0.1x_model_C1/roc_curve_resnet18_tf_0.03_0.1/nested_cv_random/resnet18/repeat_10_fold_5_metrics.csv,10,2,resnet18,"(0.03, 0.1]",C1,AUROC,0.9809966216216216
/scratchc/nrlab/wang04/ulyses_results_iteration/iteration_3_merge_below_3/cnn_model/cnn14/plasma_tp1_0.1x_model_C1/roc_curve_resnet18_tf_0.03_0.1/nested_cv_random/resnet18/repeat_10_fold_5_metrics.csv,10,2,resnet18,"(0.03, 0.1]",C1,AUPRC,0.9699871460211378
/scratchc/nrlab/wang04/ulyses_results_iteration/iteration_3_merge_below_3/cnn_model/cnn14/plasma_tp1_0.1x_model_C1/roc_curve_resnet18_tf_0.03_0.1/nested_cv_random/resnet18/repeat_10_fold_5_metrics.csv,10,2,resnet18,"(0.03, 0.1]",C1,Sensitivity at 99% Specificity,0.7027027027027027
/scratchc/nrlab/wang04/ulyses_results_iteration/iteration_3_merge_below_3/cnn_model/cnn14/plasma_tp1_0.1x_model_C1/roc_curve_resnet18_tf_0.03_0.1/nested_cv_random/resnet18/repeat_10_fold_5_metrics.csv,10,2,resnet18,"(0.03, 0.1]",C1,PPV at 99% Specificity,1
/scratchc/nrlab/wang04/ulyses_results_iteration/iteration_3_merge_below_3/cnn_model/cnn14/plasma_tp1_0.1x_model_C1/roc_curve_resnet18_tf_0.03_0.1/nested_cv_random/resnet18/repeat_10_fold_5_metrics.csv,10,2,resnet18,"(0.03, 0.1]",C1,Accuracy at 99% Specificity,0.8463513513513514
/scratchc/nrlab/wang04/ulyses_results_iteration/iteration_3_merge_below_3/cnn_model/cnn14/plasma_tp1_0.1x_model_C1/roc_curve_resnet18_tf_0.03_0.1/nested_cv_random/resnet18/repeat_10_fold_5_metrics.csv,10,2,resnet18,"(0.03, 0.1]",C1,F1 at 99% Specificity,0.8253968253968254
/scratchc/nrlab/wang04/ulyses_results_iteration/iteration_3_merge_below_3/cnn_model/cnn14/plasma_tp1_0.1x_model_C1/roc_curve_resnet18_tf_0.03_0.1/nested_cv_random/resnet18/repeat_10_fold_5_metrics.csv,10,2,resnet18,"(0.03, 0.1]",C1,Sensitivity at 98% Specificity,0.7027027027027027
/scratchc/nrlab/wang04/ulyses_results_iteration/iteration_3_merge_below_3/cnn_model/cnn14/plasma_tp1_0.1x_model_C1/roc_curve_resnet18_tf_0.03_0.1/nested_cv_random/resnet18/repeat_10_fold_5_metrics.csv,10,2,resnet18,"(0.03, 0.1]",C1,PPV at 98% Specificity,1
/scratchc/nrlab/wang04/ulyses_results_iteration/iteration_3_merge_below_3/cnn_model/cnn14/plasma_tp1_0.1x_model_C1/roc_curve_resnet18_tf_0.03_0.1/nested_cv_random/resnet18/repeat_10_fold_5_metrics.csv,10,2,resnet18,"(0.03, 0.1]",C1,Accuracy at 98% Specificity,0.8413513513513513
/scratchc/nrlab/wang04/ulyses_results_iteration/iteration_3_merge_below_3/cnn_model/cnn14/plasma_tp1_0.1x_model_C1/roc_curve_resnet18_tf_0.03_0.1/nested_cv_random/resnet18/repeat_10_fold_5_metrics.csv,10,2,resnet18,"(0.03, 0.1]",C1,F1 at 98% Specificity,0.8253968253968254
/scratchc/nrlab/wang04/ulyses_results_iteration/iteration_3_merge_below_3/cnn_model/cnn14/plasma_tp1_0.1x_model_C1/roc_curve_resnet18_tf_0.03_0.1/nested_cv_random/resnet18/repeat_10_fold_5_metrics.csv,10,2,resnet18,"(0.03, 0.1]",C1,Sensitivity at 95% Specificity,0.7567567567567568
/scratchc/nrlab/wang04/ulyses_results_iteration/iteration_3_merge_below_3/cnn_model/cnn14/plasma_tp1_0.1x_model_C1/roc_curve_resnet18_tf_0.03_0.1/nested_cv_random/resnet18/repeat_10_fold_5_metrics.csv,10,2,resnet18,"(0.03, 0.1]",C1,PPV at 95% Specificity,0.9655172413793104
/scratchc/nrlab/wang04/ulyses_results_iteration/iteration_3_merge_below_3/cnn_model/cnn14/plasma_tp1_0.1x_model_C1/roc_curve_resnet18_tf_0.03_0.1/nested_cv_random/resnet18/repeat_10_fold_5_metrics.csv,10,2,resnet18,"(0.03, 0.1]",C1,Accuracy at 95% Specificity,0.8459565033783784
/scratchc/nrlab/wang04/ulyses_results_iteration/iteration_3_merge_below_3/cnn_model/cnn14/plasma_tp1_0.1x_model_C1/roc_curve_resnet18_tf_0.03_0.1/nested_cv_random/resnet18/repeat_10_fold_5_metrics.csv,10,2,resnet18,"(0.03, 0.1]",C1,F1 at 95% Specificity,0.8484848484848485
/scratchc/nrlab/wang04/ulyses_results_iteration/iteration_3_merge_below_3/cnn_model/cnn14/plasma_tp1_0.1x_model_C1/roc_curve_resnet18_tf_0.03_0.1/nested_cv_random/resnet18/repeat_10_fold_5_metrics.csv,10,4,resnet18,"(0.03, 0.1]",C1,AUROC,0.912987012987013
/scratchc/nrlab/wang04/ulyses_results_iteration/iteration_3_merge_below_3/cnn_model/cnn14/plasma_tp1_0.1x_model_C1/roc_curve_resnet18_tf_0.03_0.1/nested_cv_random/resnet18/repeat_10_fold_5_metrics.csv,10,4,resnet18,"(0.03, 0.1]",C1,AUPRC,0.9051167158115584
/scratchc/nrlab/wang04/ulyses_results_iteration/iteration_3_merge_below_3/cnn_model/cnn14/plasma_tp1_0.1x_model_C1/roc_curve_resnet18_tf_0.03_0.1/nested_cv_random/resnet18/repeat_10_fold_5_metrics.csv,10,4,resnet18,"(0.03, 0.1]",C1,Sensitivity at 99% Specificity,0.45714285714285713
/scratchc/nrlab/wang04/ulyses_results_iteration/iteration_3_merge_below_3/cnn_model/cnn14/plasma_tp1_0.1x_model_C1/roc_curve_resnet18_tf_0.03_0.1/nested_cv_random/resnet18/repeat_10_fold_5_metrics.csv,10,4,resnet18,"(0.03, 0.1]",C1,PPV at 99% Specificity,1
/scratchc/nrlab/wang04/ulyses_results_iteration/iteration_3_merge_below_3/cnn_model/cnn14/plasma_tp1_0.1x_model_C1/roc_curve_resnet18_tf_0.03_0.1/nested_cv_random/resnet18/repeat_10_fold_5_metrics.csv,10,4,resnet18,"(0.03, 0.1]",C1,Accuracy at 99% Specificity,0.7235714285714285
/scratchc/nrlab/wang04/ulyses_results_iteration/iteration_3_merge_below_3/cnn_model/cnn14/plasma_tp1_0.1x_model_C1/roc_curve_resnet18_tf_0.03_0.1/nested_cv_random/resnet18/repeat_10_fold_5_metrics.csv,10,4,resnet18,"(0.03, 0.1]",C1,F1 at 99% Specificity,0.6274509803921569
/scratchc/nrlab/wang04/ulyses_results_iteration/iteration_3_merge_below_3/cnn_model/cnn14/plasma_tp1_0.1x_model_C1/roc_curve_resnet18_tf_0.03_0.1/nested_cv_random/resnet18/repeat_10_fold_5_metrics.csv,10,4,resnet18,"(0.03, 0.1]",C1,Sensitivity at 98% Specificity,0.45714285714285713
/scratchc/nrlab/wang04/ulyses_results_iteration/iteration_3_merge_below_3/cnn_model/cnn14/plasma_tp1_0.1x_model_C1/roc_curve_resnet18_tf_0.03_0.1/nested_cv_random/resnet18/repeat_10_fold_5_metrics.csv,10,4,resnet18,"(0.03, 0.1]",C1,PPV at 98% Specificity,1
/scratchc/nrlab/wang04/ulyses_results_iteration/iteration_3_merge_below_3/cnn_model/cnn14/plasma_tp1_0.1x_model_C1/roc_curve_resnet18_tf_0.03_0.1/nested_cv_random/resnet18/repeat_10_fold_5_metrics.csv,10,4,resnet18,"(0.03, 0.1]",C1,Accuracy at 98% Specificity,0.7185714285714285
/scratchc/nrlab/wang04/ulyses_results_iteration/iteration_3_merge_below_3/cnn_model/cnn14/plasma_tp1_0.1x_model_C1/roc_curve_resnet18_tf_0.03_0.1/nested_cv_random/resnet18/repeat_10_fold_5_metrics.csv,10,4,resnet18,"(0.03, 0.1]",C1,F1 at 98% Specificity,0.6274509803921569
/scratchc/nrlab/wang04/ulyses_results_iteration/iteration_3_merge_below_3/cnn_model/cnn14/plasma_tp1_0.1x_model_C1/roc_curve_resnet18_tf_0.03_0.1/nested_cv_random/resnet18/repeat_10_fold_5_metrics.csv,10,4,resnet18,"(0.03, 0.1]",C1,Sensitivity at 95% Specificity,0.7428571428571429
/scratchc/nrlab/wang04/ulyses_results_iteration/iteration_3_merge_below_3/cnn_model/cnn14/plasma_tp1_0.1x_model_C1/roc_curve_resnet18_tf_0.03_0.1/nested_cv_random/resnet18/repeat_10_fold_5_metrics.csv,10,4,resnet18,"(0.03, 0.1]",C1,PPV at 95% Specificity,0.9629629629629628
/scratchc/nrlab/wang04/ulyses_results_iteration/iteration_3_merge_below_3/cnn_model/cnn14/plasma_tp1_0.1x_model_C1/roc_curve_resnet18_tf_0.03_0.1/nested_cv_random/resnet18/repeat_10_fold_5_metrics.csv,10,4,resnet18,"(0.03, 0.1]",C1,Accuracy at 95% Specificity,0.8392316017316017
/scratchc/nrlab/wang04/ulyses_results_iteration/iteration_3_merge_below_3/cnn_model/cnn14/plasma_tp1_0.1x_model_C1/roc_curve_resnet18_tf_0.03_0.1/nested_cv_random/resnet18/repeat_10_fold_5_metrics.csv,10,4,resnet18,"(0.03, 0.1]",C1,F1 at 95% Specificity,0.8387096774193549
/scratchc/nrlab/wang04/ulyses_results_iteration/iteration_3_merge_below_3/cnn_model/cnn14/plasma_tp1_0.1x_model_C1/roc_curve_resnet18_tf_0.1_1/nested_cv_random/resnet18/repeat_10_fold_5_metrics.csv,2,1,resnet18,"(0.1, 1]",C1,AUROC,0.988655462184874
/scratchc/nrlab/wang04/ulyses_results_iteration/iteration_3_merge_below_3/cnn_model/cnn14/plasma_tp1_0.1x_model_C1/roc_curve_resnet18_tf_0.1_1/nested_cv_random/resnet18/repeat_10_fold_5_metrics.csv,2,1,resnet18,"(0.1, 1]",C1,AUPRC,0.98700568752091
/scratchc/nrlab/wang04/ulyses_results_iteration/iteration_3_merge_below_3/cnn_model/cnn14/plasma_tp1_0.1x_model_C1/roc_curve_resnet18_tf_0.1_1/nested_cv_random/resnet18/repeat_10_fold_5_metrics.csv,2,1,resnet18,"(0.1, 1]",C1,Sensitivity at 99% Specificity,0.9428571428571428
/scratchc/nrlab/wang04/ulyses_results_iteration/iteration_3_merge_below_3/cnn_model/cnn14/plasma_tp1_0.1x_model_C1/roc_curve_resnet18_tf_0.1_1/nested_cv_random/resnet18/repeat_10_fold_5_metrics.csv,2,1,resnet18,"(0.1, 1]",C1,PPV at 99% Specificity,1
/scratchc/nrlab/wang04/ulyses_results_iteration/iteration_3_merge_below_3/cnn_model/cnn14/plasma_tp1_0.1x_model_C1/roc_curve_resnet18_tf_0.1_1/nested_cv_random/resnet18/repeat_10_fold_5_metrics.csv,2,1,resnet18,"(0.1, 1]",C1,Accuracy at 99% Specificity,0.9664285714285714
/scratchc/nrlab/wang04/ulyses_results_iteration/iteration_3_merge_below_3/cnn_model/cnn14/plasma_tp1_0.1x_model_C1/roc_curve_resnet18_tf_0.1_1/nested_cv_random/resnet18/repeat_10_fold_5_metrics.csv,2,1,resnet18,"(0.1, 1]",C1,F1 at 99% Specificity,0.9705882352941176
/scratchc/nrlab/wang04/ulyses_results_iteration/iteration_3_merge_below_3/cnn_model/cnn14/plasma_tp1_0.1x_model_C1/roc_curve_resnet18_tf_0.1_1/nested_cv_random/resnet18/repeat_10_fold_5_metrics.csv,2,1,resnet18,"(0.1, 1]",C1,Sensitivity at 98% Specificity,0.9428571428571428
/scratchc/nrlab/wang04/ulyses_results_iteration/iteration_3_merge_below_3/cnn_model/cnn14/plasma_tp1_0.1x_model_C1/roc_curve_resnet18_tf_0.1_1/nested_cv_random/resnet18/repeat_10_fold_5_metrics.csv,2,1,resnet18,"(0.1, 1]",C1,PPV at 98% Specificity,1
/scratchc/nrlab/wang04/ulyses_results_iteration/iteration_3_merge_below_3/cnn_model/cnn14/plasma_tp1_0.1x_model_C1/roc_curve_resnet18_tf_0.1_1/nested_cv_random/resnet18/repeat_10_fold_5_metrics.csv,2,1,resnet18,"(0.1, 1]",C1,Accuracy at 98% Specificity,0.9614285714285714
/scratchc/nrlab/wang04/ulyses_results_iteration/iteration_3_merge_below_3/cnn_model/cnn14/plasma_tp1_0.1x_model_C1/roc_curve_resnet18_tf_0.1_1/nested_cv_random/resnet18/repeat_10_fold_5_metrics.csv,2,1,resnet18,"(0.1, 1]",C1,F1 at 98% Specificity,0.9705882352941176
/scratchc/nrlab/wang04/ulyses_results_iteration/iteration_3_merge_below_3/cnn_model/cnn14/plasma_tp1_0.1x_model_C1/roc_curve_resnet18_tf_0.1_1/nested_cv_random/resnet18/repeat_10_fold_5_metrics.csv,2,1,resnet18,"(0.1, 1]",C1,Sensitivity at 95% Specificity,0.9428571428571428
/scratchc/nrlab/wang04/ulyses_results_iteration/iteration_3_merge_below_3/cnn_model/cnn14/plasma_tp1_0.1x_model_C1/roc_curve_resnet18_tf_0.1_1/nested_cv_random/resnet18/repeat_10_fold_5_metrics.csv,2,1,resnet18,"(0.1, 1]",C1,PPV at 95% Specificity,1
/scratchc/nrlab/wang04/ulyses_results_iteration/iteration_3_merge_below_3/cnn_model/cnn14/plasma_tp1_0.1x_model_C1/roc_curve_resnet18_tf_0.1_1/nested_cv_random/resnet18/repeat_10_fold_5_metrics.csv,2,1,resnet18,"(0.1, 1]",C1,Accuracy at 95% Specificity,0.9464285714285714
/scratchc/nrlab/wang04/ulyses_results_iteration/iteration_3_merge_below_3/cnn_model/cnn14/plasma_tp1_0.1x_model_C1/roc_curve_resnet18_tf_0.1_1/nested_cv_random/resnet18/repeat_10_fold_5_metrics.csv,2,1,resnet18,"(0.1, 1]",C1,F1 at 95% Specificity,0.9705882352941176
/scratchc/nrlab/wang04/ulyses_results_iteration/iteration_3_merge_below_3/cnn_model/cnn14/plasma_tp1_0.1x_model_C1/roc_curve_resnet18_tf_0.1_1/nested_cv_random/resnet18/repeat_10_fold_5_metrics.csv,3,4,resnet18,"(0.1, 1]",C1,AUROC,0.99959661153691
/scratchc/nrlab/wang04/ulyses_results_iteration/iteration_3_merge_below_3/cnn_model/cnn14/plasma_tp1_0.1x_model_C1/roc_curve_resnet18_tf_0.1_1/nested_cv_random/resnet18/repeat_10_fold_5_metrics.csv,3,4,resnet18,"(0.1, 1]",C1,AUPRC,0.9992887624466572
/scratchc/nrlab/wang04/ulyses_results_iteration/iteration_3_merge_below_3/cnn_model/cnn14/plasma_tp1_0.1x_model_C1/roc_curve_resnet18_tf_0.1_1/nested_cv_random/resnet18/repeat_10_fold_5_metrics.csv,3,4,resnet18,"(0.1, 1]",C1,Sensitivity at 99% Specificity,0.972972972972973
/scratchc/nrlab/wang04/ulyses_results_iteration/iteration_3_merge_below_3/cnn_model/cnn14/plasma_tp1_0.1x_model_C1/roc_curve_resnet18_tf_0.1_1/nested_cv_random/resnet18/repeat_10_fold_5_metrics.csv,3,4,resnet18,"(0.1, 1]",C1,PPV at 99% Specificity,1
/scratchc/nrlab/wang04/ulyses_results_iteration/iteration_3_merge_below_3/cnn_model/cnn14/plasma_tp1_0.1x_model_C1/roc_curve_resnet18_tf_0.1_1/nested_cv_random/resnet18/repeat_10_fold_5_metrics.csv,3,4,resnet18,"(0.1, 1]",C1,Accuracy at 99% Specificity,0.9814864864864864
/scratchc/nrlab/wang04/ulyses_results_iteration/iteration_3_merge_below_3/cnn_model/cnn14/plasma_tp1_0.1x_model_C1/roc_curve_resnet18_tf_0.1_1/nested_cv_random/resnet18/repeat_10_fold_5_metrics.csv,3,4,resnet18,"(0.1, 1]",C1,F1 at 99% Specificity,0.9863013698630136
/scratchc/nrlab/wang04/ulyses_results_iteration/iteration_3_merge_below_3/cnn_model/cnn14/plasma_tp1_0.1x_model_C1/roc_curve_resnet18_tf_0.1_1/nested_cv_random/resnet18/repeat_10_fold_5_metrics.csv,3,4,resnet18,"(0.1, 1]",C1,Sensitivity at 98% Specificity,0.972972972972973
/scratchc/nrlab/wang04/ulyses_results_iteration/iteration_3_merge_below_3/cnn_model/cnn14/plasma_tp1_0.1x_model_C1/roc_curve_resnet18_tf_0.1_1/nested_cv_random/resnet18/repeat_10_fold_5_metrics.csv,3,4,resnet18,"(0.1, 1]",C1,PPV at 98% Specificity,1
/scratchc/nrlab/wang04/ulyses_results_iteration/iteration_3_merge_below_3/cnn_model/cnn14/plasma_tp1_0.1x_model_C1/roc_curve_resnet18_tf_0.1_1/nested_cv_random/resnet18/repeat_10_fold_5_metrics.csv,3,4,resnet18,"(0.1, 1]",C1,Accuracy at 98% Specificity,0.9764864864864864
/scratchc/nrlab/wang04/ulyses_results_iteration/iteration_3_merge_below_3/cnn_model/cnn14/plasma_tp1_0.1x_model_C1/roc_curve_resnet18_tf_0.1_1/nested_cv_random/resnet18/repeat_10_fold_5_metrics.csv,3,4,resnet18,"(0.1, 1]",C1,F1 at 98% Specificity,0.9863013698630136
/scratchc/nrlab/wang04/ulyses_results_iteration/iteration_3_merge_below_3/cnn_model/cnn14/plasma_tp1_0.1x_model_C1/roc_curve_resnet18_tf_0.1_1/nested_cv_random/resnet18/repeat_10_fold_5_metrics.csv,3,4,resnet18,"(0.1, 1]",C1,Sensitivity at 95% Specificity,0.972972972972973
/scratchc/nrlab/wang04/ulyses_results_iteration/iteration_3_merge_below_3/cnn_model/cnn14/plasma_tp1_0.1x_model_C1/roc_curve_resnet18_tf_0.1_1/nested_cv_random/resnet18/repeat_10_fold_5_metrics.csv,3,4,resnet18,"(0.1, 1]",C1,PPV at 95% Specificity,1
/scratchc/nrlab/wang04/ulyses_results_iteration/iteration_3_merge_below_3/cnn_model/cnn14/plasma_tp1_0.1x_model_C1/roc_curve_resnet18_tf_0.1_1/nested_cv_random/resnet18/repeat_10_fold_5_metrics.csv,3,4,resnet18,"(0.1, 1]",C1,Accuracy at 95% Specificity,0.9614864864864864
/scratchc/nrlab/wang04/ulyses_results_iteration/iteration_3_merge_below_3/cnn_model/cnn14/plasma_tp1_0.1x_model_C1/roc_curve_resnet18_tf_0.1_1/nested_cv_random/resnet18/repeat_10_fold_5_metrics.csv,3,4,resnet18,"(0.1, 1]",C1,F1 at 95% Specificity,0.9863013698630136
/scratchc/nrlab/wang04/ulyses_results_iteration/iteration_3_merge_below_3/cnn_model/cnn14/plasma_tp1_0.1x_model_C1/roc_curve_resnet18_tf_0.1_1/nested_cv_random/resnet18/repeat_10_fold_5_metrics.csv,3,5,resnet18,"(0.1, 1]",C1,AUROC,0.999244142101285
/scratchc/nrlab/wang04/ulyses_results_iteration/iteration_3_merge_below_3/cnn_model/cnn14/plasma_tp1_0.1x_model_C1/roc_curve_resnet18_tf_0.1_1/nested_cv_random/resnet18/repeat_10_fold_5_metrics.csv,3,5,resnet18,"(0.1, 1]",C1,AUPRC,0.9988793967199282
/scratchc/nrlab/wang04/ulyses_results_iteration/iteration_3_merge_below_3/cnn_model/cnn14/plasma_tp1_0.1x_model_C1/roc_curve_resnet18_tf_0.1_1/nested_cv_random/resnet18/repeat_10_fold_5_metrics.csv,3,5,resnet18,"(0.1, 1]",C1,Sensitivity at 99% Specificity,0.9523809523809524
/scratchc/nrlab/wang04/ulyses_results_iteration/iteration_3_merge_below_3/cnn_model/cnn14/plasma_tp1_0.1x_model_C1/roc_curve_resnet18_tf_0.1_1/nested_cv_random/resnet18/repeat_10_fold_5_metrics.csv,3,5,resnet18,"(0.1, 1]",C1,PPV at 99% Specificity,1
/scratchc/nrlab/wang04/ulyses_results_iteration/iteration_3_merge_below_3/cnn_model/cnn14/plasma_tp1_0.1x_model_C1/roc_curve_resnet18_tf_0.1_1/nested_cv_random/resnet18/repeat_10_fold_5_metrics.csv,3,5,resnet18,"(0.1, 1]",C1,Accuracy at 99% Specificity,0.9711904761904762
/scratchc/nrlab/wang04/ulyses_results_iteration/iteration_3_merge_below_3/cnn_model/cnn14/plasma_tp1_0.1x_model_C1/roc_curve_resnet18_tf_0.1_1/nested_cv_random/resnet18/repeat_10_fold_5_metrics.csv,3,5,resnet18,"(0.1, 1]",C1,F1 at 99% Specificity,0.975609756097561
/scratchc/nrlab/wang04/ulyses_results_iteration/iteration_3_merge_below_3/cnn_model/cnn14/plasma_tp1_0.1x_model_C1/roc_curve_resnet18_tf_0.1_1/nested_cv_random/resnet18/repeat_10_fold_5_metrics.csv,3,5,resnet18,"(0.1, 1]",C1,Sensitivity at 98% Specificity,0.9523809523809524
/scratchc/nrlab/wang04/ulyses_results_iteration/iteration_3_merge_below_3/cnn_model/cnn14/plasma_tp1_0.1x_model_C1/roc_curve_resnet18_tf_0.1_1/nested_cv_random/resnet18/repeat_10_fold_5_metrics.csv,3,5,resnet18,"(0.1, 1]",C1,PPV at 98% Specificity,1
/scratchc/nrlab/wang04/ulyses_results_iteration/iteration_3_merge_below_3/cnn_model/cnn14/plasma_tp1_0.1x_model_C1/roc_curve_resnet18_tf_0.1_1/nested_cv_random/resnet18/repeat_10_fold_5_metrics.csv,3,5,resnet18,"(0.1, 1]",C1,Accuracy at 98% Specificity,0.9661904761904762
/scratchc/nrlab/wang04/ulyses_results_iteration/iteration_3_merge_below_3/cnn_model/cnn14/plasma_tp1_0.1x_model_C1/roc_curve_resnet18_tf_0.1_1/nested_cv_random/resnet18/repeat_10_fold_5_metrics.csv,3,5,resnet18,"(0.1, 1]",C1,F1 at 98% Specificity,0.975609756097561
/scratchc/nrlab/wang04/ulyses_results_iteration/iteration_3_merge_below_3/cnn_model/cnn14/plasma_tp1_0.1x_model_C1/roc_curve_resnet18_tf_0.1_1/nested_cv_random/resnet18/repeat_10_fold_5_metrics.csv,3,5,resnet18,"(0.1, 1]",C1,Sensitivity at 95% Specificity,0.9523809523809524
/scratchc/nrlab/wang04/ulyses_results_iteration/iteration_3_merge_below_3/cnn_model/cnn14/plasma_tp1_0.1x_model_C1/roc_curve_resnet18_tf_0.1_1/nested_cv_random/resnet18/repeat_10_fold_5_metrics.csv,3,5,resnet18,"(0.1, 1]",C1,PPV at 95% Specificity,1
/scratchc/nrlab/wang04/ulyses_results_iteration/iteration_3_merge_below_3/cnn_model/cnn14/plasma_tp1_0.1x_model_C1/roc_curve_resnet18_tf_0.1_1/nested_cv_random/resnet18/repeat_10_fold_5_metrics.csv,3,5,resnet18,"(0.1, 1]",C1,Accuracy at 95% Specificity,0.951190476190476
/scratchc/nrlab/wang04/ulyses_results_iteration/iteration_3_merge_below_3/cnn_model/cnn14/plasma_tp1_0.1x_model_C1/roc_curve_resnet18_tf_0.1_1/nested_cv_random/resnet18/repeat_10_fold_5_metrics.csv,3,5,resnet18,"(0.1, 1]",C1,F1 at 95% Specificity,0.975609756097561
/scratchc/nrlab/wang04/ulyses_results_iteration/iteration_3_merge_below_3/cnn_model/cnn14/plasma_tp1_0.1x_model_C1/roc_curve_resnet18_tf_0.1_1/nested_cv_random/resnet18/repeat_10_fold_5_metrics.csv,4,2,resnet18,"(0.1, 1]",C1,AUROC,0.9996055226824458
/scratchc/nrlab/wang04/ulyses_results_iteration/iteration_3_merge_below_3/cnn_model/cnn14/plasma_tp1_0.1x_model_C1/roc_curve_resnet18_tf_0.1_1/nested_cv_random/resnet18/repeat_10_fold_5_metrics.csv,4,2,resnet18,"(0.1, 1]",C1,AUPRC,0.9993589743589744
/scratchc/nrlab/wang04/ulyses_results_iteration/iteration_3_merge_below_3/cnn_model/cnn14/plasma_tp1_0.1x_model_C1/roc_curve_resnet18_tf_0.1_1/nested_cv_random/resnet18/repeat_10_fold_5_metrics.csv,4,2,resnet18,"(0.1, 1]",C1,Sensitivity at 99% Specificity,0.97435897435897445
/scratchc/nrlab/wang04/ulyses_results_iteration/iteration_3_merge_below_3/cnn_model/cnn14/plasma_tp1_0.1x_model_C1/roc_curve_resnet18_tf_0.1_1/nested_cv_random/resnet18/repeat_10_fold_5_metrics.csv,4,2,resnet18,"(0.1, 1]",C1,PPV at 99% Specificity,1
/scratchc/nrlab/wang04/ulyses_results_iteration/iteration_3_merge_below_3/cnn_model/cnn14/plasma_tp1_0.1x_model_C1/roc_curve_resnet18_tf_0.1_1/nested_cv_random/resnet18/repeat_10_fold_5_metrics.csv,4,2,resnet18,"(0.1, 1]",C1,Accuracy at 99% Specificity,0.9821794871794872
/scratchc/nrlab/wang04/ulyses_results_iteration/iteration_3_merge_below_3/cnn_model/cnn14/plasma_tp1_0.1x_model_C1/roc_curve_resnet18_tf_0.1_1/nested_cv_random/resnet18/repeat_10_fold_5_metrics.csv,4,2,resnet18,"(0.1, 1]",C1,F1 at 99% Specificity,0.987012987012987
/scratchc/nrlab/wang04/ulyses_results_iteration/iteration_3_merge_below_3/cnn_model/cnn14/plasma_tp1_0.1x_model_C1/roc_curve_resnet18_tf_0.1_1/nested_cv_random/resnet18/repeat_10_fold_5_metrics.csv,4,2,resnet18,"(0.1, 1]",C1,Sensitivity at 98% Specificity,0.97435897435897445
/scratchc/nrlab/wang04/ulyses_results_iteration/iteration_3_merge_below_3/cnn_model/cnn14/plasma_tp1_0.1x_model_C1/roc_curve_resnet18_tf_0.1_1/nested_cv_random/resnet18/repeat_10_fold_5_metrics.csv,4,2,resnet18,"(0.1, 1]",C1,PPV at 98% Specificity,1
/scratchc/nrlab/wang04/ulyses_results_iteration/iteration_3_merge_below_3/cnn_model/cnn14/plasma_tp1_0.1x_model_C1/roc_curve_resnet18_tf_0.1_1/nested_cv_random/resnet18/repeat_10_fold_5_metrics.csv,4,2,resnet18,"(0.1, 1]",C1,Accuracy at 98% Specificity,0.9771794871794872
/scratchc/nrlab/wang04/ulyses_results_iteration/iteration_3_merge_below_3/cnn_model/cnn14/plasma_tp1_0.1x_model_C1/roc_curve_resnet18_tf_0.1_1/nested_cv_random/resnet18/repeat_10_fold_5_metrics.csv,4,2,resnet18,"(0.1, 1]",C1,F1 at 98% Specificity,0.987012987012987
/scratchc/nrlab/wang04/ulyses_results_iteration/iteration_3_merge_below_3/cnn_model/cnn14/plasma_tp1_0.1x_model_C1/roc_curve_resnet18_tf_0.1_1/nested_cv_random/resnet18/repeat_10_fold_5_metrics.csv,4,2,resnet18,"(0.1, 1]",C1,Sensitivity at 95% Specificity,0.97435897435897445
/scratchc/nrlab/wang04/ulyses_results_iteration/iteration_3_merge_below_3/cnn_model/cnn14/plasma_tp1_0.1x_model_C1/roc_curve_resnet18_tf_0.1_1/nested_cv_random/resnet18/repeat_10_fold_5_metrics.csv,4,2,resnet18,"(0.1, 1]",C1,PPV at 95% Specificity,1
/scratchc/nrlab/wang04/ulyses_results_iteration/iteration_3_merge_below_3/cnn_model/cnn14/plasma_tp1_0.1x_model_C1/roc_curve_resnet18_tf_0.1_1/nested_cv_random/resnet18/repeat_10_fold_5_metrics.csv,4,2,resnet18,"(0.1, 1]",C1,Accuracy at 95% Specificity,0.9621794871794872
/scratchc/nrlab/wang04/ulyses_results_iteration/iteration_3_merge_below_3/cnn_model/cnn14/plasma_tp1_0.1x_model_C1/roc_curve_resnet18_tf_0.1_1/nested_cv_random/resnet18/repeat_10_fold_5_metrics.csv,4,2,resnet18,"(0.1, 1]",C1,F1 at 95% Specificity,0.987012987012987
/scratchc/nrlab/wang04/ulyses_results_iteration/iteration_3_merge_below_3/cnn_model/cnn14/plasma_tp1_0.1x_model_C1/roc_curve_resnet18_tf_0.1_1/nested_cv_random/resnet18/repeat_10_fold_5_metrics.csv,5,4,resnet18,"(0.1, 1]",C1,AUROC,0.999624765478424
/scratchc/nrlab/wang04/ulyses_results_iteration/iteration_3_merge_below_3/cnn_model/cnn14/plasma_tp1_0.1x_model_C1/roc_curve_resnet18_tf_0.1_1/nested_cv_random/resnet18/repeat_10_fold_5_metrics.csv,5,4,resnet18,"(0.1, 1]",C1,AUPRC,0.9994192799070848
/scratchc/nrlab/wang04/ulyses_results_iteration/iteration_3_merge_below_3/cnn_model/cnn14/plasma_tp1_0.1x_model_C1/roc_curve_resnet18_tf_0.1_1/nested_cv_random/resnet18/repeat_10_fold_5_metrics.csv,5,4,resnet18,"(0.1, 1]",C1,Sensitivity at 99% Specificity,0.975609756097561
/scratchc/nrlab/wang04/ulyses_results_iteration/iteration_3_merge_below_3/cnn_model/cnn14/plasma_tp1_0.1x_model_C1/roc_curve_resnet18_tf_0.1_1/nested_cv_random/resnet18/repeat_10_fold_5_metrics.csv,5,4,resnet18,"(0.1, 1]",C1,PPV at 99% Specificity,1
/scratchc/nrlab/wang04/ulyses_results_iteration/iteration_3_merge_below_3/cnn_model/cnn14/plasma_tp1_0.1x_model_C1/roc_curve_resnet18_tf_0.1_1/nested_cv_random/resnet18/repeat_10_fold_5_metrics.csv,5,4,resnet18,"(0.1, 1]",C1,Accuracy at 99% Specificity,0.9828048780487804
/scratchc/nrlab/wang04/ulyses_results_iteration/iteration_3_merge_below_3/cnn_model/cnn14/plasma_tp1_0.1x_model_C1/roc_curve_resnet18_tf_0.1_1/nested_cv_random/resnet18/repeat_10_fold_5_metrics.csv,5,4,resnet18,"(0.1, 1]",C1,F1 at 99% Specificity,0.9876543209876544
/scratchc/nrlab/wang04/ulyses_results_iteration/iteration_3_merge_below_3/cnn_model/cnn14/plasma_tp1_0.1x_model_C1/roc_curve_resnet18_tf_0.1_1/nested_cv_random/resnet18/repeat_10_fold_5_metrics.csv,5,4,resnet18,"(0.1, 1]",C1,Sensitivity at 98% Specificity,0.975609756097561
/scratchc/nrlab/wang04/ulyses_results_iteration/iteration_3_merge_below_3/cnn_model/cnn14/plasma_tp1_0.1x_model_C1/roc_curve_resnet18_tf_0.1_1/nested_cv_random/resnet18/repeat_10_fold_5_metrics.csv,5,4,resnet18,"(0.1, 1]",C1,PPV at 98% Specificity,1
/scratchc/nrlab/wang04/ulyses_results_iteration/iteration_3_merge_below_3/cnn_model/cnn14/plasma_tp1_0.1x_model_C1/roc_curve_resnet18_tf_0.1_1/nested_cv_random/resnet18/repeat_10_fold_5_metrics.csv,5,4,resnet18,"(0.1, 1]",C1,Accuracy at 98% Specificity,0.9778048780487804
/scratchc/nrlab/wang04/ulyses_results_iteration/iteration_3_merge_below_3/cnn_model/cnn14/plasma_tp1_0.1x_model_C1/roc_curve_resnet18_tf_0.1_1/nested_cv_random/resnet18/repeat_10_fold_5_metrics.csv,5,4,resnet18,"(0.1, 1]",C1,F1 at 98% Specificity,0.9876543209876544
/scratchc/nrlab/wang04/ulyses_results_iteration/iteration_3_merge_below_3/cnn_model/cnn14/plasma_tp1_0.1x_model_C1/roc_curve_resnet18_tf_0.1_1/nested_cv_random/resnet18/repeat_10_fold_5_metrics.csv,5,4,resnet18,"(0.1, 1]",C1,Sensitivity at 95% Specificity,0.975609756097561
/scratchc/nrlab/wang04/ulyses_results_iteration/iteration_3_merge_below_3/cnn_model/cnn14/plasma_tp1_0.1x_model_C1/roc_curve_resnet18_tf_0.1_1/nested_cv_random/resnet18/repeat_10_fold_5_metrics.csv,5,4,resnet18,"(0.1, 1]",C1,PPV at 95% Specificity,1
/scratchc/nrlab/wang04/ulyses_results_iteration/iteration_3_merge_below_3/cnn_model/cnn14/plasma_tp1_0.1x_model_C1/roc_curve_resnet18_tf_0.1_1/nested_cv_random/resnet18/repeat_10_fold_5_metrics.csv,5,4,resnet18,"(0.1, 1]",C1,Accuracy at 95% Specificity,0.9628048780487805
/scratchc/nrlab/wang04/ulyses_results_iteration/iteration_3_merge_below_3/cnn_model/cnn14/plasma_tp1_0.1x_model_C1/roc_curve_resnet18_tf_0.1_1/nested_cv_random/resnet18/repeat_10_fold_5_metrics.csv,5,4,resnet18,"(0.1, 1]",C1,F1 at 95% Specificity,0.9876543209876544
/scratchc/nrlab/wang04/ulyses_results_iteration/iteration_3_merge_below_3/cnn_model/cnn14/plasma_tp1_0.1x_model_C1/roc_curve_resnet18_tf_0.1_1/nested_cv_random/resnet18/repeat_10_fold_5_metrics.csv,5,5,resnet18,"(0.1, 1]",C1,AUROC,0.9992110453648916
/scratchc/nrlab/wang04/ulyses_results_iteration/iteration_3_merge_below_3/cnn_model/cnn14/plasma_tp1_0.1x_model_C1/roc_curve_resnet18_tf_0.1_1/nested_cv_random/resnet18/repeat_10_fold_5_metrics.csv,5,5,resnet18,"(0.1, 1]",C1,AUPRC,0.9987015121630508
/scratchc/nrlab/wang04/ulyses_results_iteration/iteration_3_merge_below_3/cnn_model/cnn14/plasma_tp1_0.1x_model_C1/roc_curve_resnet18_tf_0.1_1/nested_cv_random/resnet18/repeat_10_fold_5_metrics.csv,5,5,resnet18,"(0.1, 1]",C1,Sensitivity at 99% Specificity,0.9487179487179488
/scratchc/nrlab/wang04/ulyses_results_iteration/iteration_3_merge_below_3/cnn_model/cnn14/plasma_tp1_0.1x_model_C1/roc_curve_resnet18_tf_0.1_1/nested_cv_random/resnet18/repeat_10_fold_5_metrics.csv,5,5,resnet18,"(0.1, 1]",C1,PPV at 99% Specificity,1
/scratchc/nrlab/wang04/ulyses_results_iteration/iteration_3_merge_below_3/cnn_model/cnn14/plasma_tp1_0.1x_model_C1/roc_curve_resnet18_tf_0.1_1/nested_cv_random/resnet18/repeat_10_fold_5_metrics.csv,5,5,resnet18,"(0.1, 1]",C1,Accuracy at 99% Specificity,0.9693589743589744
/scratchc/nrlab/wang04/ulyses_results_iteration/iteration_3_merge_below_3/cnn_model/cnn14/plasma_tp1_0.1x_model_C1/roc_curve_resnet18_tf_0.1_1/nested_cv_random/resnet18/repeat_10_fold_5_metrics.csv,5,5,resnet18,"(0.1, 1]",C1,F1 at 99% Specificity,0.9736842105263158
/scratchc/nrlab/wang04/ulyses_results_iteration/iteration_3_merge_below_3/cnn_model/cnn14/plasma_tp1_0.1x_model_C1/roc_curve_resnet18_tf_0.1_1/nested_cv_random/resnet18/repeat_10_fold_5_metrics.csv,5,5,resnet18,"(0.1, 1]",C1,Sensitivity at 98% Specificity,0.9487179487179488
/scratchc/nrlab/wang04/ulyses_results_iteration/iteration_3_merge_below_3/cnn_model/cnn14/plasma_tp1_0.1x_model_C1/roc_curve_resnet18_tf_0.1_1/nested_cv_random/resnet18/repeat_10_fold_5_metrics.csv,5,5,resnet18,"(0.1, 1]",C1,PPV at 98% Specificity,1
/scratchc/nrlab/wang04/ulyses_results_iteration/iteration_3_merge_below_3/cnn_model/cnn14/plasma_tp1_0.1x_model_C1/roc_curve_resnet18_tf_0.1_1/nested_cv_random/resnet18/repeat_10_fold_5_metrics.csv,5,5,resnet18,"(0.1, 1]",C1,Accuracy at 98% Specificity,0.9643589743589744
/scratchc/nrlab/wang04/ulyses_results_iteration/iteration_3_merge_below_3/cnn_model/cnn14/plasma_tp1_0.1x_model_C1/roc_curve_resnet18_tf_0.1_1/nested_cv_random/resnet18/repeat_10_fold_5_metrics.csv,5,5,resnet18,"(0.1, 1]",C1,F1 at 98% Specificity,0.9736842105263158
/scratchc/nrlab/wang04/ulyses_results_iteration/iteration_3_merge_below_3/cnn_model/cnn14/plasma_tp1_0.1x_model_C1/roc_curve_resnet18_tf_0.1_1/nested_cv_random/resnet18/repeat_10_fold_5_metrics.csv,5,5,resnet18,"(0.1, 1]",C1,Sensitivity at 95% Specificity,0.9487179487179488
/scratchc/nrlab/wang04/ulyses_results_iteration/iteration_3_merge_below_3/cnn_model/cnn14/plasma_tp1_0.1x_model_C1/roc_curve_resnet18_tf_0.1_1/nested_cv_random/resnet18/repeat_10_fold_5_metrics.csv,5,5,resnet18,"(0.1, 1]",C1,PPV at 95% Specificity,1
/scratchc/nrlab/wang04/ulyses_results_iteration/iteration_3_merge_below_3/cnn_model/cnn14/plasma_tp1_0.1x_model_C1/roc_curve_resnet18_tf_0.1_1/nested_cv_random/resnet18/repeat_10_fold_5_metrics.csv,5,5,resnet18,"(0.1, 1]",C1,Accuracy at 95% Specificity,0.9493589743589744
/scratchc/nrlab/wang04/ulyses_results_iteration/iteration_3_merge_below_3/cnn_model/cnn14/plasma_tp1_0.1x_model_C1/roc_curve_resnet18_tf_0.1_1/nested_cv_random/resnet18/repeat_10_fold_5_metrics.csv,5,5,resnet18,"(0.1, 1]",C1,F1 at 95% Specificity,0.9736842105263158
/scratchc/nrlab/wang04/ulyses_results_iteration/iteration_3_merge_below_3/cnn_model/cnn14/plasma_tp1_0.1x_model_C1/roc_curve_resnet18_tf_0.1_1/nested_cv_random/resnet18/repeat_10_fold_5_metrics.csv,6,2,resnet18,"(0.1, 1]",C1,AUROC,0.9996055226824458
/scratchc/nrlab/wang04/ulyses_results_iteration/iteration_3_merge_below_3/cnn_model/cnn14/plasma_tp1_0.1x_model_C1/roc_curve_resnet18_tf_0.1_1/nested_cv_random/resnet18/repeat_10_fold_5_metrics.csv,6,2,resnet18,"(0.1, 1]",C1,AUPRC,0.9993589743589744
/scratchc/nrlab/wang04/ulyses_results_iteration/iteration_3_merge_below_3/cnn_model/cnn14/plasma_tp1_0.1x_model_C1/roc_curve_resnet18_tf_0.1_1/nested_cv_random/resnet18/repeat_10_fold_5_metrics.csv,6,2,resnet18,"(0.1, 1]",C1,Sensitivity at 99% Specificity,0.97435897435897445
/scratchc/nrlab/wang04/ulyses_results_iteration/iteration_3_merge_below_3/cnn_model/cnn14/plasma_tp1_0.1x_model_C1/roc_curve_resnet18_tf_0.1_1/nested_cv_random/resnet18/repeat_10_fold_5_metrics.csv,6,2,resnet18,"(0.1, 1]",C1,PPV at 99% Specificity,1
/scratchc/nrlab/wang04/ulyses_results_iteration/iteration_3_merge_below_3/cnn_model/cnn14/plasma_tp1_0.1x_model_C1/roc_curve_resnet18_tf_0.1_1/nested_cv_random/resnet18/repeat_10_fold_5_metrics.csv,6,2,resnet18,"(0.1, 1]",C1,Accuracy at 99% Specificity,0.9821794871794872
/scratchc/nrlab/wang04/ulyses_results_iteration/iteration_3_merge_below_3/cnn_model/cnn14/plasma_tp1_0.1x_model_C1/roc_curve_resnet18_tf_0.1_1/nested_cv_random/resnet18/repeat_10_fold_5_metrics.csv,6,2,resnet18,"(0.1, 1]",C1,F1 at 99% Specificity,0.987012987012987
/scratchc/nrlab/wang04/ulyses_results_iteration/iteration_3_merge_below_3/cnn_model/cnn14/plasma_tp1_0.1x_model_C1/roc_curve_resnet18_tf_0.1_1/nested_cv_random/resnet18/repeat_10_fold_5_metrics.csv,6,2,resnet18,"(0.1, 1]",C1,Sensitivity at 98% Specificity,0.97435897435897445
/scratchc/nrlab/wang04/ulyses_results_iteration/iteration_3_merge_below_3/cnn_model/cnn14/plasma_tp1_0.1x_model_C1/roc_curve_resnet18_tf_0.1_1/nested_cv_random/resnet18/repeat_10_fold_5_metrics.csv,6,2,resnet18,"(0.1, 1]",C1,PPV at 98% Specificity,1
/scratchc/nrlab/wang04/ulyses_results_iteration/iteration_3_merge_below_3/cnn_model/cnn14/plasma_tp1_0.1x_model_C1/roc_curve_resnet18_tf_0.1_1/nested_cv_random/resnet18/repeat_10_fold_5_metrics.csv,6,2,resnet18,"(0.1, 1]",C1,Accuracy at 98% Specificity,0.9771794871794872
/scratchc/nrlab/wang04/ulyses_results_iteration/iteration_3_merge_below_3/cnn_model/cnn14/plasma_tp1_0.1x_model_C1/roc_curve_resnet18_tf_0.1_1/nested_cv_random/resnet18/repeat_10_fold_5_metrics.csv,6,2,resnet18,"(0.1, 1]",C1,F1 at 98% Specificity,0.987012987012987
/scratchc/nrlab/wang04/ulyses_results_iteration/iteration_3_merge_below_3/cnn_model/cnn14/plasma_tp1_0.1x_model_C1/roc_curve_resnet18_tf_0.1_1/nested_cv_random/resnet18/repeat_10_fold_5_metrics.csv,6,2,resnet18,"(0.1, 1]",C1,Sensitivity at 95% Specificity,0.97435897435897445
/scratchc/nrlab/wang04/ulyses_results_iteration/iteration_3_merge_below_3/cnn_model/cnn14/plasma_tp1_0.1x_model_C1/roc_curve_resnet18_tf_0.1_1/nested_cv_random/resnet18/repeat_10_fold_5_metrics.csv,6,2,resnet18,"(0.1, 1]",C1,PPV at 95% Specificity,1
/scratchc/nrlab/wang04/ulyses_results_iteration/iteration_3_merge_below_3/cnn_model/cnn14/plasma_tp1_0.1x_model_C1/roc_curve_resnet18_tf_0.1_1/nested_cv_random/resnet18/repeat_10_fold_5_metrics.csv,6,2,resnet18,"(0.1, 1]",C1,Accuracy at 95% Specificity,0.9621794871794872
/scratchc/nrlab/wang04/ulyses_results_iteration/iteration_3_merge_below_3/cnn_model/cnn14/plasma_tp1_0.1x_model_C1/roc_curve_resnet18_tf_0.1_1/nested_cv_random/resnet18/repeat_10_fold_5_metrics.csv,6,2,resnet18,"(0.1, 1]",C1,F1 at 95% Specificity,0.987012987012987
/scratchc/nrlab/wang04/ulyses_results_iteration/iteration_3_merge_below_3/cnn_model/cnn14/plasma_tp1_0.1x_model_C1/roc_curve_resnet18_tf_0.1_1/nested_cv_random/resnet18/repeat_10_fold_5_metrics.csv,7,3,resnet18,"(0.1, 1]",C1,AUROC,0.9991718426501036
/scratchc/nrlab/wang04/ulyses_results_iteration/iteration_3_merge_below_3/cnn_model/cnn14/plasma_tp1_0.1x_model_C1/roc_curve_resnet18_tf_0.1_1/nested_cv_random/resnet18/repeat_10_fold_5_metrics.csv,7,3,resnet18,"(0.1, 1]",C1,AUPRC,0.998390022675737
/scratchc/nrlab/wang04/ulyses_results_iteration/iteration_3_merge_below_3/cnn_model/cnn14/plasma_tp1_0.1x_model_C1/roc_curve_resnet18_tf_0.1_1/nested_cv_random/resnet18/repeat_10_fold_5_metrics.csv,7,3,resnet18,"(0.1, 1]",C1,Sensitivity at 99% Specificity,0.9428571428571428
/scratchc/nrlab/wang04/ulyses_results_iteration/iteration_3_merge_below_3/cnn_model/cnn14/plasma_tp1_0.1x_model_C1/roc_curve_resnet18_tf_0.1_1/nested_cv_random/resnet18/repeat_10_fold_5_metrics.csv,7,3,resnet18,"(0.1, 1]",C1,PPV at 99% Specificity,1
/scratchc/nrlab/wang04/ulyses_results_iteration/iteration_3_merge_below_3/cnn_model/cnn14/plasma_tp1_0.1x_model_C1/roc_curve_resnet18_tf_0.1_1/nested_cv_random/resnet18/repeat_10_fold_5_metrics.csv,7,3,resnet18,"(0.1, 1]",C1,Accuracy at 99% Specificity,0.9664285714285714
/scratchc/nrlab/wang04/ulyses_results_iteration/iteration_3_merge_below_3/cnn_model/cnn14/plasma_tp1_0.1x_model_C1/roc_curve_resnet18_tf_0.1_1/nested_cv_random/resnet18/repeat_10_fold_5_metrics.csv,7,3,resnet18,"(0.1, 1]",C1,F1 at 99% Specificity,0.9705882352941176
/scratchc/nrlab/wang04/ulyses_results_iteration/iteration_3_merge_below_3/cnn_model/cnn14/plasma_tp1_0.1x_model_C1/roc_curve_resnet18_tf_0.1_1/nested_cv_random/resnet18/repeat_10_fold_5_metrics.csv,7,3,resnet18,"(0.1, 1]",C1,Sensitivity at 98% Specificity,0.9428571428571428
/scratchc/nrlab/wang04/ulyses_results_iteration/iteration_3_merge_below_3/cnn_model/cnn14/plasma_tp1_0.1x_model_C1/roc_curve_resnet18_tf_0.1_1/nested_cv_random/resnet18/repeat_10_fold_5_metrics.csv,7,3,resnet18,"(0.1, 1]",C1,PPV at 98% Specificity,1
/scratchc/nrlab/wang04/ulyses_results_iteration/iteration_3_merge_below_3/cnn_model/cnn14/plasma_tp1_0.1x_model_C1/roc_curve_resnet18_tf_0.1_1/nested_cv_random/resnet18/repeat_10_fold_5_metrics.csv,7,3,resnet18,"(0.1, 1]",C1,Accuracy at 98% Specificity,0.9614285714285714
/scratchc/nrlab/wang04/ulyses_results_iteration/iteration_3_merge_below_3/cnn_model/cnn14/plasma_tp1_0.1x_model_C1/roc_curve_resnet18_tf_0.1_1/nested_cv_random/resnet18/repeat_10_fold_5_metrics.csv,7,3,resnet18,"(0.1, 1]",C1,F1 at 98% Specificity,0.9705882352941176
/scratchc/nrlab/wang04/ulyses_results_iteration/iteration_3_merge_below_3/cnn_model/cnn14/plasma_tp1_0.1x_model_C1/roc_curve_resnet18_tf_0.1_1/nested_cv_random/resnet18/repeat_10_fold_5_metrics.csv,7,3,resnet18,"(0.1, 1]",C1,Sensitivity at 95% Specificity,0.9428571428571428
/scratchc/nrlab/wang04/ulyses_results_iteration/iteration_3_merge_below_3/cnn_model/cnn14/plasma_tp1_0.1x_model_C1/roc_curve_resnet18_tf_0.1_1/nested_cv_random/resnet18/repeat_10_fold_5_metrics.csv,7,3,resnet18,"(0.1, 1]",C1,PPV at 95% Specificity,1
/scratchc/nrlab/wang04/ulyses_results_iteration/iteration_3_merge_below_3/cnn_model/cnn14/plasma_tp1_0.1x_model_C1/roc_curve_resnet18_tf_0.1_1/nested_cv_random/resnet18/repeat_10_fold_5_metrics.csv,7,3,resnet18,"(0.1, 1]",C1,Accuracy at 95% Specificity,0.9464285714285714
/scratchc/nrlab/wang04/ulyses_results_iteration/iteration_3_merge_below_3/cnn_model/cnn14/plasma_tp1_0.1x_model_C1/roc_curve_resnet18_tf_0.1_1/nested_cv_random/resnet18/repeat_10_fold_5_metrics.csv,7,3,resnet18,"(0.1, 1]",C1,F1 at 95% Specificity,0.9705882352941176
/scratchc/nrlab/wang04/ulyses_results_iteration/iteration_3_merge_below_3/cnn_model/cnn14/plasma_tp1_0.1x_model_C1/roc_curve_resnet18_tf_0.1_1/nested_cv_random/resnet18/repeat_10_fold_5_metrics.csv,8,3,resnet18,"(0.1, 1]",C1,AUROC,0.9979830576845502
/scratchc/nrlab/wang04/ulyses_results_iteration/iteration_3_merge_below_3/cnn_model/cnn14/plasma_tp1_0.1x_model_C1/roc_curve_resnet18_tf_0.1_1/nested_cv_random/resnet18/repeat_10_fold_5_metrics.csv,8,3,resnet18,"(0.1, 1]",C1,AUPRC,0.9964917620323024
/scratchc/nrlab/wang04/ulyses_results_iteration/iteration_3_merge_below_3/cnn_model/cnn14/plasma_tp1_0.1x_model_C1/roc_curve_resnet18_tf_0.1_1/nested_cv_random/resnet18/repeat_10_fold_5_metrics.csv,8,3,resnet18,"(0.1, 1]",C1,Sensitivity at 99% Specificity,0.918918918918919
/scratchc/nrlab/wang04/ulyses_results_iteration/iteration_3_merge_below_3/cnn_model/cnn14/plasma_tp1_0.1x_model_C1/roc_curve_resnet18_tf_0.1_1/nested_cv_random/resnet18/repeat_10_fold_5_metrics.csv,8,3,resnet18,"(0.1, 1]",C1,PPV at 99% Specificity,1
/scratchc/nrlab/wang04/ulyses_results_iteration/iteration_3_merge_below_3/cnn_model/cnn14/plasma_tp1_0.1x_model_C1/roc_curve_resnet18_tf_0.1_1/nested_cv_random/resnet18/repeat_10_fold_5_metrics.csv,8,3,resnet18,"(0.1, 1]",C1,Accuracy at 99% Specificity,0.9544594594594596
/scratchc/nrlab/wang04/ulyses_results_iteration/iteration_3_merge_below_3/cnn_model/cnn14/plasma_tp1_0.1x_model_C1/roc_curve_resnet18_tf_0.1_1/nested_cv_random/resnet18/repeat_10_fold_5_metrics.csv,8,3,resnet18,"(0.1, 1]",C1,F1 at 99% Specificity,0.9577464788732394
/scratchc/nrlab/wang04/ulyses_results_iteration/iteration_3_merge_below_3/cnn_model/cnn14/plasma_tp1_0.1x_model_C1/roc_curve_resnet18_tf_0.1_1/nested_cv_random/resnet18/repeat_10_fold_5_metrics.csv,8,3,resnet18,"(0.1, 1]",C1,Sensitivity at 98% Specificity,0.918918918918919
/scratchc/nrlab/wang04/ulyses_results_iteration/iteration_3_merge_below_3/cnn_model/cnn14/plasma_tp1_0.1x_model_C1/roc_curve_resnet18_tf_0.1_1/nested_cv_random/resnet18/repeat_10_fold_5_metrics.csv,8,3,resnet18,"(0.1, 1]",C1,PPV at 98% Specificity,1
/scratchc/nrlab/wang04/ulyses_results_iteration/iteration_3_merge_below_3/cnn_model/cnn14/plasma_tp1_0.1x_model_C1/roc_curve_resnet18_tf_0.1_1/nested_cv_random/resnet18/repeat_10_fold_5_metrics.csv,8,3,resnet18,"(0.1, 1]",C1,Accuracy at 98% Specificity,0.9494594594594594
/scratchc/nrlab/wang04/ulyses_results_iteration/iteration_3_merge_below_3/cnn_model/cnn14/plasma_tp1_0.1x_model_C1/roc_curve_resnet18_tf_0.1_1/nested_cv_random/resnet18/repeat_10_fold_5_metrics.csv,8,3,resnet18,"(0.1, 1]",C1,F1 at 98% Specificity,0.9577464788732394
/scratchc/nrlab/wang04/ulyses_results_iteration/iteration_3_merge_below_3/cnn_model/cnn14/plasma_tp1_0.1x_model_C1/roc_curve_resnet18_tf_0.1_1/nested_cv_random/resnet18/repeat_10_fold_5_metrics.csv,8,3,resnet18,"(0.1, 1]",C1,Sensitivity at 95% Specificity,0.972972972972973
/scratchc/nrlab/wang04/ulyses_results_iteration/iteration_3_merge_below_3/cnn_model/cnn14/plasma_tp1_0.1x_model_C1/roc_curve_resnet18_tf_0.1_1/nested_cv_random/resnet18/repeat_10_fold_5_metrics.csv,8,3,resnet18,"(0.1, 1]",C1,PPV at 95% Specificity,0.9473684210526316
/scratchc/nrlab/wang04/ulyses_results_iteration/iteration_3_merge_below_3/cnn_model/cnn14/plasma_tp1_0.1x_model_C1/roc_curve_resnet18_tf_0.1_1/nested_cv_random/resnet18/repeat_10_fold_5_metrics.csv,8,3,resnet18,"(0.1, 1]",C1,Accuracy at 95% Specificity,0.9473073820088744
/scratchc/nrlab/wang04/ulyses_results_iteration/iteration_3_merge_below_3/cnn_model/cnn14/plasma_tp1_0.1x_model_C1/roc_curve_resnet18_tf_0.1_1/nested_cv_random/resnet18/repeat_10_fold_5_metrics.csv,8,3,resnet18,"(0.1, 1]",C1,F1 at 95% Specificity,0.96
/scratchc/nrlab/wang04/ulyses_results_iteration/iteration_3_merge_below_3/cnn_model/cnn14/plasma_tp1_0.1x_model_C1/roc_curve_resnet18_tf_0.1_1/nested_cv_random/resnet18/repeat_10_fold_5_metrics.csv,9,5,resnet18,"(0.1, 1]",C1,AUROC,0.9996012759170654
/scratchc/nrlab/wang04/ulyses_results_iteration/iteration_3_merge_below_3/cnn_model/cnn14/plasma_tp1_0.1x_model_C1/roc_curve_resnet18_tf_0.1_1/nested_cv_random/resnet18/repeat_10_fold_5_metrics.csv,9,5,resnet18,"(0.1, 1]",C1,AUPRC,0.9993252361673416
/scratchc/nrlab/wang04/ulyses_results_iteration/iteration_3_merge_below_3/cnn_model/cnn14/plasma_tp1_0.1x_model_C1/roc_curve_resnet18_tf_0.1_1/nested_cv_random/resnet18/repeat_10_fold_5_metrics.csv,9,5,resnet18,"(0.1, 1]",C1,Sensitivity at 99% Specificity,0.9736842105263158
/scratchc/nrlab/wang04/ulyses_results_iteration/iteration_3_merge_below_3/cnn_model/cnn14/plasma_tp1_0.1x_model_C1/roc_curve_resnet18_tf_0.1_1/nested_cv_random/resnet18/repeat_10_fold_5_metrics.csv,9,5,resnet18,"(0.1, 1]",C1,PPV at 99% Specificity,1
/scratchc/nrlab/wang04/ulyses_results_iteration/iteration_3_merge_below_3/cnn_model/cnn14/plasma_tp1_0.1x_model_C1/roc_curve_resnet18_tf_0.1_1/nested_cv_random/resnet18/repeat_10_fold_5_metrics.csv,9,5,resnet18,"(0.1, 1]",C1,Accuracy at 99% Specificity,0.9818421052631578
/scratchc/nrlab/wang04/ulyses_results_iteration/iteration_3_merge_below_3/cnn_model/cnn14/plasma_tp1_0.1x_model_C1/roc_curve_resnet18_tf_0.1_1/nested_cv_random/resnet18/repeat_10_fold_5_metrics.csv,9,5,resnet18,"(0.1, 1]",C1,F1 at 99% Specificity,0.9866666666666668
/scratchc/nrlab/wang04/ulyses_results_iteration/iteration_3_merge_below_3/cnn_model/cnn14/plasma_tp1_0.1x_model_C1/roc_curve_resnet18_tf_0.1_1/nested_cv_random/resnet18/repeat_10_fold_5_metrics.csv,9,5,resnet18,"(0.1, 1]",C1,Sensitivity at 98% Specificity,0.9736842105263158
/scratchc/nrlab/wang04/ulyses_results_iteration/iteration_3_merge_below_3/cnn_model/cnn14/plasma_tp1_0.1x_model_C1/roc_curve_resnet18_tf_0.1_1/nested_cv_random/resnet18/repeat_10_fold_5_metrics.csv,9,5,resnet18,"(0.1, 1]",C1,PPV at 98% Specificity,1
/scratchc/nrlab/wang04/ulyses_results_iteration/iteration_3_merge_below_3/cnn_model/cnn14/plasma_tp1_0.1x_model_C1/roc_curve_resnet18_tf_0.1_1/nested_cv_random/resnet18/repeat_10_fold_5_metrics.csv,9,5,resnet18,"(0.1, 1]",C1,Accuracy at 98% Specificity,0.976842105263158
/scratchc/nrlab/wang04/ulyses_results_iteration/iteration_3_merge_below_3/cnn_model/cnn14/plasma_tp1_0.1x_model_C1/roc_curve_resnet18_tf_0.1_1/nested_cv_random/resnet18/repeat_10_fold_5_metrics.csv,9,5,resnet18,"(0.1, 1]",C1,F1 at 98% Specificity,0.9866666666666668
/scratchc/nrlab/wang04/ulyses_results_iteration/iteration_3_merge_below_3/cnn_model/cnn14/plasma_tp1_0.1x_model_C1/roc_curve_resnet18_tf_0.1_1/nested_cv_random/resnet18/repeat_10_fold_5_metrics.csv,9,5,resnet18,"(0.1, 1]",C1,Sensitivity at 95% Specificity,0.9736842105263158
/scratchc/nrlab/wang04/ulyses_results_iteration/iteration_3_merge_below_3/cnn_model/cnn14/plasma_tp1_0.1x_model_C1/roc_curve_resnet18_tf_0.1_1/nested_cv_random/resnet18/repeat_10_fold_5_metrics.csv,9,5,resnet18,"(0.1, 1]",C1,PPV at 95% Specificity,1
/scratchc/nrlab/wang04/ulyses_results_iteration/iteration_3_merge_below_3/cnn_model/cnn14/plasma_tp1_0.1x_model_C1/roc_curve_resnet18_tf_0.1_1/nested_cv_random/resnet18/repeat_10_fold_5_metrics.csv,9,5,resnet18,"(0.1, 1]",C1,Accuracy at 95% Specificity,0.9618421052631578
/scratchc/nrlab/wang04/ulyses_results_iteration/iteration_3_merge_below_3/cnn_model/cnn14/plasma_tp1_0.1x_model_C1/roc_curve_resnet18_tf_0.1_1/nested_cv_random/resnet18/repeat_10_fold_5_metrics.csv,9,5,resnet18,"(0.1, 1]",C1,F1 at 95% Specificity,0.9866666666666668
/scratchc/nrlab/wang04/ulyses_results_iteration/iteration_3_merge_below_3/cnn_model/cnn14/plasma_tp1_0.1x_model_C1/roc_curve_resnet18_tf_0.1_1/nested_cv_random/resnet18/repeat_10_fold_5_metrics.csv,10,2,resnet18,"(0.1, 1]",C1,AUROC,0.9992110453648916
/scratchc/nrlab/wang04/ulyses_results_iteration/iteration_3_merge_below_3/cnn_model/cnn14/plasma_tp1_0.1x_model_C1/roc_curve_resnet18_tf_0.1_1/nested_cv_random/resnet18/repeat_10_fold_5_metrics.csv,10,2,resnet18,"(0.1, 1]",C1,AUPRC,0.9987015121630506
/scratchc/nrlab/wang04/ulyses_results_iteration/iteration_3_merge_below_3/cnn_model/cnn14/plasma_tp1_0.1x_model_C1/roc_curve_resnet18_tf_0.1_1/nested_cv_random/resnet18/repeat_10_fold_5_metrics.csv,10,2,resnet18,"(0.1, 1]",C1,Sensitivity at 99% Specificity,0.9487179487179488
/scratchc/nrlab/wang04/ulyses_results_iteration/iteration_3_merge_below_3/cnn_model/cnn14/plasma_tp1_0.1x_model_C1/roc_curve_resnet18_tf_0.1_1/nested_cv_random/resnet18/repeat_10_fold_5_metrics.csv,10,2,resnet18,"(0.1, 1]",C1,PPV at 99% Specificity,1
/scratchc/nrlab/wang04/ulyses_results_iteration/iteration_3_merge_below_3/cnn_model/cnn14/plasma_tp1_0.1x_model_C1/roc_curve_resnet18_tf_0.1_1/nested_cv_random/resnet18/repeat_10_fold_5_metrics.csv,10,2,resnet18,"(0.1, 1]",C1,Accuracy at 99% Specificity,0.9693589743589744
/scratchc/nrlab/wang04/ulyses_results_iteration/iteration_3_merge_below_3/cnn_model/cnn14/plasma_tp1_0.1x_model_C1/roc_curve_resnet18_tf_0.1_1/nested_cv_random/resnet18/repeat_10_fold_5_metrics.csv,10,2,resnet18,"(0.1, 1]",C1,F1 at 99% Specificity,0.9736842105263158
/scratchc/nrlab/wang04/ulyses_results_iteration/iteration_3_merge_below_3/cnn_model/cnn14/plasma_tp1_0.1x_model_C1/roc_curve_resnet18_tf_0.1_1/nested_cv_random/resnet18/repeat_10_fold_5_metrics.csv,10,2,resnet18,"(0.1, 1]",C1,Sensitivity at 98% Specificity,0.9487179487179488
/scratchc/nrlab/wang04/ulyses_results_iteration/iteration_3_merge_below_3/cnn_model/cnn14/plasma_tp1_0.1x_model_C1/roc_curve_resnet18_tf_0.1_1/nested_cv_random/resnet18/repeat_10_fold_5_metrics.csv,10,2,resnet18,"(0.1, 1]",C1,PPV at 98% Specificity,1
/scratchc/nrlab/wang04/ulyses_results_iteration/iteration_3_merge_below_3/cnn_model/cnn14/plasma_tp1_0.1x_model_C1/roc_curve_resnet18_tf_0.1_1/nested_cv_random/resnet18/repeat_10_fold_5_metrics.csv,10,2,resnet18,"(0.1, 1]",C1,Accuracy at 98% Specificity,0.9643589743589744
/scratchc/nrlab/wang04/ulyses_results_iteration/iteration_3_merge_below_3/cnn_model/cnn14/plasma_tp1_0.1x_model_C1/roc_curve_resnet18_tf_0.1_1/nested_cv_random/resnet18/repeat_10_fold_5_metrics.csv,10,2,resnet18,"(0.1, 1]",C1,F1 at 98% Specificity,0.9736842105263158
/scratchc/nrlab/wang04/ulyses_results_iteration/iteration_3_merge_below_3/cnn_model/cnn14/plasma_tp1_0.1x_model_C1/roc_curve_resnet18_tf_0.1_1/nested_cv_random/resnet18/repeat_10_fold_5_metrics.csv,10,2,resnet18,"(0.1, 1]",C1,Sensitivity at 95% Specificity,0.9487179487179488
/scratchc/nrlab/wang04/ulyses_results_iteration/iteration_3_merge_below_3/cnn_model/cnn14/plasma_tp1_0.1x_model_C1/roc_curve_resnet18_tf_0.1_1/nested_cv_random/resnet18/repeat_10_fold_5_metrics.csv,10,2,resnet18,"(0.1, 1]",C1,PPV at 95% Specificity,1
/scratchc/nrlab/wang04/ulyses_results_iteration/iteration_3_merge_below_3/cnn_model/cnn14/plasma_tp1_0.1x_model_C1/roc_curve_resnet18_tf_0.1_1/nested_cv_random/resnet18/repeat_10_fold_5_metrics.csv,10,2,resnet18,"(0.1, 1]",C1,Accuracy at 95% Specificity,0.9493589743589744
/scratchc/nrlab/wang04/ulyses_results_iteration/iteration_3_merge_below_3/cnn_model/cnn14/plasma_tp1_0.1x_model_C1/roc_curve_resnet18_tf_0.1_1/nested_cv_random/resnet18/repeat_10_fold_5_metrics.csv,10,2,resnet18,"(0.1, 1]",C1,F1 at 95% Specificity,0.9736842105263158
/scratchc/nrlab/wang04/ulyses_results_iteration/iteration_3_merge_below_3/cnn_model/cnn14/plasma_tp1_0.1x_model_C1/roc_curve_resnet18_tf_0.1_1/nested_cv_random/resnet18/repeat_10_fold_5_metrics.csv,10,3,resnet18,"(0.1, 1]",C1,AUROC,0.999609375
/scratchc/nrlab/wang04/ulyses_results_iteration/iteration_3_merge_below_3/cnn_model/cnn14/plasma_tp1_0.1x_model_C1/roc_curve_resnet18_tf_0.1_1/nested_cv_random/resnet18/repeat_10_fold_5_metrics.csv,10,3,resnet18,"(0.1, 1]",C1,AUPRC,0.999390243902439
/scratchc/nrlab/wang04/ulyses_results_iteration/iteration_3_merge_below_3/cnn_model/cnn14/plasma_tp1_0.1x_model_C1/roc_curve_resnet18_tf_0.1_1/nested_cv_random/resnet18/repeat_10_fold_5_metrics.csv,10,3,resnet18,"(0.1, 1]",C1,Sensitivity at 99% Specificity,0.975
/scratchc/nrlab/wang04/ulyses_results_iteration/iteration_3_merge_below_3/cnn_model/cnn14/plasma_tp1_0.1x_model_C1/roc_curve_resnet18_tf_0.1_1/nested_cv_random/resnet18/repeat_10_fold_5_metrics.csv,10,3,resnet18,"(0.1, 1]",C1,PPV at 99% Specificity,1
/scratchc/nrlab/wang04/ulyses_results_iteration/iteration_3_merge_below_3/cnn_model/cnn14/plasma_tp1_0.1x_model_C1/roc_curve_resnet18_tf_0.1_1/nested_cv_random/resnet18/repeat_10_fold_5_metrics.csv,10,3,resnet18,"(0.1, 1]",C1,Accuracy at 99% Specificity,0.9825
/scratchc/nrlab/wang04/ulyses_results_iteration/iteration_3_merge_below_3/cnn_model/cnn14/plasma_tp1_0.1x_model_C1/roc_curve_resnet18_tf_0.1_1/nested_cv_random/resnet18/repeat_10_fold_5_metrics.csv,10,3,resnet18,"(0.1, 1]",C1,F1 at 99% Specificity,0.9873417721518988
/scratchc/nrlab/wang04/ulyses_results_iteration/iteration_3_merge_below_3/cnn_model/cnn14/plasma_tp1_0.1x_model_C1/roc_curve_resnet18_tf_0.1_1/nested_cv_random/resnet18/repeat_10_fold_5_metrics.csv,10,3,resnet18,"(0.1, 1]",C1,Sensitivity at 98% Specificity,0.975
/scratchc/nrlab/wang04/ulyses_results_iteration/iteration_3_merge_below_3/cnn_model/cnn14/plasma_tp1_0.1x_model_C1/roc_curve_resnet18_tf_0.1_1/nested_cv_random/resnet18/repeat_10_fold_5_metrics.csv,10,3,resnet18,"(0.1, 1]",C1,PPV at 98% Specificity,1
/scratchc/nrlab/wang04/ulyses_results_iteration/iteration_3_merge_below_3/cnn_model/cnn14/plasma_tp1_0.1x_model_C1/roc_curve_resnet18_tf_0.1_1/nested_cv_random/resnet18/repeat_10_fold_5_metrics.csv,10,3,resnet18,"(0.1, 1]",C1,Accuracy at 98% Specificity,0.9775
/scratchc/nrlab/wang04/ulyses_results_iteration/iteration_3_merge_below_3/cnn_model/cnn14/plasma_tp1_0.1x_model_C1/roc_curve_resnet18_tf_0.1_1/nested_cv_random/resnet18/repeat_10_fold_5_metrics.csv,10,3,resnet18,"(0.1, 1]",C1,F1 at 98% Specificity,0.9873417721518988
/scratchc/nrlab/wang04/ulyses_results_iteration/iteration_3_merge_below_3/cnn_model/cnn14/plasma_tp1_0.1x_model_C1/roc_curve_resnet18_tf_0.1_1/nested_cv_random/resnet18/repeat_10_fold_5_metrics.csv,10,3,resnet18,"(0.1, 1]",C1,Sensitivity at 95% Specificity,0.975
/scratchc/nrlab/wang04/ulyses_results_iteration/iteration_3_merge_below_3/cnn_model/cnn14/plasma_tp1_0.1x_model_C1/roc_curve_resnet18_tf_0.1_1/nested_cv_random/resnet18/repeat_10_fold_5_metrics.csv,10,3,resnet18,"(0.1, 1]",C1,PPV at 95% Specificity,1
/scratchc/nrlab/wang04/ulyses_results_iteration/iteration_3_merge_below_3/cnn_model/cnn14/plasma_tp1_0.1x_model_C1/roc_curve_resnet18_tf_0.1_1/nested_cv_random/resnet18/repeat_10_fold_5_metrics.csv,10,3,resnet18,"(0.1, 1]",C1,Accuracy at 95% Specificity,0.9625
/scratchc/nrlab/wang04/ulyses_results_iteration/iteration_3_merge_below_3/cnn_model/cnn14/plasma_tp1_0.1x_model_C1/roc_curve_resnet18_tf_0.1_1/nested_cv_random/resnet18/repeat_10_fold_5_metrics.csv,10,3,resnet18,"(0.1, 1]",C1,F1 at 95% Specificity,0.9873417721518988
/scratchc/nrlab/wang04/ulyses_results_iteration/iteration_3_merge_below_3/cnn_model/cnn14/plasma_tp1_0.1x_model_C1/roc_curve_resnet34_tf_0.03_0.1/nested_cv_random/resnet34/repeat_10_fold_5_metrics.csv,1,1,resnet34,"(0.03, 0.1]",C1,AUROC,0.9675925925925926
/scratchc/nrlab/wang04/ulyses_results_iteration/iteration_3_merge_below_3/cnn_model/cnn14/plasma_tp1_0.1x_model_C1/roc_curve_resnet34_tf_0.03_0.1/nested_cv_random/resnet34/repeat_10_fold_5_metrics.csv,1,1,resnet34,"(0.03, 0.1]",C1,AUPRC,0.964580702861953
/scratchc/nrlab/wang04/ulyses_results_iteration/iteration_3_merge_below_3/cnn_model/cnn14/plasma_tp1_0.1x_model_C1/roc_curve_resnet34_tf_0.03_0.1/nested_cv_random/resnet34/repeat_10_fold_5_metrics.csv,1,1,resnet34,"(0.03, 0.1]",C1,Sensitivity at 99% Specificity,0.8611111111111112
/scratchc/nrlab/wang04/ulyses_results_iteration/iteration_3_merge_below_3/cnn_model/cnn14/plasma_tp1_0.1x_model_C1/roc_curve_resnet34_tf_0.03_0.1/nested_cv_random/resnet34/repeat_10_fold_5_metrics.csv,1,1,resnet34,"(0.03, 0.1]",C1,PPV at 99% Specificity,1
/scratchc/nrlab/wang04/ulyses_results_iteration/iteration_3_merge_below_3/cnn_model/cnn14/plasma_tp1_0.1x_model_C1/roc_curve_resnet34_tf_0.03_0.1/nested_cv_random/resnet34/repeat_10_fold_5_metrics.csv,1,1,resnet34,"(0.03, 0.1]",C1,Accuracy at 99% Specificity,0.9255555555555556
/scratchc/nrlab/wang04/ulyses_results_iteration/iteration_3_merge_below_3/cnn_model/cnn14/plasma_tp1_0.1x_model_C1/roc_curve_resnet34_tf_0.03_0.1/nested_cv_random/resnet34/repeat_10_fold_5_metrics.csv,1,1,resnet34,"(0.03, 0.1]",C1,F1 at 99% Specificity,0.9253731343283582
/scratchc/nrlab/wang04/ulyses_results_iteration/iteration_3_merge_below_3/cnn_model/cnn14/plasma_tp1_0.1x_model_C1/roc_curve_resnet34_tf_0.03_0.1/nested_cv_random/resnet34/repeat_10_fold_5_metrics.csv,1,1,resnet34,"(0.03, 0.1]",C1,Sensitivity at 98% Specificity,0.8611111111111112
/scratchc/nrlab/wang04/ulyses_results_iteration/iteration_3_merge_below_3/cnn_model/cnn14/plasma_tp1_0.1x_model_C1/roc_curve_resnet34_tf_0.03_0.1/nested_cv_random/resnet34/repeat_10_fold_5_metrics.csv,1,1,resnet34,"(0.03, 0.1]",C1,PPV at 98% Specificity,1
/scratchc/nrlab/wang04/ulyses_results_iteration/iteration_3_merge_below_3/cnn_model/cnn14/plasma_tp1_0.1x_model_C1/roc_curve_resnet34_tf_0.03_0.1/nested_cv_random/resnet34/repeat_10_fold_5_metrics.csv,1,1,resnet34,"(0.03, 0.1]",C1,Accuracy at 98% Specificity,0.9205555555555556
/scratchc/nrlab/wang04/ulyses_results_iteration/iteration_3_merge_below_3/cnn_model/cnn14/plasma_tp1_0.1x_model_C1/roc_curve_resnet34_tf_0.03_0.1/nested_cv_random/resnet34/repeat_10_fold_5_metrics.csv,1,1,resnet34,"(0.03, 0.1]",C1,F1 at 98% Specificity,0.9253731343283582
/scratchc/nrlab/wang04/ulyses_results_iteration/iteration_3_merge_below_3/cnn_model/cnn14/plasma_tp1_0.1x_model_C1/roc_curve_resnet34_tf_0.03_0.1/nested_cv_random/resnet34/repeat_10_fold_5_metrics.csv,1,1,resnet34,"(0.03, 0.1]",C1,Sensitivity at 95% Specificity,0.8611111111111112
/scratchc/nrlab/wang04/ulyses_results_iteration/iteration_3_merge_below_3/cnn_model/cnn14/plasma_tp1_0.1x_model_C1/roc_curve_resnet34_tf_0.03_0.1/nested_cv_random/resnet34/repeat_10_fold_5_metrics.csv,1,1,resnet34,"(0.03, 0.1]",C1,PPV at 95% Specificity,1
/scratchc/nrlab/wang04/ulyses_results_iteration/iteration_3_merge_below_3/cnn_model/cnn14/plasma_tp1_0.1x_model_C1/roc_curve_resnet34_tf_0.03_0.1/nested_cv_random/resnet34/repeat_10_fold_5_metrics.csv,1,1,resnet34,"(0.03, 0.1]",C1,Accuracy at 95% Specificity,0.9055555555555556
/scratchc/nrlab/wang04/ulyses_results_iteration/iteration_3_merge_below_3/cnn_model/cnn14/plasma_tp1_0.1x_model_C1/roc_curve_resnet34_tf_0.03_0.1/nested_cv_random/resnet34/repeat_10_fold_5_metrics.csv,1,1,resnet34,"(0.03, 0.1]",C1,F1 at 95% Specificity,0.9253731343283582
/scratchc/nrlab/wang04/ulyses_results_iteration/iteration_3_merge_below_3/cnn_model/cnn14/plasma_tp1_0.1x_model_C1/roc_curve_resnet34_tf_0.03_0.1/nested_cv_random/resnet34/repeat_10_fold_5_metrics.csv,1,2,resnet34,"(0.03, 0.1]",C1,AUROC,0.941991341991342
/scratchc/nrlab/wang04/ulyses_results_iteration/iteration_3_merge_below_3/cnn_model/cnn14/plasma_tp1_0.1x_model_C1/roc_curve_resnet34_tf_0.03_0.1/nested_cv_random/resnet34/repeat_10_fold_5_metrics.csv,1,2,resnet34,"(0.03, 0.1]",C1,AUPRC,0.9270680090099508
/scratchc/nrlab/wang04/ulyses_results_iteration/iteration_3_merge_below_3/cnn_model/cnn14/plasma_tp1_0.1x_model_C1/roc_curve_resnet34_tf_0.03_0.1/nested_cv_random/resnet34/repeat_10_fold_5_metrics.csv,1,2,resnet34,"(0.03, 0.1]",C1,Sensitivity at 99% Specificity,0.6
/scratchc/nrlab/wang04/ulyses_results_iteration/iteration_3_merge_below_3/cnn_model/cnn14/plasma_tp1_0.1x_model_C1/roc_curve_resnet34_tf_0.03_0.1/nested_cv_random/resnet34/repeat_10_fold_5_metrics.csv,1,2,resnet34,"(0.03, 0.1]",C1,PPV at 99% Specificity,1
/scratchc/nrlab/wang04/ulyses_results_iteration/iteration_3_merge_below_3/cnn_model/cnn14/plasma_tp1_0.1x_model_C1/roc_curve_resnet34_tf_0.03_0.1/nested_cv_random/resnet34/repeat_10_fold_5_metrics.csv,1,2,resnet34,"(0.03, 0.1]",C1,Accuracy at 99% Specificity,0.7949999999999999
/scratchc/nrlab/wang04/ulyses_results_iteration/iteration_3_merge_below_3/cnn_model/cnn14/plasma_tp1_0.1x_model_C1/roc_curve_resnet34_tf_0.03_0.1/nested_cv_random/resnet34/repeat_10_fold_5_metrics.csv,1,2,resnet34,"(0.03, 0.1]",C1,F1 at 99% Specificity,0.75
/scratchc/nrlab/wang04/ulyses_results_iteration/iteration_3_merge_below_3/cnn_model/cnn14/plasma_tp1_0.1x_model_C1/roc_curve_resnet34_tf_0.03_0.1/nested_cv_random/resnet34/repeat_10_fold_5_metrics.csv,1,2,resnet34,"(0.03, 0.1]",C1,Sensitivity at 98% Specificity,0.6
/scratchc/nrlab/wang04/ulyses_results_iteration/iteration_3_merge_below_3/cnn_model/cnn14/plasma_tp1_0.1x_model_C1/roc_curve_resnet34_tf_0.03_0.1/nested_cv_random/resnet34/repeat_10_fold_5_metrics.csv,1,2,resnet34,"(0.03, 0.1]",C1,PPV at 98% Specificity,1
/scratchc/nrlab/wang04/ulyses_results_iteration/iteration_3_merge_below_3/cnn_model/cnn14/plasma_tp1_0.1x_model_C1/roc_curve_resnet34_tf_0.03_0.1/nested_cv_random/resnet34/repeat_10_fold_5_metrics.csv,1,2,resnet34,"(0.03, 0.1]",C1,Accuracy at 98% Specificity,0.79
/scratchc/nrlab/wang04/ulyses_results_iteration/iteration_3_merge_below_3/cnn_model/cnn14/plasma_tp1_0.1x_model_C1/roc_curve_resnet34_tf_0.03_0.1/nested_cv_random/resnet34/repeat_10_fold_5_metrics.csv,1,2,resnet34,"(0.03, 0.1]",C1,F1 at 98% Specificity,0.75
/scratchc/nrlab/wang04/ulyses_results_iteration/iteration_3_merge_below_3/cnn_model/cnn14/plasma_tp1_0.1x_model_C1/roc_curve_resnet34_tf_0.03_0.1/nested_cv_random/resnet34/repeat_10_fold_5_metrics.csv,1,2,resnet34,"(0.03, 0.1]",C1,Sensitivity at 95% Specificity,0.8
/scratchc/nrlab/wang04/ulyses_results_iteration/iteration_3_merge_below_3/cnn_model/cnn14/plasma_tp1_0.1x_model_C1/roc_curve_resnet34_tf_0.03_0.1/nested_cv_random/resnet34/repeat_10_fold_5_metrics.csv,1,2,resnet34,"(0.03, 0.1]",C1,PPV at 95% Specificity,0.9333333333333332
/scratchc/nrlab/wang04/ulyses_results_iteration/iteration_3_merge_below_3/cnn_model/cnn14/plasma_tp1_0.1x_model_C1/roc_curve_resnet34_tf_0.03_0.1/nested_cv_random/resnet34/repeat_10_fold_5_metrics.csv,1,2,resnet34,"(0.03, 0.1]",C1,Accuracy at 95% Specificity,0.8606060606060606
/scratchc/nrlab/wang04/ulyses_results_iteration/iteration_3_merge_below_3/cnn_model/cnn14/plasma_tp1_0.1x_model_C1/roc_curve_resnet34_tf_0.03_0.1/nested_cv_random/resnet34/repeat_10_fold_5_metrics.csv,1,2,resnet34,"(0.03, 0.1]",C1,F1 at 95% Specificity,0.8615384615384616
/scratchc/nrlab/wang04/ulyses_results_iteration/iteration_3_merge_below_3/cnn_model/cnn14/plasma_tp1_0.1x_model_C1/roc_curve_resnet34_tf_0.03_0.1/nested_cv_random/resnet34/repeat_10_fold_5_metrics.csv,1,3,resnet34,"(0.03, 0.1]",C1,AUROC,0.8424242424242424
/scratchc/nrlab/wang04/ulyses_results_iteration/iteration_3_merge_below_3/cnn_model/cnn14/plasma_tp1_0.1x_model_C1/roc_curve_resnet34_tf_0.03_0.1/nested_cv_random/resnet34/repeat_10_fold_5_metrics.csv,1,3,resnet34,"(0.03, 0.1]",C1,AUPRC,0.8252208046303922
/scratchc/nrlab/wang04/ulyses_results_iteration/iteration_3_merge_below_3/cnn_model/cnn14/plasma_tp1_0.1x_model_C1/roc_curve_resnet34_tf_0.03_0.1/nested_cv_random/resnet34/repeat_10_fold_5_metrics.csv,1,3,resnet34,"(0.03, 0.1]",C1,Sensitivity at 99% Specificity,0.37142857142857144
/scratchc/nrlab/wang04/ulyses_results_iteration/iteration_3_merge_below_3/cnn_model/cnn14/plasma_tp1_0.1x_model_C1/roc_curve_resnet34_tf_0.03_0.1/nested_cv_random/resnet34/repeat_10_fold_5_metrics.csv,1,3,resnet34,"(0.03, 0.1]",C1,PPV at 99% Specificity,1
/scratchc/nrlab/wang04/ulyses_results_iteration/iteration_3_merge_below_3/cnn_model/cnn14/plasma_tp1_0.1x_model_C1/roc_curve_resnet34_tf_0.03_0.1/nested_cv_random/resnet34/repeat_10_fold_5_metrics.csv,1,3,resnet34,"(0.03, 0.1]",C1,Accuracy at 99% Specificity,0.6807142857142857
/scratchc/nrlab/wang04/ulyses_results_iteration/iteration_3_merge_below_3/cnn_model/cnn14/plasma_tp1_0.1x_model_C1/roc_curve_resnet34_tf_0.03_0.1/nested_cv_random/resnet34/repeat_10_fold_5_metrics.csv,1,3,resnet34,"(0.03, 0.1]",C1,F1 at 99% Specificity,0.5416666666666666
/scratchc/nrlab/wang04/ulyses_results_iteration/iteration_3_merge_below_3/cnn_model/cnn14/plasma_tp1_0.1x_model_C1/roc_curve_resnet34_tf_0.03_0.1/nested_cv_random/resnet34/repeat_10_fold_5_metrics.csv,1,3,resnet34,"(0.03, 0.1]",C1,Sensitivity at 98% Specificity,0.37142857142857144
/scratchc/nrlab/wang04/ulyses_results_iteration/iteration_3_merge_below_3/cnn_model/cnn14/plasma_tp1_0.1x_model_C1/roc_curve_resnet34_tf_0.03_0.1/nested_cv_random/resnet34/repeat_10_fold_5_metrics.csv,1,3,resnet34,"(0.03, 0.1]",C1,PPV at 98% Specificity,1
/scratchc/nrlab/wang04/ulyses_results_iteration/iteration_3_merge_below_3/cnn_model/cnn14/plasma_tp1_0.1x_model_C1/roc_curve_resnet34_tf_0.03_0.1/nested_cv_random/resnet34/repeat_10_fold_5_metrics.csv,1,3,resnet34,"(0.03, 0.1]",C1,Accuracy at 98% Specificity,0.6757142857142857
/scratchc/nrlab/wang04/ulyses_results_iteration/iteration_3_merge_below_3/cnn_model/cnn14/plasma_tp1_0.1x_model_C1/roc_curve_resnet34_tf_0.03_0.1/nested_cv_random/resnet34/repeat_10_fold_5_metrics.csv,1,3,resnet34,"(0.03, 0.1]",C1,F1 at 98% Specificity,0.5416666666666666
/scratchc/nrlab/wang04/ulyses_results_iteration/iteration_3_merge_below_3/cnn_model/cnn14/plasma_tp1_0.1x_model_C1/roc_curve_resnet34_tf_0.03_0.1/nested_cv_random/resnet34/repeat_10_fold_5_metrics.csv,1,3,resnet34,"(0.03, 0.1]",C1,Sensitivity at 95% Specificity,0.6285714285714286
/scratchc/nrlab/wang04/ulyses_results_iteration/iteration_3_merge_below_3/cnn_model/cnn14/plasma_tp1_0.1x_model_C1/roc_curve_resnet34_tf_0.03_0.1/nested_cv_random/resnet34/repeat_10_fold_5_metrics.csv,1,3,resnet34,"(0.03, 0.1]",C1,PPV at 95% Specificity,0.9166666666666666
/scratchc/nrlab/wang04/ulyses_results_iteration/iteration_3_merge_below_3/cnn_model/cnn14/plasma_tp1_0.1x_model_C1/roc_curve_resnet34_tf_0.03_0.1/nested_cv_random/resnet34/repeat_10_fold_5_metrics.csv,1,3,resnet34,"(0.03, 0.1]",C1,Accuracy at 95% Specificity,0.7748917748917749
/scratchc/nrlab/wang04/ulyses_results_iteration/iteration_3_merge_below_3/cnn_model/cnn14/plasma_tp1_0.1x_model_C1/roc_curve_resnet34_tf_0.03_0.1/nested_cv_random/resnet34/repeat_10_fold_5_metrics.csv,1,3,resnet34,"(0.03, 0.1]",C1,F1 at 95% Specificity,0.7457627118644068
/scratchc/nrlab/wang04/ulyses_results_iteration/iteration_3_merge_below_3/cnn_model/cnn14/plasma_tp1_0.1x_model_C1/roc_curve_resnet34_tf_0.03_0.1/nested_cv_random/resnet34/repeat_10_fold_5_metrics.csv,1,4,resnet34,"(0.03, 0.1]",C1,AUROC,0.926065162907268
/scratchc/nrlab/wang04/ulyses_results_iteration/iteration_3_merge_below_3/cnn_model/cnn14/plasma_tp1_0.1x_model_C1/roc_curve_resnet34_tf_0.03_0.1/nested_cv_random/resnet34/repeat_10_fold_5_metrics.csv,1,4,resnet34,"(0.03, 0.1]",C1,AUPRC,0.9085185528754416
/scratchc/nrlab/wang04/ulyses_results_iteration/iteration_3_merge_below_3/cnn_model/cnn14/plasma_tp1_0.1x_model_C1/roc_curve_resnet34_tf_0.03_0.1/nested_cv_random/resnet34/repeat_10_fold_5_metrics.csv,1,4,resnet34,"(0.03, 0.1]",C1,Sensitivity at 99% Specificity,0.5526315789473685
/scratchc/nrlab/wang04/ulyses_results_iteration/iteration_3_merge_below_3/cnn_model/cnn14/plasma_tp1_0.1x_model_C1/roc_curve_resnet34_tf_0.03_0.1/nested_cv_random/resnet34/repeat_10_fold_5_metrics.csv,1,4,resnet34,"(0.03, 0.1]",C1,PPV at 99% Specificity,1
/scratchc/nrlab/wang04/ulyses_results_iteration/iteration_3_merge_below_3/cnn_model/cnn14/plasma_tp1_0.1x_model_C1/roc_curve_resnet34_tf_0.03_0.1/nested_cv_random/resnet34/repeat_10_fold_5_metrics.csv,1,4,resnet34,"(0.03, 0.1]",C1,Accuracy at 99% Specificity,0.7713157894736842
/scratchc/nrlab/wang04/ulyses_results_iteration/iteration_3_merge_below_3/cnn_model/cnn14/plasma_tp1_0.1x_model_C1/roc_curve_resnet34_tf_0.03_0.1/nested_cv_random/resnet34/repeat_10_fold_5_metrics.csv,1,4,resnet34,"(0.03, 0.1]",C1,F1 at 99% Specificity,0.711864406779661
/scratchc/nrlab/wang04/ulyses_results_iteration/iteration_3_merge_below_3/cnn_model/cnn14/plasma_tp1_0.1x_model_C1/roc_curve_resnet34_tf_0.03_0.1/nested_cv_random/resnet34/repeat_10_fold_5_metrics.csv,1,4,resnet34,"(0.03, 0.1]",C1,Sensitivity at 98% Specificity,0.5526315789473685
/scratchc/nrlab/wang04/ulyses_results_iteration/iteration_3_merge_below_3/cnn_model/cnn14/plasma_tp1_0.1x_model_C1/roc_curve_resnet34_tf_0.03_0.1/nested_cv_random/resnet34/repeat_10_fold_5_metrics.csv,1,4,resnet34,"(0.03, 0.1]",C1,PPV at 98% Specificity,1
/scratchc/nrlab/wang04/ulyses_results_iteration/iteration_3_merge_below_3/cnn_model/cnn14/plasma_tp1_0.1x_model_C1/roc_curve_resnet34_tf_0.03_0.1/nested_cv_random/resnet34/repeat_10_fold_5_metrics.csv,1,4,resnet34,"(0.03, 0.1]",C1,Accuracy at 98% Specificity,0.7663157894736843
/scratchc/nrlab/wang04/ulyses_results_iteration/iteration_3_merge_below_3/cnn_model/cnn14/plasma_tp1_0.1x_model_C1/roc_curve_resnet34_tf_0.03_0.1/nested_cv_random/resnet34/repeat_10_fold_5_metrics.csv,1,4,resnet34,"(0.03, 0.1]",C1,F1 at 98% Specificity,0.711864406779661
/scratchc/nrlab/wang04/ulyses_results_iteration/iteration_3_merge_below_3/cnn_model/cnn14/plasma_tp1_0.1x_model_C1/roc_curve_resnet34_tf_0.03_0.1/nested_cv_random/resnet34/repeat_10_fold_5_metrics.csv,1,4,resnet34,"(0.03, 0.1]",C1,Sensitivity at 95% Specificity,0.631578947368421
/scratchc/nrlab/wang04/ulyses_results_iteration/iteration_3_merge_below_3/cnn_model/cnn14/plasma_tp1_0.1x_model_C1/roc_curve_resnet34_tf_0.03_0.1/nested_cv_random/resnet34/repeat_10_fold_5_metrics.csv,1,4,resnet34,"(0.03, 0.1]",C1,PPV at 95% Specificity,0.9230769230769232
/scratchc/nrlab/wang04/ulyses_results_iteration/iteration_3_merge_below_3/cnn_model/cnn14/plasma_tp1_0.1x_model_C1/roc_curve_resnet34_tf_0.03_0.1/nested_cv_random/resnet34/repeat_10_fold_5_metrics.csv,1,4,resnet34,"(0.03, 0.1]",C1,Accuracy at 95% Specificity,0.7757101086048455
/scratchc/nrlab/wang04/ulyses_results_iteration/iteration_3_merge_below_3/cnn_model/cnn14/plasma_tp1_0.1x_model_C1/roc_curve_resnet34_tf_0.03_0.1/nested_cv_random/resnet34/repeat_10_fold_5_metrics.csv,1,4,resnet34,"(0.03, 0.1]",C1,F1 at 95% Specificity,0.75
/scratchc/nrlab/wang04/ulyses_results_iteration/iteration_3_merge_below_3/cnn_model/cnn14/plasma_tp1_0.1x_model_C1/roc_curve_resnet34_tf_0.03_0.1/nested_cv_random/resnet34/repeat_10_fold_5_metrics.csv,1,5,resnet34,"(0.03, 0.1]",C1,AUROC,0.910472972972973
/scratchc/nrlab/wang04/ulyses_results_iteration/iteration_3_merge_below_3/cnn_model/cnn14/plasma_tp1_0.1x_model_C1/roc_curve_resnet34_tf_0.03_0.1/nested_cv_random/resnet34/repeat_10_fold_5_metrics.csv,1,5,resnet34,"(0.03, 0.1]",C1,AUPRC,0.9074275979468024
/scratchc/nrlab/wang04/ulyses_results_iteration/iteration_3_merge_below_3/cnn_model/cnn14/plasma_tp1_0.1x_model_C1/roc_curve_resnet34_tf_0.03_0.1/nested_cv_random/resnet34/repeat_10_fold_5_metrics.csv,1,5,resnet34,"(0.03, 0.1]",C1,Sensitivity at 99% Specificity,0.7297297297297297
/scratchc/nrlab/wang04/ulyses_results_iteration/iteration_3_merge_below_3/cnn_model/cnn14/plasma_tp1_0.1x_model_C1/roc_curve_resnet34_tf_0.03_0.1/nested_cv_random/resnet34/repeat_10_fold_5_metrics.csv,1,5,resnet34,"(0.03, 0.1]",C1,PPV at 99% Specificity,1
/scratchc/nrlab/wang04/ulyses_results_iteration/iteration_3_merge_below_3/cnn_model/cnn14/plasma_tp1_0.1x_model_C1/roc_curve_resnet34_tf_0.03_0.1/nested_cv_random/resnet34/repeat_10_fold_5_metrics.csv,1,5,resnet34,"(0.03, 0.1]",C1,Accuracy at 99% Specificity,0.8598648648648648
/scratchc/nrlab/wang04/ulyses_results_iteration/iteration_3_merge_below_3/cnn_model/cnn14/plasma_tp1_0.1x_model_C1/roc_curve_resnet34_tf_0.03_0.1/nested_cv_random/resnet34/repeat_10_fold_5_metrics.csv,1,5,resnet34,"(0.03, 0.1]",C1,F1 at 99% Specificity,0.84375
/scratchc/nrlab/wang04/ulyses_results_iteration/iteration_3_merge_below_3/cnn_model/cnn14/plasma_tp1_0.1x_model_C1/roc_curve_resnet34_tf_0.03_0.1/nested_cv_random/resnet34/repeat_10_fold_5_metrics.csv,1,5,resnet34,"(0.03, 0.1]",C1,Sensitivity at 98% Specificity,0.7297297297297297
/scratchc/nrlab/wang04/ulyses_results_iteration/iteration_3_merge_below_3/cnn_model/cnn14/plasma_tp1_0.1x_model_C1/roc_curve_resnet34_tf_0.03_0.1/nested_cv_random/resnet34/repeat_10_fold_5_metrics.csv,1,5,resnet34,"(0.03, 0.1]",C1,PPV at 98% Specificity,1
/scratchc/nrlab/wang04/ulyses_results_iteration/iteration_3_merge_below_3/cnn_model/cnn14/plasma_tp1_0.1x_model_C1/roc_curve_resnet34_tf_0.03_0.1/nested_cv_random/resnet34/repeat_10_fold_5_metrics.csv,1,5,resnet34,"(0.03, 0.1]",C1,Accuracy at 98% Specificity,0.8548648648648649
/scratchc/nrlab/wang04/ulyses_results_iteration/iteration_3_merge_below_3/cnn_model/cnn14/plasma_tp1_0.1x_model_C1/roc_curve_resnet34_tf_0.03_0.1/nested_cv_random/resnet34/repeat_10_fold_5_metrics.csv,1,5,resnet34,"(0.03, 0.1]",C1,F1 at 98% Specificity,0.84375
/scratchc/nrlab/wang04/ulyses_results_iteration/iteration_3_merge_below_3/cnn_model/cnn14/plasma_tp1_0.1x_model_C1/roc_curve_resnet34_tf_0.03_0.1/nested_cv_random/resnet34/repeat_10_fold_5_metrics.csv,1,5,resnet34,"(0.03, 0.1]",C1,Sensitivity at 95% Specificity,0.7567567567567568
/scratchc/nrlab/wang04/ulyses_results_iteration/iteration_3_merge_below_3/cnn_model/cnn14/plasma_tp1_0.1x_model_C1/roc_curve_resnet34_tf_0.03_0.1/nested_cv_random/resnet34/repeat_10_fold_5_metrics.csv,1,5,resnet34,"(0.03, 0.1]",C1,PPV at 95% Specificity,0.875
/scratchc/nrlab/wang04/ulyses_results_iteration/iteration_3_merge_below_3/cnn_model/cnn14/plasma_tp1_0.1x_model_C1/roc_curve_resnet34_tf_0.03_0.1/nested_cv_random/resnet34/repeat_10_fold_5_metrics.csv,1,5,resnet34,"(0.03, 0.1]",C1,Accuracy at 95% Specificity,0.8236908783783784
/scratchc/nrlab/wang04/ulyses_results_iteration/iteration_3_merge_below_3/cnn_model/cnn14/plasma_tp1_0.1x_model_C1/roc_curve_resnet34_tf_0.03_0.1/nested_cv_random/resnet34/repeat_10_fold_5_metrics.csv,1,5,resnet34,"(0.03, 0.1]",C1,F1 at 95% Specificity,0.8115942028985508
/scratchc/nrlab/wang04/ulyses_results_iteration/iteration_3_merge_below_3/cnn_model/cnn14/plasma_tp1_0.1x_model_C1/roc_curve_resnet34_tf_0.03_0.1/nested_cv_random/resnet34/repeat_10_fold_5_metrics.csv,2,1,resnet34,"(0.03, 0.1]",C1,AUROC,0.8848614072494668
/scratchc/nrlab/wang04/ulyses_results_iteration/iteration_3_merge_below_3/cnn_model/cnn14/plasma_tp1_0.1x_model_C1/roc_curve_resnet34_tf_0.03_0.1/nested_cv_random/resnet34/repeat_10_fold_5_metrics.csv,2,1,resnet34,"(0.03, 0.1]",C1,AUPRC,0.8789904008701466
/scratchc/nrlab/wang04/ulyses_results_iteration/iteration_3_merge_below_3/cnn_model/cnn14/plasma_tp1_0.1x_model_C1/roc_curve_resnet34_tf_0.03_0.1/nested_cv_random/resnet34/repeat_10_fold_5_metrics.csv,2,1,resnet34,"(0.03, 0.1]",C1,Sensitivity at 99% Specificity,0.45714285714285713
/scratchc/nrlab/wang04/ulyses_results_iteration/iteration_3_merge_below_3/cnn_model/cnn14/plasma_tp1_0.1x_model_C1/roc_curve_resnet34_tf_0.03_0.1/nested_cv_random/resnet34/repeat_10_fold_5_metrics.csv,2,1,resnet34,"(0.03, 0.1]",C1,PPV at 99% Specificity,1
/scratchc/nrlab/wang04/ulyses_results_iteration/iteration_3_merge_below_3/cnn_model/cnn14/plasma_tp1_0.1x_model_C1/roc_curve_resnet34_tf_0.03_0.1/nested_cv_random/resnet34/repeat_10_fold_5_metrics.csv,2,1,resnet34,"(0.03, 0.1]",C1,Accuracy at 99% Specificity,0.7235714285714285
/scratchc/nrlab/wang04/ulyses_results_iteration/iteration_3_merge_below_3/cnn_model/cnn14/plasma_tp1_0.1x_model_C1/roc_curve_resnet34_tf_0.03_0.1/nested_cv_random/resnet34/repeat_10_fold_5_metrics.csv,2,1,resnet34,"(0.03, 0.1]",C1,F1 at 99% Specificity,0.6274509803921569
/scratchc/nrlab/wang04/ulyses_results_iteration/iteration_3_merge_below_3/cnn_model/cnn14/plasma_tp1_0.1x_model_C1/roc_curve_resnet34_tf_0.03_0.1/nested_cv_random/resnet34/repeat_10_fold_5_metrics.csv,2,1,resnet34,"(0.03, 0.1]",C1,Sensitivity at 98% Specificity,0.45714285714285713
/scratchc/nrlab/wang04/ulyses_results_iteration/iteration_3_merge_below_3/cnn_model/cnn14/plasma_tp1_0.1x_model_C1/roc_curve_resnet34_tf_0.03_0.1/nested_cv_random/resnet34/repeat_10_fold_5_metrics.csv,2,1,resnet34,"(0.03, 0.1]",C1,PPV at 98% Specificity,1
/scratchc/nrlab/wang04/ulyses_results_iteration/iteration_3_merge_below_3/cnn_model/cnn14/plasma_tp1_0.1x_model_C1/roc_curve_resnet34_tf_0.03_0.1/nested_cv_random/resnet34/repeat_10_fold_5_metrics.csv,2,1,resnet34,"(0.03, 0.1]",C1,Accuracy at 98% Specificity,0.7185714285714285
/scratchc/nrlab/wang04/ulyses_results_iteration/iteration_3_merge_below_3/cnn_model/cnn14/plasma_tp1_0.1x_model_C1/roc_curve_resnet34_tf_0.03_0.1/nested_cv_random/resnet34/repeat_10_fold_5_metrics.csv,2,1,resnet34,"(0.03, 0.1]",C1,F1 at 98% Specificity,0.6274509803921569
/scratchc/nrlab/wang04/ulyses_results_iteration/iteration_3_merge_below_3/cnn_model/cnn14/plasma_tp1_0.1x_model_C1/roc_curve_resnet34_tf_0.03_0.1/nested_cv_random/resnet34/repeat_10_fold_5_metrics.csv,2,1,resnet34,"(0.03, 0.1]",C1,Sensitivity at 95% Specificity,0.6285714285714286
/scratchc/nrlab/wang04/ulyses_results_iteration/iteration_3_merge_below_3/cnn_model/cnn14/plasma_tp1_0.1x_model_C1/roc_curve_resnet34_tf_0.03_0.1/nested_cv_random/resnet34/repeat_10_fold_5_metrics.csv,2,1,resnet34,"(0.03, 0.1]",C1,PPV at 95% Specificity,0.9565217391304348
/scratchc/nrlab/wang04/ulyses_results_iteration/iteration_3_merge_below_3/cnn_model/cnn14/plasma_tp1_0.1x_model_C1/roc_curve_resnet34_tf_0.03_0.1/nested_cv_random/resnet34/repeat_10_fold_5_metrics.csv,2,1,resnet34,"(0.03, 0.1]",C1,Accuracy at 95% Specificity,0.7821961620469082
/scratchc/nrlab/wang04/ulyses_results_iteration/iteration_3_merge_below_3/cnn_model/cnn14/plasma_tp1_0.1x_model_C1/roc_curve_resnet34_tf_0.03_0.1/nested_cv_random/resnet34/repeat_10_fold_5_metrics.csv,2,1,resnet34,"(0.03, 0.1]",C1,F1 at 95% Specificity,0.7586206896551724
/scratchc/nrlab/wang04/ulyses_results_iteration/iteration_3_merge_below_3/cnn_model/cnn14/plasma_tp1_0.1x_model_C1/roc_curve_resnet34_tf_0.03_0.1/nested_cv_random/resnet34/repeat_10_fold_5_metrics.csv,2,3,resnet34,"(0.03, 0.1]",C1,AUROC,0.9655737704918032
/scratchc/nrlab/wang04/ulyses_results_iteration/iteration_3_merge_below_3/cnn_model/cnn14/plasma_tp1_0.1x_model_C1/roc_curve_resnet34_tf_0.03_0.1/nested_cv_random/resnet34/repeat_10_fold_5_metrics.csv,2,3,resnet34,"(0.03, 0.1]",C1,AUPRC,0.95692673525424
/scratchc/nrlab/wang04/ulyses_results_iteration/iteration_3_merge_below_3/cnn_model/cnn14/plasma_tp1_0.1x_model_C1/roc_curve_resnet34_tf_0.03_0.1/nested_cv_random/resnet34/repeat_10_fold_5_metrics.csv,2,3,resnet34,"(0.03, 0.1]",C1,Sensitivity at 99% Specificity,0.7
/scratchc/nrlab/wang04/ulyses_results_iteration/iteration_3_merge_below_3/cnn_model/cnn14/plasma_tp1_0.1x_model_C1/roc_curve_resnet34_tf_0.03_0.1/nested_cv_random/resnet34/repeat_10_fold_5_metrics.csv,2,3,resnet34,"(0.03, 0.1]",C1,PPV at 99% Specificity,1
/scratchc/nrlab/wang04/ulyses_results_iteration/iteration_3_merge_below_3/cnn_model/cnn14/plasma_tp1_0.1x_model_C1/roc_curve_resnet34_tf_0.03_0.1/nested_cv_random/resnet34/repeat_10_fold_5_metrics.csv,2,3,resnet34,"(0.03, 0.1]",C1,Accuracy at 99% Specificity,0.845
/scratchc/nrlab/wang04/ulyses_results_iteration/iteration_3_merge_below_3/cnn_model/cnn14/plasma_tp1_0.1x_model_C1/roc_curve_resnet34_tf_0.03_0.1/nested_cv_random/resnet34/repeat_10_fold_5_metrics.csv,2,3,resnet34,"(0.03, 0.1]",C1,F1 at 99% Specificity,0.8235294117647058
/scratchc/nrlab/wang04/ulyses_results_iteration/iteration_3_merge_below_3/cnn_model/cnn14/plasma_tp1_0.1x_model_C1/roc_curve_resnet34_tf_0.03_0.1/nested_cv_random/resnet34/repeat_10_fold_5_metrics.csv,2,3,resnet34,"(0.03, 0.1]",C1,Sensitivity at 98% Specificity,0.7
/scratchc/nrlab/wang04/ulyses_results_iteration/iteration_3_merge_below_3/cnn_model/cnn14/plasma_tp1_0.1x_model_C1/roc_curve_resnet34_tf_0.03_0.1/nested_cv_random/resnet34/repeat_10_fold_5_metrics.csv,2,3,resnet34,"(0.03, 0.1]",C1,PPV at 98% Specificity,1
/scratchc/nrlab/wang04/ulyses_results_iteration/iteration_3_merge_below_3/cnn_model/cnn14/plasma_tp1_0.1x_model_C1/roc_curve_resnet34_tf_0.03_0.1/nested_cv_random/resnet34/repeat_10_fold_5_metrics.csv,2,3,resnet34,"(0.03, 0.1]",C1,Accuracy at 98% Specificity,0.84
/scratchc/nrlab/wang04/ulyses_results_iteration/iteration_3_merge_below_3/cnn_model/cnn14/plasma_tp1_0.1x_model_C1/roc_curve_resnet34_tf_0.03_0.1/nested_cv_random/resnet34/repeat_10_fold_5_metrics.csv,2,3,resnet34,"(0.03, 0.1]",C1,F1 at 98% Specificity,0.8235294117647058
/scratchc/nrlab/wang04/ulyses_results_iteration/iteration_3_merge_below_3/cnn_model/cnn14/plasma_tp1_0.1x_model_C1/roc_curve_resnet34_tf_0.03_0.1/nested_cv_random/resnet34/repeat_10_fold_5_metrics.csv,2,3,resnet34,"(0.03, 0.1]",C1,Sensitivity at 95% Specificity,0.775
/scratchc/nrlab/wang04/ulyses_results_iteration/iteration_3_merge_below_3/cnn_model/cnn14/plasma_tp1_0.1x_model_C1/roc_curve_resnet34_tf_0.03_0.1/nested_cv_random/resnet34/repeat_10_fold_5_metrics.csv,2,3,resnet34,"(0.03, 0.1]",C1,PPV at 95% Specificity,0.9393939393939394
/scratchc/nrlab/wang04/ulyses_results_iteration/iteration_3_merge_below_3/cnn_model/cnn14/plasma_tp1_0.1x_model_C1/roc_curve_resnet34_tf_0.03_0.1/nested_cv_random/resnet34/repeat_10_fold_5_metrics.csv,2,3,resnet34,"(0.03, 0.1]",C1,Accuracy at 95% Specificity,0.8469262295081967
/scratchc/nrlab/wang04/ulyses_results_iteration/iteration_3_merge_below_3/cnn_model/cnn14/plasma_tp1_0.1x_model_C1/roc_curve_resnet34_tf_0.03_0.1/nested_cv_random/resnet34/repeat_10_fold_5_metrics.csv,2,3,resnet34,"(0.03, 0.1]",C1,F1 at 95% Specificity,0.8493150684931506
/scratchc/nrlab/wang04/ulyses_results_iteration/iteration_3_merge_below_3/cnn_model/cnn14/plasma_tp1_0.1x_model_C1/roc_curve_resnet34_tf_0.03_0.1/nested_cv_random/resnet34/repeat_10_fold_5_metrics.csv,2,5,resnet34,"(0.03, 0.1]",C1,AUROC,0.9229508196721312
/scratchc/nrlab/wang04/ulyses_results_iteration/iteration_3_merge_below_3/cnn_model/cnn14/plasma_tp1_0.1x_model_C1/roc_curve_resnet34_tf_0.03_0.1/nested_cv_random/resnet34/repeat_10_fold_5_metrics.csv,2,5,resnet34,"(0.03, 0.1]",C1,AUPRC,0.935552556430434
/scratchc/nrlab/wang04/ulyses_results_iteration/iteration_3_merge_below_3/cnn_model/cnn14/plasma_tp1_0.1x_model_C1/roc_curve_resnet34_tf_0.03_0.1/nested_cv_random/resnet34/repeat_10_fold_5_metrics.csv,2,5,resnet34,"(0.03, 0.1]",C1,Sensitivity at 99% Specificity,0.7
/scratchc/nrlab/wang04/ulyses_results_iteration/iteration_3_merge_below_3/cnn_model/cnn14/plasma_tp1_0.1x_model_C1/roc_curve_resnet34_tf_0.03_0.1/nested_cv_random/resnet34/repeat_10_fold_5_metrics.csv,2,5,resnet34,"(0.03, 0.1]",C1,PPV at 99% Specificity,1
/scratchc/nrlab/wang04/ulyses_results_iteration/iteration_3_merge_below_3/cnn_model/cnn14/plasma_tp1_0.1x_model_C1/roc_curve_resnet34_tf_0.03_0.1/nested_cv_random/resnet34/repeat_10_fold_5_metrics.csv,2,5,resnet34,"(0.03, 0.1]",C1,Accuracy at 99% Specificity,0.845
/scratchc/nrlab/wang04/ulyses_results_iteration/iteration_3_merge_below_3/cnn_model/cnn14/plasma_tp1_0.1x_model_C1/roc_curve_resnet34_tf_0.03_0.1/nested_cv_random/resnet34/repeat_10_fold_5_metrics.csv,2,5,resnet34,"(0.03, 0.1]",C1,F1 at 99% Specificity,0.8235294117647058
/scratchc/nrlab/wang04/ulyses_results_iteration/iteration_3_merge_below_3/cnn_model/cnn14/plasma_tp1_0.1x_model_C1/roc_curve_resnet34_tf_0.03_0.1/nested_cv_random/resnet34/repeat_10_fold_5_metrics.csv,2,5,resnet34,"(0.03, 0.1]",C1,Sensitivity at 98% Specificity,0.7
/scratchc/nrlab/wang04/ulyses_results_iteration/iteration_3_merge_below_3/cnn_model/cnn14/plasma_tp1_0.1x_model_C1/roc_curve_resnet34_tf_0.03_0.1/nested_cv_random/resnet34/repeat_10_fold_5_metrics.csv,2,5,resnet34,"(0.03, 0.1]",C1,PPV at 98% Specificity,1
/scratchc/nrlab/wang04/ulyses_results_iteration/iteration_3_merge_below_3/cnn_model/cnn14/plasma_tp1_0.1x_model_C1/roc_curve_resnet34_tf_0.03_0.1/nested_cv_random/resnet34/repeat_10_fold_5_metrics.csv,2,5,resnet34,"(0.03, 0.1]",C1,Accuracy at 98% Specificity,0.84
/scratchc/nrlab/wang04/ulyses_results_iteration/iteration_3_merge_below_3/cnn_model/cnn14/plasma_tp1_0.1x_model_C1/roc_curve_resnet34_tf_0.03_0.1/nested_cv_random/resnet34/repeat_10_fold_5_metrics.csv,2,5,resnet34,"(0.03, 0.1]",C1,F1 at 98% Specificity,0.8235294117647058
/scratchc/nrlab/wang04/ulyses_results_iteration/iteration_3_merge_below_3/cnn_model/cnn14/plasma_tp1_0.1x_model_C1/roc_curve_resnet34_tf_0.03_0.1/nested_cv_random/resnet34/repeat_10_fold_5_metrics.csv,2,5,resnet34,"(0.03, 0.1]",C1,Sensitivity at 95% Specificity,0.775
/scratchc/nrlab/wang04/ulyses_results_iteration/iteration_3_merge_below_3/cnn_model/cnn14/plasma_tp1_0.1x_model_C1/roc_curve_resnet34_tf_0.03_0.1/nested_cv_random/resnet34/repeat_10_fold_5_metrics.csv,2,5,resnet34,"(0.03, 0.1]",C1,PPV at 95% Specificity,0.9393939393939394
/scratchc/nrlab/wang04/ulyses_results_iteration/iteration_3_merge_below_3/cnn_model/cnn14/plasma_tp1_0.1x_model_C1/roc_curve_resnet34_tf_0.03_0.1/nested_cv_random/resnet34/repeat_10_fold_5_metrics.csv,2,5,resnet34,"(0.03, 0.1]",C1,Accuracy at 95% Specificity,0.8469262295081967
/scratchc/nrlab/wang04/ulyses_results_iteration/iteration_3_merge_below_3/cnn_model/cnn14/plasma_tp1_0.1x_model_C1/roc_curve_resnet34_tf_0.03_0.1/nested_cv_random/resnet34/repeat_10_fold_5_metrics.csv,2,5,resnet34,"(0.03, 0.1]",C1,F1 at 95% Specificity,0.8493150684931506
/scratchc/nrlab/wang04/ulyses_results_iteration/iteration_3_merge_below_3/cnn_model/cnn14/plasma_tp1_0.1x_model_C1/roc_curve_resnet34_tf_0.03_0.1/nested_cv_random/resnet34/repeat_10_fold_5_metrics.csv,3,1,resnet34,"(0.03, 0.1]",C1,AUROC,0.9633838383838385
/scratchc/nrlab/wang04/ulyses_results_iteration/iteration_3_merge_below_3/cnn_model/cnn14/plasma_tp1_0.1x_model_C1/roc_curve_resnet34_tf_0.03_0.1/nested_cv_random/resnet34/repeat_10_fold_5_metrics.csv,3,1,resnet34,"(0.03, 0.1]",C1,AUPRC,0.9539030603405778
/scratchc/nrlab/wang04/ulyses_results_iteration/iteration_3_merge_below_3/cnn_model/cnn14/plasma_tp1_0.1x_model_C1/roc_curve_resnet34_tf_0.03_0.1/nested_cv_random/resnet34/repeat_10_fold_5_metrics.csv,3,1,resnet34,"(0.03, 0.1]",C1,Sensitivity at 99% Specificity,0.4722222222222222
/scratchc/nrlab/wang04/ulyses_results_iteration/iteration_3_merge_below_3/cnn_model/cnn14/plasma_tp1_0.1x_model_C1/roc_curve_resnet34_tf_0.03_0.1/nested_cv_random/resnet34/repeat_10_fold_5_metrics.csv,3,1,resnet34,"(0.03, 0.1]",C1,PPV at 99% Specificity,1
/scratchc/nrlab/wang04/ulyses_results_iteration/iteration_3_merge_below_3/cnn_model/cnn14/plasma_tp1_0.1x_model_C1/roc_curve_resnet34_tf_0.03_0.1/nested_cv_random/resnet34/repeat_10_fold_5_metrics.csv,3,1,resnet34,"(0.03, 0.1]",C1,Accuracy at 99% Specificity,0.731111111111111
/scratchc/nrlab/wang04/ulyses_results_iteration/iteration_3_merge_below_3/cnn_model/cnn14/plasma_tp1_0.1x_model_C1/roc_curve_resnet34_tf_0.03_0.1/nested_cv_random/resnet34/repeat_10_fold_5_metrics.csv,3,1,resnet34,"(0.03, 0.1]",C1,F1 at 99% Specificity,0.6415094339622641
/scratchc/nrlab/wang04/ulyses_results_iteration/iteration_3_merge_below_3/cnn_model/cnn14/plasma_tp1_0.1x_model_C1/roc_curve_resnet34_tf_0.03_0.1/nested_cv_random/resnet34/repeat_10_fold_5_metrics.csv,3,1,resnet34,"(0.03, 0.1]",C1,Sensitivity at 98% Specificity,0.4722222222222222
/scratchc/nrlab/wang04/ulyses_results_iteration/iteration_3_merge_below_3/cnn_model/cnn14/plasma_tp1_0.1x_model_C1/roc_curve_resnet34_tf_0.03_0.1/nested_cv_random/resnet34/repeat_10_fold_5_metrics.csv,3,1,resnet34,"(0.03, 0.1]",C1,PPV at 98% Specificity,1
/scratchc/nrlab/wang04/ulyses_results_iteration/iteration_3_merge_below_3/cnn_model/cnn14/plasma_tp1_0.1x_model_C1/roc_curve_resnet34_tf_0.03_0.1/nested_cv_random/resnet34/repeat_10_fold_5_metrics.csv,3,1,resnet34,"(0.03, 0.1]",C1,Accuracy at 98% Specificity,0.7261111111111112
/scratchc/nrlab/wang04/ulyses_results_iteration/iteration_3_merge_below_3/cnn_model/cnn14/plasma_tp1_0.1x_model_C1/roc_curve_resnet34_tf_0.03_0.1/nested_cv_random/resnet34/repeat_10_fold_5_metrics.csv,3,1,resnet34,"(0.03, 0.1]",C1,F1 at 98% Specificity,0.6415094339622641
/scratchc/nrlab/wang04/ulyses_results_iteration/iteration_3_merge_below_3/cnn_model/cnn14/plasma_tp1_0.1x_model_C1/roc_curve_resnet34_tf_0.03_0.1/nested_cv_random/resnet34/repeat_10_fold_5_metrics.csv,3,1,resnet34,"(0.03, 0.1]",C1,Sensitivity at 95% Specificity,0.9166666666666666
/scratchc/nrlab/wang04/ulyses_results_iteration/iteration_3_merge_below_3/cnn_model/cnn14/plasma_tp1_0.1x_model_C1/roc_curve_resnet34_tf_0.03_0.1/nested_cv_random/resnet34/repeat_10_fold_5_metrics.csv,3,1,resnet34,"(0.03, 0.1]",C1,PPV at 95% Specificity,0.9166666666666666
/scratchc/nrlab/wang04/ulyses_results_iteration/iteration_3_merge_below_3/cnn_model/cnn14/plasma_tp1_0.1x_model_C1/roc_curve_resnet34_tf_0.03_0.1/nested_cv_random/resnet34/repeat_10_fold_5_metrics.csv,3,1,resnet34,"(0.03, 0.1]",C1,Accuracy at 95% Specificity,0.9117424242424242
/scratchc/nrlab/wang04/ulyses_results_iteration/iteration_3_merge_below_3/cnn_model/cnn14/plasma_tp1_0.1x_model_C1/roc_curve_resnet34_tf_0.03_0.1/nested_cv_random/resnet34/repeat_10_fold_5_metrics.csv,3,1,resnet34,"(0.03, 0.1]",C1,F1 at 95% Specificity,0.9166666666666666
/scratchc/nrlab/wang04/ulyses_results_iteration/iteration_3_merge_below_3/cnn_model/cnn14/plasma_tp1_0.1x_model_C1/roc_curve_resnet34_tf_0.03_0.1/nested_cv_random/resnet34/repeat_10_fold_5_metrics.csv,3,2,resnet34,"(0.03, 0.1]",C1,AUROC,0.9004329004329004
/scratchc/nrlab/wang04/ulyses_results_iteration/iteration_3_merge_below_3/cnn_model/cnn14/plasma_tp1_0.1x_model_C1/roc_curve_resnet34_tf_0.03_0.1/nested_cv_random/resnet34/repeat_10_fold_5_metrics.csv,3,2,resnet34,"(0.03, 0.1]",C1,AUPRC,0.8826878417344884
/scratchc/nrlab/wang04/ulyses_results_iteration/iteration_3_merge_below_3/cnn_model/cnn14/plasma_tp1_0.1x_model_C1/roc_curve_resnet34_tf_0.03_0.1/nested_cv_random/resnet34/repeat_10_fold_5_metrics.csv,3,2,resnet34,"(0.03, 0.1]",C1,Sensitivity at 99% Specificity,0.5142857142857142
/scratchc/nrlab/wang04/ulyses_results_iteration/iteration_3_merge_below_3/cnn_model/cnn14/plasma_tp1_0.1x_model_C1/roc_curve_resnet34_tf_0.03_0.1/nested_cv_random/resnet34/repeat_10_fold_5_metrics.csv,3,2,resnet34,"(0.03, 0.1]",C1,PPV at 99% Specificity,1
/scratchc/nrlab/wang04/ulyses_results_iteration/iteration_3_merge_below_3/cnn_model/cnn14/plasma_tp1_0.1x_model_C1/roc_curve_resnet34_tf_0.03_0.1/nested_cv_random/resnet34/repeat_10_fold_5_metrics.csv,3,2,resnet34,"(0.03, 0.1]",C1,Accuracy at 99% Specificity,0.7521428571428571
/scratchc/nrlab/wang04/ulyses_results_iteration/iteration_3_merge_below_3/cnn_model/cnn14/plasma_tp1_0.1x_model_C1/roc_curve_resnet34_tf_0.03_0.1/nested_cv_random/resnet34/repeat_10_fold_5_metrics.csv,3,2,resnet34,"(0.03, 0.1]",C1,F1 at 99% Specificity,0.6792452830188679
/scratchc/nrlab/wang04/ulyses_results_iteration/iteration_3_merge_below_3/cnn_model/cnn14/plasma_tp1_0.1x_model_C1/roc_curve_resnet34_tf_0.03_0.1/nested_cv_random/resnet34/repeat_10_fold_5_metrics.csv,3,2,resnet34,"(0.03, 0.1]",C1,Sensitivity at 98% Specificity,0.5142857142857142
/scratchc/nrlab/wang04/ulyses_results_iteration/iteration_3_merge_below_3/cnn_model/cnn14/plasma_tp1_0.1x_model_C1/roc_curve_resnet34_tf_0.03_0.1/nested_cv_random/resnet34/repeat_10_fold_5_metrics.csv,3,2,resnet34,"(0.03, 0.1]",C1,PPV at 98% Specificity,1
/scratchc/nrlab/wang04/ulyses_results_iteration/iteration_3_merge_below_3/cnn_model/cnn14/plasma_tp1_0.1x_model_C1/roc_curve_resnet34_tf_0.03_0.1/nested_cv_random/resnet34/repeat_10_fold_5_metrics.csv,3,2,resnet34,"(0.03, 0.1]",C1,Accuracy at 98% Specificity,0.7471428571428571
/scratchc/nrlab/wang04/ulyses_results_iteration/iteration_3_merge_below_3/cnn_model/cnn14/plasma_tp1_0.1x_model_C1/roc_curve_resnet34_tf_0.03_0.1/nested_cv_random/resnet34/repeat_10_fold_5_metrics.csv,3,2,resnet34,"(0.03, 0.1]",C1,F1 at 98% Specificity,0.6792452830188679
/scratchc/nrlab/wang04/ulyses_results_iteration/iteration_3_merge_below_3/cnn_model/cnn14/plasma_tp1_0.1x_model_C1/roc_curve_resnet34_tf_0.03_0.1/nested_cv_random/resnet34/repeat_10_fold_5_metrics.csv,3,2,resnet34,"(0.03, 0.1]",C1,Sensitivity at 95% Specificity,0.6571428571428571
/scratchc/nrlab/wang04/ulyses_results_iteration/iteration_3_merge_below_3/cnn_model/cnn14/plasma_tp1_0.1x_model_C1/roc_curve_resnet34_tf_0.03_0.1/nested_cv_random/resnet34/repeat_10_fold_5_metrics.csv,3,2,resnet34,"(0.03, 0.1]",C1,PPV at 95% Specificity,0.9583333333333334
/scratchc/nrlab/wang04/ulyses_results_iteration/iteration_3_merge_below_3/cnn_model/cnn14/plasma_tp1_0.1x_model_C1/roc_curve_resnet34_tf_0.03_0.1/nested_cv_random/resnet34/repeat_10_fold_5_metrics.csv,3,2,resnet34,"(0.03, 0.1]",C1,Accuracy at 95% Specificity,0.7963744588744588
/scratchc/nrlab/wang04/ulyses_results_iteration/iteration_3_merge_below_3/cnn_model/cnn14/plasma_tp1_0.1x_model_C1/roc_curve_resnet34_tf_0.03_0.1/nested_cv_random/resnet34/repeat_10_fold_5_metrics.csv,3,2,resnet34,"(0.03, 0.1]",C1,F1 at 95% Specificity,0.7796610169491526
/scratchc/nrlab/wang04/ulyses_results_iteration/iteration_3_merge_below_3/cnn_model/cnn14/plasma_tp1_0.1x_model_C1/roc_curve_resnet34_tf_0.03_0.1/nested_cv_random/resnet34/repeat_10_fold_5_metrics.csv,3,3,resnet34,"(0.03, 0.1]",C1,AUROC,0.9243589743589744
/scratchc/nrlab/wang04/ulyses_results_iteration/iteration_3_merge_below_3/cnn_model/cnn14/plasma_tp1_0.1x_model_C1/roc_curve_resnet34_tf_0.03_0.1/nested_cv_random/resnet34/repeat_10_fold_5_metrics.csv,3,3,resnet34,"(0.03, 0.1]",C1,AUPRC,0.9092484838507198
/scratchc/nrlab/wang04/ulyses_results_iteration/iteration_3_merge_below_3/cnn_model/cnn14/plasma_tp1_0.1x_model_C1/roc_curve_resnet34_tf_0.03_0.1/nested_cv_random/resnet34/repeat_10_fold_5_metrics.csv,3,3,resnet34,"(0.03, 0.1]",C1,Sensitivity at 99% Specificity,0.5277777777777778
/scratchc/nrlab/wang04/ulyses_results_iteration/iteration_3_merge_below_3/cnn_model/cnn14/plasma_tp1_0.1x_model_C1/roc_curve_resnet34_tf_0.03_0.1/nested_cv_random/resnet34/repeat_10_fold_5_metrics.csv,3,3,resnet34,"(0.03, 0.1]",C1,PPV at 99% Specificity,1
/scratchc/nrlab/wang04/ulyses_results_iteration/iteration_3_merge_below_3/cnn_model/cnn14/plasma_tp1_0.1x_model_C1/roc_curve_resnet34_tf_0.03_0.1/nested_cv_random/resnet34/repeat_10_fold_5_metrics.csv,3,3,resnet34,"(0.03, 0.1]",C1,Accuracy at 99% Specificity,0.758888888888889
/scratchc/nrlab/wang04/ulyses_results_iteration/iteration_3_merge_below_3/cnn_model/cnn14/plasma_tp1_0.1x_model_C1/roc_curve_resnet34_tf_0.03_0.1/nested_cv_random/resnet34/repeat_10_fold_5_metrics.csv,3,3,resnet34,"(0.03, 0.1]",C1,F1 at 99% Specificity,0.6909090909090909
/scratchc/nrlab/wang04/ulyses_results_iteration/iteration_3_merge_below_3/cnn_model/cnn14/plasma_tp1_0.1x_model_C1/roc_curve_resnet34_tf_0.03_0.1/nested_cv_random/resnet34/repeat_10_fold_5_metrics.csv,3,3,resnet34,"(0.03, 0.1]",C1,Sensitivity at 98% Specificity,0.5277777777777778
/scratchc/nrlab/wang04/ulyses_results_iteration/iteration_3_merge_below_3/cnn_model/cnn14/plasma_tp1_0.1x_model_C1/roc_curve_resnet34_tf_0.03_0.1/nested_cv_random/resnet34/repeat_10_fold_5_metrics.csv,3,3,resnet34,"(0.03, 0.1]",C1,PPV at 98% Specificity,1
/scratchc/nrlab/wang04/ulyses_results_iteration/iteration_3_merge_below_3/cnn_model/cnn14/plasma_tp1_0.1x_model_C1/roc_curve_resnet34_tf_0.03_0.1/nested_cv_random/resnet34/repeat_10_fold_5_metrics.csv,3,3,resnet34,"(0.03, 0.1]",C1,Accuracy at 98% Specificity,0.7538888888888888
/scratchc/nrlab/wang04/ulyses_results_iteration/iteration_3_merge_below_3/cnn_model/cnn14/plasma_tp1_0.1x_model_C1/roc_curve_resnet34_tf_0.03_0.1/nested_cv_random/resnet34/repeat_10_fold_5_metrics.csv,3,3,resnet34,"(0.03, 0.1]",C1,F1 at 98% Specificity,0.6909090909090909
/scratchc/nrlab/wang04/ulyses_results_iteration/iteration_3_merge_below_3/cnn_model/cnn14/plasma_tp1_0.1x_model_C1/roc_curve_resnet34_tf_0.03_0.1/nested_cv_random/resnet34/repeat_10_fold_5_metrics.csv,3,3,resnet34,"(0.03, 0.1]",C1,Sensitivity at 95% Specificity,0.7222222222222222
/scratchc/nrlab/wang04/ulyses_results_iteration/iteration_3_merge_below_3/cnn_model/cnn14/plasma_tp1_0.1x_model_C1/roc_curve_resnet34_tf_0.03_0.1/nested_cv_random/resnet34/repeat_10_fold_5_metrics.csv,3,3,resnet34,"(0.03, 0.1]",C1,PPV at 95% Specificity,0.9285714285714286
/scratchc/nrlab/wang04/ulyses_results_iteration/iteration_3_merge_below_3/cnn_model/cnn14/plasma_tp1_0.1x_model_C1/roc_curve_resnet34_tf_0.03_0.1/nested_cv_random/resnet34/repeat_10_fold_5_metrics.csv,3,3,resnet34,"(0.03, 0.1]",C1,Accuracy at 95% Specificity,0.8214957264957264
/scratchc/nrlab/wang04/ulyses_results_iteration/iteration_3_merge_below_3/cnn_model/cnn14/plasma_tp1_0.1x_model_C1/roc_curve_resnet34_tf_0.03_0.1/nested_cv_random/resnet34/repeat_10_fold_5_metrics.csv,3,3,resnet34,"(0.03, 0.1]",C1,F1 at 95% Specificity,0.8125
/scratchc/nrlab/wang04/ulyses_results_iteration/iteration_3_merge_below_3/cnn_model/cnn14/plasma_tp1_0.1x_model_C1/roc_curve_resnet34_tf_0.03_0.1/nested_cv_random/resnet34/repeat_10_fold_5_metrics.csv,3,5,resnet34,"(0.03, 0.1]",C1,AUROC,0.9329059829059828
/scratchc/nrlab/wang04/ulyses_results_iteration/iteration_3_merge_below_3/cnn_model/cnn14/plasma_tp1_0.1x_model_C1/roc_curve_resnet34_tf_0.03_0.1/nested_cv_random/resnet34/repeat_10_fold_5_metrics.csv,3,5,resnet34,"(0.03, 0.1]",C1,AUPRC,0.9405996385944868
/scratchc/nrlab/wang04/ulyses_results_iteration/iteration_3_merge_below_3/cnn_model/cnn14/plasma_tp1_0.1x_model_C1/roc_curve_resnet34_tf_0.03_0.1/nested_cv_random/resnet34/repeat_10_fold_5_metrics.csv,3,5,resnet34,"(0.03, 0.1]",C1,Sensitivity at 99% Specificity,0.75
/scratchc/nrlab/wang04/ulyses_results_iteration/iteration_3_merge_below_3/cnn_model/cnn14/plasma_tp1_0.1x_model_C1/roc_curve_resnet34_tf_0.03_0.1/nested_cv_random/resnet34/repeat_10_fold_5_metrics.csv,3,5,resnet34,"(0.03, 0.1]",C1,PPV at 99% Specificity,1
/scratchc/nrlab/wang04/ulyses_results_iteration/iteration_3_merge_below_3/cnn_model/cnn14/plasma_tp1_0.1x_model_C1/roc_curve_resnet34_tf_0.03_0.1/nested_cv_random/resnet34/repeat_10_fold_5_metrics.csv,3,5,resnet34,"(0.03, 0.1]",C1,Accuracy at 99% Specificity,0.87
/scratchc/nrlab/wang04/ulyses_results_iteration/iteration_3_merge_below_3/cnn_model/cnn14/plasma_tp1_0.1x_model_C1/roc_curve_resnet34_tf_0.03_0.1/nested_cv_random/resnet34/repeat_10_fold_5_metrics.csv,3,5,resnet34,"(0.03, 0.1]",C1,F1 at 99% Specificity,0.8571428571428571
/scratchc/nrlab/wang04/ulyses_results_iteration/iteration_3_merge_below_3/cnn_model/cnn14/plasma_tp1_0.1x_model_C1/roc_curve_resnet34_tf_0.03_0.1/nested_cv_random/resnet34/repeat_10_fold_5_metrics.csv,3,5,resnet34,"(0.03, 0.1]",C1,Sensitivity at 98% Specificity,0.75
/scratchc/nrlab/wang04/ulyses_results_iteration/iteration_3_merge_below_3/cnn_model/cnn14/plasma_tp1_0.1x_model_C1/roc_curve_resnet34_tf_0.03_0.1/nested_cv_random/resnet34/repeat_10_fold_5_metrics.csv,3,5,resnet34,"(0.03, 0.1]",C1,PPV at 98% Specificity,1
/scratchc/nrlab/wang04/ulyses_results_iteration/iteration_3_merge_below_3/cnn_model/cnn14/plasma_tp1_0.1x_model_C1/roc_curve_resnet34_tf_0.03_0.1/nested_cv_random/resnet34/repeat_10_fold_5_metrics.csv,3,5,resnet34,"(0.03, 0.1]",C1,Accuracy at 98% Specificity,0.865
/scratchc/nrlab/wang04/ulyses_results_iteration/iteration_3_merge_below_3/cnn_model/cnn14/plasma_tp1_0.1x_model_C1/roc_curve_resnet34_tf_0.03_0.1/nested_cv_random/resnet34/repeat_10_fold_5_metrics.csv,3,5,resnet34,"(0.03, 0.1]",C1,F1 at 98% Specificity,0.8571428571428571
/scratchc/nrlab/wang04/ulyses_results_iteration/iteration_3_merge_below_3/cnn_model/cnn14/plasma_tp1_0.1x_model_C1/roc_curve_resnet34_tf_0.03_0.1/nested_cv_random/resnet34/repeat_10_fold_5_metrics.csv,3,5,resnet34,"(0.03, 0.1]",C1,Sensitivity at 95% Specificity,0.8333333333333334
/scratchc/nrlab/wang04/ulyses_results_iteration/iteration_3_merge_below_3/cnn_model/cnn14/plasma_tp1_0.1x_model_C1/roc_curve_resnet34_tf_0.03_0.1/nested_cv_random/resnet34/repeat_10_fold_5_metrics.csv,3,5,resnet34,"(0.03, 0.1]",C1,PPV at 95% Specificity,0.967741935483871
/scratchc/nrlab/wang04/ulyses_results_iteration/iteration_3_merge_below_3/cnn_model/cnn14/plasma_tp1_0.1x_model_C1/roc_curve_resnet34_tf_0.03_0.1/nested_cv_random/resnet34/repeat_10_fold_5_metrics.csv,3,5,resnet34,"(0.03, 0.1]",C1,Accuracy at 95% Specificity,0.8843589743589744
/scratchc/nrlab/wang04/ulyses_results_iteration/iteration_3_merge_below_3/cnn_model/cnn14/plasma_tp1_0.1x_model_C1/roc_curve_resnet34_tf_0.03_0.1/nested_cv_random/resnet34/repeat_10_fold_5_metrics.csv,3,5,resnet34,"(0.03, 0.1]",C1,F1 at 95% Specificity,0.8955223880597015
/scratchc/nrlab/wang04/ulyses_results_iteration/iteration_3_merge_below_3/cnn_model/cnn14/plasma_tp1_0.1x_model_C1/roc_curve_resnet34_tf_0.03_0.1/nested_cv_random/resnet34/repeat_10_fold_5_metrics.csv,4,1,resnet34,"(0.03, 0.1]",C1,AUROC,0.9328358208955224
/scratchc/nrlab/wang04/ulyses_results_iteration/iteration_3_merge_below_3/cnn_model/cnn14/plasma_tp1_0.1x_model_C1/roc_curve_resnet34_tf_0.03_0.1/nested_cv_random/resnet34/repeat_10_fold_5_metrics.csv,4,1,resnet34,"(0.03, 0.1]",C1,AUPRC,0.9178147711784316
/scratchc/nrlab/wang04/ulyses_results_iteration/iteration_3_merge_below_3/cnn_model/cnn14/plasma_tp1_0.1x_model_C1/roc_curve_resnet34_tf_0.03_0.1/nested_cv_random/resnet34/repeat_10_fold_5_metrics.csv,4,1,resnet34,"(0.03, 0.1]",C1,Sensitivity at 99% Specificity,0.5882352941176471
/scratchc/nrlab/wang04/ulyses_results_iteration/iteration_3_merge_below_3/cnn_model/cnn14/plasma_tp1_0.1x_model_C1/roc_curve_resnet34_tf_0.03_0.1/nested_cv_random/resnet34/repeat_10_fold_5_metrics.csv,4,1,resnet34,"(0.03, 0.1]",C1,PPV at 99% Specificity,1
/scratchc/nrlab/wang04/ulyses_results_iteration/iteration_3_merge_below_3/cnn_model/cnn14/plasma_tp1_0.1x_model_C1/roc_curve_resnet34_tf_0.03_0.1/nested_cv_random/resnet34/repeat_10_fold_5_metrics.csv,4,1,resnet34,"(0.03, 0.1]",C1,Accuracy at 99% Specificity,0.7891176470588235
/scratchc/nrlab/wang04/ulyses_results_iteration/iteration_3_merge_below_3/cnn_model/cnn14/plasma_tp1_0.1x_model_C1/roc_curve_resnet34_tf_0.03_0.1/nested_cv_random/resnet34/repeat_10_fold_5_metrics.csv,4,1,resnet34,"(0.03, 0.1]",C1,F1 at 99% Specificity,0.7407407407407407
/scratchc/nrlab/wang04/ulyses_results_iteration/iteration_3_merge_below_3/cnn_model/cnn14/plasma_tp1_0.1x_model_C1/roc_curve_resnet34_tf_0.03_0.1/nested_cv_random/resnet34/repeat_10_fold_5_metrics.csv,4,1,resnet34,"(0.03, 0.1]",C1,Sensitivity at 98% Specificity,0.5882352941176471
/scratchc/nrlab/wang04/ulyses_results_iteration/iteration_3_merge_below_3/cnn_model/cnn14/plasma_tp1_0.1x_model_C1/roc_curve_resnet34_tf_0.03_0.1/nested_cv_random/resnet34/repeat_10_fold_5_metrics.csv,4,1,resnet34,"(0.03, 0.1]",C1,PPV at 98% Specificity,1
/scratchc/nrlab/wang04/ulyses_results_iteration/iteration_3_merge_below_3/cnn_model/cnn14/plasma_tp1_0.1x_model_C1/roc_curve_resnet34_tf_0.03_0.1/nested_cv_random/resnet34/repeat_10_fold_5_metrics.csv,4,1,resnet34,"(0.03, 0.1]",C1,Accuracy at 98% Specificity,0.7841176470588236
/scratchc/nrlab/wang04/ulyses_results_iteration/iteration_3_merge_below_3/cnn_model/cnn14/plasma_tp1_0.1x_model_C1/roc_curve_resnet34_tf_0.03_0.1/nested_cv_random/resnet34/repeat_10_fold_5_metrics.csv,4,1,resnet34,"(0.03, 0.1]",C1,F1 at 98% Specificity,0.7407407407407407
/scratchc/nrlab/wang04/ulyses_results_iteration/iteration_3_merge_below_3/cnn_model/cnn14/plasma_tp1_0.1x_model_C1/roc_curve_resnet34_tf_0.03_0.1/nested_cv_random/resnet34/repeat_10_fold_5_metrics.csv,4,1,resnet34,"(0.03, 0.1]",C1,Sensitivity at 95% Specificity,0.7352941176470589
/scratchc/nrlab/wang04/ulyses_results_iteration/iteration_3_merge_below_3/cnn_model/cnn14/plasma_tp1_0.1x_model_C1/roc_curve_resnet34_tf_0.03_0.1/nested_cv_random/resnet34/repeat_10_fold_5_metrics.csv,4,1,resnet34,"(0.03, 0.1]",C1,PPV at 95% Specificity,0.925925925925926
/scratchc/nrlab/wang04/ulyses_results_iteration/iteration_3_merge_below_3/cnn_model/cnn14/plasma_tp1_0.1x_model_C1/roc_curve_resnet34_tf_0.03_0.1/nested_cv_random/resnet34/repeat_10_fold_5_metrics.csv,4,1,resnet34,"(0.03, 0.1]",C1,Accuracy at 95% Specificity,0.8284679543459175
/scratchc/nrlab/wang04/ulyses_results_iteration/iteration_3_merge_below_3/cnn_model/cnn14/plasma_tp1_0.1x_model_C1/roc_curve_resnet34_tf_0.03_0.1/nested_cv_random/resnet34/repeat_10_fold_5_metrics.csv,4,1,resnet34,"(0.03, 0.1]",C1,F1 at 95% Specificity,0.819672131147541
/scratchc/nrlab/wang04/ulyses_results_iteration/iteration_3_merge_below_3/cnn_model/cnn14/plasma_tp1_0.1x_model_C1/roc_curve_resnet34_tf_0.03_0.1/nested_cv_random/resnet34/repeat_10_fold_5_metrics.csv,4,2,resnet34,"(0.03, 0.1]",C1,AUROC,0.9122661122661124
/scratchc/nrlab/wang04/ulyses_results_iteration/iteration_3_merge_below_3/cnn_model/cnn14/plasma_tp1_0.1x_model_C1/roc_curve_resnet34_tf_0.03_0.1/nested_cv_random/resnet34/repeat_10_fold_5_metrics.csv,4,2,resnet34,"(0.03, 0.1]",C1,AUPRC,0.8901664271694116
/scratchc/nrlab/wang04/ulyses_results_iteration/iteration_3_merge_below_3/cnn_model/cnn14/plasma_tp1_0.1x_model_C1/roc_curve_resnet34_tf_0.03_0.1/nested_cv_random/resnet34/repeat_10_fold_5_metrics.csv,4,2,resnet34,"(0.03, 0.1]",C1,Sensitivity at 99% Specificity,0.5135135135135135
/scratchc/nrlab/wang04/ulyses_results_iteration/iteration_3_merge_below_3/cnn_model/cnn14/plasma_tp1_0.1x_model_C1/roc_curve_resnet34_tf_0.03_0.1/nested_cv_random/resnet34/repeat_10_fold_5_metrics.csv,4,2,resnet34,"(0.03, 0.1]",C1,PPV at 99% Specificity,1
/scratchc/nrlab/wang04/ulyses_results_iteration/iteration_3_merge_below_3/cnn_model/cnn14/plasma_tp1_0.1x_model_C1/roc_curve_resnet34_tf_0.03_0.1/nested_cv_random/resnet34/repeat_10_fold_5_metrics.csv,4,2,resnet34,"(0.03, 0.1]",C1,Accuracy at 99% Specificity,0.7517567567567567
/scratchc/nrlab/wang04/ulyses_results_iteration/iteration_3_merge_below_3/cnn_model/cnn14/plasma_tp1_0.1x_model_C1/roc_curve_resnet34_tf_0.03_0.1/nested_cv_random/resnet34/repeat_10_fold_5_metrics.csv,4,2,resnet34,"(0.03, 0.1]",C1,F1 at 99% Specificity,0.6785714285714286
/scratchc/nrlab/wang04/ulyses_results_iteration/iteration_3_merge_below_3/cnn_model/cnn14/plasma_tp1_0.1x_model_C1/roc_curve_resnet34_tf_0.03_0.1/nested_cv_random/resnet34/repeat_10_fold_5_metrics.csv,4,2,resnet34,"(0.03, 0.1]",C1,Sensitivity at 98% Specificity,0.5135135135135135
/scratchc/nrlab/wang04/ulyses_results_iteration/iteration_3_merge_below_3/cnn_model/cnn14/plasma_tp1_0.1x_model_C1/roc_curve_resnet34_tf_0.03_0.1/nested_cv_random/resnet34/repeat_10_fold_5_metrics.csv,4,2,resnet34,"(0.03, 0.1]",C1,PPV at 98% Specificity,1
/scratchc/nrlab/wang04/ulyses_results_iteration/iteration_3_merge_below_3/cnn_model/cnn14/plasma_tp1_0.1x_model_C1/roc_curve_resnet34_tf_0.03_0.1/nested_cv_random/resnet34/repeat_10_fold_5_metrics.csv,4,2,resnet34,"(0.03, 0.1]",C1,Accuracy at 98% Specificity,0.7467567567567568
/scratchc/nrlab/wang04/ulyses_results_iteration/iteration_3_merge_below_3/cnn_model/cnn14/plasma_tp1_0.1x_model_C1/roc_curve_resnet34_tf_0.03_0.1/nested_cv_random/resnet34/repeat_10_fold_5_metrics.csv,4,2,resnet34,"(0.03, 0.1]",C1,F1 at 98% Specificity,0.6785714285714286
/scratchc/nrlab/wang04/ulyses_results_iteration/iteration_3_merge_below_3/cnn_model/cnn14/plasma_tp1_0.1x_model_C1/roc_curve_resnet34_tf_0.03_0.1/nested_cv_random/resnet34/repeat_10_fold_5_metrics.csv,4,2,resnet34,"(0.03, 0.1]",C1,Sensitivity at 95% Specificity,0.6756756756756757
/scratchc/nrlab/wang04/ulyses_results_iteration/iteration_3_merge_below_3/cnn_model/cnn14/plasma_tp1_0.1x_model_C1/roc_curve_resnet34_tf_0.03_0.1/nested_cv_random/resnet34/repeat_10_fold_5_metrics.csv,4,2,resnet34,"(0.03, 0.1]",C1,PPV at 95% Specificity,0.925925925925926
/scratchc/nrlab/wang04/ulyses_results_iteration/iteration_3_merge_below_3/cnn_model/cnn14/plasma_tp1_0.1x_model_C1/roc_curve_resnet34_tf_0.03_0.1/nested_cv_random/resnet34/repeat_10_fold_5_metrics.csv,4,2,resnet34,"(0.03, 0.1]",C1,Accuracy at 95% Specificity,0.7982224532224531
/scratchc/nrlab/wang04/ulyses_results_iteration/iteration_3_merge_below_3/cnn_model/cnn14/plasma_tp1_0.1x_model_C1/roc_curve_resnet34_tf_0.03_0.1/nested_cv_random/resnet34/repeat_10_fold_5_metrics.csv,4,2,resnet34,"(0.03, 0.1]",C1,F1 at 95% Specificity,0.78125
/scratchc/nrlab/wang04/ulyses_results_iteration/iteration_3_merge_below_3/cnn_model/cnn14/plasma_tp1_0.1x_model_C1/roc_curve_resnet34_tf_0.03_0.1/nested_cv_random/resnet34/repeat_10_fold_5_metrics.csv,4,3,resnet34,"(0.03, 0.1]",C1,AUROC,0.9640198511166254
/scratchc/nrlab/wang04/ulyses_results_iteration/iteration_3_merge_below_3/cnn_model/cnn14/plasma_tp1_0.1x_model_C1/roc_curve_resnet34_tf_0.03_0.1/nested_cv_random/resnet34/repeat_10_fold_5_metrics.csv,4,3,resnet34,"(0.03, 0.1]",C1,AUPRC,0.9588490836945366
/scratchc/nrlab/wang04/ulyses_results_iteration/iteration_3_merge_below_3/cnn_model/cnn14/plasma_tp1_0.1x_model_C1/roc_curve_resnet34_tf_0.03_0.1/nested_cv_random/resnet34/repeat_10_fold_5_metrics.csv,4,3,resnet34,"(0.03, 0.1]",C1,Sensitivity at 99% Specificity,0.7948717948717948
/scratchc/nrlab/wang04/ulyses_results_iteration/iteration_3_merge_below_3/cnn_model/cnn14/plasma_tp1_0.1x_model_C1/roc_curve_resnet34_tf_0.03_0.1/nested_cv_random/resnet34/repeat_10_fold_5_metrics.csv,4,3,resnet34,"(0.03, 0.1]",C1,PPV at 99% Specificity,1
/scratchc/nrlab/wang04/ulyses_results_iteration/iteration_3_merge_below_3/cnn_model/cnn14/plasma_tp1_0.1x_model_C1/roc_curve_resnet34_tf_0.03_0.1/nested_cv_random/resnet34/repeat_10_fold_5_metrics.csv,4,3,resnet34,"(0.03, 0.1]",C1,Accuracy at 99% Specificity,0.8924358974358975
/scratchc/nrlab/wang04/ulyses_results_iteration/iteration_3_merge_below_3/cnn_model/cnn14/plasma_tp1_0.1x_model_C1/roc_curve_resnet34_tf_0.03_0.1/nested_cv_random/resnet34/repeat_10_fold_5_metrics.csv,4,3,resnet34,"(0.03, 0.1]",C1,F1 at 99% Specificity,0.8857142857142857
/scratchc/nrlab/wang04/ulyses_results_iteration/iteration_3_merge_below_3/cnn_model/cnn14/plasma_tp1_0.1x_model_C1/roc_curve_resnet34_tf_0.03_0.1/nested_cv_random/resnet34/repeat_10_fold_5_metrics.csv,4,3,resnet34,"(0.03, 0.1]",C1,Sensitivity at 98% Specificity,0.7948717948717948
/scratchc/nrlab/wang04/ulyses_results_iteration/iteration_3_merge_below_3/cnn_model/cnn14/plasma_tp1_0.1x_model_C1/roc_curve_resnet34_tf_0.03_0.1/nested_cv_random/resnet34/repeat_10_fold_5_metrics.csv,4,3,resnet34,"(0.03, 0.1]",C1,PPV at 98% Specificity,1
/scratchc/nrlab/wang04/ulyses_results_iteration/iteration_3_merge_below_3/cnn_model/cnn14/plasma_tp1_0.1x_model_C1/roc_curve_resnet34_tf_0.03_0.1/nested_cv_random/resnet34/repeat_10_fold_5_metrics.csv,4,3,resnet34,"(0.03, 0.1]",C1,Accuracy at 98% Specificity,0.8874358974358973
/scratchc/nrlab/wang04/ulyses_results_iteration/iteration_3_merge_below_3/cnn_model/cnn14/plasma_tp1_0.1x_model_C1/roc_curve_resnet34_tf_0.03_0.1/nested_cv_random/resnet34/repeat_10_fold_5_metrics.csv,4,3,resnet34,"(0.03, 0.1]",C1,F1 at 98% Specificity,0.8857142857142857
/scratchc/nrlab/wang04/ulyses_results_iteration/iteration_3_merge_below_3/cnn_model/cnn14/plasma_tp1_0.1x_model_C1/roc_curve_resnet34_tf_0.03_0.1/nested_cv_random/resnet34/repeat_10_fold_5_metrics.csv,4,3,resnet34,"(0.03, 0.1]",C1,Sensitivity at 95% Specificity,0.8461538461538461
/scratchc/nrlab/wang04/ulyses_results_iteration/iteration_3_merge_below_3/cnn_model/cnn14/plasma_tp1_0.1x_model_C1/roc_curve_resnet34_tf_0.03_0.1/nested_cv_random/resnet34/repeat_10_fold_5_metrics.csv,4,3,resnet34,"(0.03, 0.1]",C1,PPV at 95% Specificity,0.9705882352941176
/scratchc/nrlab/wang04/ulyses_results_iteration/iteration_3_merge_below_3/cnn_model/cnn14/plasma_tp1_0.1x_model_C1/roc_curve_resnet34_tf_0.03_0.1/nested_cv_random/resnet34/repeat_10_fold_5_metrics.csv,4,3,resnet34,"(0.03, 0.1]",C1,Accuracy at 95% Specificity,0.8904156327543424
/scratchc/nrlab/wang04/ulyses_results_iteration/iteration_3_merge_below_3/cnn_model/cnn14/plasma_tp1_0.1x_model_C1/roc_curve_resnet34_tf_0.03_0.1/nested_cv_random/resnet34/repeat_10_fold_5_metrics.csv,4,3,resnet34,"(0.03, 0.1]",C1,F1 at 95% Specificity,0.9041095890410958
/scratchc/nrlab/wang04/ulyses_results_iteration/iteration_3_merge_below_3/cnn_model/cnn14/plasma_tp1_0.1x_model_C1/roc_curve_resnet34_tf_0.03_0.1/nested_cv_random/resnet34/repeat_10_fold_5_metrics.csv,5,1,resnet34,"(0.03, 0.1]",C1,AUROC,0.9093555093555092
/scratchc/nrlab/wang04/ulyses_results_iteration/iteration_3_merge_below_3/cnn_model/cnn14/plasma_tp1_0.1x_model_C1/roc_curve_resnet34_tf_0.03_0.1/nested_cv_random/resnet34/repeat_10_fold_5_metrics.csv,5,1,resnet34,"(0.03, 0.1]",C1,AUPRC,0.9058534557913044
/scratchc/nrlab/wang04/ulyses_results_iteration/iteration_3_merge_below_3/cnn_model/cnn14/plasma_tp1_0.1x_model_C1/roc_curve_resnet34_tf_0.03_0.1/nested_cv_random/resnet34/repeat_10_fold_5_metrics.csv,5,1,resnet34,"(0.03, 0.1]",C1,Sensitivity at 99% Specificity,0.5675675675675675
/scratchc/nrlab/wang04/ulyses_results_iteration/iteration_3_merge_below_3/cnn_model/cnn14/plasma_tp1_0.1x_model_C1/roc_curve_resnet34_tf_0.03_0.1/nested_cv_random/resnet34/repeat_10_fold_5_metrics.csv,5,1,resnet34,"(0.03, 0.1]",C1,PPV at 99% Specificity,1
/scratchc/nrlab/wang04/ulyses_results_iteration/iteration_3_merge_below_3/cnn_model/cnn14/plasma_tp1_0.1x_model_C1/roc_curve_resnet34_tf_0.03_0.1/nested_cv_random/resnet34/repeat_10_fold_5_metrics.csv,5,1,resnet34,"(0.03, 0.1]",C1,Accuracy at 99% Specificity,0.7787837837837838
/scratchc/nrlab/wang04/ulyses_results_iteration/iteration_3_merge_below_3/cnn_model/cnn14/plasma_tp1_0.1x_model_C1/roc_curve_resnet34_tf_0.03_0.1/nested_cv_random/resnet34/repeat_10_fold_5_metrics.csv,5,1,resnet34,"(0.03, 0.1]",C1,F1 at 99% Specificity,0.7241379310344828
/scratchc/nrlab/wang04/ulyses_results_iteration/iteration_3_merge_below_3/cnn_model/cnn14/plasma_tp1_0.1x_model_C1/roc_curve_resnet34_tf_0.03_0.1/nested_cv_random/resnet34/repeat_10_fold_5_metrics.csv,5,1,resnet34,"(0.03, 0.1]",C1,Sensitivity at 98% Specificity,0.5675675675675675
/scratchc/nrlab/wang04/ulyses_results_iteration/iteration_3_merge_below_3/cnn_model/cnn14/plasma_tp1_0.1x_model_C1/roc_curve_resnet34_tf_0.03_0.1/nested_cv_random/resnet34/repeat_10_fold_5_metrics.csv,5,1,resnet34,"(0.03, 0.1]",C1,PPV at 98% Specificity,1
/scratchc/nrlab/wang04/ulyses_results_iteration/iteration_3_merge_below_3/cnn_model/cnn14/plasma_tp1_0.1x_model_C1/roc_curve_resnet34_tf_0.03_0.1/nested_cv_random/resnet34/repeat_10_fold_5_metrics.csv,5,1,resnet34,"(0.03, 0.1]",C1,Accuracy at 98% Specificity,0.7737837837837838
/scratchc/nrlab/wang04/ulyses_results_iteration/iteration_3_merge_below_3/cnn_model/cnn14/plasma_tp1_0.1x_model_C1/roc_curve_resnet34_tf_0.03_0.1/nested_cv_random/resnet34/repeat_10_fold_5_metrics.csv,5,1,resnet34,"(0.03, 0.1]",C1,F1 at 98% Specificity,0.7241379310344828
/scratchc/nrlab/wang04/ulyses_results_iteration/iteration_3_merge_below_3/cnn_model/cnn14/plasma_tp1_0.1x_model_C1/roc_curve_resnet34_tf_0.03_0.1/nested_cv_random/resnet34/repeat_10_fold_5_metrics.csv,5,1,resnet34,"(0.03, 0.1]",C1,Sensitivity at 95% Specificity,0.7837837837837838
/scratchc/nrlab/wang04/ulyses_results_iteration/iteration_3_merge_below_3/cnn_model/cnn14/plasma_tp1_0.1x_model_C1/roc_curve_resnet34_tf_0.03_0.1/nested_cv_random/resnet34/repeat_10_fold_5_metrics.csv,5,1,resnet34,"(0.03, 0.1]",C1,PPV at 95% Specificity,0.935483870967742
/scratchc/nrlab/wang04/ulyses_results_iteration/iteration_3_merge_below_3/cnn_model/cnn14/plasma_tp1_0.1x_model_C1/roc_curve_resnet34_tf_0.03_0.1/nested_cv_random/resnet34/repeat_10_fold_5_metrics.csv,5,1,resnet34,"(0.03, 0.1]",C1,Accuracy at 95% Specificity,0.8522765072765073
/scratchc/nrlab/wang04/ulyses_results_iteration/iteration_3_merge_below_3/cnn_model/cnn14/plasma_tp1_0.1x_model_C1/roc_curve_resnet34_tf_0.03_0.1/nested_cv_random/resnet34/repeat_10_fold_5_metrics.csv,5,1,resnet34,"(0.03, 0.1]",C1,F1 at 95% Specificity,0.8529411764705882
/scratchc/nrlab/wang04/ulyses_results_iteration/iteration_3_merge_below_3/cnn_model/cnn14/plasma_tp1_0.1x_model_C1/roc_curve_resnet34_tf_0.03_0.1/nested_cv_random/resnet34/repeat_10_fold_5_metrics.csv,5,3,resnet34,"(0.03, 0.1]",C1,AUROC,0.8948306595365418
/scratchc/nrlab/wang04/ulyses_results_iteration/iteration_3_merge_below_3/cnn_model/cnn14/plasma_tp1_0.1x_model_C1/roc_curve_resnet34_tf_0.03_0.1/nested_cv_random/resnet34/repeat_10_fold_5_metrics.csv,5,3,resnet34,"(0.03, 0.1]",C1,AUPRC,0.8610406869354318
/scratchc/nrlab/wang04/ulyses_results_iteration/iteration_3_merge_below_3/cnn_model/cnn14/plasma_tp1_0.1x_model_C1/roc_curve_resnet34_tf_0.03_0.1/nested_cv_random/resnet34/repeat_10_fold_5_metrics.csv,5,3,resnet34,"(0.03, 0.1]",C1,Sensitivity at 99% Specificity,0.30303030303030304
/scratchc/nrlab/wang04/ulyses_results_iteration/iteration_3_merge_below_3/cnn_model/cnn14/plasma_tp1_0.1x_model_C1/roc_curve_resnet34_tf_0.03_0.1/nested_cv_random/resnet34/repeat_10_fold_5_metrics.csv,5,3,resnet34,"(0.03, 0.1]",C1,PPV at 99% Specificity,1
/scratchc/nrlab/wang04/ulyses_results_iteration/iteration_3_merge_below_3/cnn_model/cnn14/plasma_tp1_0.1x_model_C1/roc_curve_resnet34_tf_0.03_0.1/nested_cv_random/resnet34/repeat_10_fold_5_metrics.csv,5,3,resnet34,"(0.03, 0.1]",C1,Accuracy at 99% Specificity,0.6465151515151515
/scratchc/nrlab/wang04/ulyses_results_iteration/iteration_3_merge_below_3/cnn_model/cnn14/plasma_tp1_0.1x_model_C1/roc_curve_resnet34_tf_0.03_0.1/nested_cv_random/resnet34/repeat_10_fold_5_metrics.csv,5,3,resnet34,"(0.03, 0.1]",C1,F1 at 99% Specificity,0.46511627906976744
/scratchc/nrlab/wang04/ulyses_results_iteration/iteration_3_merge_below_3/cnn_model/cnn14/plasma_tp1_0.1x_model_C1/roc_curve_resnet34_tf_0.03_0.1/nested_cv_random/resnet34/repeat_10_fold_5_metrics.csv,5,3,resnet34,"(0.03, 0.1]",C1,Sensitivity at 98% Specificity,0.30303030303030304
/scratchc/nrlab/wang04/ulyses_results_iteration/iteration_3_merge_below_3/cnn_model/cnn14/plasma_tp1_0.1x_model_C1/roc_curve_resnet34_tf_0.03_0.1/nested_cv_random/resnet34/repeat_10_fold_5_metrics.csv,5,3,resnet34,"(0.03, 0.1]",C1,PPV at 98% Specificity,1
/scratchc/nrlab/wang04/ulyses_results_iteration/iteration_3_merge_below_3/cnn_model/cnn14/plasma_tp1_0.1x_model_C1/roc_curve_resnet34_tf_0.03_0.1/nested_cv_random/resnet34/repeat_10_fold_5_metrics.csv,5,3,resnet34,"(0.03, 0.1]",C1,Accuracy at 98% Specificity,0.6415151515151515
/scratchc/nrlab/wang04/ulyses_results_iteration/iteration_3_merge_below_3/cnn_model/cnn14/plasma_tp1_0.1x_model_C1/roc_curve_resnet34_tf_0.03_0.1/nested_cv_random/resnet34/repeat_10_fold_5_metrics.csv,5,3,resnet34,"(0.03, 0.1]",C1,F1 at 98% Specificity,0.46511627906976744
/scratchc/nrlab/wang04/ulyses_results_iteration/iteration_3_merge_below_3/cnn_model/cnn14/plasma_tp1_0.1x_model_C1/roc_curve_resnet34_tf_0.03_0.1/nested_cv_random/resnet34/repeat_10_fold_5_metrics.csv,5,3,resnet34,"(0.03, 0.1]",C1,Sensitivity at 95% Specificity,0.7272727272727273
/scratchc/nrlab/wang04/ulyses_results_iteration/iteration_3_merge_below_3/cnn_model/cnn14/plasma_tp1_0.1x_model_C1/roc_curve_resnet34_tf_0.03_0.1/nested_cv_random/resnet34/repeat_10_fold_5_metrics.csv,5,3,resnet34,"(0.03, 0.1]",C1,PPV at 95% Specificity,0.9230769230769232
/scratchc/nrlab/wang04/ulyses_results_iteration/iteration_3_merge_below_3/cnn_model/cnn14/plasma_tp1_0.1x_model_C1/roc_curve_resnet34_tf_0.03_0.1/nested_cv_random/resnet34/repeat_10_fold_5_metrics.csv,5,3,resnet34,"(0.03, 0.1]",C1,Accuracy at 95% Specificity,0.8246657754010696
/scratchc/nrlab/wang04/ulyses_results_iteration/iteration_3_merge_below_3/cnn_model/cnn14/plasma_tp1_0.1x_model_C1/roc_curve_resnet34_tf_0.03_0.1/nested_cv_random/resnet34/repeat_10_fold_5_metrics.csv,5,3,resnet34,"(0.03, 0.1]",C1,F1 at 95% Specificity,0.8135593220338984
/scratchc/nrlab/wang04/ulyses_results_iteration/iteration_3_merge_below_3/cnn_model/cnn14/plasma_tp1_0.1x_model_C1/roc_curve_resnet34_tf_0.03_0.1/nested_cv_random/resnet34/repeat_10_fold_5_metrics.csv,5,4,resnet34,"(0.03, 0.1]",C1,AUROC,0.9640768588137008
/scratchc/nrlab/wang04/ulyses_results_iteration/iteration_3_merge_below_3/cnn_model/cnn14/plasma_tp1_0.1x_model_C1/roc_curve_resnet34_tf_0.03_0.1/nested_cv_random/resnet34/repeat_10_fold_5_metrics.csv,5,4,resnet34,"(0.03, 0.1]",C1,AUPRC,0.963115487961026
/scratchc/nrlab/wang04/ulyses_results_iteration/iteration_3_merge_below_3/cnn_model/cnn14/plasma_tp1_0.1x_model_C1/roc_curve_resnet34_tf_0.03_0.1/nested_cv_random/resnet34/repeat_10_fold_5_metrics.csv,5,4,resnet34,"(0.03, 0.1]",C1,Sensitivity at 99% Specificity,0.7894736842105263
/scratchc/nrlab/wang04/ulyses_results_iteration/iteration_3_merge_below_3/cnn_model/cnn14/plasma_tp1_0.1x_model_C1/roc_curve_resnet34_tf_0.03_0.1/nested_cv_random/resnet34/repeat_10_fold_5_metrics.csv,5,4,resnet34,"(0.03, 0.1]",C1,PPV at 99% Specificity,1
/scratchc/nrlab/wang04/ulyses_results_iteration/iteration_3_merge_below_3/cnn_model/cnn14/plasma_tp1_0.1x_model_C1/roc_curve_resnet34_tf_0.03_0.1/nested_cv_random/resnet34/repeat_10_fold_5_metrics.csv,5,4,resnet34,"(0.03, 0.1]",C1,Accuracy at 99% Specificity,0.8897368421052632
/scratchc/nrlab/wang04/ulyses_results_iteration/iteration_3_merge_below_3/cnn_model/cnn14/plasma_tp1_0.1x_model_C1/roc_curve_resnet34_tf_0.03_0.1/nested_cv_random/resnet34/repeat_10_fold_5_metrics.csv,5,4,resnet34,"(0.03, 0.1]",C1,F1 at 99% Specificity,0.8823529411764706
/scratchc/nrlab/wang04/ulyses_results_iteration/iteration_3_merge_below_3/cnn_model/cnn14/plasma_tp1_0.1x_model_C1/roc_curve_resnet34_tf_0.03_0.1/nested_cv_random/resnet34/repeat_10_fold_5_metrics.csv,5,4,resnet34,"(0.03, 0.1]",C1,Sensitivity at 98% Specificity,0.7894736842105263
/scratchc/nrlab/wang04/ulyses_results_iteration/iteration_3_merge_below_3/cnn_model/cnn14/plasma_tp1_0.1x_model_C1/roc_curve_resnet34_tf_0.03_0.1/nested_cv_random/resnet34/repeat_10_fold_5_metrics.csv,5,4,resnet34,"(0.03, 0.1]",C1,PPV at 98% Specificity,1
/scratchc/nrlab/wang04/ulyses_results_iteration/iteration_3_merge_below_3/cnn_model/cnn14/plasma_tp1_0.1x_model_C1/roc_curve_resnet34_tf_0.03_0.1/nested_cv_random/resnet34/repeat_10_fold_5_metrics.csv,5,4,resnet34,"(0.03, 0.1]",C1,Accuracy at 98% Specificity,0.8847368421052632
/scratchc/nrlab/wang04/ulyses_results_iteration/iteration_3_merge_below_3/cnn_model/cnn14/plasma_tp1_0.1x_model_C1/roc_curve_resnet34_tf_0.03_0.1/nested_cv_random/resnet34/repeat_10_fold_5_metrics.csv,5,4,resnet34,"(0.03, 0.1]",C1,F1 at 98% Specificity,0.8823529411764706
/scratchc/nrlab/wang04/ulyses_results_iteration/iteration_3_merge_below_3/cnn_model/cnn14/plasma_tp1_0.1x_model_C1/roc_curve_resnet34_tf_0.03_0.1/nested_cv_random/resnet34/repeat_10_fold_5_metrics.csv,5,4,resnet34,"(0.03, 0.1]",C1,Sensitivity at 95% Specificity,0.8947368421052632
/scratchc/nrlab/wang04/ulyses_results_iteration/iteration_3_merge_below_3/cnn_model/cnn14/plasma_tp1_0.1x_model_C1/roc_curve_resnet34_tf_0.03_0.1/nested_cv_random/resnet34/repeat_10_fold_5_metrics.csv,5,4,resnet34,"(0.03, 0.1]",C1,PPV at 95% Specificity,0.9444444444444444
/scratchc/nrlab/wang04/ulyses_results_iteration/iteration_3_merge_below_3/cnn_model/cnn14/plasma_tp1_0.1x_model_C1/roc_curve_resnet34_tf_0.03_0.1/nested_cv_random/resnet34/repeat_10_fold_5_metrics.csv,5,4,resnet34,"(0.03, 0.1]",C1,Accuracy at 95% Specificity,0.9072890559732664
/scratchc/nrlab/wang04/ulyses_results_iteration/iteration_3_merge_below_3/cnn_model/cnn14/plasma_tp1_0.1x_model_C1/roc_curve_resnet34_tf_0.03_0.1/nested_cv_random/resnet34/repeat_10_fold_5_metrics.csv,5,4,resnet34,"(0.03, 0.1]",C1,F1 at 95% Specificity,0.918918918918919
/scratchc/nrlab/wang04/ulyses_results_iteration/iteration_3_merge_below_3/cnn_model/cnn14/plasma_tp1_0.1x_model_C1/roc_curve_resnet34_tf_0.03_0.1/nested_cv_random/resnet34/repeat_10_fold_5_metrics.csv,5,5,resnet34,"(0.03, 0.1]",C1,AUROC,0.9423558897243108
/scratchc/nrlab/wang04/ulyses_results_iteration/iteration_3_merge_below_3/cnn_model/cnn14/plasma_tp1_0.1x_model_C1/roc_curve_resnet34_tf_0.03_0.1/nested_cv_random/resnet34/repeat_10_fold_5_metrics.csv,5,5,resnet34,"(0.03, 0.1]",C1,AUPRC,0.9396488232882956
/scratchc/nrlab/wang04/ulyses_results_iteration/iteration_3_merge_below_3/cnn_model/cnn14/plasma_tp1_0.1x_model_C1/roc_curve_resnet34_tf_0.03_0.1/nested_cv_random/resnet34/repeat_10_fold_5_metrics.csv,5,5,resnet34,"(0.03, 0.1]",C1,Sensitivity at 99% Specificity,0.631578947368421
/scratchc/nrlab/wang04/ulyses_results_iteration/iteration_3_merge_below_3/cnn_model/cnn14/plasma_tp1_0.1x_model_C1/roc_curve_resnet34_tf_0.03_0.1/nested_cv_random/resnet34/repeat_10_fold_5_metrics.csv,5,5,resnet34,"(0.03, 0.1]",C1,PPV at 99% Specificity,1
/scratchc/nrlab/wang04/ulyses_results_iteration/iteration_3_merge_below_3/cnn_model/cnn14/plasma_tp1_0.1x_model_C1/roc_curve_resnet34_tf_0.03_0.1/nested_cv_random/resnet34/repeat_10_fold_5_metrics.csv,5,5,resnet34,"(0.03, 0.1]",C1,Accuracy at 99% Specificity,0.8107894736842105
/scratchc/nrlab/wang04/ulyses_results_iteration/iteration_3_merge_below_3/cnn_model/cnn14/plasma_tp1_0.1x_model_C1/roc_curve_resnet34_tf_0.03_0.1/nested_cv_random/resnet34/repeat_10_fold_5_metrics.csv,5,5,resnet34,"(0.03, 0.1]",C1,F1 at 99% Specificity,0.7741935483870968
/scratchc/nrlab/wang04/ulyses_results_iteration/iteration_3_merge_below_3/cnn_model/cnn14/plasma_tp1_0.1x_model_C1/roc_curve_resnet34_tf_0.03_0.1/nested_cv_random/resnet34/repeat_10_fold_5_metrics.csv,5,5,resnet34,"(0.03, 0.1]",C1,Sensitivity at 98% Specificity,0.631578947368421
/scratchc/nrlab/wang04/ulyses_results_iteration/iteration_3_merge_below_3/cnn_model/cnn14/plasma_tp1_0.1x_model_C1/roc_curve_resnet34_tf_0.03_0.1/nested_cv_random/resnet34/repeat_10_fold_5_metrics.csv,5,5,resnet34,"(0.03, 0.1]",C1,PPV at 98% Specificity,1
/scratchc/nrlab/wang04/ulyses_results_iteration/iteration_3_merge_below_3/cnn_model/cnn14/plasma_tp1_0.1x_model_C1/roc_curve_resnet34_tf_0.03_0.1/nested_cv_random/resnet34/repeat_10_fold_5_metrics.csv,5,5,resnet34,"(0.03, 0.1]",C1,Accuracy at 98% Specificity,0.8057894736842105
/scratchc/nrlab/wang04/ulyses_results_iteration/iteration_3_merge_below_3/cnn_model/cnn14/plasma_tp1_0.1x_model_C1/roc_curve_resnet34_tf_0.03_0.1/nested_cv_random/resnet34/repeat_10_fold_5_metrics.csv,5,5,resnet34,"(0.03, 0.1]",C1,F1 at 98% Specificity,0.7741935483870968
/scratchc/nrlab/wang04/ulyses_results_iteration/iteration_3_merge_below_3/cnn_model/cnn14/plasma_tp1_0.1x_model_C1/roc_curve_resnet34_tf_0.03_0.1/nested_cv_random/resnet34/repeat_10_fold_5_metrics.csv,5,5,resnet34,"(0.03, 0.1]",C1,Sensitivity at 95% Specificity,0.8157894736842105
/scratchc/nrlab/wang04/ulyses_results_iteration/iteration_3_merge_below_3/cnn_model/cnn14/plasma_tp1_0.1x_model_C1/roc_curve_resnet34_tf_0.03_0.1/nested_cv_random/resnet34/repeat_10_fold_5_metrics.csv,5,5,resnet34,"(0.03, 0.1]",C1,PPV at 95% Specificity,0.9393939393939394
/scratchc/nrlab/wang04/ulyses_results_iteration/iteration_3_merge_below_3/cnn_model/cnn14/plasma_tp1_0.1x_model_C1/roc_curve_resnet34_tf_0.03_0.1/nested_cv_random/resnet34/repeat_10_fold_5_metrics.csv,5,5,resnet34,"(0.03, 0.1]",C1,Accuracy at 95% Specificity,0.8678153717627402
/scratchc/nrlab/wang04/ulyses_results_iteration/iteration_3_merge_below_3/cnn_model/cnn14/plasma_tp1_0.1x_model_C1/roc_curve_resnet34_tf_0.03_0.1/nested_cv_random/resnet34/repeat_10_fold_5_metrics.csv,5,5,resnet34,"(0.03, 0.1]",C1,F1 at 95% Specificity,0.8732394366197183
/scratchc/nrlab/wang04/ulyses_results_iteration/iteration_3_merge_below_3/cnn_model/cnn14/plasma_tp1_0.1x_model_C1/roc_curve_resnet34_tf_0.03_0.1/nested_cv_random/resnet34/repeat_10_fold_5_metrics.csv,6,1,resnet34,"(0.03, 0.1]",C1,AUROC,0.9280303030303032
/scratchc/nrlab/wang04/ulyses_results_iteration/iteration_3_merge_below_3/cnn_model/cnn14/plasma_tp1_0.1x_model_C1/roc_curve_resnet34_tf_0.03_0.1/nested_cv_random/resnet34/repeat_10_fold_5_metrics.csv,6,1,resnet34,"(0.03, 0.1]",C1,AUPRC,0.9143494475148716
/scratchc/nrlab/wang04/ulyses_results_iteration/iteration_3_merge_below_3/cnn_model/cnn14/plasma_tp1_0.1x_model_C1/roc_curve_resnet34_tf_0.03_0.1/nested_cv_random/resnet34/repeat_10_fold_5_metrics.csv,6,1,resnet34,"(0.03, 0.1]",C1,Sensitivity at 99% Specificity,0.5277777777777778
/scratchc/nrlab/wang04/ulyses_results_iteration/iteration_3_merge_below_3/cnn_model/cnn14/plasma_tp1_0.1x_model_C1/roc_curve_resnet34_tf_0.03_0.1/nested_cv_random/resnet34/repeat_10_fold_5_metrics.csv,6,1,resnet34,"(0.03, 0.1]",C1,PPV at 99% Specificity,1
/scratchc/nrlab/wang04/ulyses_results_iteration/iteration_3_merge_below_3/cnn_model/cnn14/plasma_tp1_0.1x_model_C1/roc_curve_resnet34_tf_0.03_0.1/nested_cv_random/resnet34/repeat_10_fold_5_metrics.csv,6,1,resnet34,"(0.03, 0.1]",C1,Accuracy at 99% Specificity,0.758888888888889
/scratchc/nrlab/wang04/ulyses_results_iteration/iteration_3_merge_below_3/cnn_model/cnn14/plasma_tp1_0.1x_model_C1/roc_curve_resnet34_tf_0.03_0.1/nested_cv_random/resnet34/repeat_10_fold_5_metrics.csv,6,1,resnet34,"(0.03, 0.1]",C1,F1 at 99% Specificity,0.6909090909090909
/scratchc/nrlab/wang04/ulyses_results_iteration/iteration_3_merge_below_3/cnn_model/cnn14/plasma_tp1_0.1x_model_C1/roc_curve_resnet34_tf_0.03_0.1/nested_cv_random/resnet34/repeat_10_fold_5_metrics.csv,6,1,resnet34,"(0.03, 0.1]",C1,Sensitivity at 98% Specificity,0.5277777777777778
/scratchc/nrlab/wang04/ulyses_results_iteration/iteration_3_merge_below_3/cnn_model/cnn14/plasma_tp1_0.1x_model_C1/roc_curve_resnet34_tf_0.03_0.1/nested_cv_random/resnet34/repeat_10_fold_5_metrics.csv,6,1,resnet34,"(0.03, 0.1]",C1,PPV at 98% Specificity,1
/scratchc/nrlab/wang04/ulyses_results_iteration/iteration_3_merge_below_3/cnn_model/cnn14/plasma_tp1_0.1x_model_C1/roc_curve_resnet34_tf_0.03_0.1/nested_cv_random/resnet34/repeat_10_fold_5_metrics.csv,6,1,resnet34,"(0.03, 0.1]",C1,Accuracy at 98% Specificity,0.7538888888888888
/scratchc/nrlab/wang04/ulyses_results_iteration/iteration_3_merge_below_3/cnn_model/cnn14/plasma_tp1_0.1x_model_C1/roc_curve_resnet34_tf_0.03_0.1/nested_cv_random/resnet34/repeat_10_fold_5_metrics.csv,6,1,resnet34,"(0.03, 0.1]",C1,F1 at 98% Specificity,0.6909090909090909
/scratchc/nrlab/wang04/ulyses_results_iteration/iteration_3_merge_below_3/cnn_model/cnn14/plasma_tp1_0.1x_model_C1/roc_curve_resnet34_tf_0.03_0.1/nested_cv_random/resnet34/repeat_10_fold_5_metrics.csv,6,1,resnet34,"(0.03, 0.1]",C1,Sensitivity at 95% Specificity,0.6944444444444444
/scratchc/nrlab/wang04/ulyses_results_iteration/iteration_3_merge_below_3/cnn_model/cnn14/plasma_tp1_0.1x_model_C1/roc_curve_resnet34_tf_0.03_0.1/nested_cv_random/resnet34/repeat_10_fold_5_metrics.csv,6,1,resnet34,"(0.03, 0.1]",C1,PPV at 95% Specificity,0.9615384615384616
/scratchc/nrlab/wang04/ulyses_results_iteration/iteration_3_merge_below_3/cnn_model/cnn14/plasma_tp1_0.1x_model_C1/roc_curve_resnet34_tf_0.03_0.1/nested_cv_random/resnet34/repeat_10_fold_5_metrics.csv,6,1,resnet34,"(0.03, 0.1]",C1,Accuracy at 95% Specificity,0.8150252525252525
/scratchc/nrlab/wang04/ulyses_results_iteration/iteration_3_merge_below_3/cnn_model/cnn14/plasma_tp1_0.1x_model_C1/roc_curve_resnet34_tf_0.03_0.1/nested_cv_random/resnet34/repeat_10_fold_5_metrics.csv,6,1,resnet34,"(0.03, 0.1]",C1,F1 at 95% Specificity,0.8064516129032258
/scratchc/nrlab/wang04/ulyses_results_iteration/iteration_3_merge_below_3/cnn_model/cnn14/plasma_tp1_0.1x_model_C1/roc_curve_resnet34_tf_0.03_0.1/nested_cv_random/resnet34/repeat_10_fold_5_metrics.csv,6,3,resnet34,"(0.03, 0.1]",C1,AUROC,0.9298986486486488
/scratchc/nrlab/wang04/ulyses_results_iteration/iteration_3_merge_below_3/cnn_model/cnn14/plasma_tp1_0.1x_model_C1/roc_curve_resnet34_tf_0.03_0.1/nested_cv_random/resnet34/repeat_10_fold_5_metrics.csv,6,3,resnet34,"(0.03, 0.1]",C1,AUPRC,0.9251455652663496
/scratchc/nrlab/wang04/ulyses_results_iteration/iteration_3_merge_below_3/cnn_model/cnn14/plasma_tp1_0.1x_model_C1/roc_curve_resnet34_tf_0.03_0.1/nested_cv_random/resnet34/repeat_10_fold_5_metrics.csv,6,3,resnet34,"(0.03, 0.1]",C1,Sensitivity at 99% Specificity,0.6216216216216216
/scratchc/nrlab/wang04/ulyses_results_iteration/iteration_3_merge_below_3/cnn_model/cnn14/plasma_tp1_0.1x_model_C1/roc_curve_resnet34_tf_0.03_0.1/nested_cv_random/resnet34/repeat_10_fold_5_metrics.csv,6,3,resnet34,"(0.03, 0.1]",C1,PPV at 99% Specificity,1
/scratchc/nrlab/wang04/ulyses_results_iteration/iteration_3_merge_below_3/cnn_model/cnn14/plasma_tp1_0.1x_model_C1/roc_curve_resnet34_tf_0.03_0.1/nested_cv_random/resnet34/repeat_10_fold_5_metrics.csv,6,3,resnet34,"(0.03, 0.1]",C1,Accuracy at 99% Specificity,0.8058108108108109
/scratchc/nrlab/wang04/ulyses_results_iteration/iteration_3_merge_below_3/cnn_model/cnn14/plasma_tp1_0.1x_model_C1/roc_curve_resnet34_tf_0.03_0.1/nested_cv_random/resnet34/repeat_10_fold_5_metrics.csv,6,3,resnet34,"(0.03, 0.1]",C1,F1 at 99% Specificity,0.7666666666666667
/scratchc/nrlab/wang04/ulyses_results_iteration/iteration_3_merge_below_3/cnn_model/cnn14/plasma_tp1_0.1x_model_C1/roc_curve_resnet34_tf_0.03_0.1/nested_cv_random/resnet34/repeat_10_fold_5_metrics.csv,6,3,resnet34,"(0.03, 0.1]",C1,Sensitivity at 98% Specificity,0.6216216216216216
/scratchc/nrlab/wang04/ulyses_results_iteration/iteration_3_merge_below_3/cnn_model/cnn14/plasma_tp1_0.1x_model_C1/roc_curve_resnet34_tf_0.03_0.1/nested_cv_random/resnet34/repeat_10_fold_5_metrics.csv,6,3,resnet34,"(0.03, 0.1]",C1,PPV at 98% Specificity,1
/scratchc/nrlab/wang04/ulyses_results_iteration/iteration_3_merge_below_3/cnn_model/cnn14/plasma_tp1_0.1x_model_C1/roc_curve_resnet34_tf_0.03_0.1/nested_cv_random/resnet34/repeat_10_fold_5_metrics.csv,6,3,resnet34,"(0.03, 0.1]",C1,Accuracy at 98% Specificity,0.8008108108108107
/scratchc/nrlab/wang04/ulyses_results_iteration/iteration_3_merge_below_3/cnn_model/cnn14/plasma_tp1_0.1x_model_C1/roc_curve_resnet34_tf_0.03_0.1/nested_cv_random/resnet34/repeat_10_fold_5_metrics.csv,6,3,resnet34,"(0.03, 0.1]",C1,F1 at 98% Specificity,0.7666666666666667
/scratchc/nrlab/wang04/ulyses_results_iteration/iteration_3_merge_below_3/cnn_model/cnn14/plasma_tp1_0.1x_model_C1/roc_curve_resnet34_tf_0.03_0.1/nested_cv_random/resnet34/repeat_10_fold_5_metrics.csv,6,3,resnet34,"(0.03, 0.1]",C1,Sensitivity at 95% Specificity,0.8108108108108109
/scratchc/nrlab/wang04/ulyses_results_iteration/iteration_3_merge_below_3/cnn_model/cnn14/plasma_tp1_0.1x_model_C1/roc_curve_resnet34_tf_0.03_0.1/nested_cv_random/resnet34/repeat_10_fold_5_metrics.csv,6,3,resnet34,"(0.03, 0.1]",C1,PPV at 95% Specificity,0.967741935483871
/scratchc/nrlab/wang04/ulyses_results_iteration/iteration_3_merge_below_3/cnn_model/cnn14/plasma_tp1_0.1x_model_C1/roc_curve_resnet34_tf_0.03_0.1/nested_cv_random/resnet34/repeat_10_fold_5_metrics.csv,6,3,resnet34,"(0.03, 0.1]",C1,Accuracy at 95% Specificity,0.8729835304054054
/scratchc/nrlab/wang04/ulyses_results_iteration/iteration_3_merge_below_3/cnn_model/cnn14/plasma_tp1_0.1x_model_C1/roc_curve_resnet34_tf_0.03_0.1/nested_cv_random/resnet34/repeat_10_fold_5_metrics.csv,6,3,resnet34,"(0.03, 0.1]",C1,F1 at 95% Specificity,0.8823529411764706
/scratchc/nrlab/wang04/ulyses_results_iteration/iteration_3_merge_below_3/cnn_model/cnn14/plasma_tp1_0.1x_model_C1/roc_curve_resnet34_tf_0.03_0.1/nested_cv_random/resnet34/repeat_10_fold_5_metrics.csv,6,5,resnet34,"(0.03, 0.1]",C1,AUROC,0.9598290598290596
/scratchc/nrlab/wang04/ulyses_results_iteration/iteration_3_merge_below_3/cnn_model/cnn14/plasma_tp1_0.1x_model_C1/roc_curve_resnet34_tf_0.03_0.1/nested_cv_random/resnet34/repeat_10_fold_5_metrics.csv,6,5,resnet34,"(0.03, 0.1]",C1,AUPRC,0.9493566419121104
/scratchc/nrlab/wang04/ulyses_results_iteration/iteration_3_merge_below_3/cnn_model/cnn14/plasma_tp1_0.1x_model_C1/roc_curve_resnet34_tf_0.03_0.1/nested_cv_random/resnet34/repeat_10_fold_5_metrics.csv,6,5,resnet34,"(0.03, 0.1]",C1,Sensitivity at 99% Specificity,0.7222222222222222
/scratchc/nrlab/wang04/ulyses_results_iteration/iteration_3_merge_below_3/cnn_model/cnn14/plasma_tp1_0.1x_model_C1/roc_curve_resnet34_tf_0.03_0.1/nested_cv_random/resnet34/repeat_10_fold_5_metrics.csv,6,5,resnet34,"(0.03, 0.1]",C1,PPV at 99% Specificity,1
/scratchc/nrlab/wang04/ulyses_results_iteration/iteration_3_merge_below_3/cnn_model/cnn14/plasma_tp1_0.1x_model_C1/roc_curve_resnet34_tf_0.03_0.1/nested_cv_random/resnet34/repeat_10_fold_5_metrics.csv,6,5,resnet34,"(0.03, 0.1]",C1,Accuracy at 99% Specificity,0.856111111111111
/scratchc/nrlab/wang04/ulyses_results_iteration/iteration_3_merge_below_3/cnn_model/cnn14/plasma_tp1_0.1x_model_C1/roc_curve_resnet34_tf_0.03_0.1/nested_cv_random/resnet34/repeat_10_fold_5_metrics.csv,6,5,resnet34,"(0.03, 0.1]",C1,F1 at 99% Specificity,0.8387096774193549
/scratchc/nrlab/wang04/ulyses_results_iteration/iteration_3_merge_below_3/cnn_model/cnn14/plasma_tp1_0.1x_model_C1/roc_curve_resnet34_tf_0.03_0.1/nested_cv_random/resnet34/repeat_10_fold_5_metrics.csv,6,5,resnet34,"(0.03, 0.1]",C1,Sensitivity at 98% Specificity,0.7222222222222222
/scratchc/nrlab/wang04/ulyses_results_iteration/iteration_3_merge_below_3/cnn_model/cnn14/plasma_tp1_0.1x_model_C1/roc_curve_resnet34_tf_0.03_0.1/nested_cv_random/resnet34/repeat_10_fold_5_metrics.csv,6,5,resnet34,"(0.03, 0.1]",C1,PPV at 98% Specificity,1
/scratchc/nrlab/wang04/ulyses_results_iteration/iteration_3_merge_below_3/cnn_model/cnn14/plasma_tp1_0.1x_model_C1/roc_curve_resnet34_tf_0.03_0.1/nested_cv_random/resnet34/repeat_10_fold_5_metrics.csv,6,5,resnet34,"(0.03, 0.1]",C1,Accuracy at 98% Specificity,0.8511111111111112
/scratchc/nrlab/wang04/ulyses_results_iteration/iteration_3_merge_below_3/cnn_model/cnn14/plasma_tp1_0.1x_model_C1/roc_curve_resnet34_tf_0.03_0.1/nested_cv_random/resnet34/repeat_10_fold_5_metrics.csv,6,5,resnet34,"(0.03, 0.1]",C1,F1 at 98% Specificity,0.8387096774193549
/scratchc/nrlab/wang04/ulyses_results_iteration/iteration_3_merge_below_3/cnn_model/cnn14/plasma_tp1_0.1x_model_C1/roc_curve_resnet34_tf_0.03_0.1/nested_cv_random/resnet34/repeat_10_fold_5_metrics.csv,6,5,resnet34,"(0.03, 0.1]",C1,Sensitivity at 95% Specificity,0.7222222222222222
/scratchc/nrlab/wang04/ulyses_results_iteration/iteration_3_merge_below_3/cnn_model/cnn14/plasma_tp1_0.1x_model_C1/roc_curve_resnet34_tf_0.03_0.1/nested_cv_random/resnet34/repeat_10_fold_5_metrics.csv,6,5,resnet34,"(0.03, 0.1]",C1,PPV at 95% Specificity,1
/scratchc/nrlab/wang04/ulyses_results_iteration/iteration_3_merge_below_3/cnn_model/cnn14/plasma_tp1_0.1x_model_C1/roc_curve_resnet34_tf_0.03_0.1/nested_cv_random/resnet34/repeat_10_fold_5_metrics.csv,6,5,resnet34,"(0.03, 0.1]",C1,Accuracy at 95% Specificity,0.836111111111111
/scratchc/nrlab/wang04/ulyses_results_iteration/iteration_3_merge_below_3/cnn_model/cnn14/plasma_tp1_0.1x_model_C1/roc_curve_resnet34_tf_0.03_0.1/nested_cv_random/resnet34/repeat_10_fold_5_metrics.csv,6,5,resnet34,"(0.03, 0.1]",C1,F1 at 95% Specificity,0.8387096774193549
/scratchc/nrlab/wang04/ulyses_results_iteration/iteration_3_merge_below_3/cnn_model/cnn14/plasma_tp1_0.1x_model_C1/roc_curve_resnet34_tf_0.03_0.1/nested_cv_random/resnet34/repeat_10_fold_5_metrics.csv,7,1,resnet34,"(0.03, 0.1]",C1,AUROC,0.9391891891891893
/scratchc/nrlab/wang04/ulyses_results_iteration/iteration_3_merge_below_3/cnn_model/cnn14/plasma_tp1_0.1x_model_C1/roc_curve_resnet34_tf_0.03_0.1/nested_cv_random/resnet34/repeat_10_fold_5_metrics.csv,7,1,resnet34,"(0.03, 0.1]",C1,AUPRC,0.9295273914752122
/scratchc/nrlab/wang04/ulyses_results_iteration/iteration_3_merge_below_3/cnn_model/cnn14/plasma_tp1_0.1x_model_C1/roc_curve_resnet34_tf_0.03_0.1/nested_cv_random/resnet34/repeat_10_fold_5_metrics.csv,7,1,resnet34,"(0.03, 0.1]",C1,Sensitivity at 99% Specificity,0.5675675675675675
/scratchc/nrlab/wang04/ulyses_results_iteration/iteration_3_merge_below_3/cnn_model/cnn14/plasma_tp1_0.1x_model_C1/roc_curve_resnet34_tf_0.03_0.1/nested_cv_random/resnet34/repeat_10_fold_5_metrics.csv,7,1,resnet34,"(0.03, 0.1]",C1,PPV at 99% Specificity,1
/scratchc/nrlab/wang04/ulyses_results_iteration/iteration_3_merge_below_3/cnn_model/cnn14/plasma_tp1_0.1x_model_C1/roc_curve_resnet34_tf_0.03_0.1/nested_cv_random/resnet34/repeat_10_fold_5_metrics.csv,7,1,resnet34,"(0.03, 0.1]",C1,Accuracy at 99% Specificity,0.7787837837837838
/scratchc/nrlab/wang04/ulyses_results_iteration/iteration_3_merge_below_3/cnn_model/cnn14/plasma_tp1_0.1x_model_C1/roc_curve_resnet34_tf_0.03_0.1/nested_cv_random/resnet34/repeat_10_fold_5_metrics.csv,7,1,resnet34,"(0.03, 0.1]",C1,F1 at 99% Specificity,0.7241379310344828
/scratchc/nrlab/wang04/ulyses_results_iteration/iteration_3_merge_below_3/cnn_model/cnn14/plasma_tp1_0.1x_model_C1/roc_curve_resnet34_tf_0.03_0.1/nested_cv_random/resnet34/repeat_10_fold_5_metrics.csv,7,1,resnet34,"(0.03, 0.1]",C1,Sensitivity at 98% Specificity,0.5675675675675675
/scratchc/nrlab/wang04/ulyses_results_iteration/iteration_3_merge_below_3/cnn_model/cnn14/plasma_tp1_0.1x_model_C1/roc_curve_resnet34_tf_0.03_0.1/nested_cv_random/resnet34/repeat_10_fold_5_metrics.csv,7,1,resnet34,"(0.03, 0.1]",C1,PPV at 98% Specificity,1
/scratchc/nrlab/wang04/ulyses_results_iteration/iteration_3_merge_below_3/cnn_model/cnn14/plasma_tp1_0.1x_model_C1/roc_curve_resnet34_tf_0.03_0.1/nested_cv_random/resnet34/repeat_10_fold_5_metrics.csv,7,1,resnet34,"(0.03, 0.1]",C1,Accuracy at 98% Specificity,0.7737837837837838
/scratchc/nrlab/wang04/ulyses_results_iteration/iteration_3_merge_below_3/cnn_model/cnn14/plasma_tp1_0.1x_model_C1/roc_curve_resnet34_tf_0.03_0.1/nested_cv_random/resnet34/repeat_10_fold_5_metrics.csv,7,1,resnet34,"(0.03, 0.1]",C1,F1 at 98% Specificity,0.7241379310344828
/scratchc/nrlab/wang04/ulyses_results_iteration/iteration_3_merge_below_3/cnn_model/cnn14/plasma_tp1_0.1x_model_C1/roc_curve_resnet34_tf_0.03_0.1/nested_cv_random/resnet34/repeat_10_fold_5_metrics.csv,7,1,resnet34,"(0.03, 0.1]",C1,Sensitivity at 95% Specificity,0.7297297297297297
/scratchc/nrlab/wang04/ulyses_results_iteration/iteration_3_merge_below_3/cnn_model/cnn14/plasma_tp1_0.1x_model_C1/roc_curve_resnet34_tf_0.03_0.1/nested_cv_random/resnet34/repeat_10_fold_5_metrics.csv,7,1,resnet34,"(0.03, 0.1]",C1,PPV at 95% Specificity,0.9642857142857144
/scratchc/nrlab/wang04/ulyses_results_iteration/iteration_3_merge_below_3/cnn_model/cnn14/plasma_tp1_0.1x_model_C1/roc_curve_resnet34_tf_0.03_0.1/nested_cv_random/resnet34/repeat_10_fold_5_metrics.csv,7,1,resnet34,"(0.03, 0.1]",C1,Accuracy at 95% Specificity,0.8324429898648649
/scratchc/nrlab/wang04/ulyses_results_iteration/iteration_3_merge_below_3/cnn_model/cnn14/plasma_tp1_0.1x_model_C1/roc_curve_resnet34_tf_0.03_0.1/nested_cv_random/resnet34/repeat_10_fold_5_metrics.csv,7,1,resnet34,"(0.03, 0.1]",C1,F1 at 95% Specificity,0.8307692307692308
/scratchc/nrlab/wang04/ulyses_results_iteration/iteration_3_merge_below_3/cnn_model/cnn14/plasma_tp1_0.1x_model_C1/roc_curve_resnet34_tf_0.03_0.1/nested_cv_random/resnet34/repeat_10_fold_5_metrics.csv,7,2,resnet34,"(0.03, 0.1]",C1,AUROC,0.9116883116883115
/scratchc/nrlab/wang04/ulyses_results_iteration/iteration_3_merge_below_3/cnn_model/cnn14/plasma_tp1_0.1x_model_C1/roc_curve_resnet34_tf_0.03_0.1/nested_cv_random/resnet34/repeat_10_fold_5_metrics.csv,7,2,resnet34,"(0.03, 0.1]",C1,AUPRC,0.9060339783828788
/scratchc/nrlab/wang04/ulyses_results_iteration/iteration_3_merge_below_3/cnn_model/cnn14/plasma_tp1_0.1x_model_C1/roc_curve_resnet34_tf_0.03_0.1/nested_cv_random/resnet34/repeat_10_fold_5_metrics.csv,7,2,resnet34,"(0.03, 0.1]",C1,Sensitivity at 99% Specificity,0.7142857142857143
/scratchc/nrlab/wang04/ulyses_results_iteration/iteration_3_merge_below_3/cnn_model/cnn14/plasma_tp1_0.1x_model_C1/roc_curve_resnet34_tf_0.03_0.1/nested_cv_random/resnet34/repeat_10_fold_5_metrics.csv,7,2,resnet34,"(0.03, 0.1]",C1,PPV at 99% Specificity,1
/scratchc/nrlab/wang04/ulyses_results_iteration/iteration_3_merge_below_3/cnn_model/cnn14/plasma_tp1_0.1x_model_C1/roc_curve_resnet34_tf_0.03_0.1/nested_cv_random/resnet34/repeat_10_fold_5_metrics.csv,7,2,resnet34,"(0.03, 0.1]",C1,Accuracy at 99% Specificity,0.8521428571428571
/scratchc/nrlab/wang04/ulyses_results_iteration/iteration_3_merge_below_3/cnn_model/cnn14/plasma_tp1_0.1x_model_C1/roc_curve_resnet34_tf_0.03_0.1/nested_cv_random/resnet34/repeat_10_fold_5_metrics.csv,7,2,resnet34,"(0.03, 0.1]",C1,F1 at 99% Specificity,0.8333333333333334
/scratchc/nrlab/wang04/ulyses_results_iteration/iteration_3_merge_below_3/cnn_model/cnn14/plasma_tp1_0.1x_model_C1/roc_curve_resnet34_tf_0.03_0.1/nested_cv_random/resnet34/repeat_10_fold_5_metrics.csv,7,2,resnet34,"(0.03, 0.1]",C1,Sensitivity at 98% Specificity,0.7142857142857143
/scratchc/nrlab/wang04/ulyses_results_iteration/iteration_3_merge_below_3/cnn_model/cnn14/plasma_tp1_0.1x_model_C1/roc_curve_resnet34_tf_0.03_0.1/nested_cv_random/resnet34/repeat_10_fold_5_metrics.csv,7,2,resnet34,"(0.03, 0.1]",C1,PPV at 98% Specificity,1
/scratchc/nrlab/wang04/ulyses_results_iteration/iteration_3_merge_below_3/cnn_model/cnn14/plasma_tp1_0.1x_model_C1/roc_curve_resnet34_tf_0.03_0.1/nested_cv_random/resnet34/repeat_10_fold_5_metrics.csv,7,2,resnet34,"(0.03, 0.1]",C1,Accuracy at 98% Specificity,0.8471428571428572
/scratchc/nrlab/wang04/ulyses_results_iteration/iteration_3_merge_below_3/cnn_model/cnn14/plasma_tp1_0.1x_model_C1/roc_curve_resnet34_tf_0.03_0.1/nested_cv_random/resnet34/repeat_10_fold_5_metrics.csv,7,2,resnet34,"(0.03, 0.1]",C1,F1 at 98% Specificity,0.8333333333333334
/scratchc/nrlab/wang04/ulyses_results_iteration/iteration_3_merge_below_3/cnn_model/cnn14/plasma_tp1_0.1x_model_C1/roc_curve_resnet34_tf_0.03_0.1/nested_cv_random/resnet34/repeat_10_fold_5_metrics.csv,7,2,resnet34,"(0.03, 0.1]",C1,Sensitivity at 95% Specificity,0.7142857142857143
/scratchc/nrlab/wang04/ulyses_results_iteration/iteration_3_merge_below_3/cnn_model/cnn14/plasma_tp1_0.1x_model_C1/roc_curve_resnet34_tf_0.03_0.1/nested_cv_random/resnet34/repeat_10_fold_5_metrics.csv,7,2,resnet34,"(0.03, 0.1]",C1,PPV at 95% Specificity,1
/scratchc/nrlab/wang04/ulyses_results_iteration/iteration_3_merge_below_3/cnn_model/cnn14/plasma_tp1_0.1x_model_C1/roc_curve_resnet34_tf_0.03_0.1/nested_cv_random/resnet34/repeat_10_fold_5_metrics.csv,7,2,resnet34,"(0.03, 0.1]",C1,Accuracy at 95% Specificity,0.8321428571428571
/scratchc/nrlab/wang04/ulyses_results_iteration/iteration_3_merge_below_3/cnn_model/cnn14/plasma_tp1_0.1x_model_C1/roc_curve_resnet34_tf_0.03_0.1/nested_cv_random/resnet34/repeat_10_fold_5_metrics.csv,7,2,resnet34,"(0.03, 0.1]",C1,F1 at 95% Specificity,0.8333333333333334
/scratchc/nrlab/wang04/ulyses_results_iteration/iteration_3_merge_below_3/cnn_model/cnn14/plasma_tp1_0.1x_model_C1/roc_curve_resnet34_tf_0.03_0.1/nested_cv_random/resnet34/repeat_10_fold_5_metrics.csv,7,3,resnet34,"(0.03, 0.1]",C1,AUROC,0.9746361746361748
/scratchc/nrlab/wang04/ulyses_results_iteration/iteration_3_merge_below_3/cnn_model/cnn14/plasma_tp1_0.1x_model_C1/roc_curve_resnet34_tf_0.03_0.1/nested_cv_random/resnet34/repeat_10_fold_5_metrics.csv,7,3,resnet34,"(0.03, 0.1]",C1,AUPRC,0.9666729679215804
/scratchc/nrlab/wang04/ulyses_results_iteration/iteration_3_merge_below_3/cnn_model/cnn14/plasma_tp1_0.1x_model_C1/roc_curve_resnet34_tf_0.03_0.1/nested_cv_random/resnet34/repeat_10_fold_5_metrics.csv,7,3,resnet34,"(0.03, 0.1]",C1,Sensitivity at 99% Specificity,0.8378378378378378
/scratchc/nrlab/wang04/ulyses_results_iteration/iteration_3_merge_below_3/cnn_model/cnn14/plasma_tp1_0.1x_model_C1/roc_curve_resnet34_tf_0.03_0.1/nested_cv_random/resnet34/repeat_10_fold_5_metrics.csv,7,3,resnet34,"(0.03, 0.1]",C1,PPV at 99% Specificity,1
/scratchc/nrlab/wang04/ulyses_results_iteration/iteration_3_merge_below_3/cnn_model/cnn14/plasma_tp1_0.1x_model_C1/roc_curve_resnet34_tf_0.03_0.1/nested_cv_random/resnet34/repeat_10_fold_5_metrics.csv,7,3,resnet34,"(0.03, 0.1]",C1,Accuracy at 99% Specificity,0.913918918918919
/scratchc/nrlab/wang04/ulyses_results_iteration/iteration_3_merge_below_3/cnn_model/cnn14/plasma_tp1_0.1x_model_C1/roc_curve_resnet34_tf_0.03_0.1/nested_cv_random/resnet34/repeat_10_fold_5_metrics.csv,7,3,resnet34,"(0.03, 0.1]",C1,F1 at 99% Specificity,0.9117647058823528
/scratchc/nrlab/wang04/ulyses_results_iteration/iteration_3_merge_below_3/cnn_model/cnn14/plasma_tp1_0.1x_model_C1/roc_curve_resnet34_tf_0.03_0.1/nested_cv_random/resnet34/repeat_10_fold_5_metrics.csv,7,3,resnet34,"(0.03, 0.1]",C1,Sensitivity at 98% Specificity,0.8378378378378378
/scratchc/nrlab/wang04/ulyses_results_iteration/iteration_3_merge_below_3/cnn_model/cnn14/plasma_tp1_0.1x_model_C1/roc_curve_resnet34_tf_0.03_0.1/nested_cv_random/resnet34/repeat_10_fold_5_metrics.csv,7,3,resnet34,"(0.03, 0.1]",C1,PPV at 98% Specificity,1
/scratchc/nrlab/wang04/ulyses_results_iteration/iteration_3_merge_below_3/cnn_model/cnn14/plasma_tp1_0.1x_model_C1/roc_curve_resnet34_tf_0.03_0.1/nested_cv_random/resnet34/repeat_10_fold_5_metrics.csv,7,3,resnet34,"(0.03, 0.1]",C1,Accuracy at 98% Specificity,0.90891891891891885
/scratchc/nrlab/wang04/ulyses_results_iteration/iteration_3_merge_below_3/cnn_model/cnn14/plasma_tp1_0.1x_model_C1/roc_curve_resnet34_tf_0.03_0.1/nested_cv_random/resnet34/repeat_10_fold_5_metrics.csv,7,3,resnet34,"(0.03, 0.1]",C1,F1 at 98% Specificity,0.9117647058823528
/scratchc/nrlab/wang04/ulyses_results_iteration/iteration_3_merge_below_3/cnn_model/cnn14/plasma_tp1_0.1x_model_C1/roc_curve_resnet34_tf_0.03_0.1/nested_cv_random/resnet34/repeat_10_fold_5_metrics.csv,7,3,resnet34,"(0.03, 0.1]",C1,Sensitivity at 95% Specificity,0.8378378378378378
/scratchc/nrlab/wang04/ulyses_results_iteration/iteration_3_merge_below_3/cnn_model/cnn14/plasma_tp1_0.1x_model_C1/roc_curve_resnet34_tf_0.03_0.1/nested_cv_random/resnet34/repeat_10_fold_5_metrics.csv,7,3,resnet34,"(0.03, 0.1]",C1,PPV at 95% Specificity,1
/scratchc/nrlab/wang04/ulyses_results_iteration/iteration_3_merge_below_3/cnn_model/cnn14/plasma_tp1_0.1x_model_C1/roc_curve_resnet34_tf_0.03_0.1/nested_cv_random/resnet34/repeat_10_fold_5_metrics.csv,7,3,resnet34,"(0.03, 0.1]",C1,Accuracy at 95% Specificity,0.893918918918919
/scratchc/nrlab/wang04/ulyses_results_iteration/iteration_3_merge_below_3/cnn_model/cnn14/plasma_tp1_0.1x_model_C1/roc_curve_resnet34_tf_0.03_0.1/nested_cv_random/resnet34/repeat_10_fold_5_metrics.csv,7,3,resnet34,"(0.03, 0.1]",C1,F1 at 95% Specificity,0.9117647058823528
/scratchc/nrlab/wang04/ulyses_results_iteration/iteration_3_merge_below_3/cnn_model/cnn14/plasma_tp1_0.1x_model_C1/roc_curve_resnet34_tf_0.03_0.1/nested_cv_random/resnet34/repeat_10_fold_5_metrics.csv,7,5,resnet34,"(0.03, 0.1]",C1,AUROC,0.9044665012406948
/scratchc/nrlab/wang04/ulyses_results_iteration/iteration_3_merge_below_3/cnn_model/cnn14/plasma_tp1_0.1x_model_C1/roc_curve_resnet34_tf_0.03_0.1/nested_cv_random/resnet34/repeat_10_fold_5_metrics.csv,7,5,resnet34,"(0.03, 0.1]",C1,AUPRC,0.8939668279717349
/scratchc/nrlab/wang04/ulyses_results_iteration/iteration_3_merge_below_3/cnn_model/cnn14/plasma_tp1_0.1x_model_C1/roc_curve_resnet34_tf_0.03_0.1/nested_cv_random/resnet34/repeat_10_fold_5_metrics.csv,7,5,resnet34,"(0.03, 0.1]",C1,Sensitivity at 99% Specificity,0.4358974358974359
/scratchc/nrlab/wang04/ulyses_results_iteration/iteration_3_merge_below_3/cnn_model/cnn14/plasma_tp1_0.1x_model_C1/roc_curve_resnet34_tf_0.03_0.1/nested_cv_random/resnet34/repeat_10_fold_5_metrics.csv,7,5,resnet34,"(0.03, 0.1]",C1,PPV at 99% Specificity,1
/scratchc/nrlab/wang04/ulyses_results_iteration/iteration_3_merge_below_3/cnn_model/cnn14/plasma_tp1_0.1x_model_C1/roc_curve_resnet34_tf_0.03_0.1/nested_cv_random/resnet34/repeat_10_fold_5_metrics.csv,7,5,resnet34,"(0.03, 0.1]",C1,Accuracy at 99% Specificity,0.712948717948718
/scratchc/nrlab/wang04/ulyses_results_iteration/iteration_3_merge_below_3/cnn_model/cnn14/plasma_tp1_0.1x_model_C1/roc_curve_resnet34_tf_0.03_0.1/nested_cv_random/resnet34/repeat_10_fold_5_metrics.csv,7,5,resnet34,"(0.03, 0.1]",C1,F1 at 99% Specificity,0.6071428571428571
/scratchc/nrlab/wang04/ulyses_results_iteration/iteration_3_merge_below_3/cnn_model/cnn14/plasma_tp1_0.1x_model_C1/roc_curve_resnet34_tf_0.03_0.1/nested_cv_random/resnet34/repeat_10_fold_5_metrics.csv,7,5,resnet34,"(0.03, 0.1]",C1,Sensitivity at 98% Specificity,0.4358974358974359
/scratchc/nrlab/wang04/ulyses_results_iteration/iteration_3_merge_below_3/cnn_model/cnn14/plasma_tp1_0.1x_model_C1/roc_curve_resnet34_tf_0.03_0.1/nested_cv_random/resnet34/repeat_10_fold_5_metrics.csv,7,5,resnet34,"(0.03, 0.1]",C1,PPV at 98% Specificity,1
/scratchc/nrlab/wang04/ulyses_results_iteration/iteration_3_merge_below_3/cnn_model/cnn14/plasma_tp1_0.1x_model_C1/roc_curve_resnet34_tf_0.03_0.1/nested_cv_random/resnet34/repeat_10_fold_5_metrics.csv,7,5,resnet34,"(0.03, 0.1]",C1,Accuracy at 98% Specificity,0.7079487179487179
/scratchc/nrlab/wang04/ulyses_results_iteration/iteration_3_merge_below_3/cnn_model/cnn14/plasma_tp1_0.1x_model_C1/roc_curve_resnet34_tf_0.03_0.1/nested_cv_random/resnet34/repeat_10_fold_5_metrics.csv,7,5,resnet34,"(0.03, 0.1]",C1,F1 at 98% Specificity,0.6071428571428571
/scratchc/nrlab/wang04/ulyses_results_iteration/iteration_3_merge_below_3/cnn_model/cnn14/plasma_tp1_0.1x_model_C1/roc_curve_resnet34_tf_0.03_0.1/nested_cv_random/resnet34/repeat_10_fold_5_metrics.csv,7,5,resnet34,"(0.03, 0.1]",C1,Sensitivity at 95% Specificity,0.6666666666666666
/scratchc/nrlab/wang04/ulyses_results_iteration/iteration_3_merge_below_3/cnn_model/cnn14/plasma_tp1_0.1x_model_C1/roc_curve_resnet34_tf_0.03_0.1/nested_cv_random/resnet34/repeat_10_fold_5_metrics.csv,7,5,resnet34,"(0.03, 0.1]",C1,PPV at 95% Specificity,0.896551724137931
/scratchc/nrlab/wang04/ulyses_results_iteration/iteration_3_merge_below_3/cnn_model/cnn14/plasma_tp1_0.1x_model_C1/roc_curve_resnet34_tf_0.03_0.1/nested_cv_random/resnet34/repeat_10_fold_5_metrics.csv,7,5,resnet34,"(0.03, 0.1]",C1,Accuracy at 95% Specificity,0.7853494623655914
/scratchc/nrlab/wang04/ulyses_results_iteration/iteration_3_merge_below_3/cnn_model/cnn14/plasma_tp1_0.1x_model_C1/roc_curve_resnet34_tf_0.03_0.1/nested_cv_random/resnet34/repeat_10_fold_5_metrics.csv,7,5,resnet34,"(0.03, 0.1]",C1,F1 at 95% Specificity,0.7647058823529411
/scratchc/nrlab/wang04/ulyses_results_iteration/iteration_3_merge_below_3/cnn_model/cnn14/plasma_tp1_0.1x_model_C1/roc_curve_resnet34_tf_0.03_0.1/nested_cv_random/resnet34/repeat_10_fold_5_metrics.csv,8,3,resnet34,"(0.03, 0.1]",C1,AUROC,0.95
/scratchc/nrlab/wang04/ulyses_results_iteration/iteration_3_merge_below_3/cnn_model/cnn14/plasma_tp1_0.1x_model_C1/roc_curve_resnet34_tf_0.03_0.1/nested_cv_random/resnet34/repeat_10_fold_5_metrics.csv,8,3,resnet34,"(0.03, 0.1]",C1,AUPRC,0.9299284834944463
/scratchc/nrlab/wang04/ulyses_results_iteration/iteration_3_merge_below_3/cnn_model/cnn14/plasma_tp1_0.1x_model_C1/roc_curve_resnet34_tf_0.03_0.1/nested_cv_random/resnet34/repeat_10_fold_5_metrics.csv,8,3,resnet34,"(0.03, 0.1]",C1,Sensitivity at 99% Specificity,0.6666666666666666
/scratchc/nrlab/wang04/ulyses_results_iteration/iteration_3_merge_below_3/cnn_model/cnn14/plasma_tp1_0.1x_model_C1/roc_curve_resnet34_tf_0.03_0.1/nested_cv_random/resnet34/repeat_10_fold_5_metrics.csv,8,3,resnet34,"(0.03, 0.1]",C1,PPV at 99% Specificity,1
/scratchc/nrlab/wang04/ulyses_results_iteration/iteration_3_merge_below_3/cnn_model/cnn14/plasma_tp1_0.1x_model_C1/roc_curve_resnet34_tf_0.03_0.1/nested_cv_random/resnet34/repeat_10_fold_5_metrics.csv,8,3,resnet34,"(0.03, 0.1]",C1,Accuracy at 99% Specificity,0.8283333333333334
/scratchc/nrlab/wang04/ulyses_results_iteration/iteration_3_merge_below_3/cnn_model/cnn14/plasma_tp1_0.1x_model_C1/roc_curve_resnet34_tf_0.03_0.1/nested_cv_random/resnet34/repeat_10_fold_5_metrics.csv,8,3,resnet34,"(0.03, 0.1]",C1,F1 at 99% Specificity,0.8
/scratchc/nrlab/wang04/ulyses_results_iteration/iteration_3_merge_below_3/cnn_model/cnn14/plasma_tp1_0.1x_model_C1/roc_curve_resnet34_tf_0.03_0.1/nested_cv_random/resnet34/repeat_10_fold_5_metrics.csv,8,3,resnet34,"(0.03, 0.1]",C1,Sensitivity at 98% Specificity,0.6666666666666666
/scratchc/nrlab/wang04/ulyses_results_iteration/iteration_3_merge_below_3/cnn_model/cnn14/plasma_tp1_0.1x_model_C1/roc_curve_resnet34_tf_0.03_0.1/nested_cv_random/resnet34/repeat_10_fold_5_metrics.csv,8,3,resnet34,"(0.03, 0.1]",C1,PPV at 98% Specificity,1
/scratchc/nrlab/wang04/ulyses_results_iteration/iteration_3_merge_below_3/cnn_model/cnn14/plasma_tp1_0.1x_model_C1/roc_curve_resnet34_tf_0.03_0.1/nested_cv_random/resnet34/repeat_10_fold_5_metrics.csv,8,3,resnet34,"(0.03, 0.1]",C1,Accuracy at 98% Specificity,0.8233333333333333
/scratchc/nrlab/wang04/ulyses_results_iteration/iteration_3_merge_below_3/cnn_model/cnn14/plasma_tp1_0.1x_model_C1/roc_curve_resnet34_tf_0.03_0.1/nested_cv_random/resnet34/repeat_10_fold_5_metrics.csv,8,3,resnet34,"(0.03, 0.1]",C1,F1 at 98% Specificity,0.8
/scratchc/nrlab/wang04/ulyses_results_iteration/iteration_3_merge_below_3/cnn_model/cnn14/plasma_tp1_0.1x_model_C1/roc_curve_resnet34_tf_0.03_0.1/nested_cv_random/resnet34/repeat_10_fold_5_metrics.csv,8,3,resnet34,"(0.03, 0.1]",C1,Sensitivity at 95% Specificity,0.75
/scratchc/nrlab/wang04/ulyses_results_iteration/iteration_3_merge_below_3/cnn_model/cnn14/plasma_tp1_0.1x_model_C1/roc_curve_resnet34_tf_0.03_0.1/nested_cv_random/resnet34/repeat_10_fold_5_metrics.csv,8,3,resnet34,"(0.03, 0.1]",C1,PPV at 95% Specificity,0.9310344827586208
/scratchc/nrlab/wang04/ulyses_results_iteration/iteration_3_merge_below_3/cnn_model/cnn14/plasma_tp1_0.1x_model_C1/roc_curve_resnet34_tf_0.03_0.1/nested_cv_random/resnet34/repeat_10_fold_5_metrics.csv,8,3,resnet34,"(0.03, 0.1]",C1,Accuracy at 95% Specificity,0.8353846153846154
/scratchc/nrlab/wang04/ulyses_results_iteration/iteration_3_merge_below_3/cnn_model/cnn14/plasma_tp1_0.1x_model_C1/roc_curve_resnet34_tf_0.03_0.1/nested_cv_random/resnet34/repeat_10_fold_5_metrics.csv,8,3,resnet34,"(0.03, 0.1]",C1,F1 at 95% Specificity,0.8307692307692308
/scratchc/nrlab/wang04/ulyses_results_iteration/iteration_3_merge_below_3/cnn_model/cnn14/plasma_tp1_0.1x_model_C1/roc_curve_resnet34_tf_0.03_0.1/nested_cv_random/resnet34/repeat_10_fold_5_metrics.csv,8,4,resnet34,"(0.03, 0.1]",C1,AUROC,0.916017316017316
/scratchc/nrlab/wang04/ulyses_results_iteration/iteration_3_merge_below_3/cnn_model/cnn14/plasma_tp1_0.1x_model_C1/roc_curve_resnet34_tf_0.03_0.1/nested_cv_random/resnet34/repeat_10_fold_5_metrics.csv,8,4,resnet34,"(0.03, 0.1]",C1,AUPRC,0.9017596828892136
/scratchc/nrlab/wang04/ulyses_results_iteration/iteration_3_merge_below_3/cnn_model/cnn14/plasma_tp1_0.1x_model_C1/roc_curve_resnet34_tf_0.03_0.1/nested_cv_random/resnet34/repeat_10_fold_5_metrics.csv,8,4,resnet34,"(0.03, 0.1]",C1,Sensitivity at 99% Specificity,0.6285714285714286
/scratchc/nrlab/wang04/ulyses_results_iteration/iteration_3_merge_below_3/cnn_model/cnn14/plasma_tp1_0.1x_model_C1/roc_curve_resnet34_tf_0.03_0.1/nested_cv_random/resnet34/repeat_10_fold_5_metrics.csv,8,4,resnet34,"(0.03, 0.1]",C1,PPV at 99% Specificity,1
/scratchc/nrlab/wang04/ulyses_results_iteration/iteration_3_merge_below_3/cnn_model/cnn14/plasma_tp1_0.1x_model_C1/roc_curve_resnet34_tf_0.03_0.1/nested_cv_random/resnet34/repeat_10_fold_5_metrics.csv,8,4,resnet34,"(0.03, 0.1]",C1,Accuracy at 99% Specificity,0.8092857142857143
/scratchc/nrlab/wang04/ulyses_results_iteration/iteration_3_merge_below_3/cnn_model/cnn14/plasma_tp1_0.1x_model_C1/roc_curve_resnet34_tf_0.03_0.1/nested_cv_random/resnet34/repeat_10_fold_5_metrics.csv,8,4,resnet34,"(0.03, 0.1]",C1,F1 at 99% Specificity,0.7719298245614035
/scratchc/nrlab/wang04/ulyses_results_iteration/iteration_3_merge_below_3/cnn_model/cnn14/plasma_tp1_0.1x_model_C1/roc_curve_resnet34_tf_0.03_0.1/nested_cv_random/resnet34/repeat_10_fold_5_metrics.csv,8,4,resnet34,"(0.03, 0.1]",C1,Sensitivity at 98% Specificity,0.6285714285714286
/scratchc/nrlab/wang04/ulyses_results_iteration/iteration_3_merge_below_3/cnn_model/cnn14/plasma_tp1_0.1x_model_C1/roc_curve_resnet34_tf_0.03_0.1/nested_cv_random/resnet34/repeat_10_fold_5_metrics.csv,8,4,resnet34,"(0.03, 0.1]",C1,PPV at 98% Specificity,1
/scratchc/nrlab/wang04/ulyses_results_iteration/iteration_3_merge_below_3/cnn_model/cnn14/plasma_tp1_0.1x_model_C1/roc_curve_resnet34_tf_0.03_0.1/nested_cv_random/resnet34/repeat_10_fold_5_metrics.csv,8,4,resnet34,"(0.03, 0.1]",C1,Accuracy at 98% Specificity,0.8042857142857143
/scratchc/nrlab/wang04/ulyses_results_iteration/iteration_3_merge_below_3/cnn_model/cnn14/plasma_tp1_0.1x_model_C1/roc_curve_resnet34_tf_0.03_0.1/nested_cv_random/resnet34/repeat_10_fold_5_metrics.csv,8,4,resnet34,"(0.03, 0.1]",C1,F1 at 98% Specificity,0.7719298245614035
/scratchc/nrlab/wang04/ulyses_results_iteration/iteration_3_merge_below_3/cnn_model/cnn14/plasma_tp1_0.1x_model_C1/roc_curve_resnet34_tf_0.03_0.1/nested_cv_random/resnet34/repeat_10_fold_5_metrics.csv,8,4,resnet34,"(0.03, 0.1]",C1,Sensitivity at 95% Specificity,0.7142857142857143
/scratchc/nrlab/wang04/ulyses_results_iteration/iteration_3_merge_below_3/cnn_model/cnn14/plasma_tp1_0.1x_model_C1/roc_curve_resnet34_tf_0.03_0.1/nested_cv_random/resnet34/repeat_10_fold_5_metrics.csv,8,4,resnet34,"(0.03, 0.1]",C1,PPV at 95% Specificity,0.925925925925926
/scratchc/nrlab/wang04/ulyses_results_iteration/iteration_3_merge_below_3/cnn_model/cnn14/plasma_tp1_0.1x_model_C1/roc_curve_resnet34_tf_0.03_0.1/nested_cv_random/resnet34/repeat_10_fold_5_metrics.csv,8,4,resnet34,"(0.03, 0.1]",C1,Accuracy at 95% Specificity,0.8177489177489177
/scratchc/nrlab/wang04/ulyses_results_iteration/iteration_3_merge_below_3/cnn_model/cnn14/plasma_tp1_0.1x_model_C1/roc_curve_resnet34_tf_0.03_0.1/nested_cv_random/resnet34/repeat_10_fold_5_metrics.csv,8,4,resnet34,"(0.03, 0.1]",C1,F1 at 95% Specificity,0.8064516129032258
/scratchc/nrlab/wang04/ulyses_results_iteration/iteration_3_merge_below_3/cnn_model/cnn14/plasma_tp1_0.1x_model_C1/roc_curve_resnet34_tf_0.03_0.1/nested_cv_random/resnet34/repeat_10_fold_5_metrics.csv,8,5,resnet34,"(0.03, 0.1]",C1,AUROC,0.8766891891891891
/scratchc/nrlab/wang04/ulyses_results_iteration/iteration_3_merge_below_3/cnn_model/cnn14/plasma_tp1_0.1x_model_C1/roc_curve_resnet34_tf_0.03_0.1/nested_cv_random/resnet34/repeat_10_fold_5_metrics.csv,8,5,resnet34,"(0.03, 0.1]",C1,AUPRC,0.8708712517017734
/scratchc/nrlab/wang04/ulyses_results_iteration/iteration_3_merge_below_3/cnn_model/cnn14/plasma_tp1_0.1x_model_C1/roc_curve_resnet34_tf_0.03_0.1/nested_cv_random/resnet34/repeat_10_fold_5_metrics.csv,8,5,resnet34,"(0.03, 0.1]",C1,Sensitivity at 99% Specificity,0.5405405405405406
/scratchc/nrlab/wang04/ulyses_results_iteration/iteration_3_merge_below_3/cnn_model/cnn14/plasma_tp1_0.1x_model_C1/roc_curve_resnet34_tf_0.03_0.1/nested_cv_random/resnet34/repeat_10_fold_5_metrics.csv,8,5,resnet34,"(0.03, 0.1]",C1,PPV at 99% Specificity,1
/scratchc/nrlab/wang04/ulyses_results_iteration/iteration_3_merge_below_3/cnn_model/cnn14/plasma_tp1_0.1x_model_C1/roc_curve_resnet34_tf_0.03_0.1/nested_cv_random/resnet34/repeat_10_fold_5_metrics.csv,8,5,resnet34,"(0.03, 0.1]",C1,Accuracy at 99% Specificity,0.7652702702702703
/scratchc/nrlab/wang04/ulyses_results_iteration/iteration_3_merge_below_3/cnn_model/cnn14/plasma_tp1_0.1x_model_C1/roc_curve_resnet34_tf_0.03_0.1/nested_cv_random/resnet34/repeat_10_fold_5_metrics.csv,8,5,resnet34,"(0.03, 0.1]",C1,F1 at 99% Specificity,0.7017543859649122
/scratchc/nrlab/wang04/ulyses_results_iteration/iteration_3_merge_below_3/cnn_model/cnn14/plasma_tp1_0.1x_model_C1/roc_curve_resnet34_tf_0.03_0.1/nested_cv_random/resnet34/repeat_10_fold_5_metrics.csv,8,5,resnet34,"(0.03, 0.1]",C1,Sensitivity at 98% Specificity,0.5405405405405406
/scratchc/nrlab/wang04/ulyses_results_iteration/iteration_3_merge_below_3/cnn_model/cnn14/plasma_tp1_0.1x_model_C1/roc_curve_resnet34_tf_0.03_0.1/nested_cv_random/resnet34/repeat_10_fold_5_metrics.csv,8,5,resnet34,"(0.03, 0.1]",C1,PPV at 98% Specificity,1
/scratchc/nrlab/wang04/ulyses_results_iteration/iteration_3_merge_below_3/cnn_model/cnn14/plasma_tp1_0.1x_model_C1/roc_curve_resnet34_tf_0.03_0.1/nested_cv_random/resnet34/repeat_10_fold_5_metrics.csv,8,5,resnet34,"(0.03, 0.1]",C1,Accuracy at 98% Specificity,0.7602702702702703
/scratchc/nrlab/wang04/ulyses_results_iteration/iteration_3_merge_below_3/cnn_model/cnn14/plasma_tp1_0.1x_model_C1/roc_curve_resnet34_tf_0.03_0.1/nested_cv_random/resnet34/repeat_10_fold_5_metrics.csv,8,5,resnet34,"(0.03, 0.1]",C1,F1 at 98% Specificity,0.7017543859649122
/scratchc/nrlab/wang04/ulyses_results_iteration/iteration_3_merge_below_3/cnn_model/cnn14/plasma_tp1_0.1x_model_C1/roc_curve_resnet34_tf_0.03_0.1/nested_cv_random/resnet34/repeat_10_fold_5_metrics.csv,8,5,resnet34,"(0.03, 0.1]",C1,Sensitivity at 95% Specificity,0.6486486486486487
/scratchc/nrlab/wang04/ulyses_results_iteration/iteration_3_merge_below_3/cnn_model/cnn14/plasma_tp1_0.1x_model_C1/roc_curve_resnet34_tf_0.03_0.1/nested_cv_random/resnet34/repeat_10_fold_5_metrics.csv,8,5,resnet34,"(0.03, 0.1]",C1,PPV at 95% Specificity,0.9230769230769232
/scratchc/nrlab/wang04/ulyses_results_iteration/iteration_3_merge_below_3/cnn_model/cnn14/plasma_tp1_0.1x_model_C1/roc_curve_resnet34_tf_0.03_0.1/nested_cv_random/resnet34/repeat_10_fold_5_metrics.csv,8,5,resnet34,"(0.03, 0.1]",C1,Accuracy at 95% Specificity,0.7844805743243244
/scratchc/nrlab/wang04/ulyses_results_iteration/iteration_3_merge_below_3/cnn_model/cnn14/plasma_tp1_0.1x_model_C1/roc_curve_resnet34_tf_0.03_0.1/nested_cv_random/resnet34/repeat_10_fold_5_metrics.csv,8,5,resnet34,"(0.03, 0.1]",C1,F1 at 95% Specificity,0.7619047619047619
/scratchc/nrlab/wang04/ulyses_results_iteration/iteration_3_merge_below_3/cnn_model/cnn14/plasma_tp1_0.1x_model_C1/roc_curve_resnet34_tf_0.03_0.1/nested_cv_random/resnet34/repeat_10_fold_5_metrics.csv,9,2,resnet34,"(0.03, 0.1]",C1,AUROC,0.9343297101449276
/scratchc/nrlab/wang04/ulyses_results_iteration/iteration_3_merge_below_3/cnn_model/cnn14/plasma_tp1_0.1x_model_C1/roc_curve_resnet34_tf_0.03_0.1/nested_cv_random/resnet34/repeat_10_fold_5_metrics.csv,9,2,resnet34,"(0.03, 0.1]",C1,AUPRC,0.9163573854765747
/scratchc/nrlab/wang04/ulyses_results_iteration/iteration_3_merge_below_3/cnn_model/cnn14/plasma_tp1_0.1x_model_C1/roc_curve_resnet34_tf_0.03_0.1/nested_cv_random/resnet34/repeat_10_fold_5_metrics.csv,9,2,resnet34,"(0.03, 0.1]",C1,Sensitivity at 99% Specificity,0.4375
/scratchc/nrlab/wang04/ulyses_results_iteration/iteration_3_merge_below_3/cnn_model/cnn14/plasma_tp1_0.1x_model_C1/roc_curve_resnet34_tf_0.03_0.1/nested_cv_random/resnet34/repeat_10_fold_5_metrics.csv,9,2,resnet34,"(0.03, 0.1]",C1,PPV at 99% Specificity,1
/scratchc/nrlab/wang04/ulyses_results_iteration/iteration_3_merge_below_3/cnn_model/cnn14/plasma_tp1_0.1x_model_C1/roc_curve_resnet34_tf_0.03_0.1/nested_cv_random/resnet34/repeat_10_fold_5_metrics.csv,9,2,resnet34,"(0.03, 0.1]",C1,Accuracy at 99% Specificity,0.71375
/scratchc/nrlab/wang04/ulyses_results_iteration/iteration_3_merge_below_3/cnn_model/cnn14/plasma_tp1_0.1x_model_C1/roc_curve_resnet34_tf_0.03_0.1/nested_cv_random/resnet34/repeat_10_fold_5_metrics.csv,9,2,resnet34,"(0.03, 0.1]",C1,F1 at 99% Specificity,0.6086956521739131
/scratchc/nrlab/wang04/ulyses_results_iteration/iteration_3_merge_below_3/cnn_model/cnn14/plasma_tp1_0.1x_model_C1/roc_curve_resnet34_tf_0.03_0.1/nested_cv_random/resnet34/repeat_10_fold_5_metrics.csv,9,2,resnet34,"(0.03, 0.1]",C1,Sensitivity at 98% Specificity,0.4375
/scratchc/nrlab/wang04/ulyses_results_iteration/iteration_3_merge_below_3/cnn_model/cnn14/plasma_tp1_0.1x_model_C1/roc_curve_resnet34_tf_0.03_0.1/nested_cv_random/resnet34/repeat_10_fold_5_metrics.csv,9,2,resnet34,"(0.03, 0.1]",C1,PPV at 98% Specificity,1
/scratchc/nrlab/wang04/ulyses_results_iteration/iteration_3_merge_below_3/cnn_model/cnn14/plasma_tp1_0.1x_model_C1/roc_curve_resnet34_tf_0.03_0.1/nested_cv_random/resnet34/repeat_10_fold_5_metrics.csv,9,2,resnet34,"(0.03, 0.1]",C1,Accuracy at 98% Specificity,0.70875
/scratchc/nrlab/wang04/ulyses_results_iteration/iteration_3_merge_below_3/cnn_model/cnn14/plasma_tp1_0.1x_model_C1/roc_curve_resnet34_tf_0.03_0.1/nested_cv_random/resnet34/repeat_10_fold_5_metrics.csv,9,2,resnet34,"(0.03, 0.1]",C1,F1 at 98% Specificity,0.6086956521739131
/scratchc/nrlab/wang04/ulyses_results_iteration/iteration_3_merge_below_3/cnn_model/cnn14/plasma_tp1_0.1x_model_C1/roc_curve_resnet34_tf_0.03_0.1/nested_cv_random/resnet34/repeat_10_fold_5_metrics.csv,9,2,resnet34,"(0.03, 0.1]",C1,Sensitivity at 95% Specificity,0.71875
/scratchc/nrlab/wang04/ulyses_results_iteration/iteration_3_merge_below_3/cnn_model/cnn14/plasma_tp1_0.1x_model_C1/roc_curve_resnet34_tf_0.03_0.1/nested_cv_random/resnet34/repeat_10_fold_5_metrics.csv,9,2,resnet34,"(0.03, 0.1]",C1,PPV at 95% Specificity,0.9583333333333334
/scratchc/nrlab/wang04/ulyses_results_iteration/iteration_3_merge_below_3/cnn_model/cnn14/plasma_tp1_0.1x_model_C1/roc_curve_resnet34_tf_0.03_0.1/nested_cv_random/resnet34/repeat_10_fold_5_metrics.csv,9,2,resnet34,"(0.03, 0.1]",C1,Accuracy at 95% Specificity,0.8274909420289855
/scratchc/nrlab/wang04/ulyses_results_iteration/iteration_3_merge_below_3/cnn_model/cnn14/plasma_tp1_0.1x_model_C1/roc_curve_resnet34_tf_0.03_0.1/nested_cv_random/resnet34/repeat_10_fold_5_metrics.csv,9,2,resnet34,"(0.03, 0.1]",C1,F1 at 95% Specificity,0.8214285714285714
/scratchc/nrlab/wang04/ulyses_results_iteration/iteration_3_merge_below_3/cnn_model/cnn14/plasma_tp1_0.1x_model_C1/roc_curve_resnet34_tf_0.03_0.1/nested_cv_random/resnet34/repeat_10_fold_5_metrics.csv,9,3,resnet34,"(0.03, 0.1]",C1,AUROC,0.9467213114754098
/scratchc/nrlab/wang04/ulyses_results_iteration/iteration_3_merge_below_3/cnn_model/cnn14/plasma_tp1_0.1x_model_C1/roc_curve_resnet34_tf_0.03_0.1/nested_cv_random/resnet34/repeat_10_fold_5_metrics.csv,9,3,resnet34,"(0.03, 0.1]",C1,AUPRC,0.942458874697872
/scratchc/nrlab/wang04/ulyses_results_iteration/iteration_3_merge_below_3/cnn_model/cnn14/plasma_tp1_0.1x_model_C1/roc_curve_resnet34_tf_0.03_0.1/nested_cv_random/resnet34/repeat_10_fold_5_metrics.csv,9,3,resnet34,"(0.03, 0.1]",C1,Sensitivity at 99% Specificity,0.65
/scratchc/nrlab/wang04/ulyses_results_iteration/iteration_3_merge_below_3/cnn_model/cnn14/plasma_tp1_0.1x_model_C1/roc_curve_resnet34_tf_0.03_0.1/nested_cv_random/resnet34/repeat_10_fold_5_metrics.csv,9,3,resnet34,"(0.03, 0.1]",C1,PPV at 99% Specificity,1
/scratchc/nrlab/wang04/ulyses_results_iteration/iteration_3_merge_below_3/cnn_model/cnn14/plasma_tp1_0.1x_model_C1/roc_curve_resnet34_tf_0.03_0.1/nested_cv_random/resnet34/repeat_10_fold_5_metrics.csv,9,3,resnet34,"(0.03, 0.1]",C1,Accuracy at 99% Specificity,0.8200000000000001
/scratchc/nrlab/wang04/ulyses_results_iteration/iteration_3_merge_below_3/cnn_model/cnn14/plasma_tp1_0.1x_model_C1/roc_curve_resnet34_tf_0.03_0.1/nested_cv_random/resnet34/repeat_10_fold_5_metrics.csv,9,3,resnet34,"(0.03, 0.1]",C1,F1 at 99% Specificity,0.7878787878787878
/scratchc/nrlab/wang04/ulyses_results_iteration/iteration_3_merge_below_3/cnn_model/cnn14/plasma_tp1_0.1x_model_C1/roc_curve_resnet34_tf_0.03_0.1/nested_cv_random/resnet34/repeat_10_fold_5_metrics.csv,9,3,resnet34,"(0.03, 0.1]",C1,Sensitivity at 98% Specificity,0.65
/scratchc/nrlab/wang04/ulyses_results_iteration/iteration_3_merge_below_3/cnn_model/cnn14/plasma_tp1_0.1x_model_C1/roc_curve_resnet34_tf_0.03_0.1/nested_cv_random/resnet34/repeat_10_fold_5_metrics.csv,9,3,resnet34,"(0.03, 0.1]",C1,PPV at 98% Specificity,1
/scratchc/nrlab/wang04/ulyses_results_iteration/iteration_3_merge_below_3/cnn_model/cnn14/plasma_tp1_0.1x_model_C1/roc_curve_resnet34_tf_0.03_0.1/nested_cv_random/resnet34/repeat_10_fold_5_metrics.csv,9,3,resnet34,"(0.03, 0.1]",C1,Accuracy at 98% Specificity,0.815
/scratchc/nrlab/wang04/ulyses_results_iteration/iteration_3_merge_below_3/cnn_model/cnn14/plasma_tp1_0.1x_model_C1/roc_curve_resnet34_tf_0.03_0.1/nested_cv_random/resnet34/repeat_10_fold_5_metrics.csv,9,3,resnet34,"(0.03, 0.1]",C1,F1 at 98% Specificity,0.7878787878787878
/scratchc/nrlab/wang04/ulyses_results_iteration/iteration_3_merge_below_3/cnn_model/cnn14/plasma_tp1_0.1x_model_C1/roc_curve_resnet34_tf_0.03_0.1/nested_cv_random/resnet34/repeat_10_fold_5_metrics.csv,9,3,resnet34,"(0.03, 0.1]",C1,Sensitivity at 95% Specificity,0.825
/scratchc/nrlab/wang04/ulyses_results_iteration/iteration_3_merge_below_3/cnn_model/cnn14/plasma_tp1_0.1x_model_C1/roc_curve_resnet34_tf_0.03_0.1/nested_cv_random/resnet34/repeat_10_fold_5_metrics.csv,9,3,resnet34,"(0.03, 0.1]",C1,PPV at 95% Specificity,0.9705882352941176
/scratchc/nrlab/wang04/ulyses_results_iteration/iteration_3_merge_below_3/cnn_model/cnn14/plasma_tp1_0.1x_model_C1/roc_curve_resnet34_tf_0.03_0.1/nested_cv_random/resnet34/repeat_10_fold_5_metrics.csv,9,3,resnet34,"(0.03, 0.1]",C1,Accuracy at 95% Specificity,0.8797131147540983
/scratchc/nrlab/wang04/ulyses_results_iteration/iteration_3_merge_below_3/cnn_model/cnn14/plasma_tp1_0.1x_model_C1/roc_curve_resnet34_tf_0.03_0.1/nested_cv_random/resnet34/repeat_10_fold_5_metrics.csv,9,3,resnet34,"(0.03, 0.1]",C1,F1 at 95% Specificity,0.8918918918918919
/scratchc/nrlab/wang04/ulyses_results_iteration/iteration_3_merge_below_3/cnn_model/cnn14/plasma_tp1_0.1x_model_C1/roc_curve_resnet34_tf_0.03_0.1/nested_cv_random/resnet34/repeat_10_fold_5_metrics.csv,9,4,resnet34,"(0.03, 0.1]",C1,AUROC,0.9196581196581196
/scratchc/nrlab/wang04/ulyses_results_iteration/iteration_3_merge_below_3/cnn_model/cnn14/plasma_tp1_0.1x_model_C1/roc_curve_resnet34_tf_0.03_0.1/nested_cv_random/resnet34/repeat_10_fold_5_metrics.csv,9,4,resnet34,"(0.03, 0.1]",C1,AUPRC,0.8984011592441823
/scratchc/nrlab/wang04/ulyses_results_iteration/iteration_3_merge_below_3/cnn_model/cnn14/plasma_tp1_0.1x_model_C1/roc_curve_resnet34_tf_0.03_0.1/nested_cv_random/resnet34/repeat_10_fold_5_metrics.csv,9,4,resnet34,"(0.03, 0.1]",C1,Sensitivity at 99% Specificity,0.4722222222222222
/scratchc/nrlab/wang04/ulyses_results_iteration/iteration_3_merge_below_3/cnn_model/cnn14/plasma_tp1_0.1x_model_C1/roc_curve_resnet34_tf_0.03_0.1/nested_cv_random/resnet34/repeat_10_fold_5_metrics.csv,9,4,resnet34,"(0.03, 0.1]",C1,PPV at 99% Specificity,1
/scratchc/nrlab/wang04/ulyses_results_iteration/iteration_3_merge_below_3/cnn_model/cnn14/plasma_tp1_0.1x_model_C1/roc_curve_resnet34_tf_0.03_0.1/nested_cv_random/resnet34/repeat_10_fold_5_metrics.csv,9,4,resnet34,"(0.03, 0.1]",C1,Accuracy at 99% Specificity,0.731111111111111
/scratchc/nrlab/wang04/ulyses_results_iteration/iteration_3_merge_below_3/cnn_model/cnn14/plasma_tp1_0.1x_model_C1/roc_curve_resnet34_tf_0.03_0.1/nested_cv_random/resnet34/repeat_10_fold_5_metrics.csv,9,4,resnet34,"(0.03, 0.1]",C1,F1 at 99% Specificity,0.6415094339622641
/scratchc/nrlab/wang04/ulyses_results_iteration/iteration_3_merge_below_3/cnn_model/cnn14/plasma_tp1_0.1x_model_C1/roc_curve_resnet34_tf_0.03_0.1/nested_cv_random/resnet34/repeat_10_fold_5_metrics.csv,9,4,resnet34,"(0.03, 0.1]",C1,Sensitivity at 98% Specificity,0.4722222222222222
/scratchc/nrlab/wang04/ulyses_results_iteration/iteration_3_merge_below_3/cnn_model/cnn14/plasma_tp1_0.1x_model_C1/roc_curve_resnet34_tf_0.03_0.1/nested_cv_random/resnet34/repeat_10_fold_5_metrics.csv,9,4,resnet34,"(0.03, 0.1]",C1,PPV at 98% Specificity,1
/scratchc/nrlab/wang04/ulyses_results_iteration/iteration_3_merge_below_3/cnn_model/cnn14/plasma_tp1_0.1x_model_C1/roc_curve_resnet34_tf_0.03_0.1/nested_cv_random/resnet34/repeat_10_fold_5_metrics.csv,9,4,resnet34,"(0.03, 0.1]",C1,Accuracy at 98% Specificity,0.7261111111111112
/scratchc/nrlab/wang04/ulyses_results_iteration/iteration_3_merge_below_3/cnn_model/cnn14/plasma_tp1_0.1x_model_C1/roc_curve_resnet34_tf_0.03_0.1/nested_cv_random/resnet34/repeat_10_fold_5_metrics.csv,9,4,resnet34,"(0.03, 0.1]",C1,F1 at 98% Specificity,0.6415094339622641
/scratchc/nrlab/wang04/ulyses_results_iteration/iteration_3_merge_below_3/cnn_model/cnn14/plasma_tp1_0.1x_model_C1/roc_curve_resnet34_tf_0.03_0.1/nested_cv_random/resnet34/repeat_10_fold_5_metrics.csv,9,4,resnet34,"(0.03, 0.1]",C1,Sensitivity at 95% Specificity,0.6666666666666666
/scratchc/nrlab/wang04/ulyses_results_iteration/iteration_3_merge_below_3/cnn_model/cnn14/plasma_tp1_0.1x_model_C1/roc_curve_resnet34_tf_0.03_0.1/nested_cv_random/resnet34/repeat_10_fold_5_metrics.csv,9,4,resnet34,"(0.03, 0.1]",C1,PPV at 95% Specificity,0.9230769230769232
/scratchc/nrlab/wang04/ulyses_results_iteration/iteration_3_merge_below_3/cnn_model/cnn14/plasma_tp1_0.1x_model_C1/roc_curve_resnet34_tf_0.03_0.1/nested_cv_random/resnet34/repeat_10_fold_5_metrics.csv,9,4,resnet34,"(0.03, 0.1]",C1,Accuracy at 95% Specificity,0.7937179487179487
/scratchc/nrlab/wang04/ulyses_results_iteration/iteration_3_merge_below_3/cnn_model/cnn14/plasma_tp1_0.1x_model_C1/roc_curve_resnet34_tf_0.03_0.1/nested_cv_random/resnet34/repeat_10_fold_5_metrics.csv,9,4,resnet34,"(0.03, 0.1]",C1,F1 at 95% Specificity,0.7741935483870968
/scratchc/nrlab/wang04/ulyses_results_iteration/iteration_3_merge_below_3/cnn_model/cnn14/plasma_tp1_0.1x_model_C1/roc_curve_resnet34_tf_0.03_0.1/nested_cv_random/resnet34/repeat_10_fold_5_metrics.csv,9,5,resnet34,"(0.03, 0.1]",C1,AUROC,0.8449131513647643
/scratchc/nrlab/wang04/ulyses_results_iteration/iteration_3_merge_below_3/cnn_model/cnn14/plasma_tp1_0.1x_model_C1/roc_curve_resnet34_tf_0.03_0.1/nested_cv_random/resnet34/repeat_10_fold_5_metrics.csv,9,5,resnet34,"(0.03, 0.1]",C1,AUPRC,0.8677336676358303
/scratchc/nrlab/wang04/ulyses_results_iteration/iteration_3_merge_below_3/cnn_model/cnn14/plasma_tp1_0.1x_model_C1/roc_curve_resnet34_tf_0.03_0.1/nested_cv_random/resnet34/repeat_10_fold_5_metrics.csv,9,5,resnet34,"(0.03, 0.1]",C1,Sensitivity at 99% Specificity,0.5384615384615384
/scratchc/nrlab/wang04/ulyses_results_iteration/iteration_3_merge_below_3/cnn_model/cnn14/plasma_tp1_0.1x_model_C1/roc_curve_resnet34_tf_0.03_0.1/nested_cv_random/resnet34/repeat_10_fold_5_metrics.csv,9,5,resnet34,"(0.03, 0.1]",C1,PPV at 99% Specificity,1
/scratchc/nrlab/wang04/ulyses_results_iteration/iteration_3_merge_below_3/cnn_model/cnn14/plasma_tp1_0.1x_model_C1/roc_curve_resnet34_tf_0.03_0.1/nested_cv_random/resnet34/repeat_10_fold_5_metrics.csv,9,5,resnet34,"(0.03, 0.1]",C1,Accuracy at 99% Specificity,0.7642307692307693
/scratchc/nrlab/wang04/ulyses_results_iteration/iteration_3_merge_below_3/cnn_model/cnn14/plasma_tp1_0.1x_model_C1/roc_curve_resnet34_tf_0.03_0.1/nested_cv_random/resnet34/repeat_10_fold_5_metrics.csv,9,5,resnet34,"(0.03, 0.1]",C1,F1 at 99% Specificity,0.7
/scratchc/nrlab/wang04/ulyses_results_iteration/iteration_3_merge_below_3/cnn_model/cnn14/plasma_tp1_0.1x_model_C1/roc_curve_resnet34_tf_0.03_0.1/nested_cv_random/resnet34/repeat_10_fold_5_metrics.csv,9,5,resnet34,"(0.03, 0.1]",C1,Sensitivity at 98% Specificity,0.5384615384615384
/scratchc/nrlab/wang04/ulyses_results_iteration/iteration_3_merge_below_3/cnn_model/cnn14/plasma_tp1_0.1x_model_C1/roc_curve_resnet34_tf_0.03_0.1/nested_cv_random/resnet34/repeat_10_fold_5_metrics.csv,9,5,resnet34,"(0.03, 0.1]",C1,PPV at 98% Specificity,1
/scratchc/nrlab/wang04/ulyses_results_iteration/iteration_3_merge_below_3/cnn_model/cnn14/plasma_tp1_0.1x_model_C1/roc_curve_resnet34_tf_0.03_0.1/nested_cv_random/resnet34/repeat_10_fold_5_metrics.csv,9,5,resnet34,"(0.03, 0.1]",C1,Accuracy at 98% Specificity,0.7592307692307692
/scratchc/nrlab/wang04/ulyses_results_iteration/iteration_3_merge_below_3/cnn_model/cnn14/plasma_tp1_0.1x_model_C1/roc_curve_resnet34_tf_0.03_0.1/nested_cv_random/resnet34/repeat_10_fold_5_metrics.csv,9,5,resnet34,"(0.03, 0.1]",C1,F1 at 98% Specificity,0.7
/scratchc/nrlab/wang04/ulyses_results_iteration/iteration_3_merge_below_3/cnn_model/cnn14/plasma_tp1_0.1x_model_C1/roc_curve_resnet34_tf_0.03_0.1/nested_cv_random/resnet34/repeat_10_fold_5_metrics.csv,9,5,resnet34,"(0.03, 0.1]",C1,Sensitivity at 95% Specificity,0.6923076923076923
/scratchc/nrlab/wang04/ulyses_results_iteration/iteration_3_merge_below_3/cnn_model/cnn14/plasma_tp1_0.1x_model_C1/roc_curve_resnet34_tf_0.03_0.1/nested_cv_random/resnet34/repeat_10_fold_5_metrics.csv,9,5,resnet34,"(0.03, 0.1]",C1,PPV at 95% Specificity,0.9310344827586208
/scratchc/nrlab/wang04/ulyses_results_iteration/iteration_3_merge_below_3/cnn_model/cnn14/plasma_tp1_0.1x_model_C1/roc_curve_resnet34_tf_0.03_0.1/nested_cv_random/resnet34/repeat_10_fold_5_metrics.csv,9,5,resnet34,"(0.03, 0.1]",C1,Accuracy at 95% Specificity,0.8058312655086848
/scratchc/nrlab/wang04/ulyses_results_iteration/iteration_3_merge_below_3/cnn_model/cnn14/plasma_tp1_0.1x_model_C1/roc_curve_resnet34_tf_0.03_0.1/nested_cv_random/resnet34/repeat_10_fold_5_metrics.csv,9,5,resnet34,"(0.03, 0.1]",C1,F1 at 95% Specificity,0.7941176470588235
/scratchc/nrlab/wang04/ulyses_results_iteration/iteration_3_merge_below_3/cnn_model/cnn14/plasma_tp1_0.1x_model_C1/roc_curve_resnet34_tf_0.03_0.1/nested_cv_random/resnet34/repeat_10_fold_5_metrics.csv,10,1,resnet34,"(0.03, 0.1]",C1,AUROC,0.9522388059701492
/scratchc/nrlab/wang04/ulyses_results_iteration/iteration_3_merge_below_3/cnn_model/cnn14/plasma_tp1_0.1x_model_C1/roc_curve_resnet34_tf_0.03_0.1/nested_cv_random/resnet34/repeat_10_fold_5_metrics.csv,10,1,resnet34,"(0.03, 0.1]",C1,AUPRC,0.9404556146310504
/scratchc/nrlab/wang04/ulyses_results_iteration/iteration_3_merge_below_3/cnn_model/cnn14/plasma_tp1_0.1x_model_C1/roc_curve_resnet34_tf_0.03_0.1/nested_cv_random/resnet34/repeat_10_fold_5_metrics.csv,10,1,resnet34,"(0.03, 0.1]",C1,Sensitivity at 99% Specificity,0.6
/scratchc/nrlab/wang04/ulyses_results_iteration/iteration_3_merge_below_3/cnn_model/cnn14/plasma_tp1_0.1x_model_C1/roc_curve_resnet34_tf_0.03_0.1/nested_cv_random/resnet34/repeat_10_fold_5_metrics.csv,10,1,resnet34,"(0.03, 0.1]",C1,PPV at 99% Specificity,1
/scratchc/nrlab/wang04/ulyses_results_iteration/iteration_3_merge_below_3/cnn_model/cnn14/plasma_tp1_0.1x_model_C1/roc_curve_resnet34_tf_0.03_0.1/nested_cv_random/resnet34/repeat_10_fold_5_metrics.csv,10,1,resnet34,"(0.03, 0.1]",C1,Accuracy at 99% Specificity,0.7949999999999999
/scratchc/nrlab/wang04/ulyses_results_iteration/iteration_3_merge_below_3/cnn_model/cnn14/plasma_tp1_0.1x_model_C1/roc_curve_resnet34_tf_0.03_0.1/nested_cv_random/resnet34/repeat_10_fold_5_metrics.csv,10,1,resnet34,"(0.03, 0.1]",C1,F1 at 99% Specificity,0.75
/scratchc/nrlab/wang04/ulyses_results_iteration/iteration_3_merge_below_3/cnn_model/cnn14/plasma_tp1_0.1x_model_C1/roc_curve_resnet34_tf_0.03_0.1/nested_cv_random/resnet34/repeat_10_fold_5_metrics.csv,10,1,resnet34,"(0.03, 0.1]",C1,Sensitivity at 98% Specificity,0.6
/scratchc/nrlab/wang04/ulyses_results_iteration/iteration_3_merge_below_3/cnn_model/cnn14/plasma_tp1_0.1x_model_C1/roc_curve_resnet34_tf_0.03_0.1/nested_cv_random/resnet34/repeat_10_fold_5_metrics.csv,10,1,resnet34,"(0.03, 0.1]",C1,PPV at 98% Specificity,1
/scratchc/nrlab/wang04/ulyses_results_iteration/iteration_3_merge_below_3/cnn_model/cnn14/plasma_tp1_0.1x_model_C1/roc_curve_resnet34_tf_0.03_0.1/nested_cv_random/resnet34/repeat_10_fold_5_metrics.csv,10,1,resnet34,"(0.03, 0.1]",C1,Accuracy at 98% Specificity,0.79
/scratchc/nrlab/wang04/ulyses_results_iteration/iteration_3_merge_below_3/cnn_model/cnn14/plasma_tp1_0.1x_model_C1/roc_curve_resnet34_tf_0.03_0.1/nested_cv_random/resnet34/repeat_10_fold_5_metrics.csv,10,1,resnet34,"(0.03, 0.1]",C1,F1 at 98% Specificity,0.75
/scratchc/nrlab/wang04/ulyses_results_iteration/iteration_3_merge_below_3/cnn_model/cnn14/plasma_tp1_0.1x_model_C1/roc_curve_resnet34_tf_0.03_0.1/nested_cv_random/resnet34/repeat_10_fold_5_metrics.csv,10,1,resnet34,"(0.03, 0.1]",C1,Sensitivity at 95% Specificity,0.8285714285714286
/scratchc/nrlab/wang04/ulyses_results_iteration/iteration_3_merge_below_3/cnn_model/cnn14/plasma_tp1_0.1x_model_C1/roc_curve_resnet34_tf_0.03_0.1/nested_cv_random/resnet34/repeat_10_fold_5_metrics.csv,10,1,resnet34,"(0.03, 0.1]",C1,PPV at 95% Specificity,0.9666666666666668
/scratchc/nrlab/wang04/ulyses_results_iteration/iteration_3_merge_below_3/cnn_model/cnn14/plasma_tp1_0.1x_model_C1/roc_curve_resnet34_tf_0.03_0.1/nested_cv_random/resnet34/repeat_10_fold_5_metrics.csv,10,1,resnet34,"(0.03, 0.1]",C1,Accuracy at 95% Specificity,0.8821961620469083
/scratchc/nrlab/wang04/ulyses_results_iteration/iteration_3_merge_below_3/cnn_model/cnn14/plasma_tp1_0.1x_model_C1/roc_curve_resnet34_tf_0.03_0.1/nested_cv_random/resnet34/repeat_10_fold_5_metrics.csv,10,1,resnet34,"(0.03, 0.1]",C1,F1 at 95% Specificity,0.8923076923076924
/scratchc/nrlab/wang04/ulyses_results_iteration/iteration_3_merge_below_3/cnn_model/cnn14/plasma_tp1_0.1x_model_C1/roc_curve_resnet34_tf_0.03_0.1/nested_cv_random/resnet34/repeat_10_fold_5_metrics.csv,10,2,resnet34,"(0.03, 0.1]",C1,AUROC,0.9636824324324323
/scratchc/nrlab/wang04/ulyses_results_iteration/iteration_3_merge_below_3/cnn_model/cnn14/plasma_tp1_0.1x_model_C1/roc_curve_resnet34_tf_0.03_0.1/nested_cv_random/resnet34/repeat_10_fold_5_metrics.csv,10,2,resnet34,"(0.03, 0.1]",C1,AUPRC,0.9584629078061688
/scratchc/nrlab/wang04/ulyses_results_iteration/iteration_3_merge_below_3/cnn_model/cnn14/plasma_tp1_0.1x_model_C1/roc_curve_resnet34_tf_0.03_0.1/nested_cv_random/resnet34/repeat_10_fold_5_metrics.csv,10,2,resnet34,"(0.03, 0.1]",C1,Sensitivity at 99% Specificity,0.7027027027027027
/scratchc/nrlab/wang04/ulyses_results_iteration/iteration_3_merge_below_3/cnn_model/cnn14/plasma_tp1_0.1x_model_C1/roc_curve_resnet34_tf_0.03_0.1/nested_cv_random/resnet34/repeat_10_fold_5_metrics.csv,10,2,resnet34,"(0.03, 0.1]",C1,PPV at 99% Specificity,1
/scratchc/nrlab/wang04/ulyses_results_iteration/iteration_3_merge_below_3/cnn_model/cnn14/plasma_tp1_0.1x_model_C1/roc_curve_resnet34_tf_0.03_0.1/nested_cv_random/resnet34/repeat_10_fold_5_metrics.csv,10,2,resnet34,"(0.03, 0.1]",C1,Accuracy at 99% Specificity,0.8463513513513514
/scratchc/nrlab/wang04/ulyses_results_iteration/iteration_3_merge_below_3/cnn_model/cnn14/plasma_tp1_0.1x_model_C1/roc_curve_resnet34_tf_0.03_0.1/nested_cv_random/resnet34/repeat_10_fold_5_metrics.csv,10,2,resnet34,"(0.03, 0.1]",C1,F1 at 99% Specificity,0.8253968253968254
/scratchc/nrlab/wang04/ulyses_results_iteration/iteration_3_merge_below_3/cnn_model/cnn14/plasma_tp1_0.1x_model_C1/roc_curve_resnet34_tf_0.03_0.1/nested_cv_random/resnet34/repeat_10_fold_5_metrics.csv,10,2,resnet34,"(0.03, 0.1]",C1,Sensitivity at 98% Specificity,0.7027027027027027
/scratchc/nrlab/wang04/ulyses_results_iteration/iteration_3_merge_below_3/cnn_model/cnn14/plasma_tp1_0.1x_model_C1/roc_curve_resnet34_tf_0.03_0.1/nested_cv_random/resnet34/repeat_10_fold_5_metrics.csv,10,2,resnet34,"(0.03, 0.1]",C1,PPV at 98% Specificity,1
/scratchc/nrlab/wang04/ulyses_results_iteration/iteration_3_merge_below_3/cnn_model/cnn14/plasma_tp1_0.1x_model_C1/roc_curve_resnet34_tf_0.03_0.1/nested_cv_random/resnet34/repeat_10_fold_5_metrics.csv,10,2,resnet34,"(0.03, 0.1]",C1,Accuracy at 98% Specificity,0.8413513513513513
/scratchc/nrlab/wang04/ulyses_results_iteration/iteration_3_merge_below_3/cnn_model/cnn14/plasma_tp1_0.1x_model_C1/roc_curve_resnet34_tf_0.03_0.1/nested_cv_random/resnet34/repeat_10_fold_5_metrics.csv,10,2,resnet34,"(0.03, 0.1]",C1,F1 at 98% Specificity,0.8253968253968254
/scratchc/nrlab/wang04/ulyses_results_iteration/iteration_3_merge_below_3/cnn_model/cnn14/plasma_tp1_0.1x_model_C1/roc_curve_resnet34_tf_0.03_0.1/nested_cv_random/resnet34/repeat_10_fold_5_metrics.csv,10,2,resnet34,"(0.03, 0.1]",C1,Sensitivity at 95% Specificity,0.8648648648648649
/scratchc/nrlab/wang04/ulyses_results_iteration/iteration_3_merge_below_3/cnn_model/cnn14/plasma_tp1_0.1x_model_C1/roc_curve_resnet34_tf_0.03_0.1/nested_cv_random/resnet34/repeat_10_fold_5_metrics.csv,10,2,resnet34,"(0.03, 0.1]",C1,PPV at 95% Specificity,0.9411764705882352
/scratchc/nrlab/wang04/ulyses_results_iteration/iteration_3_merge_below_3/cnn_model/cnn14/plasma_tp1_0.1x_model_C1/roc_curve_resnet34_tf_0.03_0.1/nested_cv_random/resnet34/repeat_10_fold_5_metrics.csv,10,2,resnet34,"(0.03, 0.1]",C1,Accuracy at 95% Specificity,0.8925886824324325
/scratchc/nrlab/wang04/ulyses_results_iteration/iteration_3_merge_below_3/cnn_model/cnn14/plasma_tp1_0.1x_model_C1/roc_curve_resnet34_tf_0.03_0.1/nested_cv_random/resnet34/repeat_10_fold_5_metrics.csv,10,2,resnet34,"(0.03, 0.1]",C1,F1 at 95% Specificity,0.9014084507042254
/scratchc/nrlab/wang04/ulyses_results_iteration/iteration_3_merge_below_3/cnn_model/cnn14/plasma_tp1_0.1x_model_C1/roc_curve_resnet34_tf_0.03_0.1/nested_cv_random/resnet34/repeat_10_fold_5_metrics.csv,10,4,resnet34,"(0.03, 0.1]",C1,AUROC,0.9558441558441558
/scratchc/nrlab/wang04/ulyses_results_iteration/iteration_3_merge_below_3/cnn_model/cnn14/plasma_tp1_0.1x_model_C1/roc_curve_resnet34_tf_0.03_0.1/nested_cv_random/resnet34/repeat_10_fold_5_metrics.csv,10,4,resnet34,"(0.03, 0.1]",C1,AUPRC,0.9454282456427496
/scratchc/nrlab/wang04/ulyses_results_iteration/iteration_3_merge_below_3/cnn_model/cnn14/plasma_tp1_0.1x_model_C1/roc_curve_resnet34_tf_0.03_0.1/nested_cv_random/resnet34/repeat_10_fold_5_metrics.csv,10,4,resnet34,"(0.03, 0.1]",C1,Sensitivity at 99% Specificity,0.7142857142857143
/scratchc/nrlab/wang04/ulyses_results_iteration/iteration_3_merge_below_3/cnn_model/cnn14/plasma_tp1_0.1x_model_C1/roc_curve_resnet34_tf_0.03_0.1/nested_cv_random/resnet34/repeat_10_fold_5_metrics.csv,10,4,resnet34,"(0.03, 0.1]",C1,PPV at 99% Specificity,1
/scratchc/nrlab/wang04/ulyses_results_iteration/iteration_3_merge_below_3/cnn_model/cnn14/plasma_tp1_0.1x_model_C1/roc_curve_resnet34_tf_0.03_0.1/nested_cv_random/resnet34/repeat_10_fold_5_metrics.csv,10,4,resnet34,"(0.03, 0.1]",C1,Accuracy at 99% Specificity,0.8521428571428571
/scratchc/nrlab/wang04/ulyses_results_iteration/iteration_3_merge_below_3/cnn_model/cnn14/plasma_tp1_0.1x_model_C1/roc_curve_resnet34_tf_0.03_0.1/nested_cv_random/resnet34/repeat_10_fold_5_metrics.csv,10,4,resnet34,"(0.03, 0.1]",C1,F1 at 99% Specificity,0.8333333333333334
/scratchc/nrlab/wang04/ulyses_results_iteration/iteration_3_merge_below_3/cnn_model/cnn14/plasma_tp1_0.1x_model_C1/roc_curve_resnet34_tf_0.03_0.1/nested_cv_random/resnet34/repeat_10_fold_5_metrics.csv,10,4,resnet34,"(0.03, 0.1]",C1,Sensitivity at 98% Specificity,0.7142857142857143
/scratchc/nrlab/wang04/ulyses_results_iteration/iteration_3_merge_below_3/cnn_model/cnn14/plasma_tp1_0.1x_model_C1/roc_curve_resnet34_tf_0.03_0.1/nested_cv_random/resnet34/repeat_10_fold_5_metrics.csv,10,4,resnet34,"(0.03, 0.1]",C1,PPV at 98% Specificity,1
/scratchc/nrlab/wang04/ulyses_results_iteration/iteration_3_merge_below_3/cnn_model/cnn14/plasma_tp1_0.1x_model_C1/roc_curve_resnet34_tf_0.03_0.1/nested_cv_random/resnet34/repeat_10_fold_5_metrics.csv,10,4,resnet34,"(0.03, 0.1]",C1,Accuracy at 98% Specificity,0.8471428571428572
/scratchc/nrlab/wang04/ulyses_results_iteration/iteration_3_merge_below_3/cnn_model/cnn14/plasma_tp1_0.1x_model_C1/roc_curve_resnet34_tf_0.03_0.1/nested_cv_random/resnet34/repeat_10_fold_5_metrics.csv,10,4,resnet34,"(0.03, 0.1]",C1,F1 at 98% Specificity,0.8333333333333334
/scratchc/nrlab/wang04/ulyses_results_iteration/iteration_3_merge_below_3/cnn_model/cnn14/plasma_tp1_0.1x_model_C1/roc_curve_resnet34_tf_0.03_0.1/nested_cv_random/resnet34/repeat_10_fold_5_metrics.csv,10,4,resnet34,"(0.03, 0.1]",C1,Sensitivity at 95% Specificity,0.8
/scratchc/nrlab/wang04/ulyses_results_iteration/iteration_3_merge_below_3/cnn_model/cnn14/plasma_tp1_0.1x_model_C1/roc_curve_resnet34_tf_0.03_0.1/nested_cv_random/resnet34/repeat_10_fold_5_metrics.csv,10,4,resnet34,"(0.03, 0.1]",C1,PPV at 95% Specificity,0.9032258064516128
/scratchc/nrlab/wang04/ulyses_results_iteration/iteration_3_merge_below_3/cnn_model/cnn14/plasma_tp1_0.1x_model_C1/roc_curve_resnet34_tf_0.03_0.1/nested_cv_random/resnet34/repeat_10_fold_5_metrics.csv,10,4,resnet34,"(0.03, 0.1]",C1,Accuracy at 95% Specificity,0.853409090909091
/scratchc/nrlab/wang04/ulyses_results_iteration/iteration_3_merge_below_3/cnn_model/cnn14/plasma_tp1_0.1x_model_C1/roc_curve_resnet34_tf_0.03_0.1/nested_cv_random/resnet34/repeat_10_fold_5_metrics.csv,10,4,resnet34,"(0.03, 0.1]",C1,F1 at 95% Specificity,0.8484848484848485
/scratchc/nrlab/wang04/ulyses_results_iteration/iteration_3_merge_below_3/cnn_model/cnn14/plasma_tp1_0.1x_model_C1/roc_curve_resnet34_tf_0.03_0.1/nested_cv_random/resnet34/repeat_10_fold_5_metrics.csv,10,5,resnet34,"(0.03, 0.1]",C1,AUROC,0.9162393162393162
/scratchc/nrlab/wang04/ulyses_results_iteration/iteration_3_merge_below_3/cnn_model/cnn14/plasma_tp1_0.1x_model_C1/roc_curve_resnet34_tf_0.03_0.1/nested_cv_random/resnet34/repeat_10_fold_5_metrics.csv,10,5,resnet34,"(0.03, 0.1]",C1,AUPRC,0.8873705907432629
/scratchc/nrlab/wang04/ulyses_results_iteration/iteration_3_merge_below_3/cnn_model/cnn14/plasma_tp1_0.1x_model_C1/roc_curve_resnet34_tf_0.03_0.1/nested_cv_random/resnet34/repeat_10_fold_5_metrics.csv,10,5,resnet34,"(0.03, 0.1]",C1,Sensitivity at 99% Specificity,0.5
/scratchc/nrlab/wang04/ulyses_results_iteration/iteration_3_merge_below_3/cnn_model/cnn14/plasma_tp1_0.1x_model_C1/roc_curve_resnet34_tf_0.03_0.1/nested_cv_random/resnet34/repeat_10_fold_5_metrics.csv,10,5,resnet34,"(0.03, 0.1]",C1,PPV at 99% Specificity,1
/scratchc/nrlab/wang04/ulyses_results_iteration/iteration_3_merge_below_3/cnn_model/cnn14/plasma_tp1_0.1x_model_C1/roc_curve_resnet34_tf_0.03_0.1/nested_cv_random/resnet34/repeat_10_fold_5_metrics.csv,10,5,resnet34,"(0.03, 0.1]",C1,Accuracy at 99% Specificity,0.745
/scratchc/nrlab/wang04/ulyses_results_iteration/iteration_3_merge_below_3/cnn_model/cnn14/plasma_tp1_0.1x_model_C1/roc_curve_resnet34_tf_0.03_0.1/nested_cv_random/resnet34/repeat_10_fold_5_metrics.csv,10,5,resnet34,"(0.03, 0.1]",C1,F1 at 99% Specificity,0.6666666666666666
/scratchc/nrlab/wang04/ulyses_results_iteration/iteration_3_merge_below_3/cnn_model/cnn14/plasma_tp1_0.1x_model_C1/roc_curve_resnet34_tf_0.03_0.1/nested_cv_random/resnet34/repeat_10_fold_5_metrics.csv,10,5,resnet34,"(0.03, 0.1]",C1,Sensitivity at 98% Specificity,0.5
/scratchc/nrlab/wang04/ulyses_results_iteration/iteration_3_merge_below_3/cnn_model/cnn14/plasma_tp1_0.1x_model_C1/roc_curve_resnet34_tf_0.03_0.1/nested_cv_random/resnet34/repeat_10_fold_5_metrics.csv,10,5,resnet34,"(0.03, 0.1]",C1,PPV at 98% Specificity,1
/scratchc/nrlab/wang04/ulyses_results_iteration/iteration_3_merge_below_3/cnn_model/cnn14/plasma_tp1_0.1x_model_C1/roc_curve_resnet34_tf_0.03_0.1/nested_cv_random/resnet34/repeat_10_fold_5_metrics.csv,10,5,resnet34,"(0.03, 0.1]",C1,Accuracy at 98% Specificity,0.74
/scratchc/nrlab/wang04/ulyses_results_iteration/iteration_3_merge_below_3/cnn_model/cnn14/plasma_tp1_0.1x_model_C1/roc_curve_resnet34_tf_0.03_0.1/nested_cv_random/resnet34/repeat_10_fold_5_metrics.csv,10,5,resnet34,"(0.03, 0.1]",C1,F1 at 98% Specificity,0.6666666666666666
/scratchc/nrlab/wang04/ulyses_results_iteration/iteration_3_merge_below_3/cnn_model/cnn14/plasma_tp1_0.1x_model_C1/roc_curve_resnet34_tf_0.03_0.1/nested_cv_random/resnet34/repeat_10_fold_5_metrics.csv,10,5,resnet34,"(0.03, 0.1]",C1,Sensitivity at 95% Specificity,0.6111111111111112
/scratchc/nrlab/wang04/ulyses_results_iteration/iteration_3_merge_below_3/cnn_model/cnn14/plasma_tp1_0.1x_model_C1/roc_curve_resnet34_tf_0.03_0.1/nested_cv_random/resnet34/repeat_10_fold_5_metrics.csv,10,5,resnet34,"(0.03, 0.1]",C1,PPV at 95% Specificity,0.9166666666666666
/scratchc/nrlab/wang04/ulyses_results_iteration/iteration_3_merge_below_3/cnn_model/cnn14/plasma_tp1_0.1x_model_C1/roc_curve_resnet34_tf_0.03_0.1/nested_cv_random/resnet34/repeat_10_fold_5_metrics.csv,10,5,resnet34,"(0.03, 0.1]",C1,Accuracy at 95% Specificity,0.765940170940171
/scratchc/nrlab/wang04/ulyses_results_iteration/iteration_3_merge_below_3/cnn_model/cnn14/plasma_tp1_0.1x_model_C1/roc_curve_resnet34_tf_0.03_0.1/nested_cv_random/resnet34/repeat_10_fold_5_metrics.csv,10,5,resnet34,"(0.03, 0.1]",C1,F1 at 95% Specificity,0.7333333333333333
/scratchc/nrlab/wang04/ulyses_results_iteration/iteration_3_merge_below_3/cnn_model/cnn14/plasma_tp1_0.1x_model_C1/roc_curve_resnet34_tf_0.1_1/nested_cv_random/resnet34/repeat_10_fold_5_metrics.csv,3,2,resnet34,"(0.1, 1]",C1,AUROC,0.9809286898839136
/scratchc/nrlab/wang04/ulyses_results_iteration/iteration_3_merge_below_3/cnn_model/cnn14/plasma_tp1_0.1x_model_C1/roc_curve_resnet34_tf_0.1_1/nested_cv_random/resnet34/repeat_10_fold_5_metrics.csv,3,2,resnet34,"(0.1, 1]",C1,AUPRC,0.9837962962962964
/scratchc/nrlab/wang04/ulyses_results_iteration/iteration_3_merge_below_3/cnn_model/cnn14/plasma_tp1_0.1x_model_C1/roc_curve_resnet34_tf_0.1_1/nested_cv_random/resnet34/repeat_10_fold_5_metrics.csv,3,2,resnet34,"(0.1, 1]",C1,Sensitivity at 99% Specificity,0.9444444444444444
/scratchc/nrlab/wang04/ulyses_results_iteration/iteration_3_merge_below_3/cnn_model/cnn14/plasma_tp1_0.1x_model_C1/roc_curve_resnet34_tf_0.1_1/nested_cv_random/resnet34/repeat_10_fold_5_metrics.csv,3,2,resnet34,"(0.1, 1]",C1,PPV at 99% Specificity,1
/scratchc/nrlab/wang04/ulyses_results_iteration/iteration_3_merge_below_3/cnn_model/cnn14/plasma_tp1_0.1x_model_C1/roc_curve_resnet34_tf_0.1_1/nested_cv_random/resnet34/repeat_10_fold_5_metrics.csv,3,2,resnet34,"(0.1, 1]",C1,Accuracy at 99% Specificity,0.9672222222222222
/scratchc/nrlab/wang04/ulyses_results_iteration/iteration_3_merge_below_3/cnn_model/cnn14/plasma_tp1_0.1x_model_C1/roc_curve_resnet34_tf_0.1_1/nested_cv_random/resnet34/repeat_10_fold_5_metrics.csv,3,2,resnet34,"(0.1, 1]",C1,F1 at 99% Specificity,0.9714285714285714
/scratchc/nrlab/wang04/ulyses_results_iteration/iteration_3_merge_below_3/cnn_model/cnn14/plasma_tp1_0.1x_model_C1/roc_curve_resnet34_tf_0.1_1/nested_cv_random/resnet34/repeat_10_fold_5_metrics.csv,3,2,resnet34,"(0.1, 1]",C1,Sensitivity at 98% Specificity,0.9444444444444444
/scratchc/nrlab/wang04/ulyses_results_iteration/iteration_3_merge_below_3/cnn_model/cnn14/plasma_tp1_0.1x_model_C1/roc_curve_resnet34_tf_0.1_1/nested_cv_random/resnet34/repeat_10_fold_5_metrics.csv,3,2,resnet34,"(0.1, 1]",C1,PPV at 98% Specificity,1
/scratchc/nrlab/wang04/ulyses_results_iteration/iteration_3_merge_below_3/cnn_model/cnn14/plasma_tp1_0.1x_model_C1/roc_curve_resnet34_tf_0.1_1/nested_cv_random/resnet34/repeat_10_fold_5_metrics.csv,3,2,resnet34,"(0.1, 1]",C1,Accuracy at 98% Specificity,0.9622222222222222
/scratchc/nrlab/wang04/ulyses_results_iteration/iteration_3_merge_below_3/cnn_model/cnn14/plasma_tp1_0.1x_model_C1/roc_curve_resnet34_tf_0.1_1/nested_cv_random/resnet34/repeat_10_fold_5_metrics.csv,3,2,resnet34,"(0.1, 1]",C1,F1 at 98% Specificity,0.9714285714285714
/scratchc/nrlab/wang04/ulyses_results_iteration/iteration_3_merge_below_3/cnn_model/cnn14/plasma_tp1_0.1x_model_C1/roc_curve_resnet34_tf_0.1_1/nested_cv_random/resnet34/repeat_10_fold_5_metrics.csv,3,2,resnet34,"(0.1, 1]",C1,Sensitivity at 95% Specificity,0.9444444444444444
/scratchc/nrlab/wang04/ulyses_results_iteration/iteration_3_merge_below_3/cnn_model/cnn14/plasma_tp1_0.1x_model_C1/roc_curve_resnet34_tf_0.1_1/nested_cv_random/resnet34/repeat_10_fold_5_metrics.csv,3,2,resnet34,"(0.1, 1]",C1,PPV at 95% Specificity,1
/scratchc/nrlab/wang04/ulyses_results_iteration/iteration_3_merge_below_3/cnn_model/cnn14/plasma_tp1_0.1x_model_C1/roc_curve_resnet34_tf_0.1_1/nested_cv_random/resnet34/repeat_10_fold_5_metrics.csv,3,2,resnet34,"(0.1, 1]",C1,Accuracy at 95% Specificity,0.9472222222222222
/scratchc/nrlab/wang04/ulyses_results_iteration/iteration_3_merge_below_3/cnn_model/cnn14/plasma_tp1_0.1x_model_C1/roc_curve_resnet34_tf_0.1_1/nested_cv_random/resnet34/repeat_10_fold_5_metrics.csv,3,2,resnet34,"(0.1, 1]",C1,F1 at 95% Specificity,0.9714285714285714
/scratchc/nrlab/wang04/ulyses_results_iteration/iteration_3_merge_below_3/cnn_model/cnn14/plasma_tp1_0.1x_model_C1/roc_curve_resnet34_tf_0.1_1/nested_cv_random/resnet34/repeat_10_fold_5_metrics.csv,3,3,resnet34,"(0.1, 1]",C1,AUROC,0.9996189024390244
/scratchc/nrlab/wang04/ulyses_results_iteration/iteration_3_merge_below_3/cnn_model/cnn14/plasma_tp1_0.1x_model_C1/roc_curve_resnet34_tf_0.1_1/nested_cv_random/resnet34/repeat_10_fold_5_metrics.csv,3,3,resnet34,"(0.1, 1]",C1,AUPRC,0.9994192799070848
/scratchc/nrlab/wang04/ulyses_results_iteration/iteration_3_merge_below_3/cnn_model/cnn14/plasma_tp1_0.1x_model_C1/roc_curve_resnet34_tf_0.1_1/nested_cv_random/resnet34/repeat_10_fold_5_metrics.csv,3,3,resnet34,"(0.1, 1]",C1,Sensitivity at 99% Specificity,0.975609756097561
/scratchc/nrlab/wang04/ulyses_results_iteration/iteration_3_merge_below_3/cnn_model/cnn14/plasma_tp1_0.1x_model_C1/roc_curve_resnet34_tf_0.1_1/nested_cv_random/resnet34/repeat_10_fold_5_metrics.csv,3,3,resnet34,"(0.1, 1]",C1,PPV at 99% Specificity,1
/scratchc/nrlab/wang04/ulyses_results_iteration/iteration_3_merge_below_3/cnn_model/cnn14/plasma_tp1_0.1x_model_C1/roc_curve_resnet34_tf_0.1_1/nested_cv_random/resnet34/repeat_10_fold_5_metrics.csv,3,3,resnet34,"(0.1, 1]",C1,Accuracy at 99% Specificity,0.9828048780487804
/scratchc/nrlab/wang04/ulyses_results_iteration/iteration_3_merge_below_3/cnn_model/cnn14/plasma_tp1_0.1x_model_C1/roc_curve_resnet34_tf_0.1_1/nested_cv_random/resnet34/repeat_10_fold_5_metrics.csv,3,3,resnet34,"(0.1, 1]",C1,F1 at 99% Specificity,0.9876543209876544
/scratchc/nrlab/wang04/ulyses_results_iteration/iteration_3_merge_below_3/cnn_model/cnn14/plasma_tp1_0.1x_model_C1/roc_curve_resnet34_tf_0.1_1/nested_cv_random/resnet34/repeat_10_fold_5_metrics.csv,3,3,resnet34,"(0.1, 1]",C1,Sensitivity at 98% Specificity,0.975609756097561
/scratchc/nrlab/wang04/ulyses_results_iteration/iteration_3_merge_below_3/cnn_model/cnn14/plasma_tp1_0.1x_model_C1/roc_curve_resnet34_tf_0.1_1/nested_cv_random/resnet34/repeat_10_fold_5_metrics.csv,3,3,resnet34,"(0.1, 1]",C1,PPV at 98% Specificity,1
/scratchc/nrlab/wang04/ulyses_results_iteration/iteration_3_merge_below_3/cnn_model/cnn14/plasma_tp1_0.1x_model_C1/roc_curve_resnet34_tf_0.1_1/nested_cv_random/resnet34/repeat_10_fold_5_metrics.csv,3,3,resnet34,"(0.1, 1]",C1,Accuracy at 98% Specificity,0.9778048780487804
/scratchc/nrlab/wang04/ulyses_results_iteration/iteration_3_merge_below_3/cnn_model/cnn14/plasma_tp1_0.1x_model_C1/roc_curve_resnet34_tf_0.1_1/nested_cv_random/resnet34/repeat_10_fold_5_metrics.csv,3,3,resnet34,"(0.1, 1]",C1,F1 at 98% Specificity,0.9876543209876544
/scratchc/nrlab/wang04/ulyses_results_iteration/iteration_3_merge_below_3/cnn_model/cnn14/plasma_tp1_0.1x_model_C1/roc_curve_resnet34_tf_0.1_1/nested_cv_random/resnet34/repeat_10_fold_5_metrics.csv,3,3,resnet34,"(0.1, 1]",C1,Sensitivity at 95% Specificity,0.975609756097561
/scratchc/nrlab/wang04/ulyses_results_iteration/iteration_3_merge_below_3/cnn_model/cnn14/plasma_tp1_0.1x_model_C1/roc_curve_resnet34_tf_0.1_1/nested_cv_random/resnet34/repeat_10_fold_5_metrics.csv,3,3,resnet34,"(0.1, 1]",C1,PPV at 95% Specificity,1
/scratchc/nrlab/wang04/ulyses_results_iteration/iteration_3_merge_below_3/cnn_model/cnn14/plasma_tp1_0.1x_model_C1/roc_curve_resnet34_tf_0.1_1/nested_cv_random/resnet34/repeat_10_fold_5_metrics.csv,3,3,resnet34,"(0.1, 1]",C1,Accuracy at 95% Specificity,0.9628048780487805
/scratchc/nrlab/wang04/ulyses_results_iteration/iteration_3_merge_below_3/cnn_model/cnn14/plasma_tp1_0.1x_model_C1/roc_curve_resnet34_tf_0.1_1/nested_cv_random/resnet34/repeat_10_fold_5_metrics.csv,3,3,resnet34,"(0.1, 1]",C1,F1 at 95% Specificity,0.9876543209876544
/scratchc/nrlab/wang04/ulyses_results_iteration/iteration_3_merge_below_3/cnn_model/cnn14/plasma_tp1_0.1x_model_C1/roc_curve_resnet34_tf_0.1_1/nested_cv_random/resnet34/repeat_10_fold_5_metrics.csv,3,5,resnet34,"(0.1, 1]",C1,AUROC,0.9996220710506424
/scratchc/nrlab/wang04/ulyses_results_iteration/iteration_3_merge_below_3/cnn_model/cnn14/plasma_tp1_0.1x_model_C1/roc_curve_resnet34_tf_0.1_1/nested_cv_random/resnet34/repeat_10_fold_5_metrics.csv,3,5,resnet34,"(0.1, 1]",C1,AUPRC,0.9994462901439646
/scratchc/nrlab/wang04/ulyses_results_iteration/iteration_3_merge_below_3/cnn_model/cnn14/plasma_tp1_0.1x_model_C1/roc_curve_resnet34_tf_0.1_1/nested_cv_random/resnet34/repeat_10_fold_5_metrics.csv,3,5,resnet34,"(0.1, 1]",C1,Sensitivity at 99% Specificity,0.9761904761904762
/scratchc/nrlab/wang04/ulyses_results_iteration/iteration_3_merge_below_3/cnn_model/cnn14/plasma_tp1_0.1x_model_C1/roc_curve_resnet34_tf_0.1_1/nested_cv_random/resnet34/repeat_10_fold_5_metrics.csv,3,5,resnet34,"(0.1, 1]",C1,PPV at 99% Specificity,1
/scratchc/nrlab/wang04/ulyses_results_iteration/iteration_3_merge_below_3/cnn_model/cnn14/plasma_tp1_0.1x_model_C1/roc_curve_resnet34_tf_0.1_1/nested_cv_random/resnet34/repeat_10_fold_5_metrics.csv,3,5,resnet34,"(0.1, 1]",C1,Accuracy at 99% Specificity,0.983095238095238
/scratchc/nrlab/wang04/ulyses_results_iteration/iteration_3_merge_below_3/cnn_model/cnn14/plasma_tp1_0.1x_model_C1/roc_curve_resnet34_tf_0.1_1/nested_cv_random/resnet34/repeat_10_fold_5_metrics.csv,3,5,resnet34,"(0.1, 1]",C1,F1 at 99% Specificity,0.9879518072289156
/scratchc/nrlab/wang04/ulyses_results_iteration/iteration_3_merge_below_3/cnn_model/cnn14/plasma_tp1_0.1x_model_C1/roc_curve_resnet34_tf_0.1_1/nested_cv_random/resnet34/repeat_10_fold_5_metrics.csv,3,5,resnet34,"(0.1, 1]",C1,Sensitivity at 98% Specificity,0.9761904761904762
/scratchc/nrlab/wang04/ulyses_results_iteration/iteration_3_merge_below_3/cnn_model/cnn14/plasma_tp1_0.1x_model_C1/roc_curve_resnet34_tf_0.1_1/nested_cv_random/resnet34/repeat_10_fold_5_metrics.csv,3,5,resnet34,"(0.1, 1]",C1,PPV at 98% Specificity,1
/scratchc/nrlab/wang04/ulyses_results_iteration/iteration_3_merge_below_3/cnn_model/cnn14/plasma_tp1_0.1x_model_C1/roc_curve_resnet34_tf_0.1_1/nested_cv_random/resnet34/repeat_10_fold_5_metrics.csv,3,5,resnet34,"(0.1, 1]",C1,Accuracy at 98% Specificity,0.978095238095238
/scratchc/nrlab/wang04/ulyses_results_iteration/iteration_3_merge_below_3/cnn_model/cnn14/plasma_tp1_0.1x_model_C1/roc_curve_resnet34_tf_0.1_1/nested_cv_random/resnet34/repeat_10_fold_5_metrics.csv,3,5,resnet34,"(0.1, 1]",C1,F1 at 98% Specificity,0.9879518072289156
/scratchc/nrlab/wang04/ulyses_results_iteration/iteration_3_merge_below_3/cnn_model/cnn14/plasma_tp1_0.1x_model_C1/roc_curve_resnet34_tf_0.1_1/nested_cv_random/resnet34/repeat_10_fold_5_metrics.csv,3,5,resnet34,"(0.1, 1]",C1,Sensitivity at 95% Specificity,0.9761904761904762
/scratchc/nrlab/wang04/ulyses_results_iteration/iteration_3_merge_below_3/cnn_model/cnn14/plasma_tp1_0.1x_model_C1/roc_curve_resnet34_tf_0.1_1/nested_cv_random/resnet34/repeat_10_fold_5_metrics.csv,3,5,resnet34,"(0.1, 1]",C1,PPV at 95% Specificity,1
/scratchc/nrlab/wang04/ulyses_results_iteration/iteration_3_merge_below_3/cnn_model/cnn14/plasma_tp1_0.1x_model_C1/roc_curve_resnet34_tf_0.1_1/nested_cv_random/resnet34/repeat_10_fold_5_metrics.csv,3,5,resnet34,"(0.1, 1]",C1,Accuracy at 95% Specificity,0.963095238095238
/scratchc/nrlab/wang04/ulyses_results_iteration/iteration_3_merge_below_3/cnn_model/cnn14/plasma_tp1_0.1x_model_C1/roc_curve_resnet34_tf_0.1_1/nested_cv_random/resnet34/repeat_10_fold_5_metrics.csv,3,5,resnet34,"(0.1, 1]",C1,F1 at 95% Specificity,0.9879518072289156
/scratchc/nrlab/wang04/ulyses_results_iteration/iteration_3_merge_below_3/cnn_model/cnn14/plasma_tp1_0.1x_model_C2/roc_curve_resnet18_tf_0_0.03/nested_cv_random/resnet18/repeat_10_fold_5_metrics.csv,1,1,resnet18,"[0, 0.03]",C2,AUROC,0.9243709561466572
/scratchc/nrlab/wang04/ulyses_results_iteration/iteration_3_merge_below_3/cnn_model/cnn14/plasma_tp1_0.1x_model_C2/roc_curve_resnet18_tf_0_0.03/nested_cv_random/resnet18/repeat_10_fold_5_metrics.csv,1,1,resnet18,"[0, 0.03]",C2,AUPRC,0.9572204825756724
/scratchc/nrlab/wang04/ulyses_results_iteration/iteration_3_merge_below_3/cnn_model/cnn14/plasma_tp1_0.1x_model_C2/roc_curve_resnet18_tf_0_0.03/nested_cv_random/resnet18/repeat_10_fold_5_metrics.csv,1,1,resnet18,"[0, 0.03]",C2,Sensitivity at 99% Specificity,0.6074766355140186
/scratchc/nrlab/wang04/ulyses_results_iteration/iteration_3_merge_below_3/cnn_model/cnn14/plasma_tp1_0.1x_model_C2/roc_curve_resnet18_tf_0_0.03/nested_cv_random/resnet18/repeat_10_fold_5_metrics.csv,1,1,resnet18,"[0, 0.03]",C2,PPV at 99% Specificity,1
/scratchc/nrlab/wang04/ulyses_results_iteration/iteration_3_merge_below_3/cnn_model/cnn14/plasma_tp1_0.1x_model_C2/roc_curve_resnet18_tf_0_0.03/nested_cv_random/resnet18/repeat_10_fold_5_metrics.csv,1,1,resnet18,"[0, 0.03]",C2,Accuracy at 99% Specificity,0.7987383177570093
/scratchc/nrlab/wang04/ulyses_results_iteration/iteration_3_merge_below_3/cnn_model/cnn14/plasma_tp1_0.1x_model_C2/roc_curve_resnet18_tf_0_0.03/nested_cv_random/resnet18/repeat_10_fold_5_metrics.csv,1,1,resnet18,"[0, 0.03]",C2,F1 at 99% Specificity,0.7558139534883721
/scratchc/nrlab/wang04/ulyses_results_iteration/iteration_3_merge_below_3/cnn_model/cnn14/plasma_tp1_0.1x_model_C2/roc_curve_resnet18_tf_0_0.03/nested_cv_random/resnet18/repeat_10_fold_5_metrics.csv,1,1,resnet18,"[0, 0.03]",C2,Sensitivity at 98% Specificity,0.6074766355140186
/scratchc/nrlab/wang04/ulyses_results_iteration/iteration_3_merge_below_3/cnn_model/cnn14/plasma_tp1_0.1x_model_C2/roc_curve_resnet18_tf_0_0.03/nested_cv_random/resnet18/repeat_10_fold_5_metrics.csv,1,1,resnet18,"[0, 0.03]",C2,PPV at 98% Specificity,1
/scratchc/nrlab/wang04/ulyses_results_iteration/iteration_3_merge_below_3/cnn_model/cnn14/plasma_tp1_0.1x_model_C2/roc_curve_resnet18_tf_0_0.03/nested_cv_random/resnet18/repeat_10_fold_5_metrics.csv,1,1,resnet18,"[0, 0.03]",C2,Accuracy at 98% Specificity,0.7937383177570093
/scratchc/nrlab/wang04/ulyses_results_iteration/iteration_3_merge_below_3/cnn_model/cnn14/plasma_tp1_0.1x_model_C2/roc_curve_resnet18_tf_0_0.03/nested_cv_random/resnet18/repeat_10_fold_5_metrics.csv,1,1,resnet18,"[0, 0.03]",C2,F1 at 98% Specificity,0.7558139534883721
/scratchc/nrlab/wang04/ulyses_results_iteration/iteration_3_merge_below_3/cnn_model/cnn14/plasma_tp1_0.1x_model_C2/roc_curve_resnet18_tf_0_0.03/nested_cv_random/resnet18/repeat_10_fold_5_metrics.csv,1,1,resnet18,"[0, 0.03]",C2,Sensitivity at 95% Specificity,0.6728971962616822
/scratchc/nrlab/wang04/ulyses_results_iteration/iteration_3_merge_below_3/cnn_model/cnn14/plasma_tp1_0.1x_model_C2/roc_curve_resnet18_tf_0_0.03/nested_cv_random/resnet18/repeat_10_fold_5_metrics.csv,1,1,resnet18,"[0, 0.03]",C2,PPV at 95% Specificity,0.972972972972973
/scratchc/nrlab/wang04/ulyses_results_iteration/iteration_3_merge_below_3/cnn_model/cnn14/plasma_tp1_0.1x_model_C2/roc_curve_resnet18_tf_0_0.03/nested_cv_random/resnet18/repeat_10_fold_5_metrics.csv,1,1,resnet18,"[0, 0.03]",C2,Accuracy at 95% Specificity,0.7968332135154564
/scratchc/nrlab/wang04/ulyses_results_iteration/iteration_3_merge_below_3/cnn_model/cnn14/plasma_tp1_0.1x_model_C2/roc_curve_resnet18_tf_0_0.03/nested_cv_random/resnet18/repeat_10_fold_5_metrics.csv,1,1,resnet18,"[0, 0.03]",C2,F1 at 95% Specificity,0.7955801104972375
/scratchc/nrlab/wang04/ulyses_results_iteration/iteration_3_merge_below_3/cnn_model/cnn14/plasma_tp1_0.1x_model_C2/roc_curve_resnet18_tf_0_0.03/nested_cv_random/resnet18/repeat_10_fold_5_metrics.csv,1,2,resnet18,"[0, 0.03]",C2,AUROC,0.9236467236467236
/scratchc/nrlab/wang04/ulyses_results_iteration/iteration_3_merge_below_3/cnn_model/cnn14/plasma_tp1_0.1x_model_C2/roc_curve_resnet18_tf_0_0.03/nested_cv_random/resnet18/repeat_10_fold_5_metrics.csv,1,2,resnet18,"[0, 0.03]",C2,AUPRC,0.951727404564398
/scratchc/nrlab/wang04/ulyses_results_iteration/iteration_3_merge_below_3/cnn_model/cnn14/plasma_tp1_0.1x_model_C2/roc_curve_resnet18_tf_0_0.03/nested_cv_random/resnet18/repeat_10_fold_5_metrics.csv,1,2,resnet18,"[0, 0.03]",C2,Sensitivity at 99% Specificity,0.3148148148148148
/scratchc/nrlab/wang04/ulyses_results_iteration/iteration_3_merge_below_3/cnn_model/cnn14/plasma_tp1_0.1x_model_C2/roc_curve_resnet18_tf_0_0.03/nested_cv_random/resnet18/repeat_10_fold_5_metrics.csv,1,2,resnet18,"[0, 0.03]",C2,PPV at 99% Specificity,1
/scratchc/nrlab/wang04/ulyses_results_iteration/iteration_3_merge_below_3/cnn_model/cnn14/plasma_tp1_0.1x_model_C2/roc_curve_resnet18_tf_0_0.03/nested_cv_random/resnet18/repeat_10_fold_5_metrics.csv,1,2,resnet18,"[0, 0.03]",C2,Accuracy at 99% Specificity,0.6524074074074074
/scratchc/nrlab/wang04/ulyses_results_iteration/iteration_3_merge_below_3/cnn_model/cnn14/plasma_tp1_0.1x_model_C2/roc_curve_resnet18_tf_0_0.03/nested_cv_random/resnet18/repeat_10_fold_5_metrics.csv,1,2,resnet18,"[0, 0.03]",C2,F1 at 99% Specificity,0.4788732394366197
/scratchc/nrlab/wang04/ulyses_results_iteration/iteration_3_merge_below_3/cnn_model/cnn14/plasma_tp1_0.1x_model_C2/roc_curve_resnet18_tf_0_0.03/nested_cv_random/resnet18/repeat_10_fold_5_metrics.csv,1,2,resnet18,"[0, 0.03]",C2,Sensitivity at 98% Specificity,0.3148148148148148
/scratchc/nrlab/wang04/ulyses_results_iteration/iteration_3_merge_below_3/cnn_model/cnn14/plasma_tp1_0.1x_model_C2/roc_curve_resnet18_tf_0_0.03/nested_cv_random/resnet18/repeat_10_fold_5_metrics.csv,1,2,resnet18,"[0, 0.03]",C2,PPV at 98% Specificity,1
/scratchc/nrlab/wang04/ulyses_results_iteration/iteration_3_merge_below_3/cnn_model/cnn14/plasma_tp1_0.1x_model_C2/roc_curve_resnet18_tf_0_0.03/nested_cv_random/resnet18/repeat_10_fold_5_metrics.csv,1,2,resnet18,"[0, 0.03]",C2,Accuracy at 98% Specificity,0.6474074074074074
/scratchc/nrlab/wang04/ulyses_results_iteration/iteration_3_merge_below_3/cnn_model/cnn14/plasma_tp1_0.1x_model_C2/roc_curve_resnet18_tf_0_0.03/nested_cv_random/resnet18/repeat_10_fold_5_metrics.csv,1,2,resnet18,"[0, 0.03]",C2,F1 at 98% Specificity,0.4788732394366197
/scratchc/nrlab/wang04/ulyses_results_iteration/iteration_3_merge_below_3/cnn_model/cnn14/plasma_tp1_0.1x_model_C2/roc_curve_resnet18_tf_0_0.03/nested_cv_random/resnet18/repeat_10_fold_5_metrics.csv,1,2,resnet18,"[0, 0.03]",C2,Sensitivity at 95% Specificity,0.5092592592592593
/scratchc/nrlab/wang04/ulyses_results_iteration/iteration_3_merge_below_3/cnn_model/cnn14/plasma_tp1_0.1x_model_C2/roc_curve_resnet18_tf_0_0.03/nested_cv_random/resnet18/repeat_10_fold_5_metrics.csv,1,2,resnet18,"[0, 0.03]",C2,PPV at 95% Specificity,0.9649122807017544
/scratchc/nrlab/wang04/ulyses_results_iteration/iteration_3_merge_below_3/cnn_model/cnn14/plasma_tp1_0.1x_model_C2/roc_curve_resnet18_tf_0_0.03/nested_cv_random/resnet18/repeat_10_fold_5_metrics.csv,1,2,resnet18,"[0, 0.03]",C2,Accuracy at 95% Specificity,0.7150142450142449
/scratchc/nrlab/wang04/ulyses_results_iteration/iteration_3_merge_below_3/cnn_model/cnn14/plasma_tp1_0.1x_model_C2/roc_curve_resnet18_tf_0_0.03/nested_cv_random/resnet18/repeat_10_fold_5_metrics.csv,1,2,resnet18,"[0, 0.03]",C2,F1 at 95% Specificity,0.6666666666666666
/scratchc/nrlab/wang04/ulyses_results_iteration/iteration_3_merge_below_3/cnn_model/cnn14/plasma_tp1_0.1x_model_C2/roc_curve_resnet18_tf_0_0.03/nested_cv_random/resnet18/repeat_10_fold_5_metrics.csv,1,3,resnet18,"[0, 0.03]",C2,AUROC,0.8741808650065531
/scratchc/nrlab/wang04/ulyses_results_iteration/iteration_3_merge_below_3/cnn_model/cnn14/plasma_tp1_0.1x_model_C2/roc_curve_resnet18_tf_0_0.03/nested_cv_random/resnet18/repeat_10_fold_5_metrics.csv,1,3,resnet18,"[0, 0.03]",C2,AUPRC,0.9236236613157336
/scratchc/nrlab/wang04/ulyses_results_iteration/iteration_3_merge_below_3/cnn_model/cnn14/plasma_tp1_0.1x_model_C2/roc_curve_resnet18_tf_0_0.03/nested_cv_random/resnet18/repeat_10_fold_5_metrics.csv,1,3,resnet18,"[0, 0.03]",C2,Sensitivity at 99% Specificity,0.3486238532110092
/scratchc/nrlab/wang04/ulyses_results_iteration/iteration_3_merge_below_3/cnn_model/cnn14/plasma_tp1_0.1x_model_C2/roc_curve_resnet18_tf_0_0.03/nested_cv_random/resnet18/repeat_10_fold_5_metrics.csv,1,3,resnet18,"[0, 0.03]",C2,PPV at 99% Specificity,1
/scratchc/nrlab/wang04/ulyses_results_iteration/iteration_3_merge_below_3/cnn_model/cnn14/plasma_tp1_0.1x_model_C2/roc_curve_resnet18_tf_0_0.03/nested_cv_random/resnet18/repeat_10_fold_5_metrics.csv,1,3,resnet18,"[0, 0.03]",C2,Accuracy at 99% Specificity,0.6693119266055045
/scratchc/nrlab/wang04/ulyses_results_iteration/iteration_3_merge_below_3/cnn_model/cnn14/plasma_tp1_0.1x_model_C2/roc_curve_resnet18_tf_0_0.03/nested_cv_random/resnet18/repeat_10_fold_5_metrics.csv,1,3,resnet18,"[0, 0.03]",C2,F1 at 99% Specificity,0.5170068027210885
/scratchc/nrlab/wang04/ulyses_results_iteration/iteration_3_merge_below_3/cnn_model/cnn14/plasma_tp1_0.1x_model_C2/roc_curve_resnet18_tf_0_0.03/nested_cv_random/resnet18/repeat_10_fold_5_metrics.csv,1,3,resnet18,"[0, 0.03]",C2,Sensitivity at 98% Specificity,0.3486238532110092
/scratchc/nrlab/wang04/ulyses_results_iteration/iteration_3_merge_below_3/cnn_model/cnn14/plasma_tp1_0.1x_model_C2/roc_curve_resnet18_tf_0_0.03/nested_cv_random/resnet18/repeat_10_fold_5_metrics.csv,1,3,resnet18,"[0, 0.03]",C2,PPV at 98% Specificity,1
/scratchc/nrlab/wang04/ulyses_results_iteration/iteration_3_merge_below_3/cnn_model/cnn14/plasma_tp1_0.1x_model_C2/roc_curve_resnet18_tf_0_0.03/nested_cv_random/resnet18/repeat_10_fold_5_metrics.csv,1,3,resnet18,"[0, 0.03]",C2,Accuracy at 98% Specificity,0.6643119266055046
/scratchc/nrlab/wang04/ulyses_results_iteration/iteration_3_merge_below_3/cnn_model/cnn14/plasma_tp1_0.1x_model_C2/roc_curve_resnet18_tf_0_0.03/nested_cv_random/resnet18/repeat_10_fold_5_metrics.csv,1,3,resnet18,"[0, 0.03]",C2,F1 at 98% Specificity,0.5170068027210885
/scratchc/nrlab/wang04/ulyses_results_iteration/iteration_3_merge_below_3/cnn_model/cnn14/plasma_tp1_0.1x_model_C2/roc_curve_resnet18_tf_0_0.03/nested_cv_random/resnet18/repeat_10_fold_5_metrics.csv,1,3,resnet18,"[0, 0.03]",C2,Sensitivity at 95% Specificity,0.4220183486238532
/scratchc/nrlab/wang04/ulyses_results_iteration/iteration_3_merge_below_3/cnn_model/cnn14/plasma_tp1_0.1x_model_C2/roc_curve_resnet18_tf_0_0.03/nested_cv_random/resnet18/repeat_10_fold_5_metrics.csv,1,3,resnet18,"[0, 0.03]",C2,PPV at 95% Specificity,0.9583333333333334
/scratchc/nrlab/wang04/ulyses_results_iteration/iteration_3_merge_below_3/cnn_model/cnn14/plasma_tp1_0.1x_model_C2/roc_curve_resnet18_tf_0_0.03/nested_cv_random/resnet18/repeat_10_fold_5_metrics.csv,1,3,resnet18,"[0, 0.03]",C2,Accuracy at 95% Specificity,0.6709298092325615
/scratchc/nrlab/wang04/ulyses_results_iteration/iteration_3_merge_below_3/cnn_model/cnn14/plasma_tp1_0.1x_model_C2/roc_curve_resnet18_tf_0_0.03/nested_cv_random/resnet18/repeat_10_fold_5_metrics.csv,1,3,resnet18,"[0, 0.03]",C2,F1 at 95% Specificity,0.5859872611464968
/scratchc/nrlab/wang04/ulyses_results_iteration/iteration_3_merge_below_3/cnn_model/cnn14/plasma_tp1_0.1x_model_C2/roc_curve_resnet18_tf_0_0.03/nested_cv_random/resnet18/repeat_10_fold_5_metrics.csv,1,4,resnet18,"[0, 0.03]",C2,AUROC,0.9202401372212692
/scratchc/nrlab/wang04/ulyses_results_iteration/iteration_3_merge_below_3/cnn_model/cnn14/plasma_tp1_0.1x_model_C2/roc_curve_resnet18_tf_0_0.03/nested_cv_random/resnet18/repeat_10_fold_5_metrics.csv,1,4,resnet18,"[0, 0.03]",C2,AUPRC,0.9504970507933266
/scratchc/nrlab/wang04/ulyses_results_iteration/iteration_3_merge_below_3/cnn_model/cnn14/plasma_tp1_0.1x_model_C2/roc_curve_resnet18_tf_0_0.03/nested_cv_random/resnet18/repeat_10_fold_5_metrics.csv,1,4,resnet18,"[0, 0.03]",C2,Sensitivity at 99% Specificity,0.4528301886792453
/scratchc/nrlab/wang04/ulyses_results_iteration/iteration_3_merge_below_3/cnn_model/cnn14/plasma_tp1_0.1x_model_C2/roc_curve_resnet18_tf_0_0.03/nested_cv_random/resnet18/repeat_10_fold_5_metrics.csv,1,4,resnet18,"[0, 0.03]",C2,PPV at 99% Specificity,1
/scratchc/nrlab/wang04/ulyses_results_iteration/iteration_3_merge_below_3/cnn_model/cnn14/plasma_tp1_0.1x_model_C2/roc_curve_resnet18_tf_0_0.03/nested_cv_random/resnet18/repeat_10_fold_5_metrics.csv,1,4,resnet18,"[0, 0.03]",C2,Accuracy at 99% Specificity,0.7214150943396227
/scratchc/nrlab/wang04/ulyses_results_iteration/iteration_3_merge_below_3/cnn_model/cnn14/plasma_tp1_0.1x_model_C2/roc_curve_resnet18_tf_0_0.03/nested_cv_random/resnet18/repeat_10_fold_5_metrics.csv,1,4,resnet18,"[0, 0.03]",C2,F1 at 99% Specificity,0.6233766233766234
/scratchc/nrlab/wang04/ulyses_results_iteration/iteration_3_merge_below_3/cnn_model/cnn14/plasma_tp1_0.1x_model_C2/roc_curve_resnet18_tf_0_0.03/nested_cv_random/resnet18/repeat_10_fold_5_metrics.csv,1,4,resnet18,"[0, 0.03]",C2,Sensitivity at 98% Specificity,0.4528301886792453
/scratchc/nrlab/wang04/ulyses_results_iteration/iteration_3_merge_below_3/cnn_model/cnn14/plasma_tp1_0.1x_model_C2/roc_curve_resnet18_tf_0_0.03/nested_cv_random/resnet18/repeat_10_fold_5_metrics.csv,1,4,resnet18,"[0, 0.03]",C2,PPV at 98% Specificity,1
/scratchc/nrlab/wang04/ulyses_results_iteration/iteration_3_merge_below_3/cnn_model/cnn14/plasma_tp1_0.1x_model_C2/roc_curve_resnet18_tf_0_0.03/nested_cv_random/resnet18/repeat_10_fold_5_metrics.csv,1,4,resnet18,"[0, 0.03]",C2,Accuracy at 98% Specificity,0.7164150943396226
/scratchc/nrlab/wang04/ulyses_results_iteration/iteration_3_merge_below_3/cnn_model/cnn14/plasma_tp1_0.1x_model_C2/roc_curve_resnet18_tf_0_0.03/nested_cv_random/resnet18/repeat_10_fold_5_metrics.csv,1,4,resnet18,"[0, 0.03]",C2,F1 at 98% Specificity,0.6233766233766234
/scratchc/nrlab/wang04/ulyses_results_iteration/iteration_3_merge_below_3/cnn_model/cnn14/plasma_tp1_0.1x_model_C2/roc_curve_resnet18_tf_0_0.03/nested_cv_random/resnet18/repeat_10_fold_5_metrics.csv,1,4,resnet18,"[0, 0.03]",C2,Sensitivity at 95% Specificity,0.5
/scratchc/nrlab/wang04/ulyses_results_iteration/iteration_3_merge_below_3/cnn_model/cnn14/plasma_tp1_0.1x_model_C2/roc_curve_resnet18_tf_0_0.03/nested_cv_random/resnet18/repeat_10_fold_5_metrics.csv,1,4,resnet18,"[0, 0.03]",C2,PPV at 95% Specificity,0.9636363636363636
/scratchc/nrlab/wang04/ulyses_results_iteration/iteration_3_merge_below_3/cnn_model/cnn14/plasma_tp1_0.1x_model_C2/roc_curve_resnet18_tf_0_0.03/nested_cv_random/resnet18/repeat_10_fold_5_metrics.csv,1,4,resnet18,"[0, 0.03]",C2,Accuracy at 95% Specificity,0.7106060606060606
/scratchc/nrlab/wang04/ulyses_results_iteration/iteration_3_merge_below_3/cnn_model/cnn14/plasma_tp1_0.1x_model_C2/roc_curve_resnet18_tf_0_0.03/nested_cv_random/resnet18/repeat_10_fold_5_metrics.csv,1,4,resnet18,"[0, 0.03]",C2,F1 at 95% Specificity,0.6583850931677019
/scratchc/nrlab/wang04/ulyses_results_iteration/iteration_3_merge_below_3/cnn_model/cnn14/plasma_tp1_0.1x_model_C2/roc_curve_resnet18_tf_0_0.03/nested_cv_random/resnet18/repeat_10_fold_5_metrics.csv,1,5,resnet18,"[0, 0.03]",C2,AUROC,0.8859348198970841
/scratchc/nrlab/wang04/ulyses_results_iteration/iteration_3_merge_below_3/cnn_model/cnn14/plasma_tp1_0.1x_model_C2/roc_curve_resnet18_tf_0_0.03/nested_cv_random/resnet18/repeat_10_fold_5_metrics.csv,1,5,resnet18,"[0, 0.03]",C2,AUPRC,0.933253832705808
/scratchc/nrlab/wang04/ulyses_results_iteration/iteration_3_merge_below_3/cnn_model/cnn14/plasma_tp1_0.1x_model_C2/roc_curve_resnet18_tf_0_0.03/nested_cv_random/resnet18/repeat_10_fold_5_metrics.csv,1,5,resnet18,"[0, 0.03]",C2,Sensitivity at 99% Specificity,0.3490566037735849
/scratchc/nrlab/wang04/ulyses_results_iteration/iteration_3_merge_below_3/cnn_model/cnn14/plasma_tp1_0.1x_model_C2/roc_curve_resnet18_tf_0_0.03/nested_cv_random/resnet18/repeat_10_fold_5_metrics.csv,1,5,resnet18,"[0, 0.03]",C2,PPV at 99% Specificity,1
/scratchc/nrlab/wang04/ulyses_results_iteration/iteration_3_merge_below_3/cnn_model/cnn14/plasma_tp1_0.1x_model_C2/roc_curve_resnet18_tf_0_0.03/nested_cv_random/resnet18/repeat_10_fold_5_metrics.csv,1,5,resnet18,"[0, 0.03]",C2,Accuracy at 99% Specificity,0.6695283018867925
/scratchc/nrlab/wang04/ulyses_results_iteration/iteration_3_merge_below_3/cnn_model/cnn14/plasma_tp1_0.1x_model_C2/roc_curve_resnet18_tf_0_0.03/nested_cv_random/resnet18/repeat_10_fold_5_metrics.csv,1,5,resnet18,"[0, 0.03]",C2,F1 at 99% Specificity,0.5174825174825175
/scratchc/nrlab/wang04/ulyses_results_iteration/iteration_3_merge_below_3/cnn_model/cnn14/plasma_tp1_0.1x_model_C2/roc_curve_resnet18_tf_0_0.03/nested_cv_random/resnet18/repeat_10_fold_5_metrics.csv,1,5,resnet18,"[0, 0.03]",C2,Sensitivity at 98% Specificity,0.3490566037735849
/scratchc/nrlab/wang04/ulyses_results_iteration/iteration_3_merge_below_3/cnn_model/cnn14/plasma_tp1_0.1x_model_C2/roc_curve_resnet18_tf_0_0.03/nested_cv_random/resnet18/repeat_10_fold_5_metrics.csv,1,5,resnet18,"[0, 0.03]",C2,PPV at 98% Specificity,1
/scratchc/nrlab/wang04/ulyses_results_iteration/iteration_3_merge_below_3/cnn_model/cnn14/plasma_tp1_0.1x_model_C2/roc_curve_resnet18_tf_0_0.03/nested_cv_random/resnet18/repeat_10_fold_5_metrics.csv,1,5,resnet18,"[0, 0.03]",C2,Accuracy at 98% Specificity,0.6645283018867925
/scratchc/nrlab/wang04/ulyses_results_iteration/iteration_3_merge_below_3/cnn_model/cnn14/plasma_tp1_0.1x_model_C2/roc_curve_resnet18_tf_0_0.03/nested_cv_random/resnet18/repeat_10_fold_5_metrics.csv,1,5,resnet18,"[0, 0.03]",C2,F1 at 98% Specificity,0.5174825174825175
/scratchc/nrlab/wang04/ulyses_results_iteration/iteration_3_merge_below_3/cnn_model/cnn14/plasma_tp1_0.1x_model_C2/roc_curve_resnet18_tf_0_0.03/nested_cv_random/resnet18/repeat_10_fold_5_metrics.csv,1,5,resnet18,"[0, 0.03]",C2,Sensitivity at 95% Specificity,0.4528301886792453
/scratchc/nrlab/wang04/ulyses_results_iteration/iteration_3_merge_below_3/cnn_model/cnn14/plasma_tp1_0.1x_model_C2/roc_curve_resnet18_tf_0_0.03/nested_cv_random/resnet18/repeat_10_fold_5_metrics.csv,1,5,resnet18,"[0, 0.03]",C2,PPV at 95% Specificity,0.96
/scratchc/nrlab/wang04/ulyses_results_iteration/iteration_3_merge_below_3/cnn_model/cnn14/plasma_tp1_0.1x_model_C2/roc_curve_resnet18_tf_0_0.03/nested_cv_random/resnet18/repeat_10_fold_5_metrics.csv,1,5,resnet18,"[0, 0.03]",C2,Accuracy at 95% Specificity,0.6870211549456833
/scratchc/nrlab/wang04/ulyses_results_iteration/iteration_3_merge_below_3/cnn_model/cnn14/plasma_tp1_0.1x_model_C2/roc_curve_resnet18_tf_0_0.03/nested_cv_random/resnet18/repeat_10_fold_5_metrics.csv,1,5,resnet18,"[0, 0.03]",C2,F1 at 95% Specificity,0.6153846153846154
/scratchc/nrlab/wang04/ulyses_results_iteration/iteration_3_merge_below_3/cnn_model/cnn14/plasma_tp1_0.1x_model_C2/roc_curve_resnet18_tf_0_0.03/nested_cv_random/resnet18/repeat_10_fold_5_metrics.csv,2,1,resnet18,"[0, 0.03]",C2,AUROC,0.8477611940298508
/scratchc/nrlab/wang04/ulyses_results_iteration/iteration_3_merge_below_3/cnn_model/cnn14/plasma_tp1_0.1x_model_C2/roc_curve_resnet18_tf_0_0.03/nested_cv_random/resnet18/repeat_10_fold_5_metrics.csv,2,1,resnet18,"[0, 0.03]",C2,AUPRC,0.869016852691722
/scratchc/nrlab/wang04/ulyses_results_iteration/iteration_3_merge_below_3/cnn_model/cnn14/plasma_tp1_0.1x_model_C2/roc_curve_resnet18_tf_0_0.03/nested_cv_random/resnet18/repeat_10_fold_5_metrics.csv,2,1,resnet18,"[0, 0.03]",C2,Sensitivity at 99% Specificity,0.01904761904761905
/scratchc/nrlab/wang04/ulyses_results_iteration/iteration_3_merge_below_3/cnn_model/cnn14/plasma_tp1_0.1x_model_C2/roc_curve_resnet18_tf_0_0.03/nested_cv_random/resnet18/repeat_10_fold_5_metrics.csv,2,1,resnet18,"[0, 0.03]",C2,PPV at 99% Specificity,1
/scratchc/nrlab/wang04/ulyses_results_iteration/iteration_3_merge_below_3/cnn_model/cnn14/plasma_tp1_0.1x_model_C2/roc_curve_resnet18_tf_0_0.03/nested_cv_random/resnet18/repeat_10_fold_5_metrics.csv,2,1,resnet18,"[0, 0.03]",C2,Accuracy at 99% Specificity,0.5045238095238095
/scratchc/nrlab/wang04/ulyses_results_iteration/iteration_3_merge_below_3/cnn_model/cnn14/plasma_tp1_0.1x_model_C2/roc_curve_resnet18_tf_0_0.03/nested_cv_random/resnet18/repeat_10_fold_5_metrics.csv,2,1,resnet18,"[0, 0.03]",C2,F1 at 99% Specificity,0.03738317757009345
/scratchc/nrlab/wang04/ulyses_results_iteration/iteration_3_merge_below_3/cnn_model/cnn14/plasma_tp1_0.1x_model_C2/roc_curve_resnet18_tf_0_0.03/nested_cv_random/resnet18/repeat_10_fold_5_metrics.csv,2,1,resnet18,"[0, 0.03]",C2,Sensitivity at 98% Specificity,0.01904761904761905
/scratchc/nrlab/wang04/ulyses_results_iteration/iteration_3_merge_below_3/cnn_model/cnn14/plasma_tp1_0.1x_model_C2/roc_curve_resnet18_tf_0_0.03/nested_cv_random/resnet18/repeat_10_fold_5_metrics.csv,2,1,resnet18,"[0, 0.03]",C2,PPV at 98% Specificity,1
/scratchc/nrlab/wang04/ulyses_results_iteration/iteration_3_merge_below_3/cnn_model/cnn14/plasma_tp1_0.1x_model_C2/roc_curve_resnet18_tf_0_0.03/nested_cv_random/resnet18/repeat_10_fold_5_metrics.csv,2,1,resnet18,"[0, 0.03]",C2,Accuracy at 98% Specificity,0.49952380952380954
/scratchc/nrlab/wang04/ulyses_results_iteration/iteration_3_merge_below_3/cnn_model/cnn14/plasma_tp1_0.1x_model_C2/roc_curve_resnet18_tf_0_0.03/nested_cv_random/resnet18/repeat_10_fold_5_metrics.csv,2,1,resnet18,"[0, 0.03]",C2,F1 at 98% Specificity,0.03738317757009345
/scratchc/nrlab/wang04/ulyses_results_iteration/iteration_3_merge_below_3/cnn_model/cnn14/plasma_tp1_0.1x_model_C2/roc_curve_resnet18_tf_0_0.03/nested_cv_random/resnet18/repeat_10_fold_5_metrics.csv,2,1,resnet18,"[0, 0.03]",C2,Sensitivity at 95% Specificity,0.1904761904761905
/scratchc/nrlab/wang04/ulyses_results_iteration/iteration_3_merge_below_3/cnn_model/cnn14/plasma_tp1_0.1x_model_C2/roc_curve_resnet18_tf_0_0.03/nested_cv_random/resnet18/repeat_10_fold_5_metrics.csv,2,1,resnet18,"[0, 0.03]",C2,PPV at 95% Specificity,0.9090909090909092
/scratchc/nrlab/wang04/ulyses_results_iteration/iteration_3_merge_below_3/cnn_model/cnn14/plasma_tp1_0.1x_model_C2/roc_curve_resnet18_tf_0_0.03/nested_cv_random/resnet18/repeat_10_fold_5_metrics.csv,2,1,resnet18,"[0, 0.03]",C2,Accuracy at 95% Specificity,0.5560589907604833
/scratchc/nrlab/wang04/ulyses_results_iteration/iteration_3_merge_below_3/cnn_model/cnn14/plasma_tp1_0.1x_model_C2/roc_curve_resnet18_tf_0_0.03/nested_cv_random/resnet18/repeat_10_fold_5_metrics.csv,2,1,resnet18,"[0, 0.03]",C2,F1 at 95% Specificity,0.31496062992125984
/scratchc/nrlab/wang04/ulyses_results_iteration/iteration_3_merge_below_3/cnn_model/cnn14/plasma_tp1_0.1x_model_C2/roc_curve_resnet18_tf_0_0.03/nested_cv_random/resnet18/repeat_10_fold_5_metrics.csv,2,3,resnet18,"[0, 0.03]",C2,AUROC,0.8638392857142858
/scratchc/nrlab/wang04/ulyses_results_iteration/iteration_3_merge_below_3/cnn_model/cnn14/plasma_tp1_0.1x_model_C2/roc_curve_resnet18_tf_0_0.03/nested_cv_random/resnet18/repeat_10_fold_5_metrics.csv,2,3,resnet18,"[0, 0.03]",C2,AUPRC,0.9064392290003984
/scratchc/nrlab/wang04/ulyses_results_iteration/iteration_3_merge_below_3/cnn_model/cnn14/plasma_tp1_0.1x_model_C2/roc_curve_resnet18_tf_0_0.03/nested_cv_random/resnet18/repeat_10_fold_5_metrics.csv,2,3,resnet18,"[0, 0.03]",C2,Sensitivity at 99% Specificity,0.07142857142857142
/scratchc/nrlab/wang04/ulyses_results_iteration/iteration_3_merge_below_3/cnn_model/cnn14/plasma_tp1_0.1x_model_C2/roc_curve_resnet18_tf_0_0.03/nested_cv_random/resnet18/repeat_10_fold_5_metrics.csv,2,3,resnet18,"[0, 0.03]",C2,PPV at 99% Specificity,1
/scratchc/nrlab/wang04/ulyses_results_iteration/iteration_3_merge_below_3/cnn_model/cnn14/plasma_tp1_0.1x_model_C2/roc_curve_resnet18_tf_0_0.03/nested_cv_random/resnet18/repeat_10_fold_5_metrics.csv,2,3,resnet18,"[0, 0.03]",C2,Accuracy at 99% Specificity,0.5307142857142857
/scratchc/nrlab/wang04/ulyses_results_iteration/iteration_3_merge_below_3/cnn_model/cnn14/plasma_tp1_0.1x_model_C2/roc_curve_resnet18_tf_0_0.03/nested_cv_random/resnet18/repeat_10_fold_5_metrics.csv,2,3,resnet18,"[0, 0.03]",C2,F1 at 99% Specificity,0.13333333333333333
/scratchc/nrlab/wang04/ulyses_results_iteration/iteration_3_merge_below_3/cnn_model/cnn14/plasma_tp1_0.1x_model_C2/roc_curve_resnet18_tf_0_0.03/nested_cv_random/resnet18/repeat_10_fold_5_metrics.csv,2,3,resnet18,"[0, 0.03]",C2,Sensitivity at 98% Specificity,0.07142857142857142
/scratchc/nrlab/wang04/ulyses_results_iteration/iteration_3_merge_below_3/cnn_model/cnn14/plasma_tp1_0.1x_model_C2/roc_curve_resnet18_tf_0_0.03/nested_cv_random/resnet18/repeat_10_fold_5_metrics.csv,2,3,resnet18,"[0, 0.03]",C2,PPV at 98% Specificity,1
/scratchc/nrlab/wang04/ulyses_results_iteration/iteration_3_merge_below_3/cnn_model/cnn14/plasma_tp1_0.1x_model_C2/roc_curve_resnet18_tf_0_0.03/nested_cv_random/resnet18/repeat_10_fold_5_metrics.csv,2,3,resnet18,"[0, 0.03]",C2,Accuracy at 98% Specificity,0.5257142857142857
/scratchc/nrlab/wang04/ulyses_results_iteration/iteration_3_merge_below_3/cnn_model/cnn14/plasma_tp1_0.1x_model_C2/roc_curve_resnet18_tf_0_0.03/nested_cv_random/resnet18/repeat_10_fold_5_metrics.csv,2,3,resnet18,"[0, 0.03]",C2,F1 at 98% Specificity,0.13333333333333333
/scratchc/nrlab/wang04/ulyses_results_iteration/iteration_3_merge_below_3/cnn_model/cnn14/plasma_tp1_0.1x_model_C2/roc_curve_resnet18_tf_0_0.03/nested_cv_random/resnet18/repeat_10_fold_5_metrics.csv,2,3,resnet18,"[0, 0.03]",C2,Sensitivity at 95% Specificity,0.30357142857142855
/scratchc/nrlab/wang04/ulyses_results_iteration/iteration_3_merge_below_3/cnn_model/cnn14/plasma_tp1_0.1x_model_C2/roc_curve_resnet18_tf_0_0.03/nested_cv_random/resnet18/repeat_10_fold_5_metrics.csv,2,3,resnet18,"[0, 0.03]",C2,PPV at 95% Specificity,0.9444444444444444
/scratchc/nrlab/wang04/ulyses_results_iteration/iteration_3_merge_below_3/cnn_model/cnn14/plasma_tp1_0.1x_model_C2/roc_curve_resnet18_tf_0_0.03/nested_cv_random/resnet18/repeat_10_fold_5_metrics.csv,2,3,resnet18,"[0, 0.03]",C2,Accuracy at 95% Specificity,0.6109523809523809
/scratchc/nrlab/wang04/ulyses_results_iteration/iteration_3_merge_below_3/cnn_model/cnn14/plasma_tp1_0.1x_model_C2/roc_curve_resnet18_tf_0_0.03/nested_cv_random/resnet18/repeat_10_fold_5_metrics.csv,2,3,resnet18,"[0, 0.03]",C2,F1 at 95% Specificity,0.4594594594594595
/scratchc/nrlab/wang04/ulyses_results_iteration/iteration_3_merge_below_3/cnn_model/cnn14/plasma_tp1_0.1x_model_C2/roc_curve_resnet18_tf_0_0.03/nested_cv_random/resnet18/repeat_10_fold_5_metrics.csv,2,4,resnet18,"[0, 0.03]",C2,AUROC,0.8960460100647016
/scratchc/nrlab/wang04/ulyses_results_iteration/iteration_3_merge_below_3/cnn_model/cnn14/plasma_tp1_0.1x_model_C2/roc_curve_resnet18_tf_0_0.03/nested_cv_random/resnet18/repeat_10_fold_5_metrics.csv,2,4,resnet18,"[0, 0.03]",C2,AUPRC,0.9393697540765876
/scratchc/nrlab/wang04/ulyses_results_iteration/iteration_3_merge_below_3/cnn_model/cnn14/plasma_tp1_0.1x_model_C2/roc_curve_resnet18_tf_0_0.03/nested_cv_random/resnet18/repeat_10_fold_5_metrics.csv,2,4,resnet18,"[0, 0.03]",C2,Sensitivity at 99% Specificity,0.5046728971962616
/scratchc/nrlab/wang04/ulyses_results_iteration/iteration_3_merge_below_3/cnn_model/cnn14/plasma_tp1_0.1x_model_C2/roc_curve_resnet18_tf_0_0.03/nested_cv_random/resnet18/repeat_10_fold_5_metrics.csv,2,4,resnet18,"[0, 0.03]",C2,PPV at 99% Specificity,1
/scratchc/nrlab/wang04/ulyses_results_iteration/iteration_3_merge_below_3/cnn_model/cnn14/plasma_tp1_0.1x_model_C2/roc_curve_resnet18_tf_0_0.03/nested_cv_random/resnet18/repeat_10_fold_5_metrics.csv,2,4,resnet18,"[0, 0.03]",C2,Accuracy at 99% Specificity,0.7473364485981309
/scratchc/nrlab/wang04/ulyses_results_iteration/iteration_3_merge_below_3/cnn_model/cnn14/plasma_tp1_0.1x_model_C2/roc_curve_resnet18_tf_0_0.03/nested_cv_random/resnet18/repeat_10_fold_5_metrics.csv,2,4,resnet18,"[0, 0.03]",C2,F1 at 99% Specificity,0.6708074534161491
/scratchc/nrlab/wang04/ulyses_results_iteration/iteration_3_merge_below_3/cnn_model/cnn14/plasma_tp1_0.1x_model_C2/roc_curve_resnet18_tf_0_0.03/nested_cv_random/resnet18/repeat_10_fold_5_metrics.csv,2,4,resnet18,"[0, 0.03]",C2,Sensitivity at 98% Specificity,0.5046728971962616
/scratchc/nrlab/wang04/ulyses_results_iteration/iteration_3_merge_below_3/cnn_model/cnn14/plasma_tp1_0.1x_model_C2/roc_curve_resnet18_tf_0_0.03/nested_cv_random/resnet18/repeat_10_fold_5_metrics.csv,2,4,resnet18,"[0, 0.03]",C2,PPV at 98% Specificity,1
/scratchc/nrlab/wang04/ulyses_results_iteration/iteration_3_merge_below_3/cnn_model/cnn14/plasma_tp1_0.1x_model_C2/roc_curve_resnet18_tf_0_0.03/nested_cv_random/resnet18/repeat_10_fold_5_metrics.csv,2,4,resnet18,"[0, 0.03]",C2,Accuracy at 98% Specificity,0.7423364485981307
/scratchc/nrlab/wang04/ulyses_results_iteration/iteration_3_merge_below_3/cnn_model/cnn14/plasma_tp1_0.1x_model_C2/roc_curve_resnet18_tf_0_0.03/nested_cv_random/resnet18/repeat_10_fold_5_metrics.csv,2,4,resnet18,"[0, 0.03]",C2,F1 at 98% Specificity,0.6708074534161491
/scratchc/nrlab/wang04/ulyses_results_iteration/iteration_3_merge_below_3/cnn_model/cnn14/plasma_tp1_0.1x_model_C2/roc_curve_resnet18_tf_0_0.03/nested_cv_random/resnet18/repeat_10_fold_5_metrics.csv,2,4,resnet18,"[0, 0.03]",C2,Sensitivity at 95% Specificity,0.5514018691588785
/scratchc/nrlab/wang04/ulyses_results_iteration/iteration_3_merge_below_3/cnn_model/cnn14/plasma_tp1_0.1x_model_C2/roc_curve_resnet18_tf_0_0.03/nested_cv_random/resnet18/repeat_10_fold_5_metrics.csv,2,4,resnet18,"[0, 0.03]",C2,PPV at 95% Specificity,0.9672131147540984
/scratchc/nrlab/wang04/ulyses_results_iteration/iteration_3_merge_below_3/cnn_model/cnn14/plasma_tp1_0.1x_model_C2/roc_curve_resnet18_tf_0_0.03/nested_cv_random/resnet18/repeat_10_fold_5_metrics.csv,2,4,resnet18,"[0, 0.03]",C2,Accuracy at 95% Specificity,0.7360855499640546
/scratchc/nrlab/wang04/ulyses_results_iteration/iteration_3_merge_below_3/cnn_model/cnn14/plasma_tp1_0.1x_model_C2/roc_curve_resnet18_tf_0_0.03/nested_cv_random/resnet18/repeat_10_fold_5_metrics.csv,2,4,resnet18,"[0, 0.03]",C2,F1 at 95% Specificity,0.7023809523809523
/scratchc/nrlab/wang04/ulyses_results_iteration/iteration_3_merge_below_3/cnn_model/cnn14/plasma_tp1_0.1x_model_C2/roc_curve_resnet18_tf_0_0.03/nested_cv_random/resnet18/repeat_10_fold_5_metrics.csv,2,5,resnet18,"[0, 0.03]",C2,AUROC,0.8553928470853281
/scratchc/nrlab/wang04/ulyses_results_iteration/iteration_3_merge_below_3/cnn_model/cnn14/plasma_tp1_0.1x_model_C2/roc_curve_resnet18_tf_0_0.03/nested_cv_random/resnet18/repeat_10_fold_5_metrics.csv,2,5,resnet18,"[0, 0.03]",C2,AUPRC,0.8869399563852169
/scratchc/nrlab/wang04/ulyses_results_iteration/iteration_3_merge_below_3/cnn_model/cnn14/plasma_tp1_0.1x_model_C2/roc_curve_resnet18_tf_0_0.03/nested_cv_random/resnet18/repeat_10_fold_5_metrics.csv,2,5,resnet18,"[0, 0.03]",C2,Sensitivity at 99% Specificity,0.08490566037735849
/scratchc/nrlab/wang04/ulyses_results_iteration/iteration_3_merge_below_3/cnn_model/cnn14/plasma_tp1_0.1x_model_C2/roc_curve_resnet18_tf_0_0.03/nested_cv_random/resnet18/repeat_10_fold_5_metrics.csv,2,5,resnet18,"[0, 0.03]",C2,PPV at 99% Specificity,1
/scratchc/nrlab/wang04/ulyses_results_iteration/iteration_3_merge_below_3/cnn_model/cnn14/plasma_tp1_0.1x_model_C2/roc_curve_resnet18_tf_0_0.03/nested_cv_random/resnet18/repeat_10_fold_5_metrics.csv,2,5,resnet18,"[0, 0.03]",C2,Accuracy at 99% Specificity,0.5374528301886793
/scratchc/nrlab/wang04/ulyses_results_iteration/iteration_3_merge_below_3/cnn_model/cnn14/plasma_tp1_0.1x_model_C2/roc_curve_resnet18_tf_0_0.03/nested_cv_random/resnet18/repeat_10_fold_5_metrics.csv,2,5,resnet18,"[0, 0.03]",C2,F1 at 99% Specificity,0.1565217391304348
/scratchc/nrlab/wang04/ulyses_results_iteration/iteration_3_merge_below_3/cnn_model/cnn14/plasma_tp1_0.1x_model_C2/roc_curve_resnet18_tf_0_0.03/nested_cv_random/resnet18/repeat_10_fold_5_metrics.csv,2,5,resnet18,"[0, 0.03]",C2,Sensitivity at 98% Specificity,0.08490566037735849
/scratchc/nrlab/wang04/ulyses_results_iteration/iteration_3_merge_below_3/cnn_model/cnn14/plasma_tp1_0.1x_model_C2/roc_curve_resnet18_tf_0_0.03/nested_cv_random/resnet18/repeat_10_fold_5_metrics.csv,2,5,resnet18,"[0, 0.03]",C2,PPV at 98% Specificity,1
/scratchc/nrlab/wang04/ulyses_results_iteration/iteration_3_merge_below_3/cnn_model/cnn14/plasma_tp1_0.1x_model_C2/roc_curve_resnet18_tf_0_0.03/nested_cv_random/resnet18/repeat_10_fold_5_metrics.csv,2,5,resnet18,"[0, 0.03]",C2,Accuracy at 98% Specificity,0.5324528301886793
/scratchc/nrlab/wang04/ulyses_results_iteration/iteration_3_merge_below_3/cnn_model/cnn14/plasma_tp1_0.1x_model_C2/roc_curve_resnet18_tf_0_0.03/nested_cv_random/resnet18/repeat_10_fold_5_metrics.csv,2,5,resnet18,"[0, 0.03]",C2,F1 at 98% Specificity,0.1565217391304348
/scratchc/nrlab/wang04/ulyses_results_iteration/iteration_3_merge_below_3/cnn_model/cnn14/plasma_tp1_0.1x_model_C2/roc_curve_resnet18_tf_0_0.03/nested_cv_random/resnet18/repeat_10_fold_5_metrics.csv,2,5,resnet18,"[0, 0.03]",C2,Sensitivity at 95% Specificity,0.3018867924528302
/scratchc/nrlab/wang04/ulyses_results_iteration/iteration_3_merge_below_3/cnn_model/cnn14/plasma_tp1_0.1x_model_C2/roc_curve_resnet18_tf_0_0.03/nested_cv_random/resnet18/repeat_10_fold_5_metrics.csv,2,5,resnet18,"[0, 0.03]",C2,PPV at 95% Specificity,0.9411764705882352
/scratchc/nrlab/wang04/ulyses_results_iteration/iteration_3_merge_below_3/cnn_model/cnn14/plasma_tp1_0.1x_model_C2/roc_curve_resnet18_tf_0_0.03/nested_cv_random/resnet18/repeat_10_fold_5_metrics.csv,2,5,resnet18,"[0, 0.03]",C2,Accuracy at 95% Specificity,0.6117642917488031
/scratchc/nrlab/wang04/ulyses_results_iteration/iteration_3_merge_below_3/cnn_model/cnn14/plasma_tp1_0.1x_model_C2/roc_curve_resnet18_tf_0_0.03/nested_cv_random/resnet18/repeat_10_fold_5_metrics.csv,2,5,resnet18,"[0, 0.03]",C2,F1 at 95% Specificity,0.45714285714285713
/scratchc/nrlab/wang04/ulyses_results_iteration/iteration_3_merge_below_3/cnn_model/cnn14/plasma_tp1_0.1x_model_C2/roc_curve_resnet18_tf_0_0.03/nested_cv_random/resnet18/repeat_10_fold_5_metrics.csv,3,1,resnet18,"[0, 0.03]",C2,AUROC,0.893205275229358
/scratchc/nrlab/wang04/ulyses_results_iteration/iteration_3_merge_below_3/cnn_model/cnn14/plasma_tp1_0.1x_model_C2/roc_curve_resnet18_tf_0_0.03/nested_cv_random/resnet18/repeat_10_fold_5_metrics.csv,3,1,resnet18,"[0, 0.03]",C2,AUPRC,0.9390194463154375
/scratchc/nrlab/wang04/ulyses_results_iteration/iteration_3_merge_below_3/cnn_model/cnn14/plasma_tp1_0.1x_model_C2/roc_curve_resnet18_tf_0_0.03/nested_cv_random/resnet18/repeat_10_fold_5_metrics.csv,3,1,resnet18,"[0, 0.03]",C2,Sensitivity at 99% Specificity,0.3394495412844037
/scratchc/nrlab/wang04/ulyses_results_iteration/iteration_3_merge_below_3/cnn_model/cnn14/plasma_tp1_0.1x_model_C2/roc_curve_resnet18_tf_0_0.03/nested_cv_random/resnet18/repeat_10_fold_5_metrics.csv,3,1,resnet18,"[0, 0.03]",C2,PPV at 99% Specificity,1
/scratchc/nrlab/wang04/ulyses_results_iteration/iteration_3_merge_below_3/cnn_model/cnn14/plasma_tp1_0.1x_model_C2/roc_curve_resnet18_tf_0_0.03/nested_cv_random/resnet18/repeat_10_fold_5_metrics.csv,3,1,resnet18,"[0, 0.03]",C2,Accuracy at 99% Specificity,0.6647247706422018
/scratchc/nrlab/wang04/ulyses_results_iteration/iteration_3_merge_below_3/cnn_model/cnn14/plasma_tp1_0.1x_model_C2/roc_curve_resnet18_tf_0_0.03/nested_cv_random/resnet18/repeat_10_fold_5_metrics.csv,3,1,resnet18,"[0, 0.03]",C2,F1 at 99% Specificity,0.5068493150684932
/scratchc/nrlab/wang04/ulyses_results_iteration/iteration_3_merge_below_3/cnn_model/cnn14/plasma_tp1_0.1x_model_C2/roc_curve_resnet18_tf_0_0.03/nested_cv_random/resnet18/repeat_10_fold_5_metrics.csv,3,1,resnet18,"[0, 0.03]",C2,Sensitivity at 98% Specificity,0.3394495412844037
/scratchc/nrlab/wang04/ulyses_results_iteration/iteration_3_merge_below_3/cnn_model/cnn14/plasma_tp1_0.1x_model_C2/roc_curve_resnet18_tf_0_0.03/nested_cv_random/resnet18/repeat_10_fold_5_metrics.csv,3,1,resnet18,"[0, 0.03]",C2,PPV at 98% Specificity,1
/scratchc/nrlab/wang04/ulyses_results_iteration/iteration_3_merge_below_3/cnn_model/cnn14/plasma_tp1_0.1x_model_C2/roc_curve_resnet18_tf_0_0.03/nested_cv_random/resnet18/repeat_10_fold_5_metrics.csv,3,1,resnet18,"[0, 0.03]",C2,Accuracy at 98% Specificity,0.6597247706422018
/scratchc/nrlab/wang04/ulyses_results_iteration/iteration_3_merge_below_3/cnn_model/cnn14/plasma_tp1_0.1x_model_C2/roc_curve_resnet18_tf_0_0.03/nested_cv_random/resnet18/repeat_10_fold_5_metrics.csv,3,1,resnet18,"[0, 0.03]",C2,F1 at 98% Specificity,0.5068493150684932
/scratchc/nrlab/wang04/ulyses_results_iteration/iteration_3_merge_below_3/cnn_model/cnn14/plasma_tp1_0.1x_model_C2/roc_curve_resnet18_tf_0_0.03/nested_cv_random/resnet18/repeat_10_fold_5_metrics.csv,3,1,resnet18,"[0, 0.03]",C2,Sensitivity at 95% Specificity,0.5412844036697247
/scratchc/nrlab/wang04/ulyses_results_iteration/iteration_3_merge_below_3/cnn_model/cnn14/plasma_tp1_0.1x_model_C2/roc_curve_resnet18_tf_0_0.03/nested_cv_random/resnet18/repeat_10_fold_5_metrics.csv,3,1,resnet18,"[0, 0.03]",C2,PPV at 95% Specificity,0.9672131147540984
/scratchc/nrlab/wang04/ulyses_results_iteration/iteration_3_merge_below_3/cnn_model/cnn14/plasma_tp1_0.1x_model_C2/roc_curve_resnet18_tf_0_0.03/nested_cv_random/resnet18/repeat_10_fold_5_metrics.csv,3,1,resnet18,"[0, 0.03]",C2,Accuracy at 95% Specificity,0.7307984518348624
/scratchc/nrlab/wang04/ulyses_results_iteration/iteration_3_merge_below_3/cnn_model/cnn14/plasma_tp1_0.1x_model_C2/roc_curve_resnet18_tf_0_0.03/nested_cv_random/resnet18/repeat_10_fold_5_metrics.csv,3,1,resnet18,"[0, 0.03]",C2,F1 at 95% Specificity,0.6941176470588235
/scratchc/nrlab/wang04/ulyses_results_iteration/iteration_3_merge_below_3/cnn_model/cnn14/plasma_tp1_0.1x_model_C2/roc_curve_resnet18_tf_0_0.03/nested_cv_random/resnet18/repeat_10_fold_5_metrics.csv,3,2,resnet18,"[0, 0.03]",C2,AUROC,0.9317024886877828
/scratchc/nrlab/wang04/ulyses_results_iteration/iteration_3_merge_below_3/cnn_model/cnn14/plasma_tp1_0.1x_model_C2/roc_curve_resnet18_tf_0_0.03/nested_cv_random/resnet18/repeat_10_fold_5_metrics.csv,3,2,resnet18,"[0, 0.03]",C2,AUPRC,0.937858853143375
/scratchc/nrlab/wang04/ulyses_results_iteration/iteration_3_merge_below_3/cnn_model/cnn14/plasma_tp1_0.1x_model_C2/roc_curve_resnet18_tf_0_0.03/nested_cv_random/resnet18/repeat_10_fold_5_metrics.csv,3,2,resnet18,"[0, 0.03]",C2,Sensitivity at 99% Specificity,0.01923076923076923
/scratchc/nrlab/wang04/ulyses_results_iteration/iteration_3_merge_below_3/cnn_model/cnn14/plasma_tp1_0.1x_model_C2/roc_curve_resnet18_tf_0_0.03/nested_cv_random/resnet18/repeat_10_fold_5_metrics.csv,3,2,resnet18,"[0, 0.03]",C2,PPV at 99% Specificity,1
/scratchc/nrlab/wang04/ulyses_results_iteration/iteration_3_merge_below_3/cnn_model/cnn14/plasma_tp1_0.1x_model_C2/roc_curve_resnet18_tf_0_0.03/nested_cv_random/resnet18/repeat_10_fold_5_metrics.csv,3,2,resnet18,"[0, 0.03]",C2,Accuracy at 99% Specificity,0.5046153846153846
/scratchc/nrlab/wang04/ulyses_results_iteration/iteration_3_merge_below_3/cnn_model/cnn14/plasma_tp1_0.1x_model_C2/roc_curve_resnet18_tf_0_0.03/nested_cv_random/resnet18/repeat_10_fold_5_metrics.csv,3,2,resnet18,"[0, 0.03]",C2,F1 at 99% Specificity,0.03773584905660377
/scratchc/nrlab/wang04/ulyses_results_iteration/iteration_3_merge_below_3/cnn_model/cnn14/plasma_tp1_0.1x_model_C2/roc_curve_resnet18_tf_0_0.03/nested_cv_random/resnet18/repeat_10_fold_5_metrics.csv,3,2,resnet18,"[0, 0.03]",C2,Sensitivity at 98% Specificity,0.01923076923076923
/scratchc/nrlab/wang04/ulyses_results_iteration/iteration_3_merge_below_3/cnn_model/cnn14/plasma_tp1_0.1x_model_C2/roc_curve_resnet18_tf_0_0.03/nested_cv_random/resnet18/repeat_10_fold_5_metrics.csv,3,2,resnet18,"[0, 0.03]",C2,PPV at 98% Specificity,1
/scratchc/nrlab/wang04/ulyses_results_iteration/iteration_3_merge_below_3/cnn_model/cnn14/plasma_tp1_0.1x_model_C2/roc_curve_resnet18_tf_0_0.03/nested_cv_random/resnet18/repeat_10_fold_5_metrics.csv,3,2,resnet18,"[0, 0.03]",C2,Accuracy at 98% Specificity,0.49961538461538463
/scratchc/nrlab/wang04/ulyses_results_iteration/iteration_3_merge_below_3/cnn_model/cnn14/plasma_tp1_0.1x_model_C2/roc_curve_resnet18_tf_0_0.03/nested_cv_random/resnet18/repeat_10_fold_5_metrics.csv,3,2,resnet18,"[0, 0.03]",C2,F1 at 98% Specificity,0.03773584905660377
/scratchc/nrlab/wang04/ulyses_results_iteration/iteration_3_merge_below_3/cnn_model/cnn14/plasma_tp1_0.1x_model_C2/roc_curve_resnet18_tf_0_0.03/nested_cv_random/resnet18/repeat_10_fold_5_metrics.csv,3,2,resnet18,"[0, 0.03]",C2,Sensitivity at 95% Specificity,0.7596153846153846
/scratchc/nrlab/wang04/ulyses_results_iteration/iteration_3_merge_below_3/cnn_model/cnn14/plasma_tp1_0.1x_model_C2/roc_curve_resnet18_tf_0_0.03/nested_cv_random/resnet18/repeat_10_fold_5_metrics.csv,3,2,resnet18,"[0, 0.03]",C2,PPV at 95% Specificity,0.9634146341463414
/scratchc/nrlab/wang04/ulyses_results_iteration/iteration_3_merge_below_3/cnn_model/cnn14/plasma_tp1_0.1x_model_C2/roc_curve_resnet18_tf_0_0.03/nested_cv_random/resnet18/repeat_10_fold_5_metrics.csv,3,2,resnet18,"[0, 0.03]",C2,Accuracy at 95% Specificity,0.8338518099547512
/scratchc/nrlab/wang04/ulyses_results_iteration/iteration_3_merge_below_3/cnn_model/cnn14/plasma_tp1_0.1x_model_C2/roc_curve_resnet18_tf_0_0.03/nested_cv_random/resnet18/repeat_10_fold_5_metrics.csv,3,2,resnet18,"[0, 0.03]",C2,F1 at 95% Specificity,0.8494623655913979
/scratchc/nrlab/wang04/ulyses_results_iteration/iteration_3_merge_below_3/cnn_model/cnn14/plasma_tp1_0.1x_model_C2/roc_curve_resnet18_tf_0_0.03/nested_cv_random/resnet18/repeat_10_fold_5_metrics.csv,3,3,resnet18,"[0, 0.03]",C2,AUROC,0.9201388888888888
/scratchc/nrlab/wang04/ulyses_results_iteration/iteration_3_merge_below_3/cnn_model/cnn14/plasma_tp1_0.1x_model_C2/roc_curve_resnet18_tf_0_0.03/nested_cv_random/resnet18/repeat_10_fold_5_metrics.csv,3,3,resnet18,"[0, 0.03]",C2,AUPRC,0.9563642038310513
/scratchc/nrlab/wang04/ulyses_results_iteration/iteration_3_merge_below_3/cnn_model/cnn14/plasma_tp1_0.1x_model_C2/roc_curve_resnet18_tf_0_0.03/nested_cv_random/resnet18/repeat_10_fold_5_metrics.csv,3,3,resnet18,"[0, 0.03]",C2,Sensitivity at 99% Specificity,0.4444444444444444
/scratchc/nrlab/wang04/ulyses_results_iteration/iteration_3_merge_below_3/cnn_model/cnn14/plasma_tp1_0.1x_model_C2/roc_curve_resnet18_tf_0_0.03/nested_cv_random/resnet18/repeat_10_fold_5_metrics.csv,3,3,resnet18,"[0, 0.03]",C2,PPV at 99% Specificity,1
/scratchc/nrlab/wang04/ulyses_results_iteration/iteration_3_merge_below_3/cnn_model/cnn14/plasma_tp1_0.1x_model_C2/roc_curve_resnet18_tf_0_0.03/nested_cv_random/resnet18/repeat_10_fold_5_metrics.csv,3,3,resnet18,"[0, 0.03]",C2,Accuracy at 99% Specificity,0.7172222222222222
/scratchc/nrlab/wang04/ulyses_results_iteration/iteration_3_merge_below_3/cnn_model/cnn14/plasma_tp1_0.1x_model_C2/roc_curve_resnet18_tf_0_0.03/nested_cv_random/resnet18/repeat_10_fold_5_metrics.csv,3,3,resnet18,"[0, 0.03]",C2,F1 at 99% Specificity,0.6153846153846154
/scratchc/nrlab/wang04/ulyses_results_iteration/iteration_3_merge_below_3/cnn_model/cnn14/plasma_tp1_0.1x_model_C2/roc_curve_resnet18_tf_0_0.03/nested_cv_random/resnet18/repeat_10_fold_5_metrics.csv,3,3,resnet18,"[0, 0.03]",C2,Sensitivity at 98% Specificity,0.4444444444444444
/scratchc/nrlab/wang04/ulyses_results_iteration/iteration_3_merge_below_3/cnn_model/cnn14/plasma_tp1_0.1x_model_C2/roc_curve_resnet18_tf_0_0.03/nested_cv_random/resnet18/repeat_10_fold_5_metrics.csv,3,3,resnet18,"[0, 0.03]",C2,PPV at 98% Specificity,1
/scratchc/nrlab/wang04/ulyses_results_iteration/iteration_3_merge_below_3/cnn_model/cnn14/plasma_tp1_0.1x_model_C2/roc_curve_resnet18_tf_0_0.03/nested_cv_random/resnet18/repeat_10_fold_5_metrics.csv,3,3,resnet18,"[0, 0.03]",C2,Accuracy at 98% Specificity,0.7122222222222222
/scratchc/nrlab/wang04/ulyses_results_iteration/iteration_3_merge_below_3/cnn_model/cnn14/plasma_tp1_0.1x_model_C2/roc_curve_resnet18_tf_0_0.03/nested_cv_random/resnet18/repeat_10_fold_5_metrics.csv,3,3,resnet18,"[0, 0.03]",C2,F1 at 98% Specificity,0.6153846153846154
/scratchc/nrlab/wang04/ulyses_results_iteration/iteration_3_merge_below_3/cnn_model/cnn14/plasma_tp1_0.1x_model_C2/roc_curve_resnet18_tf_0_0.03/nested_cv_random/resnet18/repeat_10_fold_5_metrics.csv,3,3,resnet18,"[0, 0.03]",C2,Sensitivity at 95% Specificity,0.7407407407407407
/scratchc/nrlab/wang04/ulyses_results_iteration/iteration_3_merge_below_3/cnn_model/cnn14/plasma_tp1_0.1x_model_C2/roc_curve_resnet18_tf_0_0.03/nested_cv_random/resnet18/repeat_10_fold_5_metrics.csv,3,3,resnet18,"[0, 0.03]",C2,PPV at 95% Specificity,0.9876543209876544
/scratchc/nrlab/wang04/ulyses_results_iteration/iteration_3_merge_below_3/cnn_model/cnn14/plasma_tp1_0.1x_model_C2/roc_curve_resnet18_tf_0_0.03/nested_cv_random/resnet18/repeat_10_fold_5_metrics.csv,3,3,resnet18,"[0, 0.03]",C2,Accuracy at 95% Specificity,0.8379484953703703
/scratchc/nrlab/wang04/ulyses_results_iteration/iteration_3_merge_below_3/cnn_model/cnn14/plasma_tp1_0.1x_model_C2/roc_curve_resnet18_tf_0_0.03/nested_cv_random/resnet18/repeat_10_fold_5_metrics.csv,3,3,resnet18,"[0, 0.03]",C2,F1 at 95% Specificity,0.8465608465608465
/scratchc/nrlab/wang04/ulyses_results_iteration/iteration_3_merge_below_3/cnn_model/cnn14/plasma_tp1_0.1x_model_C2/roc_curve_resnet18_tf_0_0.03/nested_cv_random/resnet18/repeat_10_fold_5_metrics.csv,3,4,resnet18,"[0, 0.03]",C2,AUROC,0.9036664270309128
/scratchc/nrlab/wang04/ulyses_results_iteration/iteration_3_merge_below_3/cnn_model/cnn14/plasma_tp1_0.1x_model_C2/roc_curve_resnet18_tf_0_0.03/nested_cv_random/resnet18/repeat_10_fold_5_metrics.csv,3,4,resnet18,"[0, 0.03]",C2,AUPRC,0.9325698298873586
/scratchc/nrlab/wang04/ulyses_results_iteration/iteration_3_merge_below_3/cnn_model/cnn14/plasma_tp1_0.1x_model_C2/roc_curve_resnet18_tf_0_0.03/nested_cv_random/resnet18/repeat_10_fold_5_metrics.csv,3,4,resnet18,"[0, 0.03]",C2,Sensitivity at 99% Specificity,0.308411214953271
/scratchc/nrlab/wang04/ulyses_results_iteration/iteration_3_merge_below_3/cnn_model/cnn14/plasma_tp1_0.1x_model_C2/roc_curve_resnet18_tf_0_0.03/nested_cv_random/resnet18/repeat_10_fold_5_metrics.csv,3,4,resnet18,"[0, 0.03]",C2,PPV at 99% Specificity,1
/scratchc/nrlab/wang04/ulyses_results_iteration/iteration_3_merge_below_3/cnn_model/cnn14/plasma_tp1_0.1x_model_C2/roc_curve_resnet18_tf_0_0.03/nested_cv_random/resnet18/repeat_10_fold_5_metrics.csv,3,4,resnet18,"[0, 0.03]",C2,Accuracy at 99% Specificity,0.6492056074766355
/scratchc/nrlab/wang04/ulyses_results_iteration/iteration_3_merge_below_3/cnn_model/cnn14/plasma_tp1_0.1x_model_C2/roc_curve_resnet18_tf_0_0.03/nested_cv_random/resnet18/repeat_10_fold_5_metrics.csv,3,4,resnet18,"[0, 0.03]",C2,F1 at 99% Specificity,0.4714285714285714
/scratchc/nrlab/wang04/ulyses_results_iteration/iteration_3_merge_below_3/cnn_model/cnn14/plasma_tp1_0.1x_model_C2/roc_curve_resnet18_tf_0_0.03/nested_cv_random/resnet18/repeat_10_fold_5_metrics.csv,3,4,resnet18,"[0, 0.03]",C2,Sensitivity at 98% Specificity,0.308411214953271
/scratchc/nrlab/wang04/ulyses_results_iteration/iteration_3_merge_below_3/cnn_model/cnn14/plasma_tp1_0.1x_model_C2/roc_curve_resnet18_tf_0_0.03/nested_cv_random/resnet18/repeat_10_fold_5_metrics.csv,3,4,resnet18,"[0, 0.03]",C2,PPV at 98% Specificity,1
/scratchc/nrlab/wang04/ulyses_results_iteration/iteration_3_merge_below_3/cnn_model/cnn14/plasma_tp1_0.1x_model_C2/roc_curve_resnet18_tf_0_0.03/nested_cv_random/resnet18/repeat_10_fold_5_metrics.csv,3,4,resnet18,"[0, 0.03]",C2,Accuracy at 98% Specificity,0.6442056074766355
/scratchc/nrlab/wang04/ulyses_results_iteration/iteration_3_merge_below_3/cnn_model/cnn14/plasma_tp1_0.1x_model_C2/roc_curve_resnet18_tf_0_0.03/nested_cv_random/resnet18/repeat_10_fold_5_metrics.csv,3,4,resnet18,"[0, 0.03]",C2,F1 at 98% Specificity,0.4714285714285714
/scratchc/nrlab/wang04/ulyses_results_iteration/iteration_3_merge_below_3/cnn_model/cnn14/plasma_tp1_0.1x_model_C2/roc_curve_resnet18_tf_0_0.03/nested_cv_random/resnet18/repeat_10_fold_5_metrics.csv,3,4,resnet18,"[0, 0.03]",C2,Sensitivity at 95% Specificity,0.40186915887850466
/scratchc/nrlab/wang04/ulyses_results_iteration/iteration_3_merge_below_3/cnn_model/cnn14/plasma_tp1_0.1x_model_C2/roc_curve_resnet18_tf_0_0.03/nested_cv_random/resnet18/repeat_10_fold_5_metrics.csv,3,4,resnet18,"[0, 0.03]",C2,PPV at 95% Specificity,0.9555555555555556
/scratchc/nrlab/wang04/ulyses_results_iteration/iteration_3_merge_below_3/cnn_model/cnn14/plasma_tp1_0.1x_model_C2/roc_curve_resnet18_tf_0_0.03/nested_cv_random/resnet18/repeat_10_fold_5_metrics.csv,3,4,resnet18,"[0, 0.03]",C2,Accuracy at 95% Specificity,0.6613191948238677
/scratchc/nrlab/wang04/ulyses_results_iteration/iteration_3_merge_below_3/cnn_model/cnn14/plasma_tp1_0.1x_model_C2/roc_curve_resnet18_tf_0_0.03/nested_cv_random/resnet18/repeat_10_fold_5_metrics.csv,3,4,resnet18,"[0, 0.03]",C2,F1 at 95% Specificity,0.5657894736842105
/scratchc/nrlab/wang04/ulyses_results_iteration/iteration_3_merge_below_3/cnn_model/cnn14/plasma_tp1_0.1x_model_C2/roc_curve_resnet18_tf_0_0.03/nested_cv_random/resnet18/repeat_10_fold_5_metrics.csv,3,5,resnet18,"[0, 0.03]",C2,AUROC,0.8990162037037036
/scratchc/nrlab/wang04/ulyses_results_iteration/iteration_3_merge_below_3/cnn_model/cnn14/plasma_tp1_0.1x_model_C2/roc_curve_resnet18_tf_0_0.03/nested_cv_random/resnet18/repeat_10_fold_5_metrics.csv,3,5,resnet18,"[0, 0.03]",C2,AUPRC,0.9450869250145068
/scratchc/nrlab/wang04/ulyses_results_iteration/iteration_3_merge_below_3/cnn_model/cnn14/plasma_tp1_0.1x_model_C2/roc_curve_resnet18_tf_0_0.03/nested_cv_random/resnet18/repeat_10_fold_5_metrics.csv,3,5,resnet18,"[0, 0.03]",C2,Sensitivity at 99% Specificity,0.5555555555555556
/scratchc/nrlab/wang04/ulyses_results_iteration/iteration_3_merge_below_3/cnn_model/cnn14/plasma_tp1_0.1x_model_C2/roc_curve_resnet18_tf_0_0.03/nested_cv_random/resnet18/repeat_10_fold_5_metrics.csv,3,5,resnet18,"[0, 0.03]",C2,PPV at 99% Specificity,1
/scratchc/nrlab/wang04/ulyses_results_iteration/iteration_3_merge_below_3/cnn_model/cnn14/plasma_tp1_0.1x_model_C2/roc_curve_resnet18_tf_0_0.03/nested_cv_random/resnet18/repeat_10_fold_5_metrics.csv,3,5,resnet18,"[0, 0.03]",C2,Accuracy at 99% Specificity,0.7727777777777778
/scratchc/nrlab/wang04/ulyses_results_iteration/iteration_3_merge_below_3/cnn_model/cnn14/plasma_tp1_0.1x_model_C2/roc_curve_resnet18_tf_0_0.03/nested_cv_random/resnet18/repeat_10_fold_5_metrics.csv,3,5,resnet18,"[0, 0.03]",C2,F1 at 99% Specificity,0.7142857142857143
/scratchc/nrlab/wang04/ulyses_results_iteration/iteration_3_merge_below_3/cnn_model/cnn14/plasma_tp1_0.1x_model_C2/roc_curve_resnet18_tf_0_0.03/nested_cv_random/resnet18/repeat_10_fold_5_metrics.csv,3,5,resnet18,"[0, 0.03]",C2,Sensitivity at 98% Specificity,0.5555555555555556
/scratchc/nrlab/wang04/ulyses_results_iteration/iteration_3_merge_below_3/cnn_model/cnn14/plasma_tp1_0.1x_model_C2/roc_curve_resnet18_tf_0_0.03/nested_cv_random/resnet18/repeat_10_fold_5_metrics.csv,3,5,resnet18,"[0, 0.03]",C2,PPV at 98% Specificity,1
/scratchc/nrlab/wang04/ulyses_results_iteration/iteration_3_merge_below_3/cnn_model/cnn14/plasma_tp1_0.1x_model_C2/roc_curve_resnet18_tf_0_0.03/nested_cv_random/resnet18/repeat_10_fold_5_metrics.csv,3,5,resnet18,"[0, 0.03]",C2,Accuracy at 98% Specificity,0.7677777777777778
/scratchc/nrlab/wang04/ulyses_results_iteration/iteration_3_merge_below_3/cnn_model/cnn14/plasma_tp1_0.1x_model_C2/roc_curve_resnet18_tf_0_0.03/nested_cv_random/resnet18/repeat_10_fold_5_metrics.csv,3,5,resnet18,"[0, 0.03]",C2,F1 at 98% Specificity,0.7142857142857143
/scratchc/nrlab/wang04/ulyses_results_iteration/iteration_3_merge_below_3/cnn_model/cnn14/plasma_tp1_0.1x_model_C2/roc_curve_resnet18_tf_0_0.03/nested_cv_random/resnet18/repeat_10_fold_5_metrics.csv,3,5,resnet18,"[0, 0.03]",C2,Sensitivity at 95% Specificity,0.6296296296296297
/scratchc/nrlab/wang04/ulyses_results_iteration/iteration_3_merge_below_3/cnn_model/cnn14/plasma_tp1_0.1x_model_C2/roc_curve_resnet18_tf_0_0.03/nested_cv_random/resnet18/repeat_10_fold_5_metrics.csv,3,5,resnet18,"[0, 0.03]",C2,PPV at 95% Specificity,0.9714285714285714
/scratchc/nrlab/wang04/ulyses_results_iteration/iteration_3_merge_below_3/cnn_model/cnn14/plasma_tp1_0.1x_model_C2/roc_curve_resnet18_tf_0_0.03/nested_cv_random/resnet18/repeat_10_fold_5_metrics.csv,3,5,resnet18,"[0, 0.03]",C2,Accuracy at 95% Specificity,0.7749710648148148
/scratchc/nrlab/wang04/ulyses_results_iteration/iteration_3_merge_below_3/cnn_model/cnn14/plasma_tp1_0.1x_model_C2/roc_curve_resnet18_tf_0_0.03/nested_cv_random/resnet18/repeat_10_fold_5_metrics.csv,3,5,resnet18,"[0, 0.03]",C2,F1 at 95% Specificity,0.7640449438202247
/scratchc/nrlab/wang04/ulyses_results_iteration/iteration_3_merge_below_3/cnn_model/cnn14/plasma_tp1_0.1x_model_C2/roc_curve_resnet18_tf_0_0.03/nested_cv_random/resnet18/repeat_10_fold_5_metrics.csv,4,1,resnet18,"[0, 0.03]",C2,AUROC,0.9053819444444444
/scratchc/nrlab/wang04/ulyses_results_iteration/iteration_3_merge_below_3/cnn_model/cnn14/plasma_tp1_0.1x_model_C2/roc_curve_resnet18_tf_0_0.03/nested_cv_random/resnet18/repeat_10_fold_5_metrics.csv,4,1,resnet18,"[0, 0.03]",C2,AUPRC,0.9460839127349078
/scratchc/nrlab/wang04/ulyses_results_iteration/iteration_3_merge_below_3/cnn_model/cnn14/plasma_tp1_0.1x_model_C2/roc_curve_resnet18_tf_0_0.03/nested_cv_random/resnet18/repeat_10_fold_5_metrics.csv,4,1,resnet18,"[0, 0.03]",C2,Sensitivity at 99% Specificity,0.5
/scratchc/nrlab/wang04/ulyses_results_iteration/iteration_3_merge_below_3/cnn_model/cnn14/plasma_tp1_0.1x_model_C2/roc_curve_resnet18_tf_0_0.03/nested_cv_random/resnet18/repeat_10_fold_5_metrics.csv,4,1,resnet18,"[0, 0.03]",C2,PPV at 99% Specificity,1
/scratchc/nrlab/wang04/ulyses_results_iteration/iteration_3_merge_below_3/cnn_model/cnn14/plasma_tp1_0.1x_model_C2/roc_curve_resnet18_tf_0_0.03/nested_cv_random/resnet18/repeat_10_fold_5_metrics.csv,4,1,resnet18,"[0, 0.03]",C2,Accuracy at 99% Specificity,0.745
/scratchc/nrlab/wang04/ulyses_results_iteration/iteration_3_merge_below_3/cnn_model/cnn14/plasma_tp1_0.1x_model_C2/roc_curve_resnet18_tf_0_0.03/nested_cv_random/resnet18/repeat_10_fold_5_metrics.csv,4,1,resnet18,"[0, 0.03]",C2,F1 at 99% Specificity,0.6666666666666666
/scratchc/nrlab/wang04/ulyses_results_iteration/iteration_3_merge_below_3/cnn_model/cnn14/plasma_tp1_0.1x_model_C2/roc_curve_resnet18_tf_0_0.03/nested_cv_random/resnet18/repeat_10_fold_5_metrics.csv,4,1,resnet18,"[0, 0.03]",C2,Sensitivity at 98% Specificity,0.5
/scratchc/nrlab/wang04/ulyses_results_iteration/iteration_3_merge_below_3/cnn_model/cnn14/plasma_tp1_0.1x_model_C2/roc_curve_resnet18_tf_0_0.03/nested_cv_random/resnet18/repeat_10_fold_5_metrics.csv,4,1,resnet18,"[0, 0.03]",C2,PPV at 98% Specificity,1
/scratchc/nrlab/wang04/ulyses_results_iteration/iteration_3_merge_below_3/cnn_model/cnn14/plasma_tp1_0.1x_model_C2/roc_curve_resnet18_tf_0_0.03/nested_cv_random/resnet18/repeat_10_fold_5_metrics.csv,4,1,resnet18,"[0, 0.03]",C2,Accuracy at 98% Specificity,0.74
/scratchc/nrlab/wang04/ulyses_results_iteration/iteration_3_merge_below_3/cnn_model/cnn14/plasma_tp1_0.1x_model_C2/roc_curve_resnet18_tf_0_0.03/nested_cv_random/resnet18/repeat_10_fold_5_metrics.csv,4,1,resnet18,"[0, 0.03]",C2,F1 at 98% Specificity,0.6666666666666666
/scratchc/nrlab/wang04/ulyses_results_iteration/iteration_3_merge_below_3/cnn_model/cnn14/plasma_tp1_0.1x_model_C2/roc_curve_resnet18_tf_0_0.03/nested_cv_random/resnet18/repeat_10_fold_5_metrics.csv,4,1,resnet18,"[0, 0.03]",C2,Sensitivity at 95% Specificity,0.5555555555555556
/scratchc/nrlab/wang04/ulyses_results_iteration/iteration_3_merge_below_3/cnn_model/cnn14/plasma_tp1_0.1x_model_C2/roc_curve_resnet18_tf_0_0.03/nested_cv_random/resnet18/repeat_10_fold_5_metrics.csv,4,1,resnet18,"[0, 0.03]",C2,PPV at 95% Specificity,0.967741935483871
/scratchc/nrlab/wang04/ulyses_results_iteration/iteration_3_merge_below_3/cnn_model/cnn14/plasma_tp1_0.1x_model_C2/roc_curve_resnet18_tf_0_0.03/nested_cv_random/resnet18/repeat_10_fold_5_metrics.csv,4,1,resnet18,"[0, 0.03]",C2,Accuracy at 95% Specificity,0.7379340277777777
/scratchc/nrlab/wang04/ulyses_results_iteration/iteration_3_merge_below_3/cnn_model/cnn14/plasma_tp1_0.1x_model_C2/roc_curve_resnet18_tf_0_0.03/nested_cv_random/resnet18/repeat_10_fold_5_metrics.csv,4,1,resnet18,"[0, 0.03]",C2,F1 at 95% Specificity,0.7058823529411765
/scratchc/nrlab/wang04/ulyses_results_iteration/iteration_3_merge_below_3/cnn_model/cnn14/plasma_tp1_0.1x_model_C2/roc_curve_resnet18_tf_0_0.03/nested_cv_random/resnet18/repeat_10_fold_5_metrics.csv,4,2,resnet18,"[0, 0.03]",C2,AUROC,0.9210149082568808
/scratchc/nrlab/wang04/ulyses_results_iteration/iteration_3_merge_below_3/cnn_model/cnn14/plasma_tp1_0.1x_model_C2/roc_curve_resnet18_tf_0_0.03/nested_cv_random/resnet18/repeat_10_fold_5_metrics.csv,4,2,resnet18,"[0, 0.03]",C2,AUPRC,0.9454696821079968
/scratchc/nrlab/wang04/ulyses_results_iteration/iteration_3_merge_below_3/cnn_model/cnn14/plasma_tp1_0.1x_model_C2/roc_curve_resnet18_tf_0_0.03/nested_cv_random/resnet18/repeat_10_fold_5_metrics.csv,4,2,resnet18,"[0, 0.03]",C2,Sensitivity at 99% Specificity,0.08256880733944955
/scratchc/nrlab/wang04/ulyses_results_iteration/iteration_3_merge_below_3/cnn_model/cnn14/plasma_tp1_0.1x_model_C2/roc_curve_resnet18_tf_0_0.03/nested_cv_random/resnet18/repeat_10_fold_5_metrics.csv,4,2,resnet18,"[0, 0.03]",C2,PPV at 99% Specificity,1
/scratchc/nrlab/wang04/ulyses_results_iteration/iteration_3_merge_below_3/cnn_model/cnn14/plasma_tp1_0.1x_model_C2/roc_curve_resnet18_tf_0_0.03/nested_cv_random/resnet18/repeat_10_fold_5_metrics.csv,4,2,resnet18,"[0, 0.03]",C2,Accuracy at 99% Specificity,0.5362844036697247
/scratchc/nrlab/wang04/ulyses_results_iteration/iteration_3_merge_below_3/cnn_model/cnn14/plasma_tp1_0.1x_model_C2/roc_curve_resnet18_tf_0_0.03/nested_cv_random/resnet18/repeat_10_fold_5_metrics.csv,4,2,resnet18,"[0, 0.03]",C2,F1 at 99% Specificity,0.15254237288135594
/scratchc/nrlab/wang04/ulyses_results_iteration/iteration_3_merge_below_3/cnn_model/cnn14/plasma_tp1_0.1x_model_C2/roc_curve_resnet18_tf_0_0.03/nested_cv_random/resnet18/repeat_10_fold_5_metrics.csv,4,2,resnet18,"[0, 0.03]",C2,Sensitivity at 98% Specificity,0.08256880733944955
/scratchc/nrlab/wang04/ulyses_results_iteration/iteration_3_merge_below_3/cnn_model/cnn14/plasma_tp1_0.1x_model_C2/roc_curve_resnet18_tf_0_0.03/nested_cv_random/resnet18/repeat_10_fold_5_metrics.csv,4,2,resnet18,"[0, 0.03]",C2,PPV at 98% Specificity,1
/scratchc/nrlab/wang04/ulyses_results_iteration/iteration_3_merge_below_3/cnn_model/cnn14/plasma_tp1_0.1x_model_C2/roc_curve_resnet18_tf_0_0.03/nested_cv_random/resnet18/repeat_10_fold_5_metrics.csv,4,2,resnet18,"[0, 0.03]",C2,Accuracy at 98% Specificity,0.5312844036697247
/scratchc/nrlab/wang04/ulyses_results_iteration/iteration_3_merge_below_3/cnn_model/cnn14/plasma_tp1_0.1x_model_C2/roc_curve_resnet18_tf_0_0.03/nested_cv_random/resnet18/repeat_10_fold_5_metrics.csv,4,2,resnet18,"[0, 0.03]",C2,F1 at 98% Specificity,0.15254237288135594
/scratchc/nrlab/wang04/ulyses_results_iteration/iteration_3_merge_below_3/cnn_model/cnn14/plasma_tp1_0.1x_model_C2/roc_curve_resnet18_tf_0_0.03/nested_cv_random/resnet18/repeat_10_fold_5_metrics.csv,4,2,resnet18,"[0, 0.03]",C2,Sensitivity at 95% Specificity,0.7155963302752294
/scratchc/nrlab/wang04/ulyses_results_iteration/iteration_3_merge_below_3/cnn_model/cnn14/plasma_tp1_0.1x_model_C2/roc_curve_resnet18_tf_0_0.03/nested_cv_random/resnet18/repeat_10_fold_5_metrics.csv,4,2,resnet18,"[0, 0.03]",C2,PPV at 95% Specificity,0.9629629629629628
/scratchc/nrlab/wang04/ulyses_results_iteration/iteration_3_merge_below_3/cnn_model/cnn14/plasma_tp1_0.1x_model_C2/roc_curve_resnet18_tf_0_0.03/nested_cv_random/resnet18/repeat_10_fold_5_metrics.csv,4,2,resnet18,"[0, 0.03]",C2,Accuracy at 95% Specificity,0.8105325401376147
/scratchc/nrlab/wang04/ulyses_results_iteration/iteration_3_merge_below_3/cnn_model/cnn14/plasma_tp1_0.1x_model_C2/roc_curve_resnet18_tf_0_0.03/nested_cv_random/resnet18/repeat_10_fold_5_metrics.csv,4,2,resnet18,"[0, 0.03]",C2,F1 at 95% Specificity,0.8210526315789474
/scratchc/nrlab/wang04/ulyses_results_iteration/iteration_3_merge_below_3/cnn_model/cnn14/plasma_tp1_0.1x_model_C2/roc_curve_resnet18_tf_0_0.03/nested_cv_random/resnet18/repeat_10_fold_5_metrics.csv,4,3,resnet18,"[0, 0.03]",C2,AUROC,0.9074766355140188
/scratchc/nrlab/wang04/ulyses_results_iteration/iteration_3_merge_below_3/cnn_model/cnn14/plasma_tp1_0.1x_model_C2/roc_curve_resnet18_tf_0_0.03/nested_cv_random/resnet18/repeat_10_fold_5_metrics.csv,4,3,resnet18,"[0, 0.03]",C2,AUPRC,0.942536824951152
/scratchc/nrlab/wang04/ulyses_results_iteration/iteration_3_merge_below_3/cnn_model/cnn14/plasma_tp1_0.1x_model_C2/roc_curve_resnet18_tf_0_0.03/nested_cv_random/resnet18/repeat_10_fold_5_metrics.csv,4,3,resnet18,"[0, 0.03]",C2,Sensitivity at 99% Specificity,0.2803738317757009
/scratchc/nrlab/wang04/ulyses_results_iteration/iteration_3_merge_below_3/cnn_model/cnn14/plasma_tp1_0.1x_model_C2/roc_curve_resnet18_tf_0_0.03/nested_cv_random/resnet18/repeat_10_fold_5_metrics.csv,4,3,resnet18,"[0, 0.03]",C2,PPV at 99% Specificity,1
/scratchc/nrlab/wang04/ulyses_results_iteration/iteration_3_merge_below_3/cnn_model/cnn14/plasma_tp1_0.1x_model_C2/roc_curve_resnet18_tf_0_0.03/nested_cv_random/resnet18/repeat_10_fold_5_metrics.csv,4,3,resnet18,"[0, 0.03]",C2,Accuracy at 99% Specificity,0.6305140186915887
/scratchc/nrlab/wang04/ulyses_results_iteration/iteration_3_merge_below_3/cnn_model/cnn14/plasma_tp1_0.1x_model_C2/roc_curve_resnet18_tf_0_0.03/nested_cv_random/resnet18/repeat_10_fold_5_metrics.csv,4,3,resnet18,"[0, 0.03]",C2,F1 at 99% Specificity,0.4264705882352941
/scratchc/nrlab/wang04/ulyses_results_iteration/iteration_3_merge_below_3/cnn_model/cnn14/plasma_tp1_0.1x_model_C2/roc_curve_resnet18_tf_0_0.03/nested_cv_random/resnet18/repeat_10_fold_5_metrics.csv,4,3,resnet18,"[0, 0.03]",C2,Sensitivity at 98% Specificity,0.2803738317757009
/scratchc/nrlab/wang04/ulyses_results_iteration/iteration_3_merge_below_3/cnn_model/cnn14/plasma_tp1_0.1x_model_C2/roc_curve_resnet18_tf_0_0.03/nested_cv_random/resnet18/repeat_10_fold_5_metrics.csv,4,3,resnet18,"[0, 0.03]",C2,PPV at 98% Specificity,1
/scratchc/nrlab/wang04/ulyses_results_iteration/iteration_3_merge_below_3/cnn_model/cnn14/plasma_tp1_0.1x_model_C2/roc_curve_resnet18_tf_0_0.03/nested_cv_random/resnet18/repeat_10_fold_5_metrics.csv,4,3,resnet18,"[0, 0.03]",C2,Accuracy at 98% Specificity,0.6255140186915887
/scratchc/nrlab/wang04/ulyses_results_iteration/iteration_3_merge_below_3/cnn_model/cnn14/plasma_tp1_0.1x_model_C2/roc_curve_resnet18_tf_0_0.03/nested_cv_random/resnet18/repeat_10_fold_5_metrics.csv,4,3,resnet18,"[0, 0.03]",C2,F1 at 98% Specificity,0.4264705882352941
/scratchc/nrlab/wang04/ulyses_results_iteration/iteration_3_merge_below_3/cnn_model/cnn14/plasma_tp1_0.1x_model_C2/roc_curve_resnet18_tf_0_0.03/nested_cv_random/resnet18/repeat_10_fold_5_metrics.csv,4,3,resnet18,"[0, 0.03]",C2,Sensitivity at 95% Specificity,0.616822429906542
/scratchc/nrlab/wang04/ulyses_results_iteration/iteration_3_merge_below_3/cnn_model/cnn14/plasma_tp1_0.1x_model_C2/roc_curve_resnet18_tf_0_0.03/nested_cv_random/resnet18/repeat_10_fold_5_metrics.csv,4,3,resnet18,"[0, 0.03]",C2,PPV at 95% Specificity,0.9705882352941176
/scratchc/nrlab/wang04/ulyses_results_iteration/iteration_3_merge_below_3/cnn_model/cnn14/plasma_tp1_0.1x_model_C2/roc_curve_resnet18_tf_0_0.03/nested_cv_random/resnet18/repeat_10_fold_5_metrics.csv,4,3,resnet18,"[0, 0.03]",C2,Accuracy at 95% Specificity,0.7687958303378863
/scratchc/nrlab/wang04/ulyses_results_iteration/iteration_3_merge_below_3/cnn_model/cnn14/plasma_tp1_0.1x_model_C2/roc_curve_resnet18_tf_0_0.03/nested_cv_random/resnet18/repeat_10_fold_5_metrics.csv,4,3,resnet18,"[0, 0.03]",C2,F1 at 95% Specificity,0.7542857142857143
/scratchc/nrlab/wang04/ulyses_results_iteration/iteration_3_merge_below_3/cnn_model/cnn14/plasma_tp1_0.1x_model_C2/roc_curve_resnet18_tf_0_0.03/nested_cv_random/resnet18/repeat_10_fold_5_metrics.csv,4,4,resnet18,"[0, 0.03]",C2,AUROC,0.8839683680805177
/scratchc/nrlab/wang04/ulyses_results_iteration/iteration_3_merge_below_3/cnn_model/cnn14/plasma_tp1_0.1x_model_C2/roc_curve_resnet18_tf_0_0.03/nested_cv_random/resnet18/repeat_10_fold_5_metrics.csv,4,4,resnet18,"[0, 0.03]",C2,AUPRC,0.9230096506507324
/scratchc/nrlab/wang04/ulyses_results_iteration/iteration_3_merge_below_3/cnn_model/cnn14/plasma_tp1_0.1x_model_C2/roc_curve_resnet18_tf_0_0.03/nested_cv_random/resnet18/repeat_10_fold_5_metrics.csv,4,4,resnet18,"[0, 0.03]",C2,Sensitivity at 99% Specificity,0.2336448598130841
/scratchc/nrlab/wang04/ulyses_results_iteration/iteration_3_merge_below_3/cnn_model/cnn14/plasma_tp1_0.1x_model_C2/roc_curve_resnet18_tf_0_0.03/nested_cv_random/resnet18/repeat_10_fold_5_metrics.csv,4,4,resnet18,"[0, 0.03]",C2,PPV at 99% Specificity,1
/scratchc/nrlab/wang04/ulyses_results_iteration/iteration_3_merge_below_3/cnn_model/cnn14/plasma_tp1_0.1x_model_C2/roc_curve_resnet18_tf_0_0.03/nested_cv_random/resnet18/repeat_10_fold_5_metrics.csv,4,4,resnet18,"[0, 0.03]",C2,Accuracy at 99% Specificity,0.611822429906542
/scratchc/nrlab/wang04/ulyses_results_iteration/iteration_3_merge_below_3/cnn_model/cnn14/plasma_tp1_0.1x_model_C2/roc_curve_resnet18_tf_0_0.03/nested_cv_random/resnet18/repeat_10_fold_5_metrics.csv,4,4,resnet18,"[0, 0.03]",C2,F1 at 99% Specificity,0.3787878787878788
/scratchc/nrlab/wang04/ulyses_results_iteration/iteration_3_merge_below_3/cnn_model/cnn14/plasma_tp1_0.1x_model_C2/roc_curve_resnet18_tf_0_0.03/nested_cv_random/resnet18/repeat_10_fold_5_metrics.csv,4,4,resnet18,"[0, 0.03]",C2,Sensitivity at 98% Specificity,0.2336448598130841
/scratchc/nrlab/wang04/ulyses_results_iteration/iteration_3_merge_below_3/cnn_model/cnn14/plasma_tp1_0.1x_model_C2/roc_curve_resnet18_tf_0_0.03/nested_cv_random/resnet18/repeat_10_fold_5_metrics.csv,4,4,resnet18,"[0, 0.03]",C2,PPV at 98% Specificity,1
/scratchc/nrlab/wang04/ulyses_results_iteration/iteration_3_merge_below_3/cnn_model/cnn14/plasma_tp1_0.1x_model_C2/roc_curve_resnet18_tf_0_0.03/nested_cv_random/resnet18/repeat_10_fold_5_metrics.csv,4,4,resnet18,"[0, 0.03]",C2,Accuracy at 98% Specificity,0.606822429906542
/scratchc/nrlab/wang04/ulyses_results_iteration/iteration_3_merge_below_3/cnn_model/cnn14/plasma_tp1_0.1x_model_C2/roc_curve_resnet18_tf_0_0.03/nested_cv_random/resnet18/repeat_10_fold_5_metrics.csv,4,4,resnet18,"[0, 0.03]",C2,F1 at 98% Specificity,0.3787878787878788
/scratchc/nrlab/wang04/ulyses_results_iteration/iteration_3_merge_below_3/cnn_model/cnn14/plasma_tp1_0.1x_model_C2/roc_curve_resnet18_tf_0_0.03/nested_cv_random/resnet18/repeat_10_fold_5_metrics.csv,4,4,resnet18,"[0, 0.03]",C2,Sensitivity at 95% Specificity,0.4205607476635514
/scratchc/nrlab/wang04/ulyses_results_iteration/iteration_3_merge_below_3/cnn_model/cnn14/plasma_tp1_0.1x_model_C2/roc_curve_resnet18_tf_0_0.03/nested_cv_random/resnet18/repeat_10_fold_5_metrics.csv,4,4,resnet18,"[0, 0.03]",C2,PPV at 95% Specificity,0.9574468085106383
/scratchc/nrlab/wang04/ulyses_results_iteration/iteration_3_merge_below_3/cnn_model/cnn14/plasma_tp1_0.1x_model_C2/roc_curve_resnet18_tf_0_0.03/nested_cv_random/resnet18/repeat_10_fold_5_metrics.csv,4,4,resnet18,"[0, 0.03]",C2,Accuracy at 95% Specificity,0.6706649892163911
/scratchc/nrlab/wang04/ulyses_results_iteration/iteration_3_merge_below_3/cnn_model/cnn14/plasma_tp1_0.1x_model_C2/roc_curve_resnet18_tf_0_0.03/nested_cv_random/resnet18/repeat_10_fold_5_metrics.csv,4,4,resnet18,"[0, 0.03]",C2,F1 at 95% Specificity,0.5844155844155844
/scratchc/nrlab/wang04/ulyses_results_iteration/iteration_3_merge_below_3/cnn_model/cnn14/plasma_tp1_0.1x_model_C2/roc_curve_resnet18_tf_0_0.03/nested_cv_random/resnet18/repeat_10_fold_5_metrics.csv,4,5,resnet18,"[0, 0.03]",C2,AUROC,0.8898365316275764
/scratchc/nrlab/wang04/ulyses_results_iteration/iteration_3_merge_below_3/cnn_model/cnn14/plasma_tp1_0.1x_model_C2/roc_curve_resnet18_tf_0_0.03/nested_cv_random/resnet18/repeat_10_fold_5_metrics.csv,4,5,resnet18,"[0, 0.03]",C2,AUPRC,0.926167703826897
/scratchc/nrlab/wang04/ulyses_results_iteration/iteration_3_merge_below_3/cnn_model/cnn14/plasma_tp1_0.1x_model_C2/roc_curve_resnet18_tf_0_0.03/nested_cv_random/resnet18/repeat_10_fold_5_metrics.csv,4,5,resnet18,"[0, 0.03]",C2,Sensitivity at 99% Specificity,0.1523809523809524
/scratchc/nrlab/wang04/ulyses_results_iteration/iteration_3_merge_below_3/cnn_model/cnn14/plasma_tp1_0.1x_model_C2/roc_curve_resnet18_tf_0_0.03/nested_cv_random/resnet18/repeat_10_fold_5_metrics.csv,4,5,resnet18,"[0, 0.03]",C2,PPV at 99% Specificity,1
/scratchc/nrlab/wang04/ulyses_results_iteration/iteration_3_merge_below_3/cnn_model/cnn14/plasma_tp1_0.1x_model_C2/roc_curve_resnet18_tf_0_0.03/nested_cv_random/resnet18/repeat_10_fold_5_metrics.csv,4,5,resnet18,"[0, 0.03]",C2,Accuracy at 99% Specificity,0.5711904761904762
/scratchc/nrlab/wang04/ulyses_results_iteration/iteration_3_merge_below_3/cnn_model/cnn14/plasma_tp1_0.1x_model_C2/roc_curve_resnet18_tf_0_0.03/nested_cv_random/resnet18/repeat_10_fold_5_metrics.csv,4,5,resnet18,"[0, 0.03]",C2,F1 at 99% Specificity,0.2644628099173554
/scratchc/nrlab/wang04/ulyses_results_iteration/iteration_3_merge_below_3/cnn_model/cnn14/plasma_tp1_0.1x_model_C2/roc_curve_resnet18_tf_0_0.03/nested_cv_random/resnet18/repeat_10_fold_5_metrics.csv,4,5,resnet18,"[0, 0.03]",C2,Sensitivity at 98% Specificity,0.1523809523809524
/scratchc/nrlab/wang04/ulyses_results_iteration/iteration_3_merge_below_3/cnn_model/cnn14/plasma_tp1_0.1x_model_C2/roc_curve_resnet18_tf_0_0.03/nested_cv_random/resnet18/repeat_10_fold_5_metrics.csv,4,5,resnet18,"[0, 0.03]",C2,PPV at 98% Specificity,1
/scratchc/nrlab/wang04/ulyses_results_iteration/iteration_3_merge_below_3/cnn_model/cnn14/plasma_tp1_0.1x_model_C2/roc_curve_resnet18_tf_0_0.03/nested_cv_random/resnet18/repeat_10_fold_5_metrics.csv,4,5,resnet18,"[0, 0.03]",C2,Accuracy at 98% Specificity,0.5661904761904761
/scratchc/nrlab/wang04/ulyses_results_iteration/iteration_3_merge_below_3/cnn_model/cnn14/plasma_tp1_0.1x_model_C2/roc_curve_resnet18_tf_0_0.03/nested_cv_random/resnet18/repeat_10_fold_5_metrics.csv,4,5,resnet18,"[0, 0.03]",C2,F1 at 98% Specificity,0.2644628099173554
/scratchc/nrlab/wang04/ulyses_results_iteration/iteration_3_merge_below_3/cnn_model/cnn14/plasma_tp1_0.1x_model_C2/roc_curve_resnet18_tf_0_0.03/nested_cv_random/resnet18/repeat_10_fold_5_metrics.csv,4,5,resnet18,"[0, 0.03]",C2,Sensitivity at 95% Specificity,0.5714285714285714
/scratchc/nrlab/wang04/ulyses_results_iteration/iteration_3_merge_below_3/cnn_model/cnn14/plasma_tp1_0.1x_model_C2/roc_curve_resnet18_tf_0_0.03/nested_cv_random/resnet18/repeat_10_fold_5_metrics.csv,4,5,resnet18,"[0, 0.03]",C2,PPV at 95% Specificity,0.967741935483871
/scratchc/nrlab/wang04/ulyses_results_iteration/iteration_3_merge_below_3/cnn_model/cnn14/plasma_tp1_0.1x_model_C2/roc_curve_resnet18_tf_0_0.03/nested_cv_random/resnet18/repeat_10_fold_5_metrics.csv,4,5,resnet18,"[0, 0.03]",C2,Accuracy at 95% Specificity,0.7465351812366737
/scratchc/nrlab/wang04/ulyses_results_iteration/iteration_3_merge_below_3/cnn_model/cnn14/plasma_tp1_0.1x_model_C2/roc_curve_resnet18_tf_0_0.03/nested_cv_random/resnet18/repeat_10_fold_5_metrics.csv,4,5,resnet18,"[0, 0.03]",C2,F1 at 95% Specificity,0.718562874251497
/scratchc/nrlab/wang04/ulyses_results_iteration/iteration_3_merge_below_3/cnn_model/cnn14/plasma_tp1_0.1x_model_C2/roc_curve_resnet18_tf_0_0.03/nested_cv_random/resnet18/repeat_10_fold_5_metrics.csv,5,1,resnet18,"[0, 0.03]",C2,AUROC,0.8966595593461265
/scratchc/nrlab/wang04/ulyses_results_iteration/iteration_3_merge_below_3/cnn_model/cnn14/plasma_tp1_0.1x_model_C2/roc_curve_resnet18_tf_0_0.03/nested_cv_random/resnet18/repeat_10_fold_5_metrics.csv,5,1,resnet18,"[0, 0.03]",C2,AUPRC,0.923072618421434
/scratchc/nrlab/wang04/ulyses_results_iteration/iteration_3_merge_below_3/cnn_model/cnn14/plasma_tp1_0.1x_model_C2/roc_curve_resnet18_tf_0_0.03/nested_cv_random/resnet18/repeat_10_fold_5_metrics.csv,5,1,resnet18,"[0, 0.03]",C2,Sensitivity at 99% Specificity,0.2
/scratchc/nrlab/wang04/ulyses_results_iteration/iteration_3_merge_below_3/cnn_model/cnn14/plasma_tp1_0.1x_model_C2/roc_curve_resnet18_tf_0_0.03/nested_cv_random/resnet18/repeat_10_fold_5_metrics.csv,5,1,resnet18,"[0, 0.03]",C2,PPV at 99% Specificity,1
/scratchc/nrlab/wang04/ulyses_results_iteration/iteration_3_merge_below_3/cnn_model/cnn14/plasma_tp1_0.1x_model_C2/roc_curve_resnet18_tf_0_0.03/nested_cv_random/resnet18/repeat_10_fold_5_metrics.csv,5,1,resnet18,"[0, 0.03]",C2,Accuracy at 99% Specificity,0.595
/scratchc/nrlab/wang04/ulyses_results_iteration/iteration_3_merge_below_3/cnn_model/cnn14/plasma_tp1_0.1x_model_C2/roc_curve_resnet18_tf_0_0.03/nested_cv_random/resnet18/repeat_10_fold_5_metrics.csv,5,1,resnet18,"[0, 0.03]",C2,F1 at 99% Specificity,0.3333333333333333
/scratchc/nrlab/wang04/ulyses_results_iteration/iteration_3_merge_below_3/cnn_model/cnn14/plasma_tp1_0.1x_model_C2/roc_curve_resnet18_tf_0_0.03/nested_cv_random/resnet18/repeat_10_fold_5_metrics.csv,5,1,resnet18,"[0, 0.03]",C2,Sensitivity at 98% Specificity,0.2
/scratchc/nrlab/wang04/ulyses_results_iteration/iteration_3_merge_below_3/cnn_model/cnn14/plasma_tp1_0.1x_model_C2/roc_curve_resnet18_tf_0_0.03/nested_cv_random/resnet18/repeat_10_fold_5_metrics.csv,5,1,resnet18,"[0, 0.03]",C2,PPV at 98% Specificity,1
/scratchc/nrlab/wang04/ulyses_results_iteration/iteration_3_merge_below_3/cnn_model/cnn14/plasma_tp1_0.1x_model_C2/roc_curve_resnet18_tf_0_0.03/nested_cv_random/resnet18/repeat_10_fold_5_metrics.csv,5,1,resnet18,"[0, 0.03]",C2,Accuracy at 98% Specificity,0.59
/scratchc/nrlab/wang04/ulyses_results_iteration/iteration_3_merge_below_3/cnn_model/cnn14/plasma_tp1_0.1x_model_C2/roc_curve_resnet18_tf_0_0.03/nested_cv_random/resnet18/repeat_10_fold_5_metrics.csv,5,1,resnet18,"[0, 0.03]",C2,F1 at 98% Specificity,0.3333333333333333
/scratchc/nrlab/wang04/ulyses_results_iteration/iteration_3_merge_below_3/cnn_model/cnn14/plasma_tp1_0.1x_model_C2/roc_curve_resnet18_tf_0_0.03/nested_cv_random/resnet18/repeat_10_fold_5_metrics.csv,5,1,resnet18,"[0, 0.03]",C2,Sensitivity at 95% Specificity,0.42857142857142855
/scratchc/nrlab/wang04/ulyses_results_iteration/iteration_3_merge_below_3/cnn_model/cnn14/plasma_tp1_0.1x_model_C2/roc_curve_resnet18_tf_0_0.03/nested_cv_random/resnet18/repeat_10_fold_5_metrics.csv,5,1,resnet18,"[0, 0.03]",C2,PPV at 95% Specificity,0.9574468085106383
/scratchc/nrlab/wang04/ulyses_results_iteration/iteration_3_merge_below_3/cnn_model/cnn14/plasma_tp1_0.1x_model_C2/roc_curve_resnet18_tf_0_0.03/nested_cv_random/resnet18/repeat_10_fold_5_metrics.csv,5,1,resnet18,"[0, 0.03]",C2,Accuracy at 95% Specificity,0.6751066098081023
/scratchc/nrlab/wang04/ulyses_results_iteration/iteration_3_merge_below_3/cnn_model/cnn14/plasma_tp1_0.1x_model_C2/roc_curve_resnet18_tf_0_0.03/nested_cv_random/resnet18/repeat_10_fold_5_metrics.csv,5,1,resnet18,"[0, 0.03]",C2,F1 at 95% Specificity,0.5921052631578947
/scratchc/nrlab/wang04/ulyses_results_iteration/iteration_3_merge_below_3/cnn_model/cnn14/plasma_tp1_0.1x_model_C2/roc_curve_resnet18_tf_0_0.03/nested_cv_random/resnet18/repeat_10_fold_5_metrics.csv,5,2,resnet18,"[0, 0.03]",C2,AUROC,0.896412037037037
/scratchc/nrlab/wang04/ulyses_results_iteration/iteration_3_merge_below_3/cnn_model/cnn14/plasma_tp1_0.1x_model_C2/roc_curve_resnet18_tf_0_0.03/nested_cv_random/resnet18/repeat_10_fold_5_metrics.csv,5,2,resnet18,"[0, 0.03]",C2,AUPRC,0.9386238350442404
/scratchc/nrlab/wang04/ulyses_results_iteration/iteration_3_merge_below_3/cnn_model/cnn14/plasma_tp1_0.1x_model_C2/roc_curve_resnet18_tf_0_0.03/nested_cv_random/resnet18/repeat_10_fold_5_metrics.csv,5,2,resnet18,"[0, 0.03]",C2,Sensitivity at 99% Specificity,0.4074074074074074
/scratchc/nrlab/wang04/ulyses_results_iteration/iteration_3_merge_below_3/cnn_model/cnn14/plasma_tp1_0.1x_model_C2/roc_curve_resnet18_tf_0_0.03/nested_cv_random/resnet18/repeat_10_fold_5_metrics.csv,5,2,resnet18,"[0, 0.03]",C2,PPV at 99% Specificity,1
/scratchc/nrlab/wang04/ulyses_results_iteration/iteration_3_merge_below_3/cnn_model/cnn14/plasma_tp1_0.1x_model_C2/roc_curve_resnet18_tf_0_0.03/nested_cv_random/resnet18/repeat_10_fold_5_metrics.csv,5,2,resnet18,"[0, 0.03]",C2,Accuracy at 99% Specificity,0.6987037037037037
/scratchc/nrlab/wang04/ulyses_results_iteration/iteration_3_merge_below_3/cnn_model/cnn14/plasma_tp1_0.1x_model_C2/roc_curve_resnet18_tf_0_0.03/nested_cv_random/resnet18/repeat_10_fold_5_metrics.csv,5,2,resnet18,"[0, 0.03]",C2,F1 at 99% Specificity,0.5789473684210527
/scratchc/nrlab/wang04/ulyses_results_iteration/iteration_3_merge_below_3/cnn_model/cnn14/plasma_tp1_0.1x_model_C2/roc_curve_resnet18_tf_0_0.03/nested_cv_random/resnet18/repeat_10_fold_5_metrics.csv,5,2,resnet18,"[0, 0.03]",C2,Sensitivity at 98% Specificity,0.4074074074074074
/scratchc/nrlab/wang04/ulyses_results_iteration/iteration_3_merge_below_3/cnn_model/cnn14/plasma_tp1_0.1x_model_C2/roc_curve_resnet18_tf_0_0.03/nested_cv_random/resnet18/repeat_10_fold_5_metrics.csv,5,2,resnet18,"[0, 0.03]",C2,PPV at 98% Specificity,1
/scratchc/nrlab/wang04/ulyses_results_iteration/iteration_3_merge_below_3/cnn_model/cnn14/plasma_tp1_0.1x_model_C2/roc_curve_resnet18_tf_0_0.03/nested_cv_random/resnet18/repeat_10_fold_5_metrics.csv,5,2,resnet18,"[0, 0.03]",C2,Accuracy at 98% Specificity,0.6937037037037037
/scratchc/nrlab/wang04/ulyses_results_iteration/iteration_3_merge_below_3/cnn_model/cnn14/plasma_tp1_0.1x_model_C2/roc_curve_resnet18_tf_0_0.03/nested_cv_random/resnet18/repeat_10_fold_5_metrics.csv,5,2,resnet18,"[0, 0.03]",C2,F1 at 98% Specificity,0.5789473684210527
/scratchc/nrlab/wang04/ulyses_results_iteration/iteration_3_merge_below_3/cnn_model/cnn14/plasma_tp1_0.1x_model_C2/roc_curve_resnet18_tf_0_0.03/nested_cv_random/resnet18/repeat_10_fold_5_metrics.csv,5,2,resnet18,"[0, 0.03]",C2,Sensitivity at 95% Specificity,0.5277777777777778
/scratchc/nrlab/wang04/ulyses_results_iteration/iteration_3_merge_below_3/cnn_model/cnn14/plasma_tp1_0.1x_model_C2/roc_curve_resnet18_tf_0_0.03/nested_cv_random/resnet18/repeat_10_fold_5_metrics.csv,5,2,resnet18,"[0, 0.03]",C2,PPV at 95% Specificity,0.9661016949152542
/scratchc/nrlab/wang04/ulyses_results_iteration/iteration_3_merge_below_3/cnn_model/cnn14/plasma_tp1_0.1x_model_C2/roc_curve_resnet18_tf_0_0.03/nested_cv_random/resnet18/repeat_10_fold_5_metrics.csv,5,2,resnet18,"[0, 0.03]",C2,Accuracy at 95% Specificity,0.7240451388888889
/scratchc/nrlab/wang04/ulyses_results_iteration/iteration_3_merge_below_3/cnn_model/cnn14/plasma_tp1_0.1x_model_C2/roc_curve_resnet18_tf_0_0.03/nested_cv_random/resnet18/repeat_10_fold_5_metrics.csv,5,2,resnet18,"[0, 0.03]",C2,F1 at 95% Specificity,0.6826347305389222
/scratchc/nrlab/wang04/ulyses_results_iteration/iteration_3_merge_below_3/cnn_model/cnn14/plasma_tp1_0.1x_model_C2/roc_curve_resnet18_tf_0_0.03/nested_cv_random/resnet18/repeat_10_fold_5_metrics.csv,5,4,resnet18,"[0, 0.03]",C2,AUROC,0.8936353211009174
/scratchc/nrlab/wang04/ulyses_results_iteration/iteration_3_merge_below_3/cnn_model/cnn14/plasma_tp1_0.1x_model_C2/roc_curve_resnet18_tf_0_0.03/nested_cv_random/resnet18/repeat_10_fold_5_metrics.csv,5,4,resnet18,"[0, 0.03]",C2,AUPRC,0.9419510550700052
/scratchc/nrlab/wang04/ulyses_results_iteration/iteration_3_merge_below_3/cnn_model/cnn14/plasma_tp1_0.1x_model_C2/roc_curve_resnet18_tf_0_0.03/nested_cv_random/resnet18/repeat_10_fold_5_metrics.csv,5,4,resnet18,"[0, 0.03]",C2,Sensitivity at 99% Specificity,0.5229357798165137
/scratchc/nrlab/wang04/ulyses_results_iteration/iteration_3_merge_below_3/cnn_model/cnn14/plasma_tp1_0.1x_model_C2/roc_curve_resnet18_tf_0_0.03/nested_cv_random/resnet18/repeat_10_fold_5_metrics.csv,5,4,resnet18,"[0, 0.03]",C2,PPV at 99% Specificity,1
/scratchc/nrlab/wang04/ulyses_results_iteration/iteration_3_merge_below_3/cnn_model/cnn14/plasma_tp1_0.1x_model_C2/roc_curve_resnet18_tf_0_0.03/nested_cv_random/resnet18/repeat_10_fold_5_metrics.csv,5,4,resnet18,"[0, 0.03]",C2,Accuracy at 99% Specificity,0.7564678899082569
/scratchc/nrlab/wang04/ulyses_results_iteration/iteration_3_merge_below_3/cnn_model/cnn14/plasma_tp1_0.1x_model_C2/roc_curve_resnet18_tf_0_0.03/nested_cv_random/resnet18/repeat_10_fold_5_metrics.csv,5,4,resnet18,"[0, 0.03]",C2,F1 at 99% Specificity,0.6867469879518072
/scratchc/nrlab/wang04/ulyses_results_iteration/iteration_3_merge_below_3/cnn_model/cnn14/plasma_tp1_0.1x_model_C2/roc_curve_resnet18_tf_0_0.03/nested_cv_random/resnet18/repeat_10_fold_5_metrics.csv,5,4,resnet18,"[0, 0.03]",C2,Sensitivity at 98% Specificity,0.5229357798165137
/scratchc/nrlab/wang04/ulyses_results_iteration/iteration_3_merge_below_3/cnn_model/cnn14/plasma_tp1_0.1x_model_C2/roc_curve_resnet18_tf_0_0.03/nested_cv_random/resnet18/repeat_10_fold_5_metrics.csv,5,4,resnet18,"[0, 0.03]",C2,PPV at 98% Specificity,1
/scratchc/nrlab/wang04/ulyses_results_iteration/iteration_3_merge_below_3/cnn_model/cnn14/plasma_tp1_0.1x_model_C2/roc_curve_resnet18_tf_0_0.03/nested_cv_random/resnet18/repeat_10_fold_5_metrics.csv,5,4,resnet18,"[0, 0.03]",C2,Accuracy at 98% Specificity,0.7514678899082569
/scratchc/nrlab/wang04/ulyses_results_iteration/iteration_3_merge_below_3/cnn_model/cnn14/plasma_tp1_0.1x_model_C2/roc_curve_resnet18_tf_0_0.03/nested_cv_random/resnet18/repeat_10_fold_5_metrics.csv,5,4,resnet18,"[0, 0.03]",C2,F1 at 98% Specificity,0.6867469879518072
/scratchc/nrlab/wang04/ulyses_results_iteration/iteration_3_merge_below_3/cnn_model/cnn14/plasma_tp1_0.1x_model_C2/roc_curve_resnet18_tf_0_0.03/nested_cv_random/resnet18/repeat_10_fold_5_metrics.csv,5,4,resnet18,"[0, 0.03]",C2,Sensitivity at 95% Specificity,0.5963302752293578
/scratchc/nrlab/wang04/ulyses_results_iteration/iteration_3_merge_below_3/cnn_model/cnn14/plasma_tp1_0.1x_model_C2/roc_curve_resnet18_tf_0_0.03/nested_cv_random/resnet18/repeat_10_fold_5_metrics.csv,5,4,resnet18,"[0, 0.03]",C2,PPV at 95% Specificity,0.9558823529411764
/scratchc/nrlab/wang04/ulyses_results_iteration/iteration_3_merge_below_3/cnn_model/cnn14/plasma_tp1_0.1x_model_C2/roc_curve_resnet18_tf_0_0.03/nested_cv_random/resnet18/repeat_10_fold_5_metrics.csv,5,4,resnet18,"[0, 0.03]",C2,Accuracy at 95% Specificity,0.7508995126146789
/scratchc/nrlab/wang04/ulyses_results_iteration/iteration_3_merge_below_3/cnn_model/cnn14/plasma_tp1_0.1x_model_C2/roc_curve_resnet18_tf_0_0.03/nested_cv_random/resnet18/repeat_10_fold_5_metrics.csv,5,4,resnet18,"[0, 0.03]",C2,F1 at 95% Specificity,0.7344632768361582
/scratchc/nrlab/wang04/ulyses_results_iteration/iteration_3_merge_below_3/cnn_model/cnn14/plasma_tp1_0.1x_model_C2/roc_curve_resnet18_tf_0_0.03/nested_cv_random/resnet18/repeat_10_fold_5_metrics.csv,5,5,resnet18,"[0, 0.03]",C2,AUROC,0.9144278606965176
/scratchc/nrlab/wang04/ulyses_results_iteration/iteration_3_merge_below_3/cnn_model/cnn14/plasma_tp1_0.1x_model_C2/roc_curve_resnet18_tf_0_0.03/nested_cv_random/resnet18/repeat_10_fold_5_metrics.csv,5,5,resnet18,"[0, 0.03]",C2,AUPRC,0.9468334645078736
/scratchc/nrlab/wang04/ulyses_results_iteration/iteration_3_merge_below_3/cnn_model/cnn14/plasma_tp1_0.1x_model_C2/roc_curve_resnet18_tf_0_0.03/nested_cv_random/resnet18/repeat_10_fold_5_metrics.csv,5,5,resnet18,"[0, 0.03]",C2,Sensitivity at 99% Specificity,0.4666666666666667
/scratchc/nrlab/wang04/ulyses_results_iteration/iteration_3_merge_below_3/cnn_model/cnn14/plasma_tp1_0.1x_model_C2/roc_curve_resnet18_tf_0_0.03/nested_cv_random/resnet18/repeat_10_fold_5_metrics.csv,5,5,resnet18,"[0, 0.03]",C2,PPV at 99% Specificity,1
/scratchc/nrlab/wang04/ulyses_results_iteration/iteration_3_merge_below_3/cnn_model/cnn14/plasma_tp1_0.1x_model_C2/roc_curve_resnet18_tf_0_0.03/nested_cv_random/resnet18/repeat_10_fold_5_metrics.csv,5,5,resnet18,"[0, 0.03]",C2,Accuracy at 99% Specificity,0.7283333333333333
/scratchc/nrlab/wang04/ulyses_results_iteration/iteration_3_merge_below_3/cnn_model/cnn14/plasma_tp1_0.1x_model_C2/roc_curve_resnet18_tf_0_0.03/nested_cv_random/resnet18/repeat_10_fold_5_metrics.csv,5,5,resnet18,"[0, 0.03]",C2,F1 at 99% Specificity,0.6363636363636364
/scratchc/nrlab/wang04/ulyses_results_iteration/iteration_3_merge_below_3/cnn_model/cnn14/plasma_tp1_0.1x_model_C2/roc_curve_resnet18_tf_0_0.03/nested_cv_random/resnet18/repeat_10_fold_5_metrics.csv,5,5,resnet18,"[0, 0.03]",C2,Sensitivity at 98% Specificity,0.4666666666666667
/scratchc/nrlab/wang04/ulyses_results_iteration/iteration_3_merge_below_3/cnn_model/cnn14/plasma_tp1_0.1x_model_C2/roc_curve_resnet18_tf_0_0.03/nested_cv_random/resnet18/repeat_10_fold_5_metrics.csv,5,5,resnet18,"[0, 0.03]",C2,PPV at 98% Specificity,1
/scratchc/nrlab/wang04/ulyses_results_iteration/iteration_3_merge_below_3/cnn_model/cnn14/plasma_tp1_0.1x_model_C2/roc_curve_resnet18_tf_0_0.03/nested_cv_random/resnet18/repeat_10_fold_5_metrics.csv,5,5,resnet18,"[0, 0.03]",C2,Accuracy at 98% Specificity,0.7233333333333334
/scratchc/nrlab/wang04/ulyses_results_iteration/iteration_3_merge_below_3/cnn_model/cnn14/plasma_tp1_0.1x_model_C2/roc_curve_resnet18_tf_0_0.03/nested_cv_random/resnet18/repeat_10_fold_5_metrics.csv,5,5,resnet18,"[0, 0.03]",C2,F1 at 98% Specificity,0.6363636363636364
/scratchc/nrlab/wang04/ulyses_results_iteration/iteration_3_merge_below_3/cnn_model/cnn14/plasma_tp1_0.1x_model_C2/roc_curve_resnet18_tf_0_0.03/nested_cv_random/resnet18/repeat_10_fold_5_metrics.csv,5,5,resnet18,"[0, 0.03]",C2,Sensitivity at 95% Specificity,0.5428571428571428
/scratchc/nrlab/wang04/ulyses_results_iteration/iteration_3_merge_below_3/cnn_model/cnn14/plasma_tp1_0.1x_model_C2/roc_curve_resnet18_tf_0_0.03/nested_cv_random/resnet18/repeat_10_fold_5_metrics.csv,5,5,resnet18,"[0, 0.03]",C2,PPV at 95% Specificity,0.9661016949152542
/scratchc/nrlab/wang04/ulyses_results_iteration/iteration_3_merge_below_3/cnn_model/cnn14/plasma_tp1_0.1x_model_C2/roc_curve_resnet18_tf_0_0.03/nested_cv_random/resnet18/repeat_10_fold_5_metrics.csv,5,5,resnet18,"[0, 0.03]",C2,Accuracy at 95% Specificity,0.7322494669509594
/scratchc/nrlab/wang04/ulyses_results_iteration/iteration_3_merge_below_3/cnn_model/cnn14/plasma_tp1_0.1x_model_C2/roc_curve_resnet18_tf_0_0.03/nested_cv_random/resnet18/repeat_10_fold_5_metrics.csv,5,5,resnet18,"[0, 0.03]",C2,F1 at 95% Specificity,0.6951219512195121
/scratchc/nrlab/wang04/ulyses_results_iteration/iteration_3_merge_below_3/cnn_model/cnn14/plasma_tp1_0.1x_model_C2/roc_curve_resnet18_tf_0_0.03/nested_cv_random/resnet18/repeat_10_fold_5_metrics.csv,6,1,resnet18,"[0, 0.03]",C2,AUROC,0.9070984162895928
/scratchc/nrlab/wang04/ulyses_results_iteration/iteration_3_merge_below_3/cnn_model/cnn14/plasma_tp1_0.1x_model_C2/roc_curve_resnet18_tf_0_0.03/nested_cv_random/resnet18/repeat_10_fold_5_metrics.csv,6,1,resnet18,"[0, 0.03]",C2,AUPRC,0.939193552836604
/scratchc/nrlab/wang04/ulyses_results_iteration/iteration_3_merge_below_3/cnn_model/cnn14/plasma_tp1_0.1x_model_C2/roc_curve_resnet18_tf_0_0.03/nested_cv_random/resnet18/repeat_10_fold_5_metrics.csv,6,1,resnet18,"[0, 0.03]",C2,Sensitivity at 99% Specificity,0.40384615384615385
/scratchc/nrlab/wang04/ulyses_results_iteration/iteration_3_merge_below_3/cnn_model/cnn14/plasma_tp1_0.1x_model_C2/roc_curve_resnet18_tf_0_0.03/nested_cv_random/resnet18/repeat_10_fold_5_metrics.csv,6,1,resnet18,"[0, 0.03]",C2,PPV at 99% Specificity,1
/scratchc/nrlab/wang04/ulyses_results_iteration/iteration_3_merge_below_3/cnn_model/cnn14/plasma_tp1_0.1x_model_C2/roc_curve_resnet18_tf_0_0.03/nested_cv_random/resnet18/repeat_10_fold_5_metrics.csv,6,1,resnet18,"[0, 0.03]",C2,Accuracy at 99% Specificity,0.696923076923077
/scratchc/nrlab/wang04/ulyses_results_iteration/iteration_3_merge_below_3/cnn_model/cnn14/plasma_tp1_0.1x_model_C2/roc_curve_resnet18_tf_0_0.03/nested_cv_random/resnet18/repeat_10_fold_5_metrics.csv,6,1,resnet18,"[0, 0.03]",C2,F1 at 99% Specificity,0.5753424657534246
/scratchc/nrlab/wang04/ulyses_results_iteration/iteration_3_merge_below_3/cnn_model/cnn14/plasma_tp1_0.1x_model_C2/roc_curve_resnet18_tf_0_0.03/nested_cv_random/resnet18/repeat_10_fold_5_metrics.csv,6,1,resnet18,"[0, 0.03]",C2,Sensitivity at 98% Specificity,0.40384615384615385
/scratchc/nrlab/wang04/ulyses_results_iteration/iteration_3_merge_below_3/cnn_model/cnn14/plasma_tp1_0.1x_model_C2/roc_curve_resnet18_tf_0_0.03/nested_cv_random/resnet18/repeat_10_fold_5_metrics.csv,6,1,resnet18,"[0, 0.03]",C2,PPV at 98% Specificity,1
/scratchc/nrlab/wang04/ulyses_results_iteration/iteration_3_merge_below_3/cnn_model/cnn14/plasma_tp1_0.1x_model_C2/roc_curve_resnet18_tf_0_0.03/nested_cv_random/resnet18/repeat_10_fold_5_metrics.csv,6,1,resnet18,"[0, 0.03]",C2,Accuracy at 98% Specificity,0.6919230769230769
/scratchc/nrlab/wang04/ulyses_results_iteration/iteration_3_merge_below_3/cnn_model/cnn14/plasma_tp1_0.1x_model_C2/roc_curve_resnet18_tf_0_0.03/nested_cv_random/resnet18/repeat_10_fold_5_metrics.csv,6,1,resnet18,"[0, 0.03]",C2,F1 at 98% Specificity,0.5753424657534246
/scratchc/nrlab/wang04/ulyses_results_iteration/iteration_3_merge_below_3/cnn_model/cnn14/plasma_tp1_0.1x_model_C2/roc_curve_resnet18_tf_0_0.03/nested_cv_random/resnet18/repeat_10_fold_5_metrics.csv,6,1,resnet18,"[0, 0.03]",C2,Sensitivity at 95% Specificity,0.5
/scratchc/nrlab/wang04/ulyses_results_iteration/iteration_3_merge_below_3/cnn_model/cnn14/plasma_tp1_0.1x_model_C2/roc_curve_resnet18_tf_0_0.03/nested_cv_random/resnet18/repeat_10_fold_5_metrics.csv,6,1,resnet18,"[0, 0.03]",C2,PPV at 95% Specificity,0.9629629629629628
/scratchc/nrlab/wang04/ulyses_results_iteration/iteration_3_merge_below_3/cnn_model/cnn14/plasma_tp1_0.1x_model_C2/roc_curve_resnet18_tf_0_0.03/nested_cv_random/resnet18/repeat_10_fold_5_metrics.csv,6,1,resnet18,"[0, 0.03]",C2,Accuracy at 95% Specificity,0.7110294117647058
/scratchc/nrlab/wang04/ulyses_results_iteration/iteration_3_merge_below_3/cnn_model/cnn14/plasma_tp1_0.1x_model_C2/roc_curve_resnet18_tf_0_0.03/nested_cv_random/resnet18/repeat_10_fold_5_metrics.csv,6,1,resnet18,"[0, 0.03]",C2,F1 at 95% Specificity,0.6582278481012658
/scratchc/nrlab/wang04/ulyses_results_iteration/iteration_3_merge_below_3/cnn_model/cnn14/plasma_tp1_0.1x_model_C2/roc_curve_resnet18_tf_0_0.03/nested_cv_random/resnet18/repeat_10_fold_5_metrics.csv,6,2,resnet18,"[0, 0.03]",C2,AUROC,0.8997067448680353
/scratchc/nrlab/wang04/ulyses_results_iteration/iteration_3_merge_below_3/cnn_model/cnn14/plasma_tp1_0.1x_model_C2/roc_curve_resnet18_tf_0_0.03/nested_cv_random/resnet18/repeat_10_fold_5_metrics.csv,6,2,resnet18,"[0, 0.03]",C2,AUPRC,0.9442805321659526
/scratchc/nrlab/wang04/ulyses_results_iteration/iteration_3_merge_below_3/cnn_model/cnn14/plasma_tp1_0.1x_model_C2/roc_curve_resnet18_tf_0_0.03/nested_cv_random/resnet18/repeat_10_fold_5_metrics.csv,6,2,resnet18,"[0, 0.03]",C2,Sensitivity at 99% Specificity,0.43636363636363634
/scratchc/nrlab/wang04/ulyses_results_iteration/iteration_3_merge_below_3/cnn_model/cnn14/plasma_tp1_0.1x_model_C2/roc_curve_resnet18_tf_0_0.03/nested_cv_random/resnet18/repeat_10_fold_5_metrics.csv,6,2,resnet18,"[0, 0.03]",C2,PPV at 99% Specificity,1
/scratchc/nrlab/wang04/ulyses_results_iteration/iteration_3_merge_below_3/cnn_model/cnn14/plasma_tp1_0.1x_model_C2/roc_curve_resnet18_tf_0_0.03/nested_cv_random/resnet18/repeat_10_fold_5_metrics.csv,6,2,resnet18,"[0, 0.03]",C2,Accuracy at 99% Specificity,0.7131818181818181
/scratchc/nrlab/wang04/ulyses_results_iteration/iteration_3_merge_below_3/cnn_model/cnn14/plasma_tp1_0.1x_model_C2/roc_curve_resnet18_tf_0_0.03/nested_cv_random/resnet18/repeat_10_fold_5_metrics.csv,6,2,resnet18,"[0, 0.03]",C2,F1 at 99% Specificity,0.6075949367088608
/scratchc/nrlab/wang04/ulyses_results_iteration/iteration_3_merge_below_3/cnn_model/cnn14/plasma_tp1_0.1x_model_C2/roc_curve_resnet18_tf_0_0.03/nested_cv_random/resnet18/repeat_10_fold_5_metrics.csv,6,2,resnet18,"[0, 0.03]",C2,Sensitivity at 98% Specificity,0.43636363636363634
/scratchc/nrlab/wang04/ulyses_results_iteration/iteration_3_merge_below_3/cnn_model/cnn14/plasma_tp1_0.1x_model_C2/roc_curve_resnet18_tf_0_0.03/nested_cv_random/resnet18/repeat_10_fold_5_metrics.csv,6,2,resnet18,"[0, 0.03]",C2,PPV at 98% Specificity,1
/scratchc/nrlab/wang04/ulyses_results_iteration/iteration_3_merge_below_3/cnn_model/cnn14/plasma_tp1_0.1x_model_C2/roc_curve_resnet18_tf_0_0.03/nested_cv_random/resnet18/repeat_10_fold_5_metrics.csv,6,2,resnet18,"[0, 0.03]",C2,Accuracy at 98% Specificity,0.7081818181818181
/scratchc/nrlab/wang04/ulyses_results_iteration/iteration_3_merge_below_3/cnn_model/cnn14/plasma_tp1_0.1x_model_C2/roc_curve_resnet18_tf_0_0.03/nested_cv_random/resnet18/repeat_10_fold_5_metrics.csv,6,2,resnet18,"[0, 0.03]",C2,F1 at 98% Specificity,0.6075949367088608
/scratchc/nrlab/wang04/ulyses_results_iteration/iteration_3_merge_below_3/cnn_model/cnn14/plasma_tp1_0.1x_model_C2/roc_curve_resnet18_tf_0_0.03/nested_cv_random/resnet18/repeat_10_fold_5_metrics.csv,6,2,resnet18,"[0, 0.03]",C2,Sensitivity at 95% Specificity,0.5
/scratchc/nrlab/wang04/ulyses_results_iteration/iteration_3_merge_below_3/cnn_model/cnn14/plasma_tp1_0.1x_model_C2/roc_curve_resnet18_tf_0_0.03/nested_cv_random/resnet18/repeat_10_fold_5_metrics.csv,6,2,resnet18,"[0, 0.03]",C2,PPV at 95% Specificity,0.9649122807017544
/scratchc/nrlab/wang04/ulyses_results_iteration/iteration_3_merge_below_3/cnn_model/cnn14/plasma_tp1_0.1x_model_C2/roc_curve_resnet18_tf_0_0.03/nested_cv_random/resnet18/repeat_10_fold_5_metrics.csv,6,2,resnet18,"[0, 0.03]",C2,Accuracy at 95% Specificity,0.7096774193548387
/scratchc/nrlab/wang04/ulyses_results_iteration/iteration_3_merge_below_3/cnn_model/cnn14/plasma_tp1_0.1x_model_C2/roc_curve_resnet18_tf_0_0.03/nested_cv_random/resnet18/repeat_10_fold_5_metrics.csv,6,2,resnet18,"[0, 0.03]",C2,F1 at 95% Specificity,0.6586826347305389
/scratchc/nrlab/wang04/ulyses_results_iteration/iteration_3_merge_below_3/cnn_model/cnn14/plasma_tp1_0.1x_model_C2/roc_curve_resnet18_tf_0_0.03/nested_cv_random/resnet18/repeat_10_fold_5_metrics.csv,6,3,resnet18,"[0, 0.03]",C2,AUROC,0.8698777857656362
/scratchc/nrlab/wang04/ulyses_results_iteration/iteration_3_merge_below_3/cnn_model/cnn14/plasma_tp1_0.1x_model_C2/roc_curve_resnet18_tf_0_0.03/nested_cv_random/resnet18/repeat_10_fold_5_metrics.csv,6,3,resnet18,"[0, 0.03]",C2,AUPRC,0.9225256044771656
/scratchc/nrlab/wang04/ulyses_results_iteration/iteration_3_merge_below_3/cnn_model/cnn14/plasma_tp1_0.1x_model_C2/roc_curve_resnet18_tf_0_0.03/nested_cv_random/resnet18/repeat_10_fold_5_metrics.csv,6,3,resnet18,"[0, 0.03]",C2,Sensitivity at 99% Specificity,0.3644859813084112
/scratchc/nrlab/wang04/ulyses_results_iteration/iteration_3_merge_below_3/cnn_model/cnn14/plasma_tp1_0.1x_model_C2/roc_curve_resnet18_tf_0_0.03/nested_cv_random/resnet18/repeat_10_fold_5_metrics.csv,6,3,resnet18,"[0, 0.03]",C2,PPV at 99% Specificity,1
/scratchc/nrlab/wang04/ulyses_results_iteration/iteration_3_merge_below_3/cnn_model/cnn14/plasma_tp1_0.1x_model_C2/roc_curve_resnet18_tf_0_0.03/nested_cv_random/resnet18/repeat_10_fold_5_metrics.csv,6,3,resnet18,"[0, 0.03]",C2,Accuracy at 99% Specificity,0.6772429906542056
/scratchc/nrlab/wang04/ulyses_results_iteration/iteration_3_merge_below_3/cnn_model/cnn14/plasma_tp1_0.1x_model_C2/roc_curve_resnet18_tf_0_0.03/nested_cv_random/resnet18/repeat_10_fold_5_metrics.csv,6,3,resnet18,"[0, 0.03]",C2,F1 at 99% Specificity,0.5342465753424658
/scratchc/nrlab/wang04/ulyses_results_iteration/iteration_3_merge_below_3/cnn_model/cnn14/plasma_tp1_0.1x_model_C2/roc_curve_resnet18_tf_0_0.03/nested_cv_random/resnet18/repeat_10_fold_5_metrics.csv,6,3,resnet18,"[0, 0.03]",C2,Sensitivity at 98% Specificity,0.3644859813084112
/scratchc/nrlab/wang04/ulyses_results_iteration/iteration_3_merge_below_3/cnn_model/cnn14/plasma_tp1_0.1x_model_C2/roc_curve_resnet18_tf_0_0.03/nested_cv_random/resnet18/repeat_10_fold_5_metrics.csv,6,3,resnet18,"[0, 0.03]",C2,PPV at 98% Specificity,1
/scratchc/nrlab/wang04/ulyses_results_iteration/iteration_3_merge_below_3/cnn_model/cnn14/plasma_tp1_0.1x_model_C2/roc_curve_resnet18_tf_0_0.03/nested_cv_random/resnet18/repeat_10_fold_5_metrics.csv,6,3,resnet18,"[0, 0.03]",C2,Accuracy at 98% Specificity,0.6722429906542056
/scratchc/nrlab/wang04/ulyses_results_iteration/iteration_3_merge_below_3/cnn_model/cnn14/plasma_tp1_0.1x_model_C2/roc_curve_resnet18_tf_0_0.03/nested_cv_random/resnet18/repeat_10_fold_5_metrics.csv,6,3,resnet18,"[0, 0.03]",C2,F1 at 98% Specificity,0.5342465753424658
/scratchc/nrlab/wang04/ulyses_results_iteration/iteration_3_merge_below_3/cnn_model/cnn14/plasma_tp1_0.1x_model_C2/roc_curve_resnet18_tf_0_0.03/nested_cv_random/resnet18/repeat_10_fold_5_metrics.csv,6,3,resnet18,"[0, 0.03]",C2,Sensitivity at 95% Specificity,0.48598130841121495
/scratchc/nrlab/wang04/ulyses_results_iteration/iteration_3_merge_below_3/cnn_model/cnn14/plasma_tp1_0.1x_model_C2/roc_curve_resnet18_tf_0_0.03/nested_cv_random/resnet18/repeat_10_fold_5_metrics.csv,6,3,resnet18,"[0, 0.03]",C2,PPV at 95% Specificity,0.9629629629629628
/scratchc/nrlab/wang04/ulyses_results_iteration/iteration_3_merge_below_3/cnn_model/cnn14/plasma_tp1_0.1x_model_C2/roc_curve_resnet18_tf_0_0.03/nested_cv_random/resnet18/repeat_10_fold_5_metrics.csv,6,3,resnet18,"[0, 0.03]",C2,Accuracy at 95% Specificity,0.7033752695902228
/scratchc/nrlab/wang04/ulyses_results_iteration/iteration_3_merge_below_3/cnn_model/cnn14/plasma_tp1_0.1x_model_C2/roc_curve_resnet18_tf_0_0.03/nested_cv_random/resnet18/repeat_10_fold_5_metrics.csv,6,3,resnet18,"[0, 0.03]",C2,F1 at 95% Specificity,0.6459627329192547
/scratchc/nrlab/wang04/ulyses_results_iteration/iteration_3_merge_below_3/cnn_model/cnn14/plasma_tp1_0.1x_model_C2/roc_curve_resnet18_tf_0_0.03/nested_cv_random/resnet18/repeat_10_fold_5_metrics.csv,6,4,resnet18,"[0, 0.03]",C2,AUROC,0.8718463302752295
/scratchc/nrlab/wang04/ulyses_results_iteration/iteration_3_merge_below_3/cnn_model/cnn14/plasma_tp1_0.1x_model_C2/roc_curve_resnet18_tf_0_0.03/nested_cv_random/resnet18/repeat_10_fold_5_metrics.csv,6,4,resnet18,"[0, 0.03]",C2,AUPRC,0.9207133026086628
/scratchc/nrlab/wang04/ulyses_results_iteration/iteration_3_merge_below_3/cnn_model/cnn14/plasma_tp1_0.1x_model_C2/roc_curve_resnet18_tf_0_0.03/nested_cv_random/resnet18/repeat_10_fold_5_metrics.csv,6,4,resnet18,"[0, 0.03]",C2,Sensitivity at 99% Specificity,0.29357798165137616
/scratchc/nrlab/wang04/ulyses_results_iteration/iteration_3_merge_below_3/cnn_model/cnn14/plasma_tp1_0.1x_model_C2/roc_curve_resnet18_tf_0_0.03/nested_cv_random/resnet18/repeat_10_fold_5_metrics.csv,6,4,resnet18,"[0, 0.03]",C2,PPV at 99% Specificity,1
/scratchc/nrlab/wang04/ulyses_results_iteration/iteration_3_merge_below_3/cnn_model/cnn14/plasma_tp1_0.1x_model_C2/roc_curve_resnet18_tf_0_0.03/nested_cv_random/resnet18/repeat_10_fold_5_metrics.csv,6,4,resnet18,"[0, 0.03]",C2,Accuracy at 99% Specificity,0.6417889908256881
/scratchc/nrlab/wang04/ulyses_results_iteration/iteration_3_merge_below_3/cnn_model/cnn14/plasma_tp1_0.1x_model_C2/roc_curve_resnet18_tf_0_0.03/nested_cv_random/resnet18/repeat_10_fold_5_metrics.csv,6,4,resnet18,"[0, 0.03]",C2,F1 at 99% Specificity,0.45390070921985815
/scratchc/nrlab/wang04/ulyses_results_iteration/iteration_3_merge_below_3/cnn_model/cnn14/plasma_tp1_0.1x_model_C2/roc_curve_resnet18_tf_0_0.03/nested_cv_random/resnet18/repeat_10_fold_5_metrics.csv,6,4,resnet18,"[0, 0.03]",C2,Sensitivity at 98% Specificity,0.29357798165137616
/scratchc/nrlab/wang04/ulyses_results_iteration/iteration_3_merge_below_3/cnn_model/cnn14/plasma_tp1_0.1x_model_C2/roc_curve_resnet18_tf_0_0.03/nested_cv_random/resnet18/repeat_10_fold_5_metrics.csv,6,4,resnet18,"[0, 0.03]",C2,PPV at 98% Specificity,1
/scratchc/nrlab/wang04/ulyses_results_iteration/iteration_3_merge_below_3/cnn_model/cnn14/plasma_tp1_0.1x_model_C2/roc_curve_resnet18_tf_0_0.03/nested_cv_random/resnet18/repeat_10_fold_5_metrics.csv,6,4,resnet18,"[0, 0.03]",C2,Accuracy at 98% Specificity,0.6367889908256881
/scratchc/nrlab/wang04/ulyses_results_iteration/iteration_3_merge_below_3/cnn_model/cnn14/plasma_tp1_0.1x_model_C2/roc_curve_resnet18_tf_0_0.03/nested_cv_random/resnet18/repeat_10_fold_5_metrics.csv,6,4,resnet18,"[0, 0.03]",C2,F1 at 98% Specificity,0.45390070921985815
/scratchc/nrlab/wang04/ulyses_results_iteration/iteration_3_merge_below_3/cnn_model/cnn14/plasma_tp1_0.1x_model_C2/roc_curve_resnet18_tf_0_0.03/nested_cv_random/resnet18/repeat_10_fold_5_metrics.csv,6,4,resnet18,"[0, 0.03]",C2,Sensitivity at 95% Specificity,0.48623853211009177
/scratchc/nrlab/wang04/ulyses_results_iteration/iteration_3_merge_below_3/cnn_model/cnn14/plasma_tp1_0.1x_model_C2/roc_curve_resnet18_tf_0_0.03/nested_cv_random/resnet18/repeat_10_fold_5_metrics.csv,6,4,resnet18,"[0, 0.03]",C2,PPV at 95% Specificity,0.9636363636363636
/scratchc/nrlab/wang04/ulyses_results_iteration/iteration_3_merge_below_3/cnn_model/cnn14/plasma_tp1_0.1x_model_C2/roc_curve_resnet18_tf_0_0.03/nested_cv_random/resnet18/repeat_10_fold_5_metrics.csv,6,4,resnet18,"[0, 0.03]",C2,Accuracy at 95% Specificity,0.7032755160550459
/scratchc/nrlab/wang04/ulyses_results_iteration/iteration_3_merge_below_3/cnn_model/cnn14/plasma_tp1_0.1x_model_C2/roc_curve_resnet18_tf_0_0.03/nested_cv_random/resnet18/repeat_10_fold_5_metrics.csv,6,4,resnet18,"[0, 0.03]",C2,F1 at 95% Specificity,0.6463414634146342
/scratchc/nrlab/wang04/ulyses_results_iteration/iteration_3_merge_below_3/cnn_model/cnn14/plasma_tp1_0.1x_model_C2/roc_curve_resnet18_tf_0_0.03/nested_cv_random/resnet18/repeat_10_fold_5_metrics.csv,6,5,resnet18,"[0, 0.03]",C2,AUROC,0.9028016009148084
/scratchc/nrlab/wang04/ulyses_results_iteration/iteration_3_merge_below_3/cnn_model/cnn14/plasma_tp1_0.1x_model_C2/roc_curve_resnet18_tf_0_0.03/nested_cv_random/resnet18/repeat_10_fold_5_metrics.csv,6,5,resnet18,"[0, 0.03]",C2,AUPRC,0.9441545666645346
/scratchc/nrlab/wang04/ulyses_results_iteration/iteration_3_merge_below_3/cnn_model/cnn14/plasma_tp1_0.1x_model_C2/roc_curve_resnet18_tf_0_0.03/nested_cv_random/resnet18/repeat_10_fold_5_metrics.csv,6,5,resnet18,"[0, 0.03]",C2,Sensitivity at 99% Specificity,0.5660377358490566
/scratchc/nrlab/wang04/ulyses_results_iteration/iteration_3_merge_below_3/cnn_model/cnn14/plasma_tp1_0.1x_model_C2/roc_curve_resnet18_tf_0_0.03/nested_cv_random/resnet18/repeat_10_fold_5_metrics.csv,6,5,resnet18,"[0, 0.03]",C2,PPV at 99% Specificity,1
/scratchc/nrlab/wang04/ulyses_results_iteration/iteration_3_merge_below_3/cnn_model/cnn14/plasma_tp1_0.1x_model_C2/roc_curve_resnet18_tf_0_0.03/nested_cv_random/resnet18/repeat_10_fold_5_metrics.csv,6,5,resnet18,"[0, 0.03]",C2,Accuracy at 99% Specificity,0.7780188679245283
/scratchc/nrlab/wang04/ulyses_results_iteration/iteration_3_merge_below_3/cnn_model/cnn14/plasma_tp1_0.1x_model_C2/roc_curve_resnet18_tf_0_0.03/nested_cv_random/resnet18/repeat_10_fold_5_metrics.csv,6,5,resnet18,"[0, 0.03]",C2,F1 at 99% Specificity,0.7228915662650602
/scratchc/nrlab/wang04/ulyses_results_iteration/iteration_3_merge_below_3/cnn_model/cnn14/plasma_tp1_0.1x_model_C2/roc_curve_resnet18_tf_0_0.03/nested_cv_random/resnet18/repeat_10_fold_5_metrics.csv,6,5,resnet18,"[0, 0.03]",C2,Sensitivity at 98% Specificity,0.5660377358490566
/scratchc/nrlab/wang04/ulyses_results_iteration/iteration_3_merge_below_3/cnn_model/cnn14/plasma_tp1_0.1x_model_C2/roc_curve_resnet18_tf_0_0.03/nested_cv_random/resnet18/repeat_10_fold_5_metrics.csv,6,5,resnet18,"[0, 0.03]",C2,PPV at 98% Specificity,1
/scratchc/nrlab/wang04/ulyses_results_iteration/iteration_3_merge_below_3/cnn_model/cnn14/plasma_tp1_0.1x_model_C2/roc_curve_resnet18_tf_0_0.03/nested_cv_random/resnet18/repeat_10_fold_5_metrics.csv,6,5,resnet18,"[0, 0.03]",C2,Accuracy at 98% Specificity,0.7730188679245282
/scratchc/nrlab/wang04/ulyses_results_iteration/iteration_3_merge_below_3/cnn_model/cnn14/plasma_tp1_0.1x_model_C2/roc_curve_resnet18_tf_0_0.03/nested_cv_random/resnet18/repeat_10_fold_5_metrics.csv,6,5,resnet18,"[0, 0.03]",C2,F1 at 98% Specificity,0.7228915662650602
/scratchc/nrlab/wang04/ulyses_results_iteration/iteration_3_merge_below_3/cnn_model/cnn14/plasma_tp1_0.1x_model_C2/roc_curve_resnet18_tf_0_0.03/nested_cv_random/resnet18/repeat_10_fold_5_metrics.csv,6,5,resnet18,"[0, 0.03]",C2,Sensitivity at 95% Specificity,0.6320754716981132
/scratchc/nrlab/wang04/ulyses_results_iteration/iteration_3_merge_below_3/cnn_model/cnn14/plasma_tp1_0.1x_model_C2/roc_curve_resnet18_tf_0_0.03/nested_cv_random/resnet18/repeat_10_fold_5_metrics.csv,6,5,resnet18,"[0, 0.03]",C2,PPV at 95% Specificity,0.9710144927536232
/scratchc/nrlab/wang04/ulyses_results_iteration/iteration_3_merge_below_3/cnn_model/cnn14/plasma_tp1_0.1x_model_C2/roc_curve_resnet18_tf_0_0.03/nested_cv_random/resnet18/repeat_10_fold_5_metrics.csv,6,5,resnet18,"[0, 0.03]",C2,Accuracy at 95% Specificity,0.7766437964551172
/scratchc/nrlab/wang04/ulyses_results_iteration/iteration_3_merge_below_3/cnn_model/cnn14/plasma_tp1_0.1x_model_C2/roc_curve_resnet18_tf_0_0.03/nested_cv_random/resnet18/repeat_10_fold_5_metrics.csv,6,5,resnet18,"[0, 0.03]",C2,F1 at 95% Specificity,0.7657142857142857
/scratchc/nrlab/wang04/ulyses_results_iteration/iteration_3_merge_below_3/cnn_model/cnn14/plasma_tp1_0.1x_model_C2/roc_curve_resnet18_tf_0_0.03/nested_cv_random/resnet18/repeat_10_fold_5_metrics.csv,7,2,resnet18,"[0, 0.03]",C2,AUROC,0.8853630646083477
/scratchc/nrlab/wang04/ulyses_results_iteration/iteration_3_merge_below_3/cnn_model/cnn14/plasma_tp1_0.1x_model_C2/roc_curve_resnet18_tf_0_0.03/nested_cv_random/resnet18/repeat_10_fold_5_metrics.csv,7,2,resnet18,"[0, 0.03]",C2,AUPRC,0.9168536881129667
/scratchc/nrlab/wang04/ulyses_results_iteration/iteration_3_merge_below_3/cnn_model/cnn14/plasma_tp1_0.1x_model_C2/roc_curve_resnet18_tf_0_0.03/nested_cv_random/resnet18/repeat_10_fold_5_metrics.csv,7,2,resnet18,"[0, 0.03]",C2,Sensitivity at 99% Specificity,0.07547169811320754
/scratchc/nrlab/wang04/ulyses_results_iteration/iteration_3_merge_below_3/cnn_model/cnn14/plasma_tp1_0.1x_model_C2/roc_curve_resnet18_tf_0_0.03/nested_cv_random/resnet18/repeat_10_fold_5_metrics.csv,7,2,resnet18,"[0, 0.03]",C2,PPV at 99% Specificity,1
/scratchc/nrlab/wang04/ulyses_results_iteration/iteration_3_merge_below_3/cnn_model/cnn14/plasma_tp1_0.1x_model_C2/roc_curve_resnet18_tf_0_0.03/nested_cv_random/resnet18/repeat_10_fold_5_metrics.csv,7,2,resnet18,"[0, 0.03]",C2,Accuracy at 99% Specificity,0.5327358490566038
/scratchc/nrlab/wang04/ulyses_results_iteration/iteration_3_merge_below_3/cnn_model/cnn14/plasma_tp1_0.1x_model_C2/roc_curve_resnet18_tf_0_0.03/nested_cv_random/resnet18/repeat_10_fold_5_metrics.csv,7,2,resnet18,"[0, 0.03]",C2,F1 at 99% Specificity,0.14035087719298245
/scratchc/nrlab/wang04/ulyses_results_iteration/iteration_3_merge_below_3/cnn_model/cnn14/plasma_tp1_0.1x_model_C2/roc_curve_resnet18_tf_0_0.03/nested_cv_random/resnet18/repeat_10_fold_5_metrics.csv,7,2,resnet18,"[0, 0.03]",C2,Sensitivity at 98% Specificity,0.07547169811320754
/scratchc/nrlab/wang04/ulyses_results_iteration/iteration_3_merge_below_3/cnn_model/cnn14/plasma_tp1_0.1x_model_C2/roc_curve_resnet18_tf_0_0.03/nested_cv_random/resnet18/repeat_10_fold_5_metrics.csv,7,2,resnet18,"[0, 0.03]",C2,PPV at 98% Specificity,1
/scratchc/nrlab/wang04/ulyses_results_iteration/iteration_3_merge_below_3/cnn_model/cnn14/plasma_tp1_0.1x_model_C2/roc_curve_resnet18_tf_0_0.03/nested_cv_random/resnet18/repeat_10_fold_5_metrics.csv,7,2,resnet18,"[0, 0.03]",C2,Accuracy at 98% Specificity,0.5277358490566038
/scratchc/nrlab/wang04/ulyses_results_iteration/iteration_3_merge_below_3/cnn_model/cnn14/plasma_tp1_0.1x_model_C2/roc_curve_resnet18_tf_0_0.03/nested_cv_random/resnet18/repeat_10_fold_5_metrics.csv,7,2,resnet18,"[0, 0.03]",C2,F1 at 98% Specificity,0.14035087719298245
/scratchc/nrlab/wang04/ulyses_results_iteration/iteration_3_merge_below_3/cnn_model/cnn14/plasma_tp1_0.1x_model_C2/roc_curve_resnet18_tf_0_0.03/nested_cv_random/resnet18/repeat_10_fold_5_metrics.csv,7,2,resnet18,"[0, 0.03]",C2,Sensitivity at 95% Specificity,0.4528301886792453
/scratchc/nrlab/wang04/ulyses_results_iteration/iteration_3_merge_below_3/cnn_model/cnn14/plasma_tp1_0.1x_model_C2/roc_curve_resnet18_tf_0_0.03/nested_cv_random/resnet18/repeat_10_fold_5_metrics.csv,7,2,resnet18,"[0, 0.03]",C2,PPV at 95% Specificity,0.979591836734694
/scratchc/nrlab/wang04/ulyses_results_iteration/iteration_3_merge_below_3/cnn_model/cnn14/plasma_tp1_0.1x_model_C2/roc_curve_resnet18_tf_0_0.03/nested_cv_random/resnet18/repeat_10_fold_5_metrics.csv,7,2,resnet18,"[0, 0.03]",C2,Accuracy at 95% Specificity,0.6942181246426529
/scratchc/nrlab/wang04/ulyses_results_iteration/iteration_3_merge_below_3/cnn_model/cnn14/plasma_tp1_0.1x_model_C2/roc_curve_resnet18_tf_0_0.03/nested_cv_random/resnet18/repeat_10_fold_5_metrics.csv,7,2,resnet18,"[0, 0.03]",C2,F1 at 95% Specificity,0.6193548387096774
/scratchc/nrlab/wang04/ulyses_results_iteration/iteration_3_merge_below_3/cnn_model/cnn14/plasma_tp1_0.1x_model_C2/roc_curve_resnet18_tf_0_0.03/nested_cv_random/resnet18/repeat_10_fold_5_metrics.csv,7,3,resnet18,"[0, 0.03]",C2,AUROC,0.8906894100923951
/scratchc/nrlab/wang04/ulyses_results_iteration/iteration_3_merge_below_3/cnn_model/cnn14/plasma_tp1_0.1x_model_C2/roc_curve_resnet18_tf_0_0.03/nested_cv_random/resnet18/repeat_10_fold_5_metrics.csv,7,3,resnet18,"[0, 0.03]",C2,AUPRC,0.9184918373604132
/scratchc/nrlab/wang04/ulyses_results_iteration/iteration_3_merge_below_3/cnn_model/cnn14/plasma_tp1_0.1x_model_C2/roc_curve_resnet18_tf_0_0.03/nested_cv_random/resnet18/repeat_10_fold_5_metrics.csv,7,3,resnet18,"[0, 0.03]",C2,Sensitivity at 99% Specificity,0.14285714285714285
/scratchc/nrlab/wang04/ulyses_results_iteration/iteration_3_merge_below_3/cnn_model/cnn14/plasma_tp1_0.1x_model_C2/roc_curve_resnet18_tf_0_0.03/nested_cv_random/resnet18/repeat_10_fold_5_metrics.csv,7,3,resnet18,"[0, 0.03]",C2,PPV at 99% Specificity,1
/scratchc/nrlab/wang04/ulyses_results_iteration/iteration_3_merge_below_3/cnn_model/cnn14/plasma_tp1_0.1x_model_C2/roc_curve_resnet18_tf_0_0.03/nested_cv_random/resnet18/repeat_10_fold_5_metrics.csv,7,3,resnet18,"[0, 0.03]",C2,Accuracy at 99% Specificity,0.5664285714285714
/scratchc/nrlab/wang04/ulyses_results_iteration/iteration_3_merge_below_3/cnn_model/cnn14/plasma_tp1_0.1x_model_C2/roc_curve_resnet18_tf_0_0.03/nested_cv_random/resnet18/repeat_10_fold_5_metrics.csv,7,3,resnet18,"[0, 0.03]",C2,F1 at 99% Specificity,0.25
/scratchc/nrlab/wang04/ulyses_results_iteration/iteration_3_merge_below_3/cnn_model/cnn14/plasma_tp1_0.1x_model_C2/roc_curve_resnet18_tf_0_0.03/nested_cv_random/resnet18/repeat_10_fold_5_metrics.csv,7,3,resnet18,"[0, 0.03]",C2,Sensitivity at 98% Specificity,0.14285714285714285
/scratchc/nrlab/wang04/ulyses_results_iteration/iteration_3_merge_below_3/cnn_model/cnn14/plasma_tp1_0.1x_model_C2/roc_curve_resnet18_tf_0_0.03/nested_cv_random/resnet18/repeat_10_fold_5_metrics.csv,7,3,resnet18,"[0, 0.03]",C2,PPV at 98% Specificity,1
/scratchc/nrlab/wang04/ulyses_results_iteration/iteration_3_merge_below_3/cnn_model/cnn14/plasma_tp1_0.1x_model_C2/roc_curve_resnet18_tf_0_0.03/nested_cv_random/resnet18/repeat_10_fold_5_metrics.csv,7,3,resnet18,"[0, 0.03]",C2,Accuracy at 98% Specificity,0.5614285714285714
/scratchc/nrlab/wang04/ulyses_results_iteration/iteration_3_merge_below_3/cnn_model/cnn14/plasma_tp1_0.1x_model_C2/roc_curve_resnet18_tf_0_0.03/nested_cv_random/resnet18/repeat_10_fold_5_metrics.csv,7,3,resnet18,"[0, 0.03]",C2,F1 at 98% Specificity,0.25
/scratchc/nrlab/wang04/ulyses_results_iteration/iteration_3_merge_below_3/cnn_model/cnn14/plasma_tp1_0.1x_model_C2/roc_curve_resnet18_tf_0_0.03/nested_cv_random/resnet18/repeat_10_fold_5_metrics.csv,7,3,resnet18,"[0, 0.03]",C2,Sensitivity at 95% Specificity,0.3619047619047619
/scratchc/nrlab/wang04/ulyses_results_iteration/iteration_3_merge_below_3/cnn_model/cnn14/plasma_tp1_0.1x_model_C2/roc_curve_resnet18_tf_0_0.03/nested_cv_random/resnet18/repeat_10_fold_5_metrics.csv,7,3,resnet18,"[0, 0.03]",C2,PPV at 95% Specificity,0.95
/scratchc/nrlab/wang04/ulyses_results_iteration/iteration_3_merge_below_3/cnn_model/cnn14/plasma_tp1_0.1x_model_C2/roc_curve_resnet18_tf_0_0.03/nested_cv_random/resnet18/repeat_10_fold_5_metrics.csv,7,3,resnet18,"[0, 0.03]",C2,Accuracy at 95% Specificity,0.641773276474769
/scratchc/nrlab/wang04/ulyses_results_iteration/iteration_3_merge_below_3/cnn_model/cnn14/plasma_tp1_0.1x_model_C2/roc_curve_resnet18_tf_0_0.03/nested_cv_random/resnet18/repeat_10_fold_5_metrics.csv,7,3,resnet18,"[0, 0.03]",C2,F1 at 95% Specificity,0.5241379310344828
/scratchc/nrlab/wang04/ulyses_results_iteration/iteration_3_merge_below_3/cnn_model/cnn14/plasma_tp1_0.1x_model_C2/roc_curve_resnet18_tf_0_0.03/nested_cv_random/resnet18/repeat_10_fold_5_metrics.csv,7,4,resnet18,"[0, 0.03]",C2,AUROC,0.9056766055045872
/scratchc/nrlab/wang04/ulyses_results_iteration/iteration_3_merge_below_3/cnn_model/cnn14/plasma_tp1_0.1x_model_C2/roc_curve_resnet18_tf_0_0.03/nested_cv_random/resnet18/repeat_10_fold_5_metrics.csv,7,4,resnet18,"[0, 0.03]",C2,AUPRC,0.9460305871772414
/scratchc/nrlab/wang04/ulyses_results_iteration/iteration_3_merge_below_3/cnn_model/cnn14/plasma_tp1_0.1x_model_C2/roc_curve_resnet18_tf_0_0.03/nested_cv_random/resnet18/repeat_10_fold_5_metrics.csv,7,4,resnet18,"[0, 0.03]",C2,Sensitivity at 99% Specificity,0.5229357798165137
/scratchc/nrlab/wang04/ulyses_results_iteration/iteration_3_merge_below_3/cnn_model/cnn14/plasma_tp1_0.1x_model_C2/roc_curve_resnet18_tf_0_0.03/nested_cv_random/resnet18/repeat_10_fold_5_metrics.csv,7,4,resnet18,"[0, 0.03]",C2,PPV at 99% Specificity,1
/scratchc/nrlab/wang04/ulyses_results_iteration/iteration_3_merge_below_3/cnn_model/cnn14/plasma_tp1_0.1x_model_C2/roc_curve_resnet18_tf_0_0.03/nested_cv_random/resnet18/repeat_10_fold_5_metrics.csv,7,4,resnet18,"[0, 0.03]",C2,Accuracy at 99% Specificity,0.7564678899082569
/scratchc/nrlab/wang04/ulyses_results_iteration/iteration_3_merge_below_3/cnn_model/cnn14/plasma_tp1_0.1x_model_C2/roc_curve_resnet18_tf_0_0.03/nested_cv_random/resnet18/repeat_10_fold_5_metrics.csv,7,4,resnet18,"[0, 0.03]",C2,F1 at 99% Specificity,0.6867469879518072
/scratchc/nrlab/wang04/ulyses_results_iteration/iteration_3_merge_below_3/cnn_model/cnn14/plasma_tp1_0.1x_model_C2/roc_curve_resnet18_tf_0_0.03/nested_cv_random/resnet18/repeat_10_fold_5_metrics.csv,7,4,resnet18,"[0, 0.03]",C2,Sensitivity at 98% Specificity,0.5229357798165137
/scratchc/nrlab/wang04/ulyses_results_iteration/iteration_3_merge_below_3/cnn_model/cnn14/plasma_tp1_0.1x_model_C2/roc_curve_resnet18_tf_0_0.03/nested_cv_random/resnet18/repeat_10_fold_5_metrics.csv,7,4,resnet18,"[0, 0.03]",C2,PPV at 98% Specificity,1
/scratchc/nrlab/wang04/ulyses_results_iteration/iteration_3_merge_below_3/cnn_model/cnn14/plasma_tp1_0.1x_model_C2/roc_curve_resnet18_tf_0_0.03/nested_cv_random/resnet18/repeat_10_fold_5_metrics.csv,7,4,resnet18,"[0, 0.03]",C2,Accuracy at 98% Specificity,0.7514678899082569
/scratchc/nrlab/wang04/ulyses_results_iteration/iteration_3_merge_below_3/cnn_model/cnn14/plasma_tp1_0.1x_model_C2/roc_curve_resnet18_tf_0_0.03/nested_cv_random/resnet18/repeat_10_fold_5_metrics.csv,7,4,resnet18,"[0, 0.03]",C2,F1 at 98% Specificity,0.6867469879518072
/scratchc/nrlab/wang04/ulyses_results_iteration/iteration_3_merge_below_3/cnn_model/cnn14/plasma_tp1_0.1x_model_C2/roc_curve_resnet18_tf_0_0.03/nested_cv_random/resnet18/repeat_10_fold_5_metrics.csv,7,4,resnet18,"[0, 0.03]",C2,Sensitivity at 95% Specificity,0.5871559633027523
/scratchc/nrlab/wang04/ulyses_results_iteration/iteration_3_merge_below_3/cnn_model/cnn14/plasma_tp1_0.1x_model_C2/roc_curve_resnet18_tf_0_0.03/nested_cv_random/resnet18/repeat_10_fold_5_metrics.csv,7,4,resnet18,"[0, 0.03]",C2,PPV at 95% Specificity,0.9696969696969696
/scratchc/nrlab/wang04/ulyses_results_iteration/iteration_3_merge_below_3/cnn_model/cnn14/plasma_tp1_0.1x_model_C2/roc_curve_resnet18_tf_0_0.03/nested_cv_random/resnet18/repeat_10_fold_5_metrics.csv,7,4,resnet18,"[0, 0.03]",C2,Accuracy at 95% Specificity,0.7537342316513762
/scratchc/nrlab/wang04/ulyses_results_iteration/iteration_3_merge_below_3/cnn_model/cnn14/plasma_tp1_0.1x_model_C2/roc_curve_resnet18_tf_0_0.03/nested_cv_random/resnet18/repeat_10_fold_5_metrics.csv,7,4,resnet18,"[0, 0.03]",C2,F1 at 95% Specificity,0.7314285714285714
/scratchc/nrlab/wang04/ulyses_results_iteration/iteration_3_merge_below_3/cnn_model/cnn14/plasma_tp1_0.1x_model_C2/roc_curve_resnet18_tf_0_0.03/nested_cv_random/resnet18/repeat_10_fold_5_metrics.csv,7,5,resnet18,"[0, 0.03]",C2,AUROC,0.923256152613951
/scratchc/nrlab/wang04/ulyses_results_iteration/iteration_3_merge_below_3/cnn_model/cnn14/plasma_tp1_0.1x_model_C2/roc_curve_resnet18_tf_0_0.03/nested_cv_random/resnet18/repeat_10_fold_5_metrics.csv,7,5,resnet18,"[0, 0.03]",C2,AUPRC,0.9573059154887642
/scratchc/nrlab/wang04/ulyses_results_iteration/iteration_3_merge_below_3/cnn_model/cnn14/plasma_tp1_0.1x_model_C2/roc_curve_resnet18_tf_0_0.03/nested_cv_random/resnet18/repeat_10_fold_5_metrics.csv,7,5,resnet18,"[0, 0.03]",C2,Sensitivity at 99% Specificity,0.5596330275229358
/scratchc/nrlab/wang04/ulyses_results_iteration/iteration_3_merge_below_3/cnn_model/cnn14/plasma_tp1_0.1x_model_C2/roc_curve_resnet18_tf_0_0.03/nested_cv_random/resnet18/repeat_10_fold_5_metrics.csv,7,5,resnet18,"[0, 0.03]",C2,PPV at 99% Specificity,1
/scratchc/nrlab/wang04/ulyses_results_iteration/iteration_3_merge_below_3/cnn_model/cnn14/plasma_tp1_0.1x_model_C2/roc_curve_resnet18_tf_0_0.03/nested_cv_random/resnet18/repeat_10_fold_5_metrics.csv,7,5,resnet18,"[0, 0.03]",C2,Accuracy at 99% Specificity,0.7748165137614679
/scratchc/nrlab/wang04/ulyses_results_iteration/iteration_3_merge_below_3/cnn_model/cnn14/plasma_tp1_0.1x_model_C2/roc_curve_resnet18_tf_0_0.03/nested_cv_random/resnet18/repeat_10_fold_5_metrics.csv,7,5,resnet18,"[0, 0.03]",C2,F1 at 99% Specificity,0.7176470588235294
/scratchc/nrlab/wang04/ulyses_results_iteration/iteration_3_merge_below_3/cnn_model/cnn14/plasma_tp1_0.1x_model_C2/roc_curve_resnet18_tf_0_0.03/nested_cv_random/resnet18/repeat_10_fold_5_metrics.csv,7,5,resnet18,"[0, 0.03]",C2,Sensitivity at 98% Specificity,0.5596330275229358
/scratchc/nrlab/wang04/ulyses_results_iteration/iteration_3_merge_below_3/cnn_model/cnn14/plasma_tp1_0.1x_model_C2/roc_curve_resnet18_tf_0_0.03/nested_cv_random/resnet18/repeat_10_fold_5_metrics.csv,7,5,resnet18,"[0, 0.03]",C2,PPV at 98% Specificity,1
/scratchc/nrlab/wang04/ulyses_results_iteration/iteration_3_merge_below_3/cnn_model/cnn14/plasma_tp1_0.1x_model_C2/roc_curve_resnet18_tf_0_0.03/nested_cv_random/resnet18/repeat_10_fold_5_metrics.csv,7,5,resnet18,"[0, 0.03]",C2,Accuracy at 98% Specificity,0.7698165137614679
/scratchc/nrlab/wang04/ulyses_results_iteration/iteration_3_merge_below_3/cnn_model/cnn14/plasma_tp1_0.1x_model_C2/roc_curve_resnet18_tf_0_0.03/nested_cv_random/resnet18/repeat_10_fold_5_metrics.csv,7,5,resnet18,"[0, 0.03]",C2,F1 at 98% Specificity,0.7176470588235294
/scratchc/nrlab/wang04/ulyses_results_iteration/iteration_3_merge_below_3/cnn_model/cnn14/plasma_tp1_0.1x_model_C2/roc_curve_resnet18_tf_0_0.03/nested_cv_random/resnet18/repeat_10_fold_5_metrics.csv,7,5,resnet18,"[0, 0.03]",C2,Sensitivity at 95% Specificity,0.6146788990825688
/scratchc/nrlab/wang04/ulyses_results_iteration/iteration_3_merge_below_3/cnn_model/cnn14/plasma_tp1_0.1x_model_C2/roc_curve_resnet18_tf_0_0.03/nested_cv_random/resnet18/repeat_10_fold_5_metrics.csv,7,5,resnet18,"[0, 0.03]",C2,PPV at 95% Specificity,0.9710144927536232
/scratchc/nrlab/wang04/ulyses_results_iteration/iteration_3_merge_below_3/cnn_model/cnn14/plasma_tp1_0.1x_model_C2/roc_curve_resnet18_tf_0_0.03/nested_cv_random/resnet18/repeat_10_fold_5_metrics.csv,7,5,resnet18,"[0, 0.03]",C2,Accuracy at 95% Specificity,0.7672600844619193
/scratchc/nrlab/wang04/ulyses_results_iteration/iteration_3_merge_below_3/cnn_model/cnn14/plasma_tp1_0.1x_model_C2/roc_curve_resnet18_tf_0_0.03/nested_cv_random/resnet18/repeat_10_fold_5_metrics.csv,7,5,resnet18,"[0, 0.03]",C2,F1 at 95% Specificity,0.7528089887640449
/scratchc/nrlab/wang04/ulyses_results_iteration/iteration_3_merge_below_3/cnn_model/cnn14/plasma_tp1_0.1x_model_C2/roc_curve_resnet18_tf_0_0.03/nested_cv_random/resnet18/repeat_10_fold_5_metrics.csv,8,1,resnet18,"[0, 0.03]",C2,AUROC,0.9052706552706552
/scratchc/nrlab/wang04/ulyses_results_iteration/iteration_3_merge_below_3/cnn_model/cnn14/plasma_tp1_0.1x_model_C2/roc_curve_resnet18_tf_0_0.03/nested_cv_random/resnet18/repeat_10_fold_5_metrics.csv,8,1,resnet18,"[0, 0.03]",C2,AUPRC,0.9386466220024736
/scratchc/nrlab/wang04/ulyses_results_iteration/iteration_3_merge_below_3/cnn_model/cnn14/plasma_tp1_0.1x_model_C2/roc_curve_resnet18_tf_0_0.03/nested_cv_random/resnet18/repeat_10_fold_5_metrics.csv,8,1,resnet18,"[0, 0.03]",C2,Sensitivity at 99% Specificity,0.3148148148148148
/scratchc/nrlab/wang04/ulyses_results_iteration/iteration_3_merge_below_3/cnn_model/cnn14/plasma_tp1_0.1x_model_C2/roc_curve_resnet18_tf_0_0.03/nested_cv_random/resnet18/repeat_10_fold_5_metrics.csv,8,1,resnet18,"[0, 0.03]",C2,PPV at 99% Specificity,1
/scratchc/nrlab/wang04/ulyses_results_iteration/iteration_3_merge_below_3/cnn_model/cnn14/plasma_tp1_0.1x_model_C2/roc_curve_resnet18_tf_0_0.03/nested_cv_random/resnet18/repeat_10_fold_5_metrics.csv,8,1,resnet18,"[0, 0.03]",C2,Accuracy at 99% Specificity,0.6524074074074074
/scratchc/nrlab/wang04/ulyses_results_iteration/iteration_3_merge_below_3/cnn_model/cnn14/plasma_tp1_0.1x_model_C2/roc_curve_resnet18_tf_0_0.03/nested_cv_random/resnet18/repeat_10_fold_5_metrics.csv,8,1,resnet18,"[0, 0.03]",C2,F1 at 99% Specificity,0.4788732394366197
/scratchc/nrlab/wang04/ulyses_results_iteration/iteration_3_merge_below_3/cnn_model/cnn14/plasma_tp1_0.1x_model_C2/roc_curve_resnet18_tf_0_0.03/nested_cv_random/resnet18/repeat_10_fold_5_metrics.csv,8,1,resnet18,"[0, 0.03]",C2,Sensitivity at 98% Specificity,0.3148148148148148
/scratchc/nrlab/wang04/ulyses_results_iteration/iteration_3_merge_below_3/cnn_model/cnn14/plasma_tp1_0.1x_model_C2/roc_curve_resnet18_tf_0_0.03/nested_cv_random/resnet18/repeat_10_fold_5_metrics.csv,8,1,resnet18,"[0, 0.03]",C2,PPV at 98% Specificity,1
/scratchc/nrlab/wang04/ulyses_results_iteration/iteration_3_merge_below_3/cnn_model/cnn14/plasma_tp1_0.1x_model_C2/roc_curve_resnet18_tf_0_0.03/nested_cv_random/resnet18/repeat_10_fold_5_metrics.csv,8,1,resnet18,"[0, 0.03]",C2,Accuracy at 98% Specificity,0.6474074074074074
/scratchc/nrlab/wang04/ulyses_results_iteration/iteration_3_merge_below_3/cnn_model/cnn14/plasma_tp1_0.1x_model_C2/roc_curve_resnet18_tf_0_0.03/nested_cv_random/resnet18/repeat_10_fold_5_metrics.csv,8,1,resnet18,"[0, 0.03]",C2,F1 at 98% Specificity,0.4788732394366197
/scratchc/nrlab/wang04/ulyses_results_iteration/iteration_3_merge_below_3/cnn_model/cnn14/plasma_tp1_0.1x_model_C2/roc_curve_resnet18_tf_0_0.03/nested_cv_random/resnet18/repeat_10_fold_5_metrics.csv,8,1,resnet18,"[0, 0.03]",C2,Sensitivity at 95% Specificity,0.3888888888888889
/scratchc/nrlab/wang04/ulyses_results_iteration/iteration_3_merge_below_3/cnn_model/cnn14/plasma_tp1_0.1x_model_C2/roc_curve_resnet18_tf_0_0.03/nested_cv_random/resnet18/repeat_10_fold_5_metrics.csv,8,1,resnet18,"[0, 0.03]",C2,PPV at 95% Specificity,0.9545454545454546
/scratchc/nrlab/wang04/ulyses_results_iteration/iteration_3_merge_below_3/cnn_model/cnn14/plasma_tp1_0.1x_model_C2/roc_curve_resnet18_tf_0_0.03/nested_cv_random/resnet18/repeat_10_fold_5_metrics.csv,8,1,resnet18,"[0, 0.03]",C2,Accuracy at 95% Specificity,0.6548290598290598
/scratchc/nrlab/wang04/ulyses_results_iteration/iteration_3_merge_below_3/cnn_model/cnn14/plasma_tp1_0.1x_model_C2/roc_curve_resnet18_tf_0_0.03/nested_cv_random/resnet18/repeat_10_fold_5_metrics.csv,8,1,resnet18,"[0, 0.03]",C2,F1 at 95% Specificity,0.5526315789473685
/scratchc/nrlab/wang04/ulyses_results_iteration/iteration_3_merge_below_3/cnn_model/cnn14/plasma_tp1_0.1x_model_C2/roc_curve_resnet18_tf_0_0.03/nested_cv_random/resnet18/repeat_10_fold_5_metrics.csv,8,2,resnet18,"[0, 0.03]",C2,AUROC,0.8646369353916524
/scratchc/nrlab/wang04/ulyses_results_iteration/iteration_3_merge_below_3/cnn_model/cnn14/plasma_tp1_0.1x_model_C2/roc_curve_resnet18_tf_0_0.03/nested_cv_random/resnet18/repeat_10_fold_5_metrics.csv,8,2,resnet18,"[0, 0.03]",C2,AUPRC,0.9042436969231032
/scratchc/nrlab/wang04/ulyses_results_iteration/iteration_3_merge_below_3/cnn_model/cnn14/plasma_tp1_0.1x_model_C2/roc_curve_resnet18_tf_0_0.03/nested_cv_random/resnet18/repeat_10_fold_5_metrics.csv,8,2,resnet18,"[0, 0.03]",C2,Sensitivity at 99% Specificity,0.16037735849056603
/scratchc/nrlab/wang04/ulyses_results_iteration/iteration_3_merge_below_3/cnn_model/cnn14/plasma_tp1_0.1x_model_C2/roc_curve_resnet18_tf_0_0.03/nested_cv_random/resnet18/repeat_10_fold_5_metrics.csv,8,2,resnet18,"[0, 0.03]",C2,PPV at 99% Specificity,1
/scratchc/nrlab/wang04/ulyses_results_iteration/iteration_3_merge_below_3/cnn_model/cnn14/plasma_tp1_0.1x_model_C2/roc_curve_resnet18_tf_0_0.03/nested_cv_random/resnet18/repeat_10_fold_5_metrics.csv,8,2,resnet18,"[0, 0.03]",C2,Accuracy at 99% Specificity,0.575188679245283
/scratchc/nrlab/wang04/ulyses_results_iteration/iteration_3_merge_below_3/cnn_model/cnn14/plasma_tp1_0.1x_model_C2/roc_curve_resnet18_tf_0_0.03/nested_cv_random/resnet18/repeat_10_fold_5_metrics.csv,8,2,resnet18,"[0, 0.03]",C2,F1 at 99% Specificity,0.2764227642276423
/scratchc/nrlab/wang04/ulyses_results_iteration/iteration_3_merge_below_3/cnn_model/cnn14/plasma_tp1_0.1x_model_C2/roc_curve_resnet18_tf_0_0.03/nested_cv_random/resnet18/repeat_10_fold_5_metrics.csv,8,2,resnet18,"[0, 0.03]",C2,Sensitivity at 98% Specificity,0.16037735849056603
/scratchc/nrlab/wang04/ulyses_results_iteration/iteration_3_merge_below_3/cnn_model/cnn14/plasma_tp1_0.1x_model_C2/roc_curve_resnet18_tf_0_0.03/nested_cv_random/resnet18/repeat_10_fold_5_metrics.csv,8,2,resnet18,"[0, 0.03]",C2,PPV at 98% Specificity,1
/scratchc/nrlab/wang04/ulyses_results_iteration/iteration_3_merge_below_3/cnn_model/cnn14/plasma_tp1_0.1x_model_C2/roc_curve_resnet18_tf_0_0.03/nested_cv_random/resnet18/repeat_10_fold_5_metrics.csv,8,2,resnet18,"[0, 0.03]",C2,Accuracy at 98% Specificity,0.570188679245283
/scratchc/nrlab/wang04/ulyses_results_iteration/iteration_3_merge_below_3/cnn_model/cnn14/plasma_tp1_0.1x_model_C2/roc_curve_resnet18_tf_0_0.03/nested_cv_random/resnet18/repeat_10_fold_5_metrics.csv,8,2,resnet18,"[0, 0.03]",C2,F1 at 98% Specificity,0.2764227642276423
/scratchc/nrlab/wang04/ulyses_results_iteration/iteration_3_merge_below_3/cnn_model/cnn14/plasma_tp1_0.1x_model_C2/roc_curve_resnet18_tf_0_0.03/nested_cv_random/resnet18/repeat_10_fold_5_metrics.csv,8,2,resnet18,"[0, 0.03]",C2,Sensitivity at 95% Specificity,0.27358490566037735
/scratchc/nrlab/wang04/ulyses_results_iteration/iteration_3_merge_below_3/cnn_model/cnn14/plasma_tp1_0.1x_model_C2/roc_curve_resnet18_tf_0_0.03/nested_cv_random/resnet18/repeat_10_fold_5_metrics.csv,8,2,resnet18,"[0, 0.03]",C2,PPV at 95% Specificity,0.935483870967742
/scratchc/nrlab/wang04/ulyses_results_iteration/iteration_3_merge_below_3/cnn_model/cnn14/plasma_tp1_0.1x_model_C2/roc_curve_resnet18_tf_0_0.03/nested_cv_random/resnet18/repeat_10_fold_5_metrics.csv,8,2,resnet18,"[0, 0.03]",C2,Accuracy at 95% Specificity,0.5973985134362493
/scratchc/nrlab/wang04/ulyses_results_iteration/iteration_3_merge_below_3/cnn_model/cnn14/plasma_tp1_0.1x_model_C2/roc_curve_resnet18_tf_0_0.03/nested_cv_random/resnet18/repeat_10_fold_5_metrics.csv,8,2,resnet18,"[0, 0.03]",C2,F1 at 95% Specificity,0.4233576642335766
/scratchc/nrlab/wang04/ulyses_results_iteration/iteration_3_merge_below_3/cnn_model/cnn14/plasma_tp1_0.1x_model_C2/roc_curve_resnet18_tf_0_0.03/nested_cv_random/resnet18/repeat_10_fold_5_metrics.csv,8,3,resnet18,"[0, 0.03]",C2,AUROC,0.8684399712437096
/scratchc/nrlab/wang04/ulyses_results_iteration/iteration_3_merge_below_3/cnn_model/cnn14/plasma_tp1_0.1x_model_C2/roc_curve_resnet18_tf_0_0.03/nested_cv_random/resnet18/repeat_10_fold_5_metrics.csv,8,3,resnet18,"[0, 0.03]",C2,AUPRC,0.9174328309559324
/scratchc/nrlab/wang04/ulyses_results_iteration/iteration_3_merge_below_3/cnn_model/cnn14/plasma_tp1_0.1x_model_C2/roc_curve_resnet18_tf_0_0.03/nested_cv_random/resnet18/repeat_10_fold_5_metrics.csv,8,3,resnet18,"[0, 0.03]",C2,Sensitivity at 99% Specificity,0.22429906542056072
/scratchc/nrlab/wang04/ulyses_results_iteration/iteration_3_merge_below_3/cnn_model/cnn14/plasma_tp1_0.1x_model_C2/roc_curve_resnet18_tf_0_0.03/nested_cv_random/resnet18/repeat_10_fold_5_metrics.csv,8,3,resnet18,"[0, 0.03]",C2,PPV at 99% Specificity,1
/scratchc/nrlab/wang04/ulyses_results_iteration/iteration_3_merge_below_3/cnn_model/cnn14/plasma_tp1_0.1x_model_C2/roc_curve_resnet18_tf_0_0.03/nested_cv_random/resnet18/repeat_10_fold_5_metrics.csv,8,3,resnet18,"[0, 0.03]",C2,Accuracy at 99% Specificity,0.6071495327102804
/scratchc/nrlab/wang04/ulyses_results_iteration/iteration_3_merge_below_3/cnn_model/cnn14/plasma_tp1_0.1x_model_C2/roc_curve_resnet18_tf_0_0.03/nested_cv_random/resnet18/repeat_10_fold_5_metrics.csv,8,3,resnet18,"[0, 0.03]",C2,F1 at 99% Specificity,0.366412213740458
/scratchc/nrlab/wang04/ulyses_results_iteration/iteration_3_merge_below_3/cnn_model/cnn14/plasma_tp1_0.1x_model_C2/roc_curve_resnet18_tf_0_0.03/nested_cv_random/resnet18/repeat_10_fold_5_metrics.csv,8,3,resnet18,"[0, 0.03]",C2,Sensitivity at 98% Specificity,0.22429906542056072
/scratchc/nrlab/wang04/ulyses_results_iteration/iteration_3_merge_below_3/cnn_model/cnn14/plasma_tp1_0.1x_model_C2/roc_curve_resnet18_tf_0_0.03/nested_cv_random/resnet18/repeat_10_fold_5_metrics.csv,8,3,resnet18,"[0, 0.03]",C2,PPV at 98% Specificity,1
/scratchc/nrlab/wang04/ulyses_results_iteration/iteration_3_merge_below_3/cnn_model/cnn14/plasma_tp1_0.1x_model_C2/roc_curve_resnet18_tf_0_0.03/nested_cv_random/resnet18/repeat_10_fold_5_metrics.csv,8,3,resnet18,"[0, 0.03]",C2,Accuracy at 98% Specificity,0.6021495327102804
/scratchc/nrlab/wang04/ulyses_results_iteration/iteration_3_merge_below_3/cnn_model/cnn14/plasma_tp1_0.1x_model_C2/roc_curve_resnet18_tf_0_0.03/nested_cv_random/resnet18/repeat_10_fold_5_metrics.csv,8,3,resnet18,"[0, 0.03]",C2,F1 at 98% Specificity,0.366412213740458
/scratchc/nrlab/wang04/ulyses_results_iteration/iteration_3_merge_below_3/cnn_model/cnn14/plasma_tp1_0.1x_model_C2/roc_curve_resnet18_tf_0_0.03/nested_cv_random/resnet18/repeat_10_fold_5_metrics.csv,8,3,resnet18,"[0, 0.03]",C2,Sensitivity at 95% Specificity,0.3644859813084112
/scratchc/nrlab/wang04/ulyses_results_iteration/iteration_3_merge_below_3/cnn_model/cnn14/plasma_tp1_0.1x_model_C2/roc_curve_resnet18_tf_0_0.03/nested_cv_random/resnet18/repeat_10_fold_5_metrics.csv,8,3,resnet18,"[0, 0.03]",C2,PPV at 95% Specificity,0.951219512195122
/scratchc/nrlab/wang04/ulyses_results_iteration/iteration_3_merge_below_3/cnn_model/cnn14/plasma_tp1_0.1x_model_C2/roc_curve_resnet18_tf_0_0.03/nested_cv_random/resnet18/repeat_10_fold_5_metrics.csv,8,3,resnet18,"[0, 0.03]",C2,Accuracy at 95% Specificity,0.642627606038821
/scratchc/nrlab/wang04/ulyses_results_iteration/iteration_3_merge_below_3/cnn_model/cnn14/plasma_tp1_0.1x_model_C2/roc_curve_resnet18_tf_0_0.03/nested_cv_random/resnet18/repeat_10_fold_5_metrics.csv,8,3,resnet18,"[0, 0.03]",C2,F1 at 95% Specificity,0.527027027027027
/scratchc/nrlab/wang04/ulyses_results_iteration/iteration_3_merge_below_3/cnn_model/cnn14/plasma_tp1_0.1x_model_C2/roc_curve_resnet18_tf_0_0.03/nested_cv_random/resnet18/repeat_10_fold_5_metrics.csv,8,4,resnet18,"[0, 0.03]",C2,AUROC,0.8880208333333333
/scratchc/nrlab/wang04/ulyses_results_iteration/iteration_3_merge_below_3/cnn_model/cnn14/plasma_tp1_0.1x_model_C2/roc_curve_resnet18_tf_0_0.03/nested_cv_random/resnet18/repeat_10_fold_5_metrics.csv,8,4,resnet18,"[0, 0.03]",C2,AUPRC,0.920530473734209
/scratchc/nrlab/wang04/ulyses_results_iteration/iteration_3_merge_below_3/cnn_model/cnn14/plasma_tp1_0.1x_model_C2/roc_curve_resnet18_tf_0_0.03/nested_cv_random/resnet18/repeat_10_fold_5_metrics.csv,8,4,resnet18,"[0, 0.03]",C2,Sensitivity at 99% Specificity,0.12037037037037036
/scratchc/nrlab/wang04/ulyses_results_iteration/iteration_3_merge_below_3/cnn_model/cnn14/plasma_tp1_0.1x_model_C2/roc_curve_resnet18_tf_0_0.03/nested_cv_random/resnet18/repeat_10_fold_5_metrics.csv,8,4,resnet18,"[0, 0.03]",C2,PPV at 99% Specificity,1
/scratchc/nrlab/wang04/ulyses_results_iteration/iteration_3_merge_below_3/cnn_model/cnn14/plasma_tp1_0.1x_model_C2/roc_curve_resnet18_tf_0_0.03/nested_cv_random/resnet18/repeat_10_fold_5_metrics.csv,8,4,resnet18,"[0, 0.03]",C2,Accuracy at 99% Specificity,0.5551851851851852
/scratchc/nrlab/wang04/ulyses_results_iteration/iteration_3_merge_below_3/cnn_model/cnn14/plasma_tp1_0.1x_model_C2/roc_curve_resnet18_tf_0_0.03/nested_cv_random/resnet18/repeat_10_fold_5_metrics.csv,8,4,resnet18,"[0, 0.03]",C2,F1 at 99% Specificity,0.21487603305785125
/scratchc/nrlab/wang04/ulyses_results_iteration/iteration_3_merge_below_3/cnn_model/cnn14/plasma_tp1_0.1x_model_C2/roc_curve_resnet18_tf_0_0.03/nested_cv_random/resnet18/repeat_10_fold_5_metrics.csv,8,4,resnet18,"[0, 0.03]",C2,Sensitivity at 98% Specificity,0.12037037037037036
/scratchc/nrlab/wang04/ulyses_results_iteration/iteration_3_merge_below_3/cnn_model/cnn14/plasma_tp1_0.1x_model_C2/roc_curve_resnet18_tf_0_0.03/nested_cv_random/resnet18/repeat_10_fold_5_metrics.csv,8,4,resnet18,"[0, 0.03]",C2,PPV at 98% Specificity,1
/scratchc/nrlab/wang04/ulyses_results_iteration/iteration_3_merge_below_3/cnn_model/cnn14/plasma_tp1_0.1x_model_C2/roc_curve_resnet18_tf_0_0.03/nested_cv_random/resnet18/repeat_10_fold_5_metrics.csv,8,4,resnet18,"[0, 0.03]",C2,Accuracy at 98% Specificity,0.5501851851851852
/scratchc/nrlab/wang04/ulyses_results_iteration/iteration_3_merge_below_3/cnn_model/cnn14/plasma_tp1_0.1x_model_C2/roc_curve_resnet18_tf_0_0.03/nested_cv_random/resnet18/repeat_10_fold_5_metrics.csv,8,4,resnet18,"[0, 0.03]",C2,F1 at 98% Specificity,0.21487603305785125
/scratchc/nrlab/wang04/ulyses_results_iteration/iteration_3_merge_below_3/cnn_model/cnn14/plasma_tp1_0.1x_model_C2/roc_curve_resnet18_tf_0_0.03/nested_cv_random/resnet18/repeat_10_fold_5_metrics.csv,8,4,resnet18,"[0, 0.03]",C2,Sensitivity at 95% Specificity,0.39814814814814814
/scratchc/nrlab/wang04/ulyses_results_iteration/iteration_3_merge_below_3/cnn_model/cnn14/plasma_tp1_0.1x_model_C2/roc_curve_resnet18_tf_0_0.03/nested_cv_random/resnet18/repeat_10_fold_5_metrics.csv,8,4,resnet18,"[0, 0.03]",C2,PPV at 95% Specificity,0.9555555555555556
/scratchc/nrlab/wang04/ulyses_results_iteration/iteration_3_merge_below_3/cnn_model/cnn14/plasma_tp1_0.1x_model_C2/roc_curve_resnet18_tf_0_0.03/nested_cv_random/resnet18/repeat_10_fold_5_metrics.csv,8,4,resnet18,"[0, 0.03]",C2,Accuracy at 95% Specificity,0.659230324074074
/scratchc/nrlab/wang04/ulyses_results_iteration/iteration_3_merge_below_3/cnn_model/cnn14/plasma_tp1_0.1x_model_C2/roc_curve_resnet18_tf_0_0.03/nested_cv_random/resnet18/repeat_10_fold_5_metrics.csv,8,4,resnet18,"[0, 0.03]",C2,F1 at 95% Specificity,0.5620915032679739
/scratchc/nrlab/wang04/ulyses_results_iteration/iteration_3_merge_below_3/cnn_model/cnn14/plasma_tp1_0.1x_model_C2/roc_curve_resnet18_tf_0_0.03/nested_cv_random/resnet18/repeat_10_fold_5_metrics.csv,8,5,resnet18,"[0, 0.03]",C2,AUROC,0.8552120776419841
/scratchc/nrlab/wang04/ulyses_results_iteration/iteration_3_merge_below_3/cnn_model/cnn14/plasma_tp1_0.1x_model_C2/roc_curve_resnet18_tf_0_0.03/nested_cv_random/resnet18/repeat_10_fold_5_metrics.csv,8,5,resnet18,"[0, 0.03]",C2,AUPRC,0.898304797510272
/scratchc/nrlab/wang04/ulyses_results_iteration/iteration_3_merge_below_3/cnn_model/cnn14/plasma_tp1_0.1x_model_C2/roc_curve_resnet18_tf_0_0.03/nested_cv_random/resnet18/repeat_10_fold_5_metrics.csv,8,5,resnet18,"[0, 0.03]",C2,Sensitivity at 99% Specificity,0.17757009345794392
/scratchc/nrlab/wang04/ulyses_results_iteration/iteration_3_merge_below_3/cnn_model/cnn14/plasma_tp1_0.1x_model_C2/roc_curve_resnet18_tf_0_0.03/nested_cv_random/resnet18/repeat_10_fold_5_metrics.csv,8,5,resnet18,"[0, 0.03]",C2,PPV at 99% Specificity,1
/scratchc/nrlab/wang04/ulyses_results_iteration/iteration_3_merge_below_3/cnn_model/cnn14/plasma_tp1_0.1x_model_C2/roc_curve_resnet18_tf_0_0.03/nested_cv_random/resnet18/repeat_10_fold_5_metrics.csv,8,5,resnet18,"[0, 0.03]",C2,Accuracy at 99% Specificity,0.5837850467289719
/scratchc/nrlab/wang04/ulyses_results_iteration/iteration_3_merge_below_3/cnn_model/cnn14/plasma_tp1_0.1x_model_C2/roc_curve_resnet18_tf_0_0.03/nested_cv_random/resnet18/repeat_10_fold_5_metrics.csv,8,5,resnet18,"[0, 0.03]",C2,F1 at 99% Specificity,0.30158730158730157
/scratchc/nrlab/wang04/ulyses_results_iteration/iteration_3_merge_below_3/cnn_model/cnn14/plasma_tp1_0.1x_model_C2/roc_curve_resnet18_tf_0_0.03/nested_cv_random/resnet18/repeat_10_fold_5_metrics.csv,8,5,resnet18,"[0, 0.03]",C2,Sensitivity at 98% Specificity,0.17757009345794392
/scratchc/nrlab/wang04/ulyses_results_iteration/iteration_3_merge_below_3/cnn_model/cnn14/plasma_tp1_0.1x_model_C2/roc_curve_resnet18_tf_0_0.03/nested_cv_random/resnet18/repeat_10_fold_5_metrics.csv,8,5,resnet18,"[0, 0.03]",C2,PPV at 98% Specificity,1
/scratchc/nrlab/wang04/ulyses_results_iteration/iteration_3_merge_below_3/cnn_model/cnn14/plasma_tp1_0.1x_model_C2/roc_curve_resnet18_tf_0_0.03/nested_cv_random/resnet18/repeat_10_fold_5_metrics.csv,8,5,resnet18,"[0, 0.03]",C2,Accuracy at 98% Specificity,0.5787850467289719
/scratchc/nrlab/wang04/ulyses_results_iteration/iteration_3_merge_below_3/cnn_model/cnn14/plasma_tp1_0.1x_model_C2/roc_curve_resnet18_tf_0_0.03/nested_cv_random/resnet18/repeat_10_fold_5_metrics.csv,8,5,resnet18,"[0, 0.03]",C2,F1 at 98% Specificity,0.30158730158730157
/scratchc/nrlab/wang04/ulyses_results_iteration/iteration_3_merge_below_3/cnn_model/cnn14/plasma_tp1_0.1x_model_C2/roc_curve_resnet18_tf_0_0.03/nested_cv_random/resnet18/repeat_10_fold_5_metrics.csv,8,5,resnet18,"[0, 0.03]",C2,Sensitivity at 95% Specificity,0.3644859813084112
/scratchc/nrlab/wang04/ulyses_results_iteration/iteration_3_merge_below_3/cnn_model/cnn14/plasma_tp1_0.1x_model_C2/roc_curve_resnet18_tf_0_0.03/nested_cv_random/resnet18/repeat_10_fold_5_metrics.csv,8,5,resnet18,"[0, 0.03]",C2,PPV at 95% Specificity,0.951219512195122
/scratchc/nrlab/wang04/ulyses_results_iteration/iteration_3_merge_below_3/cnn_model/cnn14/plasma_tp1_0.1x_model_C2/roc_curve_resnet18_tf_0_0.03/nested_cv_random/resnet18/repeat_10_fold_5_metrics.csv,8,5,resnet18,"[0, 0.03]",C2,Accuracy at 95% Specificity,0.642627606038821
/scratchc/nrlab/wang04/ulyses_results_iteration/iteration_3_merge_below_3/cnn_model/cnn14/plasma_tp1_0.1x_model_C2/roc_curve_resnet18_tf_0_0.03/nested_cv_random/resnet18/repeat_10_fold_5_metrics.csv,8,5,resnet18,"[0, 0.03]",C2,F1 at 95% Specificity,0.527027027027027
/scratchc/nrlab/wang04/ulyses_results_iteration/iteration_3_merge_below_3/cnn_model/cnn14/plasma_tp1_0.1x_model_C2/roc_curve_resnet18_tf_0_0.03/nested_cv_random/resnet18/repeat_10_fold_5_metrics.csv,9,1,resnet18,"[0, 0.03]",C2,AUROC,0.8627025462962963
/scratchc/nrlab/wang04/ulyses_results_iteration/iteration_3_merge_below_3/cnn_model/cnn14/plasma_tp1_0.1x_model_C2/roc_curve_resnet18_tf_0_0.03/nested_cv_random/resnet18/repeat_10_fold_5_metrics.csv,9,1,resnet18,"[0, 0.03]",C2,AUPRC,0.9117341736393998
/scratchc/nrlab/wang04/ulyses_results_iteration/iteration_3_merge_below_3/cnn_model/cnn14/plasma_tp1_0.1x_model_C2/roc_curve_resnet18_tf_0_0.03/nested_cv_random/resnet18/repeat_10_fold_5_metrics.csv,9,1,resnet18,"[0, 0.03]",C2,Sensitivity at 99% Specificity,0.28703703703703703
/scratchc/nrlab/wang04/ulyses_results_iteration/iteration_3_merge_below_3/cnn_model/cnn14/plasma_tp1_0.1x_model_C2/roc_curve_resnet18_tf_0_0.03/nested_cv_random/resnet18/repeat_10_fold_5_metrics.csv,9,1,resnet18,"[0, 0.03]",C2,PPV at 99% Specificity,1
/scratchc/nrlab/wang04/ulyses_results_iteration/iteration_3_merge_below_3/cnn_model/cnn14/plasma_tp1_0.1x_model_C2/roc_curve_resnet18_tf_0_0.03/nested_cv_random/resnet18/repeat_10_fold_5_metrics.csv,9,1,resnet18,"[0, 0.03]",C2,Accuracy at 99% Specificity,0.6385185185185185
/scratchc/nrlab/wang04/ulyses_results_iteration/iteration_3_merge_below_3/cnn_model/cnn14/plasma_tp1_0.1x_model_C2/roc_curve_resnet18_tf_0_0.03/nested_cv_random/resnet18/repeat_10_fold_5_metrics.csv,9,1,resnet18,"[0, 0.03]",C2,F1 at 99% Specificity,0.4460431654676259
/scratchc/nrlab/wang04/ulyses_results_iteration/iteration_3_merge_below_3/cnn_model/cnn14/plasma_tp1_0.1x_model_C2/roc_curve_resnet18_tf_0_0.03/nested_cv_random/resnet18/repeat_10_fold_5_metrics.csv,9,1,resnet18,"[0, 0.03]",C2,Sensitivity at 98% Specificity,0.28703703703703703
/scratchc/nrlab/wang04/ulyses_results_iteration/iteration_3_merge_below_3/cnn_model/cnn14/plasma_tp1_0.1x_model_C2/roc_curve_resnet18_tf_0_0.03/nested_cv_random/resnet18/repeat_10_fold_5_metrics.csv,9,1,resnet18,"[0, 0.03]",C2,PPV at 98% Specificity,1
/scratchc/nrlab/wang04/ulyses_results_iteration/iteration_3_merge_below_3/cnn_model/cnn14/plasma_tp1_0.1x_model_C2/roc_curve_resnet18_tf_0_0.03/nested_cv_random/resnet18/repeat_10_fold_5_metrics.csv,9,1,resnet18,"[0, 0.03]",C2,Accuracy at 98% Specificity,0.6335185185185185
/scratchc/nrlab/wang04/ulyses_results_iteration/iteration_3_merge_below_3/cnn_model/cnn14/plasma_tp1_0.1x_model_C2/roc_curve_resnet18_tf_0_0.03/nested_cv_random/resnet18/repeat_10_fold_5_metrics.csv,9,1,resnet18,"[0, 0.03]",C2,F1 at 98% Specificity,0.4460431654676259
/scratchc/nrlab/wang04/ulyses_results_iteration/iteration_3_merge_below_3/cnn_model/cnn14/plasma_tp1_0.1x_model_C2/roc_curve_resnet18_tf_0_0.03/nested_cv_random/resnet18/repeat_10_fold_5_metrics.csv,9,1,resnet18,"[0, 0.03]",C2,Sensitivity at 95% Specificity,0.3611111111111111
/scratchc/nrlab/wang04/ulyses_results_iteration/iteration_3_merge_below_3/cnn_model/cnn14/plasma_tp1_0.1x_model_C2/roc_curve_resnet18_tf_0_0.03/nested_cv_random/resnet18/repeat_10_fold_5_metrics.csv,9,1,resnet18,"[0, 0.03]",C2,PPV at 95% Specificity,0.951219512195122
/scratchc/nrlab/wang04/ulyses_results_iteration/iteration_3_merge_below_3/cnn_model/cnn14/plasma_tp1_0.1x_model_C2/roc_curve_resnet18_tf_0_0.03/nested_cv_random/resnet18/repeat_10_fold_5_metrics.csv,9,1,resnet18,"[0, 0.03]",C2,Accuracy at 95% Specificity,0.6407118055555555
/scratchc/nrlab/wang04/ulyses_results_iteration/iteration_3_merge_below_3/cnn_model/cnn14/plasma_tp1_0.1x_model_C2/roc_curve_resnet18_tf_0_0.03/nested_cv_random/resnet18/repeat_10_fold_5_metrics.csv,9,1,resnet18,"[0, 0.03]",C2,F1 at 95% Specificity,0.5234899328859061
/scratchc/nrlab/wang04/ulyses_results_iteration/iteration_3_merge_below_3/cnn_model/cnn14/plasma_tp1_0.1x_model_C2/roc_curve_resnet18_tf_0_0.03/nested_cv_random/resnet18/repeat_10_fold_5_metrics.csv,9,2,resnet18,"[0, 0.03]",C2,AUROC,0.9175242995997712
/scratchc/nrlab/wang04/ulyses_results_iteration/iteration_3_merge_below_3/cnn_model/cnn14/plasma_tp1_0.1x_model_C2/roc_curve_resnet18_tf_0_0.03/nested_cv_random/resnet18/repeat_10_fold_5_metrics.csv,9,2,resnet18,"[0, 0.03]",C2,AUPRC,0.9488843669568514
/scratchc/nrlab/wang04/ulyses_results_iteration/iteration_3_merge_below_3/cnn_model/cnn14/plasma_tp1_0.1x_model_C2/roc_curve_resnet18_tf_0_0.03/nested_cv_random/resnet18/repeat_10_fold_5_metrics.csv,9,2,resnet18,"[0, 0.03]",C2,Sensitivity at 99% Specificity,0.32075471698113206
/scratchc/nrlab/wang04/ulyses_results_iteration/iteration_3_merge_below_3/cnn_model/cnn14/plasma_tp1_0.1x_model_C2/roc_curve_resnet18_tf_0_0.03/nested_cv_random/resnet18/repeat_10_fold_5_metrics.csv,9,2,resnet18,"[0, 0.03]",C2,PPV at 99% Specificity,1
/scratchc/nrlab/wang04/ulyses_results_iteration/iteration_3_merge_below_3/cnn_model/cnn14/plasma_tp1_0.1x_model_C2/roc_curve_resnet18_tf_0_0.03/nested_cv_random/resnet18/repeat_10_fold_5_metrics.csv,9,2,resnet18,"[0, 0.03]",C2,Accuracy at 99% Specificity,0.655377358490566
/scratchc/nrlab/wang04/ulyses_results_iteration/iteration_3_merge_below_3/cnn_model/cnn14/plasma_tp1_0.1x_model_C2/roc_curve_resnet18_tf_0_0.03/nested_cv_random/resnet18/repeat_10_fold_5_metrics.csv,9,2,resnet18,"[0, 0.03]",C2,F1 at 99% Specificity,0.4857142857142857
/scratchc/nrlab/wang04/ulyses_results_iteration/iteration_3_merge_below_3/cnn_model/cnn14/plasma_tp1_0.1x_model_C2/roc_curve_resnet18_tf_0_0.03/nested_cv_random/resnet18/repeat_10_fold_5_metrics.csv,9,2,resnet18,"[0, 0.03]",C2,Sensitivity at 98% Specificity,0.32075471698113206
/scratchc/nrlab/wang04/ulyses_results_iteration/iteration_3_merge_below_3/cnn_model/cnn14/plasma_tp1_0.1x_model_C2/roc_curve_resnet18_tf_0_0.03/nested_cv_random/resnet18/repeat_10_fold_5_metrics.csv,9,2,resnet18,"[0, 0.03]",C2,PPV at 98% Specificity,1
/scratchc/nrlab/wang04/ulyses_results_iteration/iteration_3_merge_below_3/cnn_model/cnn14/plasma_tp1_0.1x_model_C2/roc_curve_resnet18_tf_0_0.03/nested_cv_random/resnet18/repeat_10_fold_5_metrics.csv,9,2,resnet18,"[0, 0.03]",C2,Accuracy at 98% Specificity,0.650377358490566
/scratchc/nrlab/wang04/ulyses_results_iteration/iteration_3_merge_below_3/cnn_model/cnn14/plasma_tp1_0.1x_model_C2/roc_curve_resnet18_tf_0_0.03/nested_cv_random/resnet18/repeat_10_fold_5_metrics.csv,9,2,resnet18,"[0, 0.03]",C2,F1 at 98% Specificity,0.4857142857142857
/scratchc/nrlab/wang04/ulyses_results_iteration/iteration_3_merge_below_3/cnn_model/cnn14/plasma_tp1_0.1x_model_C2/roc_curve_resnet18_tf_0_0.03/nested_cv_random/resnet18/repeat_10_fold_5_metrics.csv,9,2,resnet18,"[0, 0.03]",C2,Sensitivity at 95% Specificity,0.6509433962264151
/scratchc/nrlab/wang04/ulyses_results_iteration/iteration_3_merge_below_3/cnn_model/cnn14/plasma_tp1_0.1x_model_C2/roc_curve_resnet18_tf_0_0.03/nested_cv_random/resnet18/repeat_10_fold_5_metrics.csv,9,2,resnet18,"[0, 0.03]",C2,PPV at 95% Specificity,0.971830985915493
/scratchc/nrlab/wang04/ulyses_results_iteration/iteration_3_merge_below_3/cnn_model/cnn14/plasma_tp1_0.1x_model_C2/roc_curve_resnet18_tf_0_0.03/nested_cv_random/resnet18/repeat_10_fold_5_metrics.csv,9,2,resnet18,"[0, 0.03]",C2,Accuracy at 95% Specificity,0.7860777587192681
/scratchc/nrlab/wang04/ulyses_results_iteration/iteration_3_merge_below_3/cnn_model/cnn14/plasma_tp1_0.1x_model_C2/roc_curve_resnet18_tf_0_0.03/nested_cv_random/resnet18/repeat_10_fold_5_metrics.csv,9,2,resnet18,"[0, 0.03]",C2,F1 at 95% Specificity,0.7796610169491526
/scratchc/nrlab/wang04/ulyses_results_iteration/iteration_3_merge_below_3/cnn_model/cnn14/plasma_tp1_0.1x_model_C2/roc_curve_resnet18_tf_0_0.03/nested_cv_random/resnet18/repeat_10_fold_5_metrics.csv,9,3,resnet18,"[0, 0.03]",C2,AUROC,0.9321392165428862
/scratchc/nrlab/wang04/ulyses_results_iteration/iteration_3_merge_below_3/cnn_model/cnn14/plasma_tp1_0.1x_model_C2/roc_curve_resnet18_tf_0_0.03/nested_cv_random/resnet18/repeat_10_fold_5_metrics.csv,9,3,resnet18,"[0, 0.03]",C2,AUPRC,0.9593252989861428
/scratchc/nrlab/wang04/ulyses_results_iteration/iteration_3_merge_below_3/cnn_model/cnn14/plasma_tp1_0.1x_model_C2/roc_curve_resnet18_tf_0_0.03/nested_cv_random/resnet18/repeat_10_fold_5_metrics.csv,9,3,resnet18,"[0, 0.03]",C2,Sensitivity at 99% Specificity,0.21100917431192664
/scratchc/nrlab/wang04/ulyses_results_iteration/iteration_3_merge_below_3/cnn_model/cnn14/plasma_tp1_0.1x_model_C2/roc_curve_resnet18_tf_0_0.03/nested_cv_random/resnet18/repeat_10_fold_5_metrics.csv,9,3,resnet18,"[0, 0.03]",C2,PPV at 99% Specificity,1
/scratchc/nrlab/wang04/ulyses_results_iteration/iteration_3_merge_below_3/cnn_model/cnn14/plasma_tp1_0.1x_model_C2/roc_curve_resnet18_tf_0_0.03/nested_cv_random/resnet18/repeat_10_fold_5_metrics.csv,9,3,resnet18,"[0, 0.03]",C2,Accuracy at 99% Specificity,0.6005045871559633
/scratchc/nrlab/wang04/ulyses_results_iteration/iteration_3_merge_below_3/cnn_model/cnn14/plasma_tp1_0.1x_model_C2/roc_curve_resnet18_tf_0_0.03/nested_cv_random/resnet18/repeat_10_fold_5_metrics.csv,9,3,resnet18,"[0, 0.03]",C2,F1 at 99% Specificity,0.3484848484848485
/scratchc/nrlab/wang04/ulyses_results_iteration/iteration_3_merge_below_3/cnn_model/cnn14/plasma_tp1_0.1x_model_C2/roc_curve_resnet18_tf_0_0.03/nested_cv_random/resnet18/repeat_10_fold_5_metrics.csv,9,3,resnet18,"[0, 0.03]",C2,Sensitivity at 98% Specificity,0.21100917431192664
/scratchc/nrlab/wang04/ulyses_results_iteration/iteration_3_merge_below_3/cnn_model/cnn14/plasma_tp1_0.1x_model_C2/roc_curve_resnet18_tf_0_0.03/nested_cv_random/resnet18/repeat_10_fold_5_metrics.csv,9,3,resnet18,"[0, 0.03]",C2,PPV at 98% Specificity,1
/scratchc/nrlab/wang04/ulyses_results_iteration/iteration_3_merge_below_3/cnn_model/cnn14/plasma_tp1_0.1x_model_C2/roc_curve_resnet18_tf_0_0.03/nested_cv_random/resnet18/repeat_10_fold_5_metrics.csv,9,3,resnet18,"[0, 0.03]",C2,Accuracy at 98% Specificity,0.5955045871559633
/scratchc/nrlab/wang04/ulyses_results_iteration/iteration_3_merge_below_3/cnn_model/cnn14/plasma_tp1_0.1x_model_C2/roc_curve_resnet18_tf_0_0.03/nested_cv_random/resnet18/repeat_10_fold_5_metrics.csv,9,3,resnet18,"[0, 0.03]",C2,F1 at 98% Specificity,0.3484848484848485
/scratchc/nrlab/wang04/ulyses_results_iteration/iteration_3_merge_below_3/cnn_model/cnn14/plasma_tp1_0.1x_model_C2/roc_curve_resnet18_tf_0_0.03/nested_cv_random/resnet18/repeat_10_fold_5_metrics.csv,9,3,resnet18,"[0, 0.03]",C2,Sensitivity at 95% Specificity,0.21100917431192664
/scratchc/nrlab/wang04/ulyses_results_iteration/iteration_3_merge_below_3/cnn_model/cnn14/plasma_tp1_0.1x_model_C2/roc_curve_resnet18_tf_0_0.03/nested_cv_random/resnet18/repeat_10_fold_5_metrics.csv,9,3,resnet18,"[0, 0.03]",C2,PPV at 95% Specificity,1
/scratchc/nrlab/wang04/ulyses_results_iteration/iteration_3_merge_below_3/cnn_model/cnn14/plasma_tp1_0.1x_model_C2/roc_curve_resnet18_tf_0_0.03/nested_cv_random/resnet18/repeat_10_fold_5_metrics.csv,9,3,resnet18,"[0, 0.03]",C2,Accuracy at 95% Specificity,0.5805045871559633
/scratchc/nrlab/wang04/ulyses_results_iteration/iteration_3_merge_below_3/cnn_model/cnn14/plasma_tp1_0.1x_model_C2/roc_curve_resnet18_tf_0_0.03/nested_cv_random/resnet18/repeat_10_fold_5_metrics.csv,9,3,resnet18,"[0, 0.03]",C2,F1 at 95% Specificity,0.3484848484848485
/scratchc/nrlab/wang04/ulyses_results_iteration/iteration_3_merge_below_3/cnn_model/cnn14/plasma_tp1_0.1x_model_C2/roc_curve_resnet18_tf_0_0.03/nested_cv_random/resnet18/repeat_10_fold_5_metrics.csv,9,4,resnet18,"[0, 0.03]",C2,AUROC,0.9181920585750492
/scratchc/nrlab/wang04/ulyses_results_iteration/iteration_3_merge_below_3/cnn_model/cnn14/plasma_tp1_0.1x_model_C2/roc_curve_resnet18_tf_0_0.03/nested_cv_random/resnet18/repeat_10_fold_5_metrics.csv,9,4,resnet18,"[0, 0.03]",C2,AUPRC,0.949901944439739
/scratchc/nrlab/wang04/ulyses_results_iteration/iteration_3_merge_below_3/cnn_model/cnn14/plasma_tp1_0.1x_model_C2/roc_curve_resnet18_tf_0_0.03/nested_cv_random/resnet18/repeat_10_fold_5_metrics.csv,9,4,resnet18,"[0, 0.03]",C2,Sensitivity at 99% Specificity,0.3962264150943397
/scratchc/nrlab/wang04/ulyses_results_iteration/iteration_3_merge_below_3/cnn_model/cnn14/plasma_tp1_0.1x_model_C2/roc_curve_resnet18_tf_0_0.03/nested_cv_random/resnet18/repeat_10_fold_5_metrics.csv,9,4,resnet18,"[0, 0.03]",C2,PPV at 99% Specificity,1
/scratchc/nrlab/wang04/ulyses_results_iteration/iteration_3_merge_below_3/cnn_model/cnn14/plasma_tp1_0.1x_model_C2/roc_curve_resnet18_tf_0_0.03/nested_cv_random/resnet18/repeat_10_fold_5_metrics.csv,9,4,resnet18,"[0, 0.03]",C2,Accuracy at 99% Specificity,0.6931132075471698
/scratchc/nrlab/wang04/ulyses_results_iteration/iteration_3_merge_below_3/cnn_model/cnn14/plasma_tp1_0.1x_model_C2/roc_curve_resnet18_tf_0_0.03/nested_cv_random/resnet18/repeat_10_fold_5_metrics.csv,9,4,resnet18,"[0, 0.03]",C2,F1 at 99% Specificity,0.5675675675675675
/scratchc/nrlab/wang04/ulyses_results_iteration/iteration_3_merge_below_3/cnn_model/cnn14/plasma_tp1_0.1x_model_C2/roc_curve_resnet18_tf_0_0.03/nested_cv_random/resnet18/repeat_10_fold_5_metrics.csv,9,4,resnet18,"[0, 0.03]",C2,Sensitivity at 98% Specificity,0.3962264150943397
/scratchc/nrlab/wang04/ulyses_results_iteration/iteration_3_merge_below_3/cnn_model/cnn14/plasma_tp1_0.1x_model_C2/roc_curve_resnet18_tf_0_0.03/nested_cv_random/resnet18/repeat_10_fold_5_metrics.csv,9,4,resnet18,"[0, 0.03]",C2,PPV at 98% Specificity,1
/scratchc/nrlab/wang04/ulyses_results_iteration/iteration_3_merge_below_3/cnn_model/cnn14/plasma_tp1_0.1x_model_C2/roc_curve_resnet18_tf_0_0.03/nested_cv_random/resnet18/repeat_10_fold_5_metrics.csv,9,4,resnet18,"[0, 0.03]",C2,Accuracy at 98% Specificity,0.6881132075471699
/scratchc/nrlab/wang04/ulyses_results_iteration/iteration_3_merge_below_3/cnn_model/cnn14/plasma_tp1_0.1x_model_C2/roc_curve_resnet18_tf_0_0.03/nested_cv_random/resnet18/repeat_10_fold_5_metrics.csv,9,4,resnet18,"[0, 0.03]",C2,F1 at 98% Specificity,0.5675675675675675
/scratchc/nrlab/wang04/ulyses_results_iteration/iteration_3_merge_below_3/cnn_model/cnn14/plasma_tp1_0.1x_model_C2/roc_curve_resnet18_tf_0_0.03/nested_cv_random/resnet18/repeat_10_fold_5_metrics.csv,9,4,resnet18,"[0, 0.03]",C2,Sensitivity at 95% Specificity,0.6509433962264151
/scratchc/nrlab/wang04/ulyses_results_iteration/iteration_3_merge_below_3/cnn_model/cnn14/plasma_tp1_0.1x_model_C2/roc_curve_resnet18_tf_0_0.03/nested_cv_random/resnet18/repeat_10_fold_5_metrics.csv,9,4,resnet18,"[0, 0.03]",C2,PPV at 95% Specificity,0.971830985915493
/scratchc/nrlab/wang04/ulyses_results_iteration/iteration_3_merge_below_3/cnn_model/cnn14/plasma_tp1_0.1x_model_C2/roc_curve_resnet18_tf_0_0.03/nested_cv_random/resnet18/repeat_10_fold_5_metrics.csv,9,4,resnet18,"[0, 0.03]",C2,Accuracy at 95% Specificity,0.7862925936355956
/scratchc/nrlab/wang04/ulyses_results_iteration/iteration_3_merge_below_3/cnn_model/cnn14/plasma_tp1_0.1x_model_C2/roc_curve_resnet18_tf_0_0.03/nested_cv_random/resnet18/repeat_10_fold_5_metrics.csv,9,4,resnet18,"[0, 0.03]",C2,F1 at 95% Specificity,0.7796610169491526
/scratchc/nrlab/wang04/ulyses_results_iteration/iteration_3_merge_below_3/cnn_model/cnn14/plasma_tp1_0.1x_model_C2/roc_curve_resnet18_tf_0_0.03/nested_cv_random/resnet18/repeat_10_fold_5_metrics.csv,9,5,resnet18,"[0, 0.03]",C2,AUROC,0.8839683680805176
/scratchc/nrlab/wang04/ulyses_results_iteration/iteration_3_merge_below_3/cnn_model/cnn14/plasma_tp1_0.1x_model_C2/roc_curve_resnet18_tf_0_0.03/nested_cv_random/resnet18/repeat_10_fold_5_metrics.csv,9,5,resnet18,"[0, 0.03]",C2,AUPRC,0.931551940779178
/scratchc/nrlab/wang04/ulyses_results_iteration/iteration_3_merge_below_3/cnn_model/cnn14/plasma_tp1_0.1x_model_C2/roc_curve_resnet18_tf_0_0.03/nested_cv_random/resnet18/repeat_10_fold_5_metrics.csv,9,5,resnet18,"[0, 0.03]",C2,Sensitivity at 99% Specificity,0.4485981308411215
/scratchc/nrlab/wang04/ulyses_results_iteration/iteration_3_merge_below_3/cnn_model/cnn14/plasma_tp1_0.1x_model_C2/roc_curve_resnet18_tf_0_0.03/nested_cv_random/resnet18/repeat_10_fold_5_metrics.csv,9,5,resnet18,"[0, 0.03]",C2,PPV at 99% Specificity,1
/scratchc/nrlab/wang04/ulyses_results_iteration/iteration_3_merge_below_3/cnn_model/cnn14/plasma_tp1_0.1x_model_C2/roc_curve_resnet18_tf_0_0.03/nested_cv_random/resnet18/repeat_10_fold_5_metrics.csv,9,5,resnet18,"[0, 0.03]",C2,Accuracy at 99% Specificity,0.7192990654205608
/scratchc/nrlab/wang04/ulyses_results_iteration/iteration_3_merge_below_3/cnn_model/cnn14/plasma_tp1_0.1x_model_C2/roc_curve_resnet18_tf_0_0.03/nested_cv_random/resnet18/repeat_10_fold_5_metrics.csv,9,5,resnet18,"[0, 0.03]",C2,F1 at 99% Specificity,0.6193548387096774
/scratchc/nrlab/wang04/ulyses_results_iteration/iteration_3_merge_below_3/cnn_model/cnn14/plasma_tp1_0.1x_model_C2/roc_curve_resnet18_tf_0_0.03/nested_cv_random/resnet18/repeat_10_fold_5_metrics.csv,9,5,resnet18,"[0, 0.03]",C2,Sensitivity at 98% Specificity,0.4485981308411215
/scratchc/nrlab/wang04/ulyses_results_iteration/iteration_3_merge_below_3/cnn_model/cnn14/plasma_tp1_0.1x_model_C2/roc_curve_resnet18_tf_0_0.03/nested_cv_random/resnet18/repeat_10_fold_5_metrics.csv,9,5,resnet18,"[0, 0.03]",C2,PPV at 98% Specificity,1
/scratchc/nrlab/wang04/ulyses_results_iteration/iteration_3_merge_below_3/cnn_model/cnn14/plasma_tp1_0.1x_model_C2/roc_curve_resnet18_tf_0_0.03/nested_cv_random/resnet18/repeat_10_fold_5_metrics.csv,9,5,resnet18,"[0, 0.03]",C2,Accuracy at 98% Specificity,0.7142990654205608
/scratchc/nrlab/wang04/ulyses_results_iteration/iteration_3_merge_below_3/cnn_model/cnn14/plasma_tp1_0.1x_model_C2/roc_curve_resnet18_tf_0_0.03/nested_cv_random/resnet18/repeat_10_fold_5_metrics.csv,9,5,resnet18,"[0, 0.03]",C2,F1 at 98% Specificity,0.6193548387096774
/scratchc/nrlab/wang04/ulyses_results_iteration/iteration_3_merge_below_3/cnn_model/cnn14/plasma_tp1_0.1x_model_C2/roc_curve_resnet18_tf_0_0.03/nested_cv_random/resnet18/repeat_10_fold_5_metrics.csv,9,5,resnet18,"[0, 0.03]",C2,Sensitivity at 95% Specificity,0.48598130841121495
/scratchc/nrlab/wang04/ulyses_results_iteration/iteration_3_merge_below_3/cnn_model/cnn14/plasma_tp1_0.1x_model_C2/roc_curve_resnet18_tf_0_0.03/nested_cv_random/resnet18/repeat_10_fold_5_metrics.csv,9,5,resnet18,"[0, 0.03]",C2,PPV at 95% Specificity,0.9629629629629628
/scratchc/nrlab/wang04/ulyses_results_iteration/iteration_3_merge_below_3/cnn_model/cnn14/plasma_tp1_0.1x_model_C2/roc_curve_resnet18_tf_0_0.03/nested_cv_random/resnet18/repeat_10_fold_5_metrics.csv,9,5,resnet18,"[0, 0.03]",C2,Accuracy at 95% Specificity,0.7033752695902228
/scratchc/nrlab/wang04/ulyses_results_iteration/iteration_3_merge_below_3/cnn_model/cnn14/plasma_tp1_0.1x_model_C2/roc_curve_resnet18_tf_0_0.03/nested_cv_random/resnet18/repeat_10_fold_5_metrics.csv,9,5,resnet18,"[0, 0.03]",C2,F1 at 95% Specificity,0.6459627329192547
/scratchc/nrlab/wang04/ulyses_results_iteration/iteration_3_merge_below_3/cnn_model/cnn14/plasma_tp1_0.1x_model_C2/roc_curve_resnet18_tf_0_0.03/nested_cv_random/resnet18/repeat_10_fold_5_metrics.csv,10,1,resnet18,"[0, 0.03]",C2,AUROC,0.9306973400431344
/scratchc/nrlab/wang04/ulyses_results_iteration/iteration_3_merge_below_3/cnn_model/cnn14/plasma_tp1_0.1x_model_C2/roc_curve_resnet18_tf_0_0.03/nested_cv_random/resnet18/repeat_10_fold_5_metrics.csv,10,1,resnet18,"[0, 0.03]",C2,AUPRC,0.9574195331819874
/scratchc/nrlab/wang04/ulyses_results_iteration/iteration_3_merge_below_3/cnn_model/cnn14/plasma_tp1_0.1x_model_C2/roc_curve_resnet18_tf_0_0.03/nested_cv_random/resnet18/repeat_10_fold_5_metrics.csv,10,1,resnet18,"[0, 0.03]",C2,Sensitivity at 99% Specificity,0.34579439252336447
/scratchc/nrlab/wang04/ulyses_results_iteration/iteration_3_merge_below_3/cnn_model/cnn14/plasma_tp1_0.1x_model_C2/roc_curve_resnet18_tf_0_0.03/nested_cv_random/resnet18/repeat_10_fold_5_metrics.csv,10,1,resnet18,"[0, 0.03]",C2,PPV at 99% Specificity,1
/scratchc/nrlab/wang04/ulyses_results_iteration/iteration_3_merge_below_3/cnn_model/cnn14/plasma_tp1_0.1x_model_C2/roc_curve_resnet18_tf_0_0.03/nested_cv_random/resnet18/repeat_10_fold_5_metrics.csv,10,1,resnet18,"[0, 0.03]",C2,Accuracy at 99% Specificity,0.6678971962616822
/scratchc/nrlab/wang04/ulyses_results_iteration/iteration_3_merge_below_3/cnn_model/cnn14/plasma_tp1_0.1x_model_C2/roc_curve_resnet18_tf_0_0.03/nested_cv_random/resnet18/repeat_10_fold_5_metrics.csv,10,1,resnet18,"[0, 0.03]",C2,F1 at 99% Specificity,0.5138888888888888
/scratchc/nrlab/wang04/ulyses_results_iteration/iteration_3_merge_below_3/cnn_model/cnn14/plasma_tp1_0.1x_model_C2/roc_curve_resnet18_tf_0_0.03/nested_cv_random/resnet18/repeat_10_fold_5_metrics.csv,10,1,resnet18,"[0, 0.03]",C2,Sensitivity at 98% Specificity,0.34579439252336447
/scratchc/nrlab/wang04/ulyses_results_iteration/iteration_3_merge_below_3/cnn_model/cnn14/plasma_tp1_0.1x_model_C2/roc_curve_resnet18_tf_0_0.03/nested_cv_random/resnet18/repeat_10_fold_5_metrics.csv,10,1,resnet18,"[0, 0.03]",C2,PPV at 98% Specificity,1
/scratchc/nrlab/wang04/ulyses_results_iteration/iteration_3_merge_below_3/cnn_model/cnn14/plasma_tp1_0.1x_model_C2/roc_curve_resnet18_tf_0_0.03/nested_cv_random/resnet18/repeat_10_fold_5_metrics.csv,10,1,resnet18,"[0, 0.03]",C2,Accuracy at 98% Specificity,0.6628971962616822
/scratchc/nrlab/wang04/ulyses_results_iteration/iteration_3_merge_below_3/cnn_model/cnn14/plasma_tp1_0.1x_model_C2/roc_curve_resnet18_tf_0_0.03/nested_cv_random/resnet18/repeat_10_fold_5_metrics.csv,10,1,resnet18,"[0, 0.03]",C2,F1 at 98% Specificity,0.5138888888888888
/scratchc/nrlab/wang04/ulyses_results_iteration/iteration_3_merge_below_3/cnn_model/cnn14/plasma_tp1_0.1x_model_C2/roc_curve_resnet18_tf_0_0.03/nested_cv_random/resnet18/repeat_10_fold_5_metrics.csv,10,1,resnet18,"[0, 0.03]",C2,Sensitivity at 95% Specificity,0.7383177570093458
/scratchc/nrlab/wang04/ulyses_results_iteration/iteration_3_merge_below_3/cnn_model/cnn14/plasma_tp1_0.1x_model_C2/roc_curve_resnet18_tf_0_0.03/nested_cv_random/resnet18/repeat_10_fold_5_metrics.csv,10,1,resnet18,"[0, 0.03]",C2,PPV at 95% Specificity,0.9753086419753086
/scratchc/nrlab/wang04/ulyses_results_iteration/iteration_3_merge_below_3/cnn_model/cnn14/plasma_tp1_0.1x_model_C2/roc_curve_resnet18_tf_0_0.03/nested_cv_random/resnet18/repeat_10_fold_5_metrics.csv,10,1,resnet18,"[0, 0.03]",C2,Accuracy at 95% Specificity,0.8295434938892883
/scratchc/nrlab/wang04/ulyses_results_iteration/iteration_3_merge_below_3/cnn_model/cnn14/plasma_tp1_0.1x_model_C2/roc_curve_resnet18_tf_0_0.03/nested_cv_random/resnet18/repeat_10_fold_5_metrics.csv,10,1,resnet18,"[0, 0.03]",C2,F1 at 95% Specificity,0.8404255319148937
/scratchc/nrlab/wang04/ulyses_results_iteration/iteration_3_merge_below_3/cnn_model/cnn14/plasma_tp1_0.1x_model_C2/roc_curve_resnet18_tf_0_0.03/nested_cv_random/resnet18/repeat_10_fold_5_metrics.csv,10,2,resnet18,"[0, 0.03]",C2,AUROC,0.9311198485510412
/scratchc/nrlab/wang04/ulyses_results_iteration/iteration_3_merge_below_3/cnn_model/cnn14/plasma_tp1_0.1x_model_C2/roc_curve_resnet18_tf_0_0.03/nested_cv_random/resnet18/repeat_10_fold_5_metrics.csv,10,2,resnet18,"[0, 0.03]",C2,AUPRC,0.9647850992796978
/scratchc/nrlab/wang04/ulyses_results_iteration/iteration_3_merge_below_3/cnn_model/cnn14/plasma_tp1_0.1x_model_C2/roc_curve_resnet18_tf_0_0.03/nested_cv_random/resnet18/repeat_10_fold_5_metrics.csv,10,2,resnet18,"[0, 0.03]",C2,Sensitivity at 99% Specificity,0.5871559633027523
/scratchc/nrlab/wang04/ulyses_results_iteration/iteration_3_merge_below_3/cnn_model/cnn14/plasma_tp1_0.1x_model_C2/roc_curve_resnet18_tf_0_0.03/nested_cv_random/resnet18/repeat_10_fold_5_metrics.csv,10,2,resnet18,"[0, 0.03]",C2,PPV at 99% Specificity,1
/scratchc/nrlab/wang04/ulyses_results_iteration/iteration_3_merge_below_3/cnn_model/cnn14/plasma_tp1_0.1x_model_C2/roc_curve_resnet18_tf_0_0.03/nested_cv_random/resnet18/repeat_10_fold_5_metrics.csv,10,2,resnet18,"[0, 0.03]",C2,Accuracy at 99% Specificity,0.7885779816513762
/scratchc/nrlab/wang04/ulyses_results_iteration/iteration_3_merge_below_3/cnn_model/cnn14/plasma_tp1_0.1x_model_C2/roc_curve_resnet18_tf_0_0.03/nested_cv_random/resnet18/repeat_10_fold_5_metrics.csv,10,2,resnet18,"[0, 0.03]",C2,F1 at 99% Specificity,0.7398843930635838
/scratchc/nrlab/wang04/ulyses_results_iteration/iteration_3_merge_below_3/cnn_model/cnn14/plasma_tp1_0.1x_model_C2/roc_curve_resnet18_tf_0_0.03/nested_cv_random/resnet18/repeat_10_fold_5_metrics.csv,10,2,resnet18,"[0, 0.03]",C2,Sensitivity at 98% Specificity,0.5871559633027523
/scratchc/nrlab/wang04/ulyses_results_iteration/iteration_3_merge_below_3/cnn_model/cnn14/plasma_tp1_0.1x_model_C2/roc_curve_resnet18_tf_0_0.03/nested_cv_random/resnet18/repeat_10_fold_5_metrics.csv,10,2,resnet18,"[0, 0.03]",C2,PPV at 98% Specificity,1
/scratchc/nrlab/wang04/ulyses_results_iteration/iteration_3_merge_below_3/cnn_model/cnn14/plasma_tp1_0.1x_model_C2/roc_curve_resnet18_tf_0_0.03/nested_cv_random/resnet18/repeat_10_fold_5_metrics.csv,10,2,resnet18,"[0, 0.03]",C2,Accuracy at 98% Specificity,0.7835779816513762
/scratchc/nrlab/wang04/ulyses_results_iteration/iteration_3_merge_below_3/cnn_model/cnn14/plasma_tp1_0.1x_model_C2/roc_curve_resnet18_tf_0_0.03/nested_cv_random/resnet18/repeat_10_fold_5_metrics.csv,10,2,resnet18,"[0, 0.03]",C2,F1 at 98% Specificity,0.7398843930635838
/scratchc/nrlab/wang04/ulyses_results_iteration/iteration_3_merge_below_3/cnn_model/cnn14/plasma_tp1_0.1x_model_C2/roc_curve_resnet18_tf_0_0.03/nested_cv_random/resnet18/repeat_10_fold_5_metrics.csv,10,2,resnet18,"[0, 0.03]",C2,Sensitivity at 95% Specificity,0.7247706422018348
/scratchc/nrlab/wang04/ulyses_results_iteration/iteration_3_merge_below_3/cnn_model/cnn14/plasma_tp1_0.1x_model_C2/roc_curve_resnet18_tf_0_0.03/nested_cv_random/resnet18/repeat_10_fold_5_metrics.csv,10,2,resnet18,"[0, 0.03]",C2,PPV at 95% Specificity,0.9753086419753086
/scratchc/nrlab/wang04/ulyses_results_iteration/iteration_3_merge_below_3/cnn_model/cnn14/plasma_tp1_0.1x_model_C2/roc_curve_resnet18_tf_0_0.03/nested_cv_random/resnet18/repeat_10_fold_5_metrics.csv,10,2,resnet18,"[0, 0.03]",C2,Accuracy at 95% Specificity,0.8223059560215523
/scratchc/nrlab/wang04/ulyses_results_iteration/iteration_3_merge_below_3/cnn_model/cnn14/plasma_tp1_0.1x_model_C2/roc_curve_resnet18_tf_0_0.03/nested_cv_random/resnet18/repeat_10_fold_5_metrics.csv,10,2,resnet18,"[0, 0.03]",C2,F1 at 95% Specificity,0.8315789473684211
/scratchc/nrlab/wang04/ulyses_results_iteration/iteration_3_merge_below_3/cnn_model/cnn14/plasma_tp1_0.1x_model_C2/roc_curve_resnet18_tf_0_0.03/nested_cv_random/resnet18/repeat_10_fold_5_metrics.csv,10,3,resnet18,"[0, 0.03]",C2,AUROC,0.8968660968660969
/scratchc/nrlab/wang04/ulyses_results_iteration/iteration_3_merge_below_3/cnn_model/cnn14/plasma_tp1_0.1x_model_C2/roc_curve_resnet18_tf_0_0.03/nested_cv_random/resnet18/repeat_10_fold_5_metrics.csv,10,3,resnet18,"[0, 0.03]",C2,AUPRC,0.936832310870519
/scratchc/nrlab/wang04/ulyses_results_iteration/iteration_3_merge_below_3/cnn_model/cnn14/plasma_tp1_0.1x_model_C2/roc_curve_resnet18_tf_0_0.03/nested_cv_random/resnet18/repeat_10_fold_5_metrics.csv,10,3,resnet18,"[0, 0.03]",C2,Sensitivity at 99% Specificity,0.25925925925925924
/scratchc/nrlab/wang04/ulyses_results_iteration/iteration_3_merge_below_3/cnn_model/cnn14/plasma_tp1_0.1x_model_C2/roc_curve_resnet18_tf_0_0.03/nested_cv_random/resnet18/repeat_10_fold_5_metrics.csv,10,3,resnet18,"[0, 0.03]",C2,PPV at 99% Specificity,1
/scratchc/nrlab/wang04/ulyses_results_iteration/iteration_3_merge_below_3/cnn_model/cnn14/plasma_tp1_0.1x_model_C2/roc_curve_resnet18_tf_0_0.03/nested_cv_random/resnet18/repeat_10_fold_5_metrics.csv,10,3,resnet18,"[0, 0.03]",C2,Accuracy at 99% Specificity,0.6246296296296296
/scratchc/nrlab/wang04/ulyses_results_iteration/iteration_3_merge_below_3/cnn_model/cnn14/plasma_tp1_0.1x_model_C2/roc_curve_resnet18_tf_0_0.03/nested_cv_random/resnet18/repeat_10_fold_5_metrics.csv,10,3,resnet18,"[0, 0.03]",C2,F1 at 99% Specificity,0.4117647058823529
/scratchc/nrlab/wang04/ulyses_results_iteration/iteration_3_merge_below_3/cnn_model/cnn14/plasma_tp1_0.1x_model_C2/roc_curve_resnet18_tf_0_0.03/nested_cv_random/resnet18/repeat_10_fold_5_metrics.csv,10,3,resnet18,"[0, 0.03]",C2,Sensitivity at 98% Specificity,0.25925925925925924
/scratchc/nrlab/wang04/ulyses_results_iteration/iteration_3_merge_below_3/cnn_model/cnn14/plasma_tp1_0.1x_model_C2/roc_curve_resnet18_tf_0_0.03/nested_cv_random/resnet18/repeat_10_fold_5_metrics.csv,10,3,resnet18,"[0, 0.03]",C2,PPV at 98% Specificity,1
/scratchc/nrlab/wang04/ulyses_results_iteration/iteration_3_merge_below_3/cnn_model/cnn14/plasma_tp1_0.1x_model_C2/roc_curve_resnet18_tf_0_0.03/nested_cv_random/resnet18/repeat_10_fold_5_metrics.csv,10,3,resnet18,"[0, 0.03]",C2,Accuracy at 98% Specificity,0.6196296296296296
/scratchc/nrlab/wang04/ulyses_results_iteration/iteration_3_merge_below_3/cnn_model/cnn14/plasma_tp1_0.1x_model_C2/roc_curve_resnet18_tf_0_0.03/nested_cv_random/resnet18/repeat_10_fold_5_metrics.csv,10,3,resnet18,"[0, 0.03]",C2,F1 at 98% Specificity,0.4117647058823529
/scratchc/nrlab/wang04/ulyses_results_iteration/iteration_3_merge_below_3/cnn_model/cnn14/plasma_tp1_0.1x_model_C2/roc_curve_resnet18_tf_0_0.03/nested_cv_random/resnet18/repeat_10_fold_5_metrics.csv,10,3,resnet18,"[0, 0.03]",C2,Sensitivity at 95% Specificity,0.46296296296296297
/scratchc/nrlab/wang04/ulyses_results_iteration/iteration_3_merge_below_3/cnn_model/cnn14/plasma_tp1_0.1x_model_C2/roc_curve_resnet18_tf_0_0.03/nested_cv_random/resnet18/repeat_10_fold_5_metrics.csv,10,3,resnet18,"[0, 0.03]",C2,PPV at 95% Specificity,0.9615384615384616
/scratchc/nrlab/wang04/ulyses_results_iteration/iteration_3_merge_below_3/cnn_model/cnn14/plasma_tp1_0.1x_model_C2/roc_curve_resnet18_tf_0_0.03/nested_cv_random/resnet18/repeat_10_fold_5_metrics.csv,10,3,resnet18,"[0, 0.03]",C2,Accuracy at 95% Specificity,0.6918660968660968
/scratchc/nrlab/wang04/ulyses_results_iteration/iteration_3_merge_below_3/cnn_model/cnn14/plasma_tp1_0.1x_model_C2/roc_curve_resnet18_tf_0_0.03/nested_cv_random/resnet18/repeat_10_fold_5_metrics.csv,10,3,resnet18,"[0, 0.03]",C2,F1 at 95% Specificity,0.625
/scratchc/nrlab/wang04/ulyses_results_iteration/iteration_3_merge_below_3/cnn_model/cnn14/plasma_tp1_0.1x_model_C2/roc_curve_resnet18_tf_0_0.03/nested_cv_random/resnet18/repeat_10_fold_5_metrics.csv,10,5,resnet18,"[0, 0.03]",C2,AUROC,0.9198113207547168
/scratchc/nrlab/wang04/ulyses_results_iteration/iteration_3_merge_below_3/cnn_model/cnn14/plasma_tp1_0.1x_model_C2/roc_curve_resnet18_tf_0_0.03/nested_cv_random/resnet18/repeat_10_fold_5_metrics.csv,10,5,resnet18,"[0, 0.03]",C2,AUPRC,0.9464669559324276
/scratchc/nrlab/wang04/ulyses_results_iteration/iteration_3_merge_below_3/cnn_model/cnn14/plasma_tp1_0.1x_model_C2/roc_curve_resnet18_tf_0_0.03/nested_cv_random/resnet18/repeat_10_fold_5_metrics.csv,10,5,resnet18,"[0, 0.03]",C2,Sensitivity at 99% Specificity,0.2358490566037736
/scratchc/nrlab/wang04/ulyses_results_iteration/iteration_3_merge_below_3/cnn_model/cnn14/plasma_tp1_0.1x_model_C2/roc_curve_resnet18_tf_0_0.03/nested_cv_random/resnet18/repeat_10_fold_5_metrics.csv,10,5,resnet18,"[0, 0.03]",C2,PPV at 99% Specificity,1
/scratchc/nrlab/wang04/ulyses_results_iteration/iteration_3_merge_below_3/cnn_model/cnn14/plasma_tp1_0.1x_model_C2/roc_curve_resnet18_tf_0_0.03/nested_cv_random/resnet18/repeat_10_fold_5_metrics.csv,10,5,resnet18,"[0, 0.03]",C2,Accuracy at 99% Specificity,0.6129245283018868
/scratchc/nrlab/wang04/ulyses_results_iteration/iteration_3_merge_below_3/cnn_model/cnn14/plasma_tp1_0.1x_model_C2/roc_curve_resnet18_tf_0_0.03/nested_cv_random/resnet18/repeat_10_fold_5_metrics.csv,10,5,resnet18,"[0, 0.03]",C2,F1 at 99% Specificity,0.3816793893129771
/scratchc/nrlab/wang04/ulyses_results_iteration/iteration_3_merge_below_3/cnn_model/cnn14/plasma_tp1_0.1x_model_C2/roc_curve_resnet18_tf_0_0.03/nested_cv_random/resnet18/repeat_10_fold_5_metrics.csv,10,5,resnet18,"[0, 0.03]",C2,Sensitivity at 98% Specificity,0.2358490566037736
/scratchc/nrlab/wang04/ulyses_results_iteration/iteration_3_merge_below_3/cnn_model/cnn14/plasma_tp1_0.1x_model_C2/roc_curve_resnet18_tf_0_0.03/nested_cv_random/resnet18/repeat_10_fold_5_metrics.csv,10,5,resnet18,"[0, 0.03]",C2,PPV at 98% Specificity,1
/scratchc/nrlab/wang04/ulyses_results_iteration/iteration_3_merge_below_3/cnn_model/cnn14/plasma_tp1_0.1x_model_C2/roc_curve_resnet18_tf_0_0.03/nested_cv_random/resnet18/repeat_10_fold_5_metrics.csv,10,5,resnet18,"[0, 0.03]",C2,Accuracy at 98% Specificity,0.6079245283018868
/scratchc/nrlab/wang04/ulyses_results_iteration/iteration_3_merge_below_3/cnn_model/cnn14/plasma_tp1_0.1x_model_C2/roc_curve_resnet18_tf_0_0.03/nested_cv_random/resnet18/repeat_10_fold_5_metrics.csv,10,5,resnet18,"[0, 0.03]",C2,F1 at 98% Specificity,0.3816793893129771
/scratchc/nrlab/wang04/ulyses_results_iteration/iteration_3_merge_below_3/cnn_model/cnn14/plasma_tp1_0.1x_model_C2/roc_curve_resnet18_tf_0_0.03/nested_cv_random/resnet18/repeat_10_fold_5_metrics.csv,10,5,resnet18,"[0, 0.03]",C2,Sensitivity at 95% Specificity,0.6132075471698113
/scratchc/nrlab/wang04/ulyses_results_iteration/iteration_3_merge_below_3/cnn_model/cnn14/plasma_tp1_0.1x_model_C2/roc_curve_resnet18_tf_0_0.03/nested_cv_random/resnet18/repeat_10_fold_5_metrics.csv,10,5,resnet18,"[0, 0.03]",C2,PPV at 95% Specificity,0.9701492537313432
/scratchc/nrlab/wang04/ulyses_results_iteration/iteration_3_merge_below_3/cnn_model/cnn14/plasma_tp1_0.1x_model_C2/roc_curve_resnet18_tf_0_0.03/nested_cv_random/resnet18/repeat_10_fold_5_metrics.csv,10,5,resnet18,"[0, 0.03]",C2,Accuracy at 95% Specificity,0.7672098341909662
/scratchc/nrlab/wang04/ulyses_results_iteration/iteration_3_merge_below_3/cnn_model/cnn14/plasma_tp1_0.1x_model_C2/roc_curve_resnet18_tf_0_0.03/nested_cv_random/resnet18/repeat_10_fold_5_metrics.csv,10,5,resnet18,"[0, 0.03]",C2,F1 at 95% Specificity,0.7514450867052023
/scratchc/nrlab/wang04/ulyses_results_iteration/iteration_3_merge_below_3/cnn_model/cnn14/plasma_tp1_0.1x_model_C2/roc_curve_resnet18_tf_0_1/nested_cv_random/resnet18/repeat_10_fold_5_metrics.csv,1,1,resnet18,all,C2,AUROC,0.9203867171080286
/scratchc/nrlab/wang04/ulyses_results_iteration/iteration_3_merge_below_3/cnn_model/cnn14/plasma_tp1_0.1x_model_C2/roc_curve_resnet18_tf_0_1/nested_cv_random/resnet18/repeat_10_fold_5_metrics.csv,1,1,resnet18,all,C2,AUPRC,0.9714040253115868
/scratchc/nrlab/wang04/ulyses_results_iteration/iteration_3_merge_below_3/cnn_model/cnn14/plasma_tp1_0.1x_model_C2/roc_curve_resnet18_tf_0_1/nested_cv_random/resnet18/repeat_10_fold_5_metrics.csv,1,1,resnet18,all,C2,Sensitivity at 99% Specificity,0.5191256830601093
/scratchc/nrlab/wang04/ulyses_results_iteration/iteration_3_merge_below_3/cnn_model/cnn14/plasma_tp1_0.1x_model_C2/roc_curve_resnet18_tf_0_1/nested_cv_random/resnet18/repeat_10_fold_5_metrics.csv,1,1,resnet18,all,C2,PPV at 99% Specificity,1
/scratchc/nrlab/wang04/ulyses_results_iteration/iteration_3_merge_below_3/cnn_model/cnn14/plasma_tp1_0.1x_model_C2/roc_curve_resnet18_tf_0_1/nested_cv_random/resnet18/repeat_10_fold_5_metrics.csv,1,1,resnet18,all,C2,Accuracy at 99% Specificity,0.7545628415300547
/scratchc/nrlab/wang04/ulyses_results_iteration/iteration_3_merge_below_3/cnn_model/cnn14/plasma_tp1_0.1x_model_C2/roc_curve_resnet18_tf_0_1/nested_cv_random/resnet18/repeat_10_fold_5_metrics.csv,1,1,resnet18,all,C2,F1 at 99% Specificity,0.6834532374100719
/scratchc/nrlab/wang04/ulyses_results_iteration/iteration_3_merge_below_3/cnn_model/cnn14/plasma_tp1_0.1x_model_C2/roc_curve_resnet18_tf_0_1/nested_cv_random/resnet18/repeat_10_fold_5_metrics.csv,1,1,resnet18,all,C2,Sensitivity at 98% Specificity,0.5191256830601093
/scratchc/nrlab/wang04/ulyses_results_iteration/iteration_3_merge_below_3/cnn_model/cnn14/plasma_tp1_0.1x_model_C2/roc_curve_resnet18_tf_0_1/nested_cv_random/resnet18/repeat_10_fold_5_metrics.csv,1,1,resnet18,all,C2,PPV at 98% Specificity,1
/scratchc/nrlab/wang04/ulyses_results_iteration/iteration_3_merge_below_3/cnn_model/cnn14/plasma_tp1_0.1x_model_C2/roc_curve_resnet18_tf_0_1/nested_cv_random/resnet18/repeat_10_fold_5_metrics.csv,1,1,resnet18,all,C2,Accuracy at 98% Specificity,0.7495628415300546
/scratchc/nrlab/wang04/ulyses_results_iteration/iteration_3_merge_below_3/cnn_model/cnn14/plasma_tp1_0.1x_model_C2/roc_curve_resnet18_tf_0_1/nested_cv_random/resnet18/repeat_10_fold_5_metrics.csv,1,1,resnet18,all,C2,F1 at 98% Specificity,0.6834532374100719
/scratchc/nrlab/wang04/ulyses_results_iteration/iteration_3_merge_below_3/cnn_model/cnn14/plasma_tp1_0.1x_model_C2/roc_curve_resnet18_tf_0_1/nested_cv_random/resnet18/repeat_10_fold_5_metrics.csv,1,1,resnet18,all,C2,Sensitivity at 95% Specificity,0.6010928961748634
/scratchc/nrlab/wang04/ulyses_results_iteration/iteration_3_merge_below_3/cnn_model/cnn14/plasma_tp1_0.1x_model_C2/roc_curve_resnet18_tf_0_1/nested_cv_random/resnet18/repeat_10_fold_5_metrics.csv,1,1,resnet18,all,C2,PPV at 95% Specificity,0.9821428571428572
/scratchc/nrlab/wang04/ulyses_results_iteration/iteration_3_merge_below_3/cnn_model/cnn14/plasma_tp1_0.1x_model_C2/roc_curve_resnet18_tf_0_1/nested_cv_random/resnet18/repeat_10_fold_5_metrics.csv,1,1,resnet18,all,C2,Accuracy at 95% Specificity,0.760931063472047
/scratchc/nrlab/wang04/ulyses_results_iteration/iteration_3_merge_below_3/cnn_model/cnn14/plasma_tp1_0.1x_model_C2/roc_curve_resnet18_tf_0_1/nested_cv_random/resnet18/repeat_10_fold_5_metrics.csv,1,1,resnet18,all,C2,F1 at 95% Specificity,0.7457627118644068
/scratchc/nrlab/wang04/ulyses_results_iteration/iteration_3_merge_below_3/cnn_model/cnn14/plasma_tp1_0.1x_model_C2/roc_curve_resnet18_tf_0_1/nested_cv_random/resnet18/repeat_10_fold_5_metrics.csv,1,2,resnet18,all,C2,AUROC,0.95546626485853
/scratchc/nrlab/wang04/ulyses_results_iteration/iteration_3_merge_below_3/cnn_model/cnn14/plasma_tp1_0.1x_model_C2/roc_curve_resnet18_tf_0_1/nested_cv_random/resnet18/repeat_10_fold_5_metrics.csv,1,2,resnet18,all,C2,AUPRC,0.9842922837075974
/scratchc/nrlab/wang04/ulyses_results_iteration/iteration_3_merge_below_3/cnn_model/cnn14/plasma_tp1_0.1x_model_C2/roc_curve_resnet18_tf_0_1/nested_cv_random/resnet18/repeat_10_fold_5_metrics.csv,1,2,resnet18,all,C2,Sensitivity at 99% Specificity,0.7182320441988951
/scratchc/nrlab/wang04/ulyses_results_iteration/iteration_3_merge_below_3/cnn_model/cnn14/plasma_tp1_0.1x_model_C2/roc_curve_resnet18_tf_0_1/nested_cv_random/resnet18/repeat_10_fold_5_metrics.csv,1,2,resnet18,all,C2,PPV at 99% Specificity,1
/scratchc/nrlab/wang04/ulyses_results_iteration/iteration_3_merge_below_3/cnn_model/cnn14/plasma_tp1_0.1x_model_C2/roc_curve_resnet18_tf_0_1/nested_cv_random/resnet18/repeat_10_fold_5_metrics.csv,1,2,resnet18,all,C2,Accuracy at 99% Specificity,0.8541160220994475
/scratchc/nrlab/wang04/ulyses_results_iteration/iteration_3_merge_below_3/cnn_model/cnn14/plasma_tp1_0.1x_model_C2/roc_curve_resnet18_tf_0_1/nested_cv_random/resnet18/repeat_10_fold_5_metrics.csv,1,2,resnet18,all,C2,F1 at 99% Specificity,0.8360128617363344
/scratchc/nrlab/wang04/ulyses_results_iteration/iteration_3_merge_below_3/cnn_model/cnn14/plasma_tp1_0.1x_model_C2/roc_curve_resnet18_tf_0_1/nested_cv_random/resnet18/repeat_10_fold_5_metrics.csv,1,2,resnet18,all,C2,Sensitivity at 98% Specificity,0.7182320441988951
/scratchc/nrlab/wang04/ulyses_results_iteration/iteration_3_merge_below_3/cnn_model/cnn14/plasma_tp1_0.1x_model_C2/roc_curve_resnet18_tf_0_1/nested_cv_random/resnet18/repeat_10_fold_5_metrics.csv,1,2,resnet18,all,C2,PPV at 98% Specificity,1
/scratchc/nrlab/wang04/ulyses_results_iteration/iteration_3_merge_below_3/cnn_model/cnn14/plasma_tp1_0.1x_model_C2/roc_curve_resnet18_tf_0_1/nested_cv_random/resnet18/repeat_10_fold_5_metrics.csv,1,2,resnet18,all,C2,Accuracy at 98% Specificity,0.8491160220994476
/scratchc/nrlab/wang04/ulyses_results_iteration/iteration_3_merge_below_3/cnn_model/cnn14/plasma_tp1_0.1x_model_C2/roc_curve_resnet18_tf_0_1/nested_cv_random/resnet18/repeat_10_fold_5_metrics.csv,1,2,resnet18,all,C2,F1 at 98% Specificity,0.8360128617363344
/scratchc/nrlab/wang04/ulyses_results_iteration/iteration_3_merge_below_3/cnn_model/cnn14/plasma_tp1_0.1x_model_C2/roc_curve_resnet18_tf_0_1/nested_cv_random/resnet18/repeat_10_fold_5_metrics.csv,1,2,resnet18,all,C2,Sensitivity at 95% Specificity,0.7955801104972375
/scratchc/nrlab/wang04/ulyses_results_iteration/iteration_3_merge_below_3/cnn_model/cnn14/plasma_tp1_0.1x_model_C2/roc_curve_resnet18_tf_0_1/nested_cv_random/resnet18/repeat_10_fold_5_metrics.csv,1,2,resnet18,all,C2,PPV at 95% Specificity,0.9863013698630136
/scratchc/nrlab/wang04/ulyses_results_iteration/iteration_3_merge_below_3/cnn_model/cnn14/plasma_tp1_0.1x_model_C2/roc_curve_resnet18_tf_0_1/nested_cv_random/resnet18/repeat_10_fold_5_metrics.csv,1,2,resnet18,all,C2,Accuracy at 95% Specificity,0.8583961158546793
/scratchc/nrlab/wang04/ulyses_results_iteration/iteration_3_merge_below_3/cnn_model/cnn14/plasma_tp1_0.1x_model_C2/roc_curve_resnet18_tf_0_1/nested_cv_random/resnet18/repeat_10_fold_5_metrics.csv,1,2,resnet18,all,C2,F1 at 95% Specificity,0.8807339449541285
/scratchc/nrlab/wang04/ulyses_results_iteration/iteration_3_merge_below_3/cnn_model/cnn14/plasma_tp1_0.1x_model_C2/roc_curve_resnet18_tf_0_1/nested_cv_random/resnet18/repeat_10_fold_5_metrics.csv,1,3,resnet18,all,C2,AUROC,0.9153859289617484
/scratchc/nrlab/wang04/ulyses_results_iteration/iteration_3_merge_below_3/cnn_model/cnn14/plasma_tp1_0.1x_model_C2/roc_curve_resnet18_tf_0_1/nested_cv_random/resnet18/repeat_10_fold_5_metrics.csv,1,3,resnet18,all,C2,AUPRC,0.9714121036287372
/scratchc/nrlab/wang04/ulyses_results_iteration/iteration_3_merge_below_3/cnn_model/cnn14/plasma_tp1_0.1x_model_C2/roc_curve_resnet18_tf_0_1/nested_cv_random/resnet18/repeat_10_fold_5_metrics.csv,1,3,resnet18,all,C2,Sensitivity at 99% Specificity,0.5191256830601093
/scratchc/nrlab/wang04/ulyses_results_iteration/iteration_3_merge_below_3/cnn_model/cnn14/plasma_tp1_0.1x_model_C2/roc_curve_resnet18_tf_0_1/nested_cv_random/resnet18/repeat_10_fold_5_metrics.csv,1,3,resnet18,all,C2,PPV at 99% Specificity,1
/scratchc/nrlab/wang04/ulyses_results_iteration/iteration_3_merge_below_3/cnn_model/cnn14/plasma_tp1_0.1x_model_C2/roc_curve_resnet18_tf_0_1/nested_cv_random/resnet18/repeat_10_fold_5_metrics.csv,1,3,resnet18,all,C2,Accuracy at 99% Specificity,0.7545628415300547
/scratchc/nrlab/wang04/ulyses_results_iteration/iteration_3_merge_below_3/cnn_model/cnn14/plasma_tp1_0.1x_model_C2/roc_curve_resnet18_tf_0_1/nested_cv_random/resnet18/repeat_10_fold_5_metrics.csv,1,3,resnet18,all,C2,F1 at 99% Specificity,0.6834532374100719
/scratchc/nrlab/wang04/ulyses_results_iteration/iteration_3_merge_below_3/cnn_model/cnn14/plasma_tp1_0.1x_model_C2/roc_curve_resnet18_tf_0_1/nested_cv_random/resnet18/repeat_10_fold_5_metrics.csv,1,3,resnet18,all,C2,Sensitivity at 98% Specificity,0.5191256830601093
/scratchc/nrlab/wang04/ulyses_results_iteration/iteration_3_merge_below_3/cnn_model/cnn14/plasma_tp1_0.1x_model_C2/roc_curve_resnet18_tf_0_1/nested_cv_random/resnet18/repeat_10_fold_5_metrics.csv,1,3,resnet18,all,C2,PPV at 98% Specificity,1
/scratchc/nrlab/wang04/ulyses_results_iteration/iteration_3_merge_below_3/cnn_model/cnn14/plasma_tp1_0.1x_model_C2/roc_curve_resnet18_tf_0_1/nested_cv_random/resnet18/repeat_10_fold_5_metrics.csv,1,3,resnet18,all,C2,Accuracy at 98% Specificity,0.7495628415300546
/scratchc/nrlab/wang04/ulyses_results_iteration/iteration_3_merge_below_3/cnn_model/cnn14/plasma_tp1_0.1x_model_C2/roc_curve_resnet18_tf_0_1/nested_cv_random/resnet18/repeat_10_fold_5_metrics.csv,1,3,resnet18,all,C2,F1 at 98% Specificity,0.6834532374100719
/scratchc/nrlab/wang04/ulyses_results_iteration/iteration_3_merge_below_3/cnn_model/cnn14/plasma_tp1_0.1x_model_C2/roc_curve_resnet18_tf_0_1/nested_cv_random/resnet18/repeat_10_fold_5_metrics.csv,1,3,resnet18,all,C2,Sensitivity at 95% Specificity,0.7431693989071039
/scratchc/nrlab/wang04/ulyses_results_iteration/iteration_3_merge_below_3/cnn_model/cnn14/plasma_tp1_0.1x_model_C2/roc_curve_resnet18_tf_0_1/nested_cv_random/resnet18/repeat_10_fold_5_metrics.csv,1,3,resnet18,all,C2,PPV at 95% Specificity,0.9855072463768116
/scratchc/nrlab/wang04/ulyses_results_iteration/iteration_3_merge_below_3/cnn_model/cnn14/plasma_tp1_0.1x_model_C2/roc_curve_resnet18_tf_0_1/nested_cv_random/resnet18/repeat_10_fold_5_metrics.csv,1,3,resnet18,all,C2,Accuracy at 95% Specificity,0.8317409494535519
/scratchc/nrlab/wang04/ulyses_results_iteration/iteration_3_merge_below_3/cnn_model/cnn14/plasma_tp1_0.1x_model_C2/roc_curve_resnet18_tf_0_1/nested_cv_random/resnet18/repeat_10_fold_5_metrics.csv,1,3,resnet18,all,C2,F1 at 95% Specificity,0.8473520249221184
/scratchc/nrlab/wang04/ulyses_results_iteration/iteration_3_merge_below_3/cnn_model/cnn14/plasma_tp1_0.1x_model_C2/roc_curve_resnet18_tf_0_1/nested_cv_random/resnet18/repeat_10_fold_5_metrics.csv,1,4,resnet18,all,C2,AUROC,0.9288302277432712
/scratchc/nrlab/wang04/ulyses_results_iteration/iteration_3_merge_below_3/cnn_model/cnn14/plasma_tp1_0.1x_model_C2/roc_curve_resnet18_tf_0_1/nested_cv_random/resnet18/repeat_10_fold_5_metrics.csv,1,4,resnet18,all,C2,AUPRC,0.976352905294552
/scratchc/nrlab/wang04/ulyses_results_iteration/iteration_3_merge_below_3/cnn_model/cnn14/plasma_tp1_0.1x_model_C2/roc_curve_resnet18_tf_0_1/nested_cv_random/resnet18/repeat_10_fold_5_metrics.csv,1,4,resnet18,all,C2,Sensitivity at 99% Specificity,0.657608695652174
/scratchc/nrlab/wang04/ulyses_results_iteration/iteration_3_merge_below_3/cnn_model/cnn14/plasma_tp1_0.1x_model_C2/roc_curve_resnet18_tf_0_1/nested_cv_random/resnet18/repeat_10_fold_5_metrics.csv,1,4,resnet18,all,C2,PPV at 99% Specificity,1
/scratchc/nrlab/wang04/ulyses_results_iteration/iteration_3_merge_below_3/cnn_model/cnn14/plasma_tp1_0.1x_model_C2/roc_curve_resnet18_tf_0_1/nested_cv_random/resnet18/repeat_10_fold_5_metrics.csv,1,4,resnet18,all,C2,Accuracy at 99% Specificity,0.823804347826087
/scratchc/nrlab/wang04/ulyses_results_iteration/iteration_3_merge_below_3/cnn_model/cnn14/plasma_tp1_0.1x_model_C2/roc_curve_resnet18_tf_0_1/nested_cv_random/resnet18/repeat_10_fold_5_metrics.csv,1,4,resnet18,all,C2,F1 at 99% Specificity,0.7934426229508197
/scratchc/nrlab/wang04/ulyses_results_iteration/iteration_3_merge_below_3/cnn_model/cnn14/plasma_tp1_0.1x_model_C2/roc_curve_resnet18_tf_0_1/nested_cv_random/resnet18/repeat_10_fold_5_metrics.csv,1,4,resnet18,all,C2,Sensitivity at 98% Specificity,0.657608695652174
/scratchc/nrlab/wang04/ulyses_results_iteration/iteration_3_merge_below_3/cnn_model/cnn14/plasma_tp1_0.1x_model_C2/roc_curve_resnet18_tf_0_1/nested_cv_random/resnet18/repeat_10_fold_5_metrics.csv,1,4,resnet18,all,C2,PPV at 98% Specificity,1
/scratchc/nrlab/wang04/ulyses_results_iteration/iteration_3_merge_below_3/cnn_model/cnn14/plasma_tp1_0.1x_model_C2/roc_curve_resnet18_tf_0_1/nested_cv_random/resnet18/repeat_10_fold_5_metrics.csv,1,4,resnet18,all,C2,Accuracy at 98% Specificity,0.8188043478260869
/scratchc/nrlab/wang04/ulyses_results_iteration/iteration_3_merge_below_3/cnn_model/cnn14/plasma_tp1_0.1x_model_C2/roc_curve_resnet18_tf_0_1/nested_cv_random/resnet18/repeat_10_fold_5_metrics.csv,1,4,resnet18,all,C2,F1 at 98% Specificity,0.7934426229508197
/scratchc/nrlab/wang04/ulyses_results_iteration/iteration_3_merge_below_3/cnn_model/cnn14/plasma_tp1_0.1x_model_C2/roc_curve_resnet18_tf_0_1/nested_cv_random/resnet18/repeat_10_fold_5_metrics.csv,1,4,resnet18,all,C2,Sensitivity at 95% Specificity,0.6902173913043478
/scratchc/nrlab/wang04/ulyses_results_iteration/iteration_3_merge_below_3/cnn_model/cnn14/plasma_tp1_0.1x_model_C2/roc_curve_resnet18_tf_0_1/nested_cv_random/resnet18/repeat_10_fold_5_metrics.csv,1,4,resnet18,all,C2,PPV at 95% Specificity,0.9844961240310076
/scratchc/nrlab/wang04/ulyses_results_iteration/iteration_3_merge_below_3/cnn_model/cnn14/plasma_tp1_0.1x_model_C2/roc_curve_resnet18_tf_0_1/nested_cv_random/resnet18/repeat_10_fold_5_metrics.csv,1,4,resnet18,all,C2,Accuracy at 95% Specificity,0.8050293305728088
/scratchc/nrlab/wang04/ulyses_results_iteration/iteration_3_merge_below_3/cnn_model/cnn14/plasma_tp1_0.1x_model_C2/roc_curve_resnet18_tf_0_1/nested_cv_random/resnet18/repeat_10_fold_5_metrics.csv,1,4,resnet18,all,C2,F1 at 95% Specificity,0.8115015974440895
/scratchc/nrlab/wang04/ulyses_results_iteration/iteration_3_merge_below_3/cnn_model/cnn14/plasma_tp1_0.1x_model_C2/roc_curve_resnet18_tf_0_1/nested_cv_random/resnet18/repeat_10_fold_5_metrics.csv,1,5,resnet18,all,C2,AUROC,0.9028613836892884
/scratchc/nrlab/wang04/ulyses_results_iteration/iteration_3_merge_below_3/cnn_model/cnn14/plasma_tp1_0.1x_model_C2/roc_curve_resnet18_tf_0_1/nested_cv_random/resnet18/repeat_10_fold_5_metrics.csv,1,5,resnet18,all,C2,AUPRC,0.9666400062717168
/scratchc/nrlab/wang04/ulyses_results_iteration/iteration_3_merge_below_3/cnn_model/cnn14/plasma_tp1_0.1x_model_C2/roc_curve_resnet18_tf_0_1/nested_cv_random/resnet18/repeat_10_fold_5_metrics.csv,1,5,resnet18,all,C2,Sensitivity at 99% Specificity,0.5580110497237569
/scratchc/nrlab/wang04/ulyses_results_iteration/iteration_3_merge_below_3/cnn_model/cnn14/plasma_tp1_0.1x_model_C2/roc_curve_resnet18_tf_0_1/nested_cv_random/resnet18/repeat_10_fold_5_metrics.csv,1,5,resnet18,all,C2,PPV at 99% Specificity,1
/scratchc/nrlab/wang04/ulyses_results_iteration/iteration_3_merge_below_3/cnn_model/cnn14/plasma_tp1_0.1x_model_C2/roc_curve_resnet18_tf_0_1/nested_cv_random/resnet18/repeat_10_fold_5_metrics.csv,1,5,resnet18,all,C2,Accuracy at 99% Specificity,0.7740055248618785
/scratchc/nrlab/wang04/ulyses_results_iteration/iteration_3_merge_below_3/cnn_model/cnn14/plasma_tp1_0.1x_model_C2/roc_curve_resnet18_tf_0_1/nested_cv_random/resnet18/repeat_10_fold_5_metrics.csv,1,5,resnet18,all,C2,F1 at 99% Specificity,0.7163120567375887
/scratchc/nrlab/wang04/ulyses_results_iteration/iteration_3_merge_below_3/cnn_model/cnn14/plasma_tp1_0.1x_model_C2/roc_curve_resnet18_tf_0_1/nested_cv_random/resnet18/repeat_10_fold_5_metrics.csv,1,5,resnet18,all,C2,Sensitivity at 98% Specificity,0.5580110497237569
/scratchc/nrlab/wang04/ulyses_results_iteration/iteration_3_merge_below_3/cnn_model/cnn14/plasma_tp1_0.1x_model_C2/roc_curve_resnet18_tf_0_1/nested_cv_random/resnet18/repeat_10_fold_5_metrics.csv,1,5,resnet18,all,C2,PPV at 98% Specificity,1
/scratchc/nrlab/wang04/ulyses_results_iteration/iteration_3_merge_below_3/cnn_model/cnn14/plasma_tp1_0.1x_model_C2/roc_curve_resnet18_tf_0_1/nested_cv_random/resnet18/repeat_10_fold_5_metrics.csv,1,5,resnet18,all,C2,Accuracy at 98% Specificity,0.7690055248618785
/scratchc/nrlab/wang04/ulyses_results_iteration/iteration_3_merge_below_3/cnn_model/cnn14/plasma_tp1_0.1x_model_C2/roc_curve_resnet18_tf_0_1/nested_cv_random/resnet18/repeat_10_fold_5_metrics.csv,1,5,resnet18,all,C2,F1 at 98% Specificity,0.7163120567375887
/scratchc/nrlab/wang04/ulyses_results_iteration/iteration_3_merge_below_3/cnn_model/cnn14/plasma_tp1_0.1x_model_C2/roc_curve_resnet18_tf_0_1/nested_cv_random/resnet18/repeat_10_fold_5_metrics.csv,1,5,resnet18,all,C2,Sensitivity at 95% Specificity,0.6850828729281768
/scratchc/nrlab/wang04/ulyses_results_iteration/iteration_3_merge_below_3/cnn_model/cnn14/plasma_tp1_0.1x_model_C2/roc_curve_resnet18_tf_0_1/nested_cv_random/resnet18/repeat_10_fold_5_metrics.csv,1,5,resnet18,all,C2,PPV at 95% Specificity,0.984126984126984
/scratchc/nrlab/wang04/ulyses_results_iteration/iteration_3_merge_below_3/cnn_model/cnn14/plasma_tp1_0.1x_model_C2/roc_curve_resnet18_tf_0_1/nested_cv_random/resnet18/repeat_10_fold_5_metrics.csv,1,5,resnet18,all,C2,Accuracy at 95% Specificity,0.8033623319864764
/scratchc/nrlab/wang04/ulyses_results_iteration/iteration_3_merge_below_3/cnn_model/cnn14/plasma_tp1_0.1x_model_C2/roc_curve_resnet18_tf_0_1/nested_cv_random/resnet18/repeat_10_fold_5_metrics.csv,1,5,resnet18,all,C2,F1 at 95% Specificity,0.8078175895765473
/scratchc/nrlab/wang04/ulyses_results_iteration/iteration_3_merge_below_3/cnn_model/cnn14/plasma_tp1_0.1x_model_C2/roc_curve_resnet18_tf_0_1/nested_cv_random/resnet18/repeat_10_fold_5_metrics.csv,2,1,resnet18,all,C2,AUROC,0.9353146853146852
/scratchc/nrlab/wang04/ulyses_results_iteration/iteration_3_merge_below_3/cnn_model/cnn14/plasma_tp1_0.1x_model_C2/roc_curve_resnet18_tf_0_1/nested_cv_random/resnet18/repeat_10_fold_5_metrics.csv,2,1,resnet18,all,C2,AUPRC,0.9762931532181628
/scratchc/nrlab/wang04/ulyses_results_iteration/iteration_3_merge_below_3/cnn_model/cnn14/plasma_tp1_0.1x_model_C2/roc_curve_resnet18_tf_0_1/nested_cv_random/resnet18/repeat_10_fold_5_metrics.csv,2,1,resnet18,all,C2,Sensitivity at 99% Specificity,0.5824175824175825
/scratchc/nrlab/wang04/ulyses_results_iteration/iteration_3_merge_below_3/cnn_model/cnn14/plasma_tp1_0.1x_model_C2/roc_curve_resnet18_tf_0_1/nested_cv_random/resnet18/repeat_10_fold_5_metrics.csv,2,1,resnet18,all,C2,PPV at 99% Specificity,1
/scratchc/nrlab/wang04/ulyses_results_iteration/iteration_3_merge_below_3/cnn_model/cnn14/plasma_tp1_0.1x_model_C2/roc_curve_resnet18_tf_0_1/nested_cv_random/resnet18/repeat_10_fold_5_metrics.csv,2,1,resnet18,all,C2,Accuracy at 99% Specificity,0.7862087912087912
/scratchc/nrlab/wang04/ulyses_results_iteration/iteration_3_merge_below_3/cnn_model/cnn14/plasma_tp1_0.1x_model_C2/roc_curve_resnet18_tf_0_1/nested_cv_random/resnet18/repeat_10_fold_5_metrics.csv,2,1,resnet18,all,C2,F1 at 99% Specificity,0.7361111111111112
/scratchc/nrlab/wang04/ulyses_results_iteration/iteration_3_merge_below_3/cnn_model/cnn14/plasma_tp1_0.1x_model_C2/roc_curve_resnet18_tf_0_1/nested_cv_random/resnet18/repeat_10_fold_5_metrics.csv,2,1,resnet18,all,C2,Sensitivity at 98% Specificity,0.5824175824175825
/scratchc/nrlab/wang04/ulyses_results_iteration/iteration_3_merge_below_3/cnn_model/cnn14/plasma_tp1_0.1x_model_C2/roc_curve_resnet18_tf_0_1/nested_cv_random/resnet18/repeat_10_fold_5_metrics.csv,2,1,resnet18,all,C2,PPV at 98% Specificity,1
/scratchc/nrlab/wang04/ulyses_results_iteration/iteration_3_merge_below_3/cnn_model/cnn14/plasma_tp1_0.1x_model_C2/roc_curve_resnet18_tf_0_1/nested_cv_random/resnet18/repeat_10_fold_5_metrics.csv,2,1,resnet18,all,C2,Accuracy at 98% Specificity,0.7812087912087913
/scratchc/nrlab/wang04/ulyses_results_iteration/iteration_3_merge_below_3/cnn_model/cnn14/plasma_tp1_0.1x_model_C2/roc_curve_resnet18_tf_0_1/nested_cv_random/resnet18/repeat_10_fold_5_metrics.csv,2,1,resnet18,all,C2,F1 at 98% Specificity,0.7361111111111112
/scratchc/nrlab/wang04/ulyses_results_iteration/iteration_3_merge_below_3/cnn_model/cnn14/plasma_tp1_0.1x_model_C2/roc_curve_resnet18_tf_0_1/nested_cv_random/resnet18/repeat_10_fold_5_metrics.csv,2,1,resnet18,all,C2,Sensitivity at 95% Specificity,0.6483516483516484
/scratchc/nrlab/wang04/ulyses_results_iteration/iteration_3_merge_below_3/cnn_model/cnn14/plasma_tp1_0.1x_model_C2/roc_curve_resnet18_tf_0_1/nested_cv_random/resnet18/repeat_10_fold_5_metrics.csv,2,1,resnet18,all,C2,PPV at 95% Specificity,0.9833333333333332
/scratchc/nrlab/wang04/ulyses_results_iteration/iteration_3_merge_below_3/cnn_model/cnn14/plasma_tp1_0.1x_model_C2/roc_curve_resnet18_tf_0_1/nested_cv_random/resnet18/repeat_10_fold_5_metrics.csv,2,1,resnet18,all,C2,Accuracy at 95% Specificity,0.7847818847818848
/scratchc/nrlab/wang04/ulyses_results_iteration/iteration_3_merge_below_3/cnn_model/cnn14/plasma_tp1_0.1x_model_C2/roc_curve_resnet18_tf_0_1/nested_cv_random/resnet18/repeat_10_fold_5_metrics.csv,2,1,resnet18,all,C2,F1 at 95% Specificity,0.7814569536423841
/scratchc/nrlab/wang04/ulyses_results_iteration/iteration_3_merge_below_3/cnn_model/cnn14/plasma_tp1_0.1x_model_C2/roc_curve_resnet18_tf_0_1/nested_cv_random/resnet18/repeat_10_fold_5_metrics.csv,2,2,resnet18,all,C2,AUROC,0.9013770924383608
/scratchc/nrlab/wang04/ulyses_results_iteration/iteration_3_merge_below_3/cnn_model/cnn14/plasma_tp1_0.1x_model_C2/roc_curve_resnet18_tf_0_1/nested_cv_random/resnet18/repeat_10_fold_5_metrics.csv,2,2,resnet18,all,C2,AUPRC,0.958037352433474
/scratchc/nrlab/wang04/ulyses_results_iteration/iteration_3_merge_below_3/cnn_model/cnn14/plasma_tp1_0.1x_model_C2/roc_curve_resnet18_tf_0_1/nested_cv_random/resnet18/repeat_10_fold_5_metrics.csv,2,2,resnet18,all,C2,Sensitivity at 99% Specificity,0.20441988950276244
/scratchc/nrlab/wang04/ulyses_results_iteration/iteration_3_merge_below_3/cnn_model/cnn14/plasma_tp1_0.1x_model_C2/roc_curve_resnet18_tf_0_1/nested_cv_random/resnet18/repeat_10_fold_5_metrics.csv,2,2,resnet18,all,C2,PPV at 99% Specificity,1
/scratchc/nrlab/wang04/ulyses_results_iteration/iteration_3_merge_below_3/cnn_model/cnn14/plasma_tp1_0.1x_model_C2/roc_curve_resnet18_tf_0_1/nested_cv_random/resnet18/repeat_10_fold_5_metrics.csv,2,2,resnet18,all,C2,Accuracy at 99% Specificity,0.5972099447513812
/scratchc/nrlab/wang04/ulyses_results_iteration/iteration_3_merge_below_3/cnn_model/cnn14/plasma_tp1_0.1x_model_C2/roc_curve_resnet18_tf_0_1/nested_cv_random/resnet18/repeat_10_fold_5_metrics.csv,2,2,resnet18,all,C2,F1 at 99% Specificity,0.3394495412844037
/scratchc/nrlab/wang04/ulyses_results_iteration/iteration_3_merge_below_3/cnn_model/cnn14/plasma_tp1_0.1x_model_C2/roc_curve_resnet18_tf_0_1/nested_cv_random/resnet18/repeat_10_fold_5_metrics.csv,2,2,resnet18,all,C2,Sensitivity at 98% Specificity,0.20441988950276244
/scratchc/nrlab/wang04/ulyses_results_iteration/iteration_3_merge_below_3/cnn_model/cnn14/plasma_tp1_0.1x_model_C2/roc_curve_resnet18_tf_0_1/nested_cv_random/resnet18/repeat_10_fold_5_metrics.csv,2,2,resnet18,all,C2,PPV at 98% Specificity,1
/scratchc/nrlab/wang04/ulyses_results_iteration/iteration_3_merge_below_3/cnn_model/cnn14/plasma_tp1_0.1x_model_C2/roc_curve_resnet18_tf_0_1/nested_cv_random/resnet18/repeat_10_fold_5_metrics.csv,2,2,resnet18,all,C2,Accuracy at 98% Specificity,0.5922099447513812
/scratchc/nrlab/wang04/ulyses_results_iteration/iteration_3_merge_below_3/cnn_model/cnn14/plasma_tp1_0.1x_model_C2/roc_curve_resnet18_tf_0_1/nested_cv_random/resnet18/repeat_10_fold_5_metrics.csv,2,2,resnet18,all,C2,F1 at 98% Specificity,0.3394495412844037
/scratchc/nrlab/wang04/ulyses_results_iteration/iteration_3_merge_below_3/cnn_model/cnn14/plasma_tp1_0.1x_model_C2/roc_curve_resnet18_tf_0_1/nested_cv_random/resnet18/repeat_10_fold_5_metrics.csv,2,2,resnet18,all,C2,Sensitivity at 95% Specificity,0.4696132596685083
/scratchc/nrlab/wang04/ulyses_results_iteration/iteration_3_merge_below_3/cnn_model/cnn14/plasma_tp1_0.1x_model_C2/roc_curve_resnet18_tf_0_1/nested_cv_random/resnet18/repeat_10_fold_5_metrics.csv,2,2,resnet18,all,C2,PPV at 95% Specificity,0.9770114942528736
/scratchc/nrlab/wang04/ulyses_results_iteration/iteration_3_merge_below_3/cnn_model/cnn14/plasma_tp1_0.1x_model_C2/roc_curve_resnet18_tf_0_1/nested_cv_random/resnet18/repeat_10_fold_5_metrics.csv,2,2,resnet18,all,C2,Accuracy at 95% Specificity,0.6956275253566422
/scratchc/nrlab/wang04/ulyses_results_iteration/iteration_3_merge_below_3/cnn_model/cnn14/plasma_tp1_0.1x_model_C2/roc_curve_resnet18_tf_0_1/nested_cv_random/resnet18/repeat_10_fold_5_metrics.csv,2,2,resnet18,all,C2,F1 at 95% Specificity,0.6343283582089553
/scratchc/nrlab/wang04/ulyses_results_iteration/iteration_3_merge_below_3/cnn_model/cnn14/plasma_tp1_0.1x_model_C2/roc_curve_resnet18_tf_0_1/nested_cv_random/resnet18/repeat_10_fold_5_metrics.csv,2,3,resnet18,all,C2,AUROC,0.8889730639730639
/scratchc/nrlab/wang04/ulyses_results_iteration/iteration_3_merge_below_3/cnn_model/cnn14/plasma_tp1_0.1x_model_C2/roc_curve_resnet18_tf_0_1/nested_cv_random/resnet18/repeat_10_fold_5_metrics.csv,2,3,resnet18,all,C2,AUPRC,0.9589067553723256
/scratchc/nrlab/wang04/ulyses_results_iteration/iteration_3_merge_below_3/cnn_model/cnn14/plasma_tp1_0.1x_model_C2/roc_curve_resnet18_tf_0_1/nested_cv_random/resnet18/repeat_10_fold_5_metrics.csv,2,3,resnet18,all,C2,Sensitivity at 99% Specificity,0.4777777777777778
/scratchc/nrlab/wang04/ulyses_results_iteration/iteration_3_merge_below_3/cnn_model/cnn14/plasma_tp1_0.1x_model_C2/roc_curve_resnet18_tf_0_1/nested_cv_random/resnet18/repeat_10_fold_5_metrics.csv,2,3,resnet18,all,C2,PPV at 99% Specificity,1
/scratchc/nrlab/wang04/ulyses_results_iteration/iteration_3_merge_below_3/cnn_model/cnn14/plasma_tp1_0.1x_model_C2/roc_curve_resnet18_tf_0_1/nested_cv_random/resnet18/repeat_10_fold_5_metrics.csv,2,3,resnet18,all,C2,Accuracy at 99% Specificity,0.7338888888888889
/scratchc/nrlab/wang04/ulyses_results_iteration/iteration_3_merge_below_3/cnn_model/cnn14/plasma_tp1_0.1x_model_C2/roc_curve_resnet18_tf_0_1/nested_cv_random/resnet18/repeat_10_fold_5_metrics.csv,2,3,resnet18,all,C2,F1 at 99% Specificity,0.6466165413533834
/scratchc/nrlab/wang04/ulyses_results_iteration/iteration_3_merge_below_3/cnn_model/cnn14/plasma_tp1_0.1x_model_C2/roc_curve_resnet18_tf_0_1/nested_cv_random/resnet18/repeat_10_fold_5_metrics.csv,2,3,resnet18,all,C2,Sensitivity at 98% Specificity,0.4777777777777778
/scratchc/nrlab/wang04/ulyses_results_iteration/iteration_3_merge_below_3/cnn_model/cnn14/plasma_tp1_0.1x_model_C2/roc_curve_resnet18_tf_0_1/nested_cv_random/resnet18/repeat_10_fold_5_metrics.csv,2,3,resnet18,all,C2,PPV at 98% Specificity,1
/scratchc/nrlab/wang04/ulyses_results_iteration/iteration_3_merge_below_3/cnn_model/cnn14/plasma_tp1_0.1x_model_C2/roc_curve_resnet18_tf_0_1/nested_cv_random/resnet18/repeat_10_fold_5_metrics.csv,2,3,resnet18,all,C2,Accuracy at 98% Specificity,0.7288888888888889
/scratchc/nrlab/wang04/ulyses_results_iteration/iteration_3_merge_below_3/cnn_model/cnn14/plasma_tp1_0.1x_model_C2/roc_curve_resnet18_tf_0_1/nested_cv_random/resnet18/repeat_10_fold_5_metrics.csv,2,3,resnet18,all,C2,F1 at 98% Specificity,0.6466165413533834
/scratchc/nrlab/wang04/ulyses_results_iteration/iteration_3_merge_below_3/cnn_model/cnn14/plasma_tp1_0.1x_model_C2/roc_curve_resnet18_tf_0_1/nested_cv_random/resnet18/repeat_10_fold_5_metrics.csv,2,3,resnet18,all,C2,Sensitivity at 95% Specificity,0.6111111111111112
/scratchc/nrlab/wang04/ulyses_results_iteration/iteration_3_merge_below_3/cnn_model/cnn14/plasma_tp1_0.1x_model_C2/roc_curve_resnet18_tf_0_1/nested_cv_random/resnet18/repeat_10_fold_5_metrics.csv,2,3,resnet18,all,C2,PPV at 95% Specificity,0.9734513274336284
/scratchc/nrlab/wang04/ulyses_results_iteration/iteration_3_merge_below_3/cnn_model/cnn14/plasma_tp1_0.1x_model_C2/roc_curve_resnet18_tf_0_1/nested_cv_random/resnet18/repeat_10_fold_5_metrics.csv,2,3,resnet18,all,C2,Accuracy at 95% Specificity,0.7589646464646465
/scratchc/nrlab/wang04/ulyses_results_iteration/iteration_3_merge_below_3/cnn_model/cnn14/plasma_tp1_0.1x_model_C2/roc_curve_resnet18_tf_0_1/nested_cv_random/resnet18/repeat_10_fold_5_metrics.csv,2,3,resnet18,all,C2,F1 at 95% Specificity,0.7508532423208191
/scratchc/nrlab/wang04/ulyses_results_iteration/iteration_3_merge_below_3/cnn_model/cnn14/plasma_tp1_0.1x_model_C2/roc_curve_resnet18_tf_0_1/nested_cv_random/resnet18/repeat_10_fold_5_metrics.csv,2,4,resnet18,all,C2,AUROC,0.950312174817898
/scratchc/nrlab/wang04/ulyses_results_iteration/iteration_3_merge_below_3/cnn_model/cnn14/plasma_tp1_0.1x_model_C2/roc_curve_resnet18_tf_0_1/nested_cv_random/resnet18/repeat_10_fold_5_metrics.csv,2,4,resnet18,all,C2,AUPRC,0.983988788317008
/scratchc/nrlab/wang04/ulyses_results_iteration/iteration_3_merge_below_3/cnn_model/cnn14/plasma_tp1_0.1x_model_C2/roc_curve_resnet18_tf_0_1/nested_cv_random/resnet18/repeat_10_fold_5_metrics.csv,2,4,resnet18,all,C2,Sensitivity at 99% Specificity,0.6290322580645161
/scratchc/nrlab/wang04/ulyses_results_iteration/iteration_3_merge_below_3/cnn_model/cnn14/plasma_tp1_0.1x_model_C2/roc_curve_resnet18_tf_0_1/nested_cv_random/resnet18/repeat_10_fold_5_metrics.csv,2,4,resnet18,all,C2,PPV at 99% Specificity,1
/scratchc/nrlab/wang04/ulyses_results_iteration/iteration_3_merge_below_3/cnn_model/cnn14/plasma_tp1_0.1x_model_C2/roc_curve_resnet18_tf_0_1/nested_cv_random/resnet18/repeat_10_fold_5_metrics.csv,2,4,resnet18,all,C2,Accuracy at 99% Specificity,0.8095161290322581
/scratchc/nrlab/wang04/ulyses_results_iteration/iteration_3_merge_below_3/cnn_model/cnn14/plasma_tp1_0.1x_model_C2/roc_curve_resnet18_tf_0_1/nested_cv_random/resnet18/repeat_10_fold_5_metrics.csv,2,4,resnet18,all,C2,F1 at 99% Specificity,0.7722772277227723
/scratchc/nrlab/wang04/ulyses_results_iteration/iteration_3_merge_below_3/cnn_model/cnn14/plasma_tp1_0.1x_model_C2/roc_curve_resnet18_tf_0_1/nested_cv_random/resnet18/repeat_10_fold_5_metrics.csv,2,4,resnet18,all,C2,Sensitivity at 98% Specificity,0.6290322580645161
/scratchc/nrlab/wang04/ulyses_results_iteration/iteration_3_merge_below_3/cnn_model/cnn14/plasma_tp1_0.1x_model_C2/roc_curve_resnet18_tf_0_1/nested_cv_random/resnet18/repeat_10_fold_5_metrics.csv,2,4,resnet18,all,C2,PPV at 98% Specificity,1
/scratchc/nrlab/wang04/ulyses_results_iteration/iteration_3_merge_below_3/cnn_model/cnn14/plasma_tp1_0.1x_model_C2/roc_curve_resnet18_tf_0_1/nested_cv_random/resnet18/repeat_10_fold_5_metrics.csv,2,4,resnet18,all,C2,Accuracy at 98% Specificity,0.804516129032258
/scratchc/nrlab/wang04/ulyses_results_iteration/iteration_3_merge_below_3/cnn_model/cnn14/plasma_tp1_0.1x_model_C2/roc_curve_resnet18_tf_0_1/nested_cv_random/resnet18/repeat_10_fold_5_metrics.csv,2,4,resnet18,all,C2,F1 at 98% Specificity,0.7722772277227723
/scratchc/nrlab/wang04/ulyses_results_iteration/iteration_3_merge_below_3/cnn_model/cnn14/plasma_tp1_0.1x_model_C2/roc_curve_resnet18_tf_0_1/nested_cv_random/resnet18/repeat_10_fold_5_metrics.csv,2,4,resnet18,all,C2,Sensitivity at 95% Specificity,0.7849462365591398
/scratchc/nrlab/wang04/ulyses_results_iteration/iteration_3_merge_below_3/cnn_model/cnn14/plasma_tp1_0.1x_model_C2/roc_curve_resnet18_tf_0_1/nested_cv_random/resnet18/repeat_10_fold_5_metrics.csv,2,4,resnet18,all,C2,PPV at 95% Specificity,0.9864864864864864
/scratchc/nrlab/wang04/ulyses_results_iteration/iteration_3_merge_below_3/cnn_model/cnn14/plasma_tp1_0.1x_model_C2/roc_curve_resnet18_tf_0_1/nested_cv_random/resnet18/repeat_10_fold_5_metrics.csv,2,4,resnet18,all,C2,Accuracy at 95% Specificity,0.8521505376344085
/scratchc/nrlab/wang04/ulyses_results_iteration/iteration_3_merge_below_3/cnn_model/cnn14/plasma_tp1_0.1x_model_C2/roc_curve_resnet18_tf_0_1/nested_cv_random/resnet18/repeat_10_fold_5_metrics.csv,2,4,resnet18,all,C2,F1 at 95% Specificity,0.874251497005988
/scratchc/nrlab/wang04/ulyses_results_iteration/iteration_3_merge_below_3/cnn_model/cnn14/plasma_tp1_0.1x_model_C2/roc_curve_resnet18_tf_0_1/nested_cv_random/resnet18/repeat_10_fold_5_metrics.csv,2,5,resnet18,all,C2,AUROC,0.8364924863387978
/scratchc/nrlab/wang04/ulyses_results_iteration/iteration_3_merge_below_3/cnn_model/cnn14/plasma_tp1_0.1x_model_C2/roc_curve_resnet18_tf_0_1/nested_cv_random/resnet18/repeat_10_fold_5_metrics.csv,2,5,resnet18,all,C2,AUPRC,0.9450906163714388
/scratchc/nrlab/wang04/ulyses_results_iteration/iteration_3_merge_below_3/cnn_model/cnn14/plasma_tp1_0.1x_model_C2/roc_curve_resnet18_tf_0_1/nested_cv_random/resnet18/repeat_10_fold_5_metrics.csv,2,5,resnet18,all,C2,Sensitivity at 99% Specificity,0.453551912568306
/scratchc/nrlab/wang04/ulyses_results_iteration/iteration_3_merge_below_3/cnn_model/cnn14/plasma_tp1_0.1x_model_C2/roc_curve_resnet18_tf_0_1/nested_cv_random/resnet18/repeat_10_fold_5_metrics.csv,2,5,resnet18,all,C2,PPV at 99% Specificity,1
/scratchc/nrlab/wang04/ulyses_results_iteration/iteration_3_merge_below_3/cnn_model/cnn14/plasma_tp1_0.1x_model_C2/roc_curve_resnet18_tf_0_1/nested_cv_random/resnet18/repeat_10_fold_5_metrics.csv,2,5,resnet18,all,C2,Accuracy at 99% Specificity,0.721775956284153
/scratchc/nrlab/wang04/ulyses_results_iteration/iteration_3_merge_below_3/cnn_model/cnn14/plasma_tp1_0.1x_model_C2/roc_curve_resnet18_tf_0_1/nested_cv_random/resnet18/repeat_10_fold_5_metrics.csv,2,5,resnet18,all,C2,F1 at 99% Specificity,0.6240601503759399
/scratchc/nrlab/wang04/ulyses_results_iteration/iteration_3_merge_below_3/cnn_model/cnn14/plasma_tp1_0.1x_model_C2/roc_curve_resnet18_tf_0_1/nested_cv_random/resnet18/repeat_10_fold_5_metrics.csv,2,5,resnet18,all,C2,Sensitivity at 98% Specificity,0.453551912568306
/scratchc/nrlab/wang04/ulyses_results_iteration/iteration_3_merge_below_3/cnn_model/cnn14/plasma_tp1_0.1x_model_C2/roc_curve_resnet18_tf_0_1/nested_cv_random/resnet18/repeat_10_fold_5_metrics.csv,2,5,resnet18,all,C2,PPV at 98% Specificity,1
/scratchc/nrlab/wang04/ulyses_results_iteration/iteration_3_merge_below_3/cnn_model/cnn14/plasma_tp1_0.1x_model_C2/roc_curve_resnet18_tf_0_1/nested_cv_random/resnet18/repeat_10_fold_5_metrics.csv,2,5,resnet18,all,C2,Accuracy at 98% Specificity,0.716775956284153
/scratchc/nrlab/wang04/ulyses_results_iteration/iteration_3_merge_below_3/cnn_model/cnn14/plasma_tp1_0.1x_model_C2/roc_curve_resnet18_tf_0_1/nested_cv_random/resnet18/repeat_10_fold_5_metrics.csv,2,5,resnet18,all,C2,F1 at 98% Specificity,0.6240601503759399
/scratchc/nrlab/wang04/ulyses_results_iteration/iteration_3_merge_below_3/cnn_model/cnn14/plasma_tp1_0.1x_model_C2/roc_curve_resnet18_tf_0_1/nested_cv_random/resnet18/repeat_10_fold_5_metrics.csv,2,5,resnet18,all,C2,Sensitivity at 95% Specificity,0.5956284153005464
/scratchc/nrlab/wang04/ulyses_results_iteration/iteration_3_merge_below_3/cnn_model/cnn14/plasma_tp1_0.1x_model_C2/roc_curve_resnet18_tf_0_1/nested_cv_random/resnet18/repeat_10_fold_5_metrics.csv,2,5,resnet18,all,C2,PPV at 95% Specificity,0.981981981981982
/scratchc/nrlab/wang04/ulyses_results_iteration/iteration_3_merge_below_3/cnn_model/cnn14/plasma_tp1_0.1x_model_C2/roc_curve_resnet18_tf_0_1/nested_cv_random/resnet18/repeat_10_fold_5_metrics.csv,2,5,resnet18,all,C2,Accuracy at 95% Specificity,0.7579704576502733
/scratchc/nrlab/wang04/ulyses_results_iteration/iteration_3_merge_below_3/cnn_model/cnn14/plasma_tp1_0.1x_model_C2/roc_curve_resnet18_tf_0_1/nested_cv_random/resnet18/repeat_10_fold_5_metrics.csv,2,5,resnet18,all,C2,F1 at 95% Specificity,0.7414965986394558
/scratchc/nrlab/wang04/ulyses_results_iteration/iteration_3_merge_below_3/cnn_model/cnn14/plasma_tp1_0.1x_model_C2/roc_curve_resnet18_tf_0_1/nested_cv_random/resnet18/repeat_10_fold_5_metrics.csv,3,1,resnet18,all,C2,AUROC,0.8864050339460174
/scratchc/nrlab/wang04/ulyses_results_iteration/iteration_3_merge_below_3/cnn_model/cnn14/plasma_tp1_0.1x_model_C2/roc_curve_resnet18_tf_0_1/nested_cv_random/resnet18/repeat_10_fold_5_metrics.csv,3,1,resnet18,all,C2,AUPRC,0.953293860840493
/scratchc/nrlab/wang04/ulyses_results_iteration/iteration_3_merge_below_3/cnn_model/cnn14/plasma_tp1_0.1x_model_C2/roc_curve_resnet18_tf_0_1/nested_cv_random/resnet18/repeat_10_fold_5_metrics.csv,3,1,resnet18,all,C2,Sensitivity at 99% Specificity,0.2677595628415301
/scratchc/nrlab/wang04/ulyses_results_iteration/iteration_3_merge_below_3/cnn_model/cnn14/plasma_tp1_0.1x_model_C2/roc_curve_resnet18_tf_0_1/nested_cv_random/resnet18/repeat_10_fold_5_metrics.csv,3,1,resnet18,all,C2,PPV at 99% Specificity,1
/scratchc/nrlab/wang04/ulyses_results_iteration/iteration_3_merge_below_3/cnn_model/cnn14/plasma_tp1_0.1x_model_C2/roc_curve_resnet18_tf_0_1/nested_cv_random/resnet18/repeat_10_fold_5_metrics.csv,3,1,resnet18,all,C2,Accuracy at 99% Specificity,0.6288797814207651
/scratchc/nrlab/wang04/ulyses_results_iteration/iteration_3_merge_below_3/cnn_model/cnn14/plasma_tp1_0.1x_model_C2/roc_curve_resnet18_tf_0_1/nested_cv_random/resnet18/repeat_10_fold_5_metrics.csv,3,1,resnet18,all,C2,F1 at 99% Specificity,0.4224137931034483
/scratchc/nrlab/wang04/ulyses_results_iteration/iteration_3_merge_below_3/cnn_model/cnn14/plasma_tp1_0.1x_model_C2/roc_curve_resnet18_tf_0_1/nested_cv_random/resnet18/repeat_10_fold_5_metrics.csv,3,1,resnet18,all,C2,Sensitivity at 98% Specificity,0.2677595628415301
/scratchc/nrlab/wang04/ulyses_results_iteration/iteration_3_merge_below_3/cnn_model/cnn14/plasma_tp1_0.1x_model_C2/roc_curve_resnet18_tf_0_1/nested_cv_random/resnet18/repeat_10_fold_5_metrics.csv,3,1,resnet18,all,C2,PPV at 98% Specificity,1
/scratchc/nrlab/wang04/ulyses_results_iteration/iteration_3_merge_below_3/cnn_model/cnn14/plasma_tp1_0.1x_model_C2/roc_curve_resnet18_tf_0_1/nested_cv_random/resnet18/repeat_10_fold_5_metrics.csv,3,1,resnet18,all,C2,Accuracy at 98% Specificity,0.6238797814207651
/scratchc/nrlab/wang04/ulyses_results_iteration/iteration_3_merge_below_3/cnn_model/cnn14/plasma_tp1_0.1x_model_C2/roc_curve_resnet18_tf_0_1/nested_cv_random/resnet18/repeat_10_fold_5_metrics.csv,3,1,resnet18,all,C2,F1 at 98% Specificity,0.4224137931034483
/scratchc/nrlab/wang04/ulyses_results_iteration/iteration_3_merge_below_3/cnn_model/cnn14/plasma_tp1_0.1x_model_C2/roc_curve_resnet18_tf_0_1/nested_cv_random/resnet18/repeat_10_fold_5_metrics.csv,3,1,resnet18,all,C2,Sensitivity at 95% Specificity,0.3770491803278688
/scratchc/nrlab/wang04/ulyses_results_iteration/iteration_3_merge_below_3/cnn_model/cnn14/plasma_tp1_0.1x_model_C2/roc_curve_resnet18_tf_0_1/nested_cv_random/resnet18/repeat_10_fold_5_metrics.csv,3,1,resnet18,all,C2,PPV at 95% Specificity,0.971830985915493
/scratchc/nrlab/wang04/ulyses_results_iteration/iteration_3_merge_below_3/cnn_model/cnn14/plasma_tp1_0.1x_model_C2/roc_curve_resnet18_tf_0_1/nested_cv_random/resnet18/repeat_10_fold_5_metrics.csv,3,1,resnet18,all,C2,Accuracy at 95% Specificity,0.649130650769995
/scratchc/nrlab/wang04/ulyses_results_iteration/iteration_3_merge_below_3/cnn_model/cnn14/plasma_tp1_0.1x_model_C2/roc_curve_resnet18_tf_0_1/nested_cv_random/resnet18/repeat_10_fold_5_metrics.csv,3,1,resnet18,all,C2,F1 at 95% Specificity,0.5433070866141733
/scratchc/nrlab/wang04/ulyses_results_iteration/iteration_3_merge_below_3/cnn_model/cnn14/plasma_tp1_0.1x_model_C2/roc_curve_resnet18_tf_0_1/nested_cv_random/resnet18/repeat_10_fold_5_metrics.csv,3,2,resnet18,all,C2,AUROC,0.9320836965998256
/scratchc/nrlab/wang04/ulyses_results_iteration/iteration_3_merge_below_3/cnn_model/cnn14/plasma_tp1_0.1x_model_C2/roc_curve_resnet18_tf_0_1/nested_cv_random/resnet18/repeat_10_fold_5_metrics.csv,3,2,resnet18,all,C2,AUPRC,0.9774235524403516
/scratchc/nrlab/wang04/ulyses_results_iteration/iteration_3_merge_below_3/cnn_model/cnn14/plasma_tp1_0.1x_model_C2/roc_curve_resnet18_tf_0_1/nested_cv_random/resnet18/repeat_10_fold_5_metrics.csv,3,2,resnet18,all,C2,Sensitivity at 99% Specificity,0.4972972972972973
/scratchc/nrlab/wang04/ulyses_results_iteration/iteration_3_merge_below_3/cnn_model/cnn14/plasma_tp1_0.1x_model_C2/roc_curve_resnet18_tf_0_1/nested_cv_random/resnet18/repeat_10_fold_5_metrics.csv,3,2,resnet18,all,C2,PPV at 99% Specificity,1
/scratchc/nrlab/wang04/ulyses_results_iteration/iteration_3_merge_below_3/cnn_model/cnn14/plasma_tp1_0.1x_model_C2/roc_curve_resnet18_tf_0_1/nested_cv_random/resnet18/repeat_10_fold_5_metrics.csv,3,2,resnet18,all,C2,Accuracy at 99% Specificity,0.7436486486486487
/scratchc/nrlab/wang04/ulyses_results_iteration/iteration_3_merge_below_3/cnn_model/cnn14/plasma_tp1_0.1x_model_C2/roc_curve_resnet18_tf_0_1/nested_cv_random/resnet18/repeat_10_fold_5_metrics.csv,3,2,resnet18,all,C2,F1 at 99% Specificity,0.6642599277978339
/scratchc/nrlab/wang04/ulyses_results_iteration/iteration_3_merge_below_3/cnn_model/cnn14/plasma_tp1_0.1x_model_C2/roc_curve_resnet18_tf_0_1/nested_cv_random/resnet18/repeat_10_fold_5_metrics.csv,3,2,resnet18,all,C2,Sensitivity at 98% Specificity,0.4972972972972973
/scratchc/nrlab/wang04/ulyses_results_iteration/iteration_3_merge_below_3/cnn_model/cnn14/plasma_tp1_0.1x_model_C2/roc_curve_resnet18_tf_0_1/nested_cv_random/resnet18/repeat_10_fold_5_metrics.csv,3,2,resnet18,all,C2,PPV at 98% Specificity,1
/scratchc/nrlab/wang04/ulyses_results_iteration/iteration_3_merge_below_3/cnn_model/cnn14/plasma_tp1_0.1x_model_C2/roc_curve_resnet18_tf_0_1/nested_cv_random/resnet18/repeat_10_fold_5_metrics.csv,3,2,resnet18,all,C2,Accuracy at 98% Specificity,0.7386486486486487
/scratchc/nrlab/wang04/ulyses_results_iteration/iteration_3_merge_below_3/cnn_model/cnn14/plasma_tp1_0.1x_model_C2/roc_curve_resnet18_tf_0_1/nested_cv_random/resnet18/repeat_10_fold_5_metrics.csv,3,2,resnet18,all,C2,F1 at 98% Specificity,0.6642599277978339
/scratchc/nrlab/wang04/ulyses_results_iteration/iteration_3_merge_below_3/cnn_model/cnn14/plasma_tp1_0.1x_model_C2/roc_curve_resnet18_tf_0_1/nested_cv_random/resnet18/repeat_10_fold_5_metrics.csv,3,2,resnet18,all,C2,Sensitivity at 95% Specificity,0.7243243243243244
/scratchc/nrlab/wang04/ulyses_results_iteration/iteration_3_merge_below_3/cnn_model/cnn14/plasma_tp1_0.1x_model_C2/roc_curve_resnet18_tf_0_1/nested_cv_random/resnet18/repeat_10_fold_5_metrics.csv,3,2,resnet18,all,C2,PPV at 95% Specificity,0.9852941176470588
/scratchc/nrlab/wang04/ulyses_results_iteration/iteration_3_merge_below_3/cnn_model/cnn14/plasma_tp1_0.1x_model_C2/roc_curve_resnet18_tf_0_1/nested_cv_random/resnet18/repeat_10_fold_5_metrics.csv,3,2,resnet18,all,C2,Accuracy at 95% Specificity,0.8218395815170009
/scratchc/nrlab/wang04/ulyses_results_iteration/iteration_3_merge_below_3/cnn_model/cnn14/plasma_tp1_0.1x_model_C2/roc_curve_resnet18_tf_0_1/nested_cv_random/resnet18/repeat_10_fold_5_metrics.csv,3,2,resnet18,all,C2,F1 at 95% Specificity,0.8348909657320872
/scratchc/nrlab/wang04/ulyses_results_iteration/iteration_3_merge_below_3/cnn_model/cnn14/plasma_tp1_0.1x_model_C2/roc_curve_resnet18_tf_0_1/nested_cv_random/resnet18/repeat_10_fold_5_metrics.csv,3,3,resnet18,all,C2,AUROC,0.919471153846154
/scratchc/nrlab/wang04/ulyses_results_iteration/iteration_3_merge_below_3/cnn_model/cnn14/plasma_tp1_0.1x_model_C2/roc_curve_resnet18_tf_0_1/nested_cv_random/resnet18/repeat_10_fold_5_metrics.csv,3,3,resnet18,all,C2,AUPRC,0.9683199507465038
/scratchc/nrlab/wang04/ulyses_results_iteration/iteration_3_merge_below_3/cnn_model/cnn14/plasma_tp1_0.1x_model_C2/roc_curve_resnet18_tf_0_1/nested_cv_random/resnet18/repeat_10_fold_5_metrics.csv,3,3,resnet18,all,C2,Sensitivity at 99% Specificity,0.3516483516483517
/scratchc/nrlab/wang04/ulyses_results_iteration/iteration_3_merge_below_3/cnn_model/cnn14/plasma_tp1_0.1x_model_C2/roc_curve_resnet18_tf_0_1/nested_cv_random/resnet18/repeat_10_fold_5_metrics.csv,3,3,resnet18,all,C2,PPV at 99% Specificity,1
/scratchc/nrlab/wang04/ulyses_results_iteration/iteration_3_merge_below_3/cnn_model/cnn14/plasma_tp1_0.1x_model_C2/roc_curve_resnet18_tf_0_1/nested_cv_random/resnet18/repeat_10_fold_5_metrics.csv,3,3,resnet18,all,C2,Accuracy at 99% Specificity,0.6708241758241759
/scratchc/nrlab/wang04/ulyses_results_iteration/iteration_3_merge_below_3/cnn_model/cnn14/plasma_tp1_0.1x_model_C2/roc_curve_resnet18_tf_0_1/nested_cv_random/resnet18/repeat_10_fold_5_metrics.csv,3,3,resnet18,all,C2,F1 at 99% Specificity,0.5203252032520326
/scratchc/nrlab/wang04/ulyses_results_iteration/iteration_3_merge_below_3/cnn_model/cnn14/plasma_tp1_0.1x_model_C2/roc_curve_resnet18_tf_0_1/nested_cv_random/resnet18/repeat_10_fold_5_metrics.csv,3,3,resnet18,all,C2,Sensitivity at 98% Specificity,0.3516483516483517
/scratchc/nrlab/wang04/ulyses_results_iteration/iteration_3_merge_below_3/cnn_model/cnn14/plasma_tp1_0.1x_model_C2/roc_curve_resnet18_tf_0_1/nested_cv_random/resnet18/repeat_10_fold_5_metrics.csv,3,3,resnet18,all,C2,PPV at 98% Specificity,1
/scratchc/nrlab/wang04/ulyses_results_iteration/iteration_3_merge_below_3/cnn_model/cnn14/plasma_tp1_0.1x_model_C2/roc_curve_resnet18_tf_0_1/nested_cv_random/resnet18/repeat_10_fold_5_metrics.csv,3,3,resnet18,all,C2,Accuracy at 98% Specificity,0.6658241758241759
/scratchc/nrlab/wang04/ulyses_results_iteration/iteration_3_merge_below_3/cnn_model/cnn14/plasma_tp1_0.1x_model_C2/roc_curve_resnet18_tf_0_1/nested_cv_random/resnet18/repeat_10_fold_5_metrics.csv,3,3,resnet18,all,C2,F1 at 98% Specificity,0.5203252032520326
/scratchc/nrlab/wang04/ulyses_results_iteration/iteration_3_merge_below_3/cnn_model/cnn14/plasma_tp1_0.1x_model_C2/roc_curve_resnet18_tf_0_1/nested_cv_random/resnet18/repeat_10_fold_5_metrics.csv,3,3,resnet18,all,C2,Sensitivity at 95% Specificity,0.5164835164835165
/scratchc/nrlab/wang04/ulyses_results_iteration/iteration_3_merge_below_3/cnn_model/cnn14/plasma_tp1_0.1x_model_C2/roc_curve_resnet18_tf_0_1/nested_cv_random/resnet18/repeat_10_fold_5_metrics.csv,3,3,resnet18,all,C2,PPV at 95% Specificity,0.9791666666666666
/scratchc/nrlab/wang04/ulyses_results_iteration/iteration_3_merge_below_3/cnn_model/cnn14/plasma_tp1_0.1x_model_C2/roc_curve_resnet18_tf_0_1/nested_cv_random/resnet18/repeat_10_fold_5_metrics.csv,3,3,resnet18,all,C2,Accuracy at 95% Specificity,0.7183980082417583
/scratchc/nrlab/wang04/ulyses_results_iteration/iteration_3_merge_below_3/cnn_model/cnn14/plasma_tp1_0.1x_model_C2/roc_curve_resnet18_tf_0_1/nested_cv_random/resnet18/repeat_10_fold_5_metrics.csv,3,3,resnet18,all,C2,F1 at 95% Specificity,0.6762589928057554
/scratchc/nrlab/wang04/ulyses_results_iteration/iteration_3_merge_below_3/cnn_model/cnn14/plasma_tp1_0.1x_model_C2/roc_curve_resnet18_tf_0_1/nested_cv_random/resnet18/repeat_10_fold_5_metrics.csv,3,5,resnet18,all,C2,AUROC,0.8861321064738745
/scratchc/nrlab/wang04/ulyses_results_iteration/iteration_3_merge_below_3/cnn_model/cnn14/plasma_tp1_0.1x_model_C2/roc_curve_resnet18_tf_0_1/nested_cv_random/resnet18/repeat_10_fold_5_metrics.csv,3,5,resnet18,all,C2,AUPRC,0.949013078081603
/scratchc/nrlab/wang04/ulyses_results_iteration/iteration_3_merge_below_3/cnn_model/cnn14/plasma_tp1_0.1x_model_C2/roc_curve_resnet18_tf_0_1/nested_cv_random/resnet18/repeat_10_fold_5_metrics.csv,3,5,resnet18,all,C2,Sensitivity at 99% Specificity,0.1787709497206704
/scratchc/nrlab/wang04/ulyses_results_iteration/iteration_3_merge_below_3/cnn_model/cnn14/plasma_tp1_0.1x_model_C2/roc_curve_resnet18_tf_0_1/nested_cv_random/resnet18/repeat_10_fold_5_metrics.csv,3,5,resnet18,all,C2,PPV at 99% Specificity,1
/scratchc/nrlab/wang04/ulyses_results_iteration/iteration_3_merge_below_3/cnn_model/cnn14/plasma_tp1_0.1x_model_C2/roc_curve_resnet18_tf_0_1/nested_cv_random/resnet18/repeat_10_fold_5_metrics.csv,3,5,resnet18,all,C2,Accuracy at 99% Specificity,0.5843854748603352
/scratchc/nrlab/wang04/ulyses_results_iteration/iteration_3_merge_below_3/cnn_model/cnn14/plasma_tp1_0.1x_model_C2/roc_curve_resnet18_tf_0_1/nested_cv_random/resnet18/repeat_10_fold_5_metrics.csv,3,5,resnet18,all,C2,F1 at 99% Specificity,0.3033175355450237
/scratchc/nrlab/wang04/ulyses_results_iteration/iteration_3_merge_below_3/cnn_model/cnn14/plasma_tp1_0.1x_model_C2/roc_curve_resnet18_tf_0_1/nested_cv_random/resnet18/repeat_10_fold_5_metrics.csv,3,5,resnet18,all,C2,Sensitivity at 98% Specificity,0.1787709497206704
/scratchc/nrlab/wang04/ulyses_results_iteration/iteration_3_merge_below_3/cnn_model/cnn14/plasma_tp1_0.1x_model_C2/roc_curve_resnet18_tf_0_1/nested_cv_random/resnet18/repeat_10_fold_5_metrics.csv,3,5,resnet18,all,C2,PPV at 98% Specificity,1
/scratchc/nrlab/wang04/ulyses_results_iteration/iteration_3_merge_below_3/cnn_model/cnn14/plasma_tp1_0.1x_model_C2/roc_curve_resnet18_tf_0_1/nested_cv_random/resnet18/repeat_10_fold_5_metrics.csv,3,5,resnet18,all,C2,Accuracy at 98% Specificity,0.5793854748603352
/scratchc/nrlab/wang04/ulyses_results_iteration/iteration_3_merge_below_3/cnn_model/cnn14/plasma_tp1_0.1x_model_C2/roc_curve_resnet18_tf_0_1/nested_cv_random/resnet18/repeat_10_fold_5_metrics.csv,3,5,resnet18,all,C2,F1 at 98% Specificity,0.3033175355450237
/scratchc/nrlab/wang04/ulyses_results_iteration/iteration_3_merge_below_3/cnn_model/cnn14/plasma_tp1_0.1x_model_C2/roc_curve_resnet18_tf_0_1/nested_cv_random/resnet18/repeat_10_fold_5_metrics.csv,3,5,resnet18,all,C2,Sensitivity at 95% Specificity,0.37988826815642457
/scratchc/nrlab/wang04/ulyses_results_iteration/iteration_3_merge_below_3/cnn_model/cnn14/plasma_tp1_0.1x_model_C2/roc_curve_resnet18_tf_0_1/nested_cv_random/resnet18/repeat_10_fold_5_metrics.csv,3,5,resnet18,all,C2,PPV at 95% Specificity,0.9714285714285714
/scratchc/nrlab/wang04/ulyses_results_iteration/iteration_3_merge_below_3/cnn_model/cnn14/plasma_tp1_0.1x_model_C2/roc_curve_resnet18_tf_0_1/nested_cv_random/resnet18/repeat_10_fold_5_metrics.csv,3,5,resnet18,all,C2,Accuracy at 95% Specificity,0.6509735458429181
/scratchc/nrlab/wang04/ulyses_results_iteration/iteration_3_merge_below_3/cnn_model/cnn14/plasma_tp1_0.1x_model_C2/roc_curve_resnet18_tf_0_1/nested_cv_random/resnet18/repeat_10_fold_5_metrics.csv,3,5,resnet18,all,C2,F1 at 95% Specificity,0.5461847389558233
/scratchc/nrlab/wang04/ulyses_results_iteration/iteration_3_merge_below_3/cnn_model/cnn14/plasma_tp1_0.1x_model_C2/roc_curve_resnet18_tf_0_1/nested_cv_random/resnet18/repeat_10_fold_5_metrics.csv,4,1,resnet18,all,C2,AUROC,0.8772810982755734
/scratchc/nrlab/wang04/ulyses_results_iteration/iteration_3_merge_below_3/cnn_model/cnn14/plasma_tp1_0.1x_model_C2/roc_curve_resnet18_tf_0_1/nested_cv_random/resnet18/repeat_10_fold_5_metrics.csv,4,1,resnet18,all,C2,AUPRC,0.9473148754079156
/scratchc/nrlab/wang04/ulyses_results_iteration/iteration_3_merge_below_3/cnn_model/cnn14/plasma_tp1_0.1x_model_C2/roc_curve_resnet18_tf_0_1/nested_cv_random/resnet18/repeat_10_fold_5_metrics.csv,4,1,resnet18,all,C2,Sensitivity at 99% Specificity,0.20994475138121543
/scratchc/nrlab/wang04/ulyses_results_iteration/iteration_3_merge_below_3/cnn_model/cnn14/plasma_tp1_0.1x_model_C2/roc_curve_resnet18_tf_0_1/nested_cv_random/resnet18/repeat_10_fold_5_metrics.csv,4,1,resnet18,all,C2,PPV at 99% Specificity,1
/scratchc/nrlab/wang04/ulyses_results_iteration/iteration_3_merge_below_3/cnn_model/cnn14/plasma_tp1_0.1x_model_C2/roc_curve_resnet18_tf_0_1/nested_cv_random/resnet18/repeat_10_fold_5_metrics.csv,4,1,resnet18,all,C2,Accuracy at 99% Specificity,0.5999723756906077
/scratchc/nrlab/wang04/ulyses_results_iteration/iteration_3_merge_below_3/cnn_model/cnn14/plasma_tp1_0.1x_model_C2/roc_curve_resnet18_tf_0_1/nested_cv_random/resnet18/repeat_10_fold_5_metrics.csv,4,1,resnet18,all,C2,F1 at 99% Specificity,0.3470319634703196
/scratchc/nrlab/wang04/ulyses_results_iteration/iteration_3_merge_below_3/cnn_model/cnn14/plasma_tp1_0.1x_model_C2/roc_curve_resnet18_tf_0_1/nested_cv_random/resnet18/repeat_10_fold_5_metrics.csv,4,1,resnet18,all,C2,Sensitivity at 98% Specificity,0.20994475138121543
/scratchc/nrlab/wang04/ulyses_results_iteration/iteration_3_merge_below_3/cnn_model/cnn14/plasma_tp1_0.1x_model_C2/roc_curve_resnet18_tf_0_1/nested_cv_random/resnet18/repeat_10_fold_5_metrics.csv,4,1,resnet18,all,C2,PPV at 98% Specificity,1
/scratchc/nrlab/wang04/ulyses_results_iteration/iteration_3_merge_below_3/cnn_model/cnn14/plasma_tp1_0.1x_model_C2/roc_curve_resnet18_tf_0_1/nested_cv_random/resnet18/repeat_10_fold_5_metrics.csv,4,1,resnet18,all,C2,Accuracy at 98% Specificity,0.5949723756906077
/scratchc/nrlab/wang04/ulyses_results_iteration/iteration_3_merge_below_3/cnn_model/cnn14/plasma_tp1_0.1x_model_C2/roc_curve_resnet18_tf_0_1/nested_cv_random/resnet18/repeat_10_fold_5_metrics.csv,4,1,resnet18,all,C2,F1 at 98% Specificity,0.3470319634703196
/scratchc/nrlab/wang04/ulyses_results_iteration/iteration_3_merge_below_3/cnn_model/cnn14/plasma_tp1_0.1x_model_C2/roc_curve_resnet18_tf_0_1/nested_cv_random/resnet18/repeat_10_fold_5_metrics.csv,4,1,resnet18,all,C2,Sensitivity at 95% Specificity,0.34806629834254144
/scratchc/nrlab/wang04/ulyses_results_iteration/iteration_3_merge_below_3/cnn_model/cnn14/plasma_tp1_0.1x_model_C2/roc_curve_resnet18_tf_0_1/nested_cv_random/resnet18/repeat_10_fold_5_metrics.csv,4,1,resnet18,all,C2,PPV at 95% Specificity,0.9692307692307692
/scratchc/nrlab/wang04/ulyses_results_iteration/iteration_3_merge_below_3/cnn_model/cnn14/plasma_tp1_0.1x_model_C2/roc_curve_resnet18_tf_0_1/nested_cv_random/resnet18/repeat_10_fold_5_metrics.csv,4,1,resnet18,all,C2,Accuracy at 95% Specificity,0.6346392097773312
/scratchc/nrlab/wang04/ulyses_results_iteration/iteration_3_merge_below_3/cnn_model/cnn14/plasma_tp1_0.1x_model_C2/roc_curve_resnet18_tf_0_1/nested_cv_random/resnet18/repeat_10_fold_5_metrics.csv,4,1,resnet18,all,C2,F1 at 95% Specificity,0.5121951219512195
/scratchc/nrlab/wang04/ulyses_results_iteration/iteration_3_merge_below_3/cnn_model/cnn14/plasma_tp1_0.1x_model_C2/roc_curve_resnet18_tf_0_1/nested_cv_random/resnet18/repeat_10_fold_5_metrics.csv,4,2,resnet18,all,C2,AUROC,0.9016092720753772
/scratchc/nrlab/wang04/ulyses_results_iteration/iteration_3_merge_below_3/cnn_model/cnn14/plasma_tp1_0.1x_model_C2/roc_curve_resnet18_tf_0_1/nested_cv_random/resnet18/repeat_10_fold_5_metrics.csv,4,2,resnet18,all,C2,AUPRC,0.9604307690821116
/scratchc/nrlab/wang04/ulyses_results_iteration/iteration_3_merge_below_3/cnn_model/cnn14/plasma_tp1_0.1x_model_C2/roc_curve_resnet18_tf_0_1/nested_cv_random/resnet18/repeat_10_fold_5_metrics.csv,4,2,resnet18,all,C2,Sensitivity at 99% Specificity,0.3575418994413408
/scratchc/nrlab/wang04/ulyses_results_iteration/iteration_3_merge_below_3/cnn_model/cnn14/plasma_tp1_0.1x_model_C2/roc_curve_resnet18_tf_0_1/nested_cv_random/resnet18/repeat_10_fold_5_metrics.csv,4,2,resnet18,all,C2,PPV at 99% Specificity,1
/scratchc/nrlab/wang04/ulyses_results_iteration/iteration_3_merge_below_3/cnn_model/cnn14/plasma_tp1_0.1x_model_C2/roc_curve_resnet18_tf_0_1/nested_cv_random/resnet18/repeat_10_fold_5_metrics.csv,4,2,resnet18,all,C2,Accuracy at 99% Specificity,0.6737709497206704
/scratchc/nrlab/wang04/ulyses_results_iteration/iteration_3_merge_below_3/cnn_model/cnn14/plasma_tp1_0.1x_model_C2/roc_curve_resnet18_tf_0_1/nested_cv_random/resnet18/repeat_10_fold_5_metrics.csv,4,2,resnet18,all,C2,F1 at 99% Specificity,0.5267489711934157
/scratchc/nrlab/wang04/ulyses_results_iteration/iteration_3_merge_below_3/cnn_model/cnn14/plasma_tp1_0.1x_model_C2/roc_curve_resnet18_tf_0_1/nested_cv_random/resnet18/repeat_10_fold_5_metrics.csv,4,2,resnet18,all,C2,Sensitivity at 98% Specificity,0.3575418994413408
/scratchc/nrlab/wang04/ulyses_results_iteration/iteration_3_merge_below_3/cnn_model/cnn14/plasma_tp1_0.1x_model_C2/roc_curve_resnet18_tf_0_1/nested_cv_random/resnet18/repeat_10_fold_5_metrics.csv,4,2,resnet18,all,C2,PPV at 98% Specificity,1
/scratchc/nrlab/wang04/ulyses_results_iteration/iteration_3_merge_below_3/cnn_model/cnn14/plasma_tp1_0.1x_model_C2/roc_curve_resnet18_tf_0_1/nested_cv_random/resnet18/repeat_10_fold_5_metrics.csv,4,2,resnet18,all,C2,Accuracy at 98% Specificity,0.6687709497206704
/scratchc/nrlab/wang04/ulyses_results_iteration/iteration_3_merge_below_3/cnn_model/cnn14/plasma_tp1_0.1x_model_C2/roc_curve_resnet18_tf_0_1/nested_cv_random/resnet18/repeat_10_fold_5_metrics.csv,4,2,resnet18,all,C2,F1 at 98% Specificity,0.5267489711934157
/scratchc/nrlab/wang04/ulyses_results_iteration/iteration_3_merge_below_3/cnn_model/cnn14/plasma_tp1_0.1x_model_C2/roc_curve_resnet18_tf_0_1/nested_cv_random/resnet18/repeat_10_fold_5_metrics.csv,4,2,resnet18,all,C2,Sensitivity at 95% Specificity,0.441340782122905
/scratchc/nrlab/wang04/ulyses_results_iteration/iteration_3_merge_below_3/cnn_model/cnn14/plasma_tp1_0.1x_model_C2/roc_curve_resnet18_tf_0_1/nested_cv_random/resnet18/repeat_10_fold_5_metrics.csv,4,2,resnet18,all,C2,PPV at 95% Specificity,0.9753086419753086
/scratchc/nrlab/wang04/ulyses_results_iteration/iteration_3_merge_below_3/cnn_model/cnn14/plasma_tp1_0.1x_model_C2/roc_curve_resnet18_tf_0_1/nested_cv_random/resnet18/repeat_10_fold_5_metrics.csv,4,2,resnet18,all,C2,Accuracy at 95% Specificity,0.6814912865838405
/scratchc/nrlab/wang04/ulyses_results_iteration/iteration_3_merge_below_3/cnn_model/cnn14/plasma_tp1_0.1x_model_C2/roc_curve_resnet18_tf_0_1/nested_cv_random/resnet18/repeat_10_fold_5_metrics.csv,4,2,resnet18,all,C2,F1 at 95% Specificity,0.6076923076923076
/scratchc/nrlab/wang04/ulyses_results_iteration/iteration_3_merge_below_3/cnn_model/cnn14/plasma_tp1_0.1x_model_C2/roc_curve_resnet18_tf_0_1/nested_cv_random/resnet18/repeat_10_fold_5_metrics.csv,4,3,resnet18,all,C2,AUROC,0.9357069672131147
/scratchc/nrlab/wang04/ulyses_results_iteration/iteration_3_merge_below_3/cnn_model/cnn14/plasma_tp1_0.1x_model_C2/roc_curve_resnet18_tf_0_1/nested_cv_random/resnet18/repeat_10_fold_5_metrics.csv,4,3,resnet18,all,C2,AUPRC,0.978620354581838
/scratchc/nrlab/wang04/ulyses_results_iteration/iteration_3_merge_below_3/cnn_model/cnn14/plasma_tp1_0.1x_model_C2/roc_curve_resnet18_tf_0_1/nested_cv_random/resnet18/repeat_10_fold_5_metrics.csv,4,3,resnet18,all,C2,Sensitivity at 99% Specificity,0.7158469945355191
/scratchc/nrlab/wang04/ulyses_results_iteration/iteration_3_merge_below_3/cnn_model/cnn14/plasma_tp1_0.1x_model_C2/roc_curve_resnet18_tf_0_1/nested_cv_random/resnet18/repeat_10_fold_5_metrics.csv,4,3,resnet18,all,C2,PPV at 99% Specificity,1
/scratchc/nrlab/wang04/ulyses_results_iteration/iteration_3_merge_below_3/cnn_model/cnn14/plasma_tp1_0.1x_model_C2/roc_curve_resnet18_tf_0_1/nested_cv_random/resnet18/repeat_10_fold_5_metrics.csv,4,3,resnet18,all,C2,Accuracy at 99% Specificity,0.8529234972677595
/scratchc/nrlab/wang04/ulyses_results_iteration/iteration_3_merge_below_3/cnn_model/cnn14/plasma_tp1_0.1x_model_C2/roc_curve_resnet18_tf_0_1/nested_cv_random/resnet18/repeat_10_fold_5_metrics.csv,4,3,resnet18,all,C2,F1 at 99% Specificity,0.8343949044585988
/scratchc/nrlab/wang04/ulyses_results_iteration/iteration_3_merge_below_3/cnn_model/cnn14/plasma_tp1_0.1x_model_C2/roc_curve_resnet18_tf_0_1/nested_cv_random/resnet18/repeat_10_fold_5_metrics.csv,4,3,resnet18,all,C2,Sensitivity at 98% Specificity,0.7158469945355191
/scratchc/nrlab/wang04/ulyses_results_iteration/iteration_3_merge_below_3/cnn_model/cnn14/plasma_tp1_0.1x_model_C2/roc_curve_resnet18_tf_0_1/nested_cv_random/resnet18/repeat_10_fold_5_metrics.csv,4,3,resnet18,all,C2,PPV at 98% Specificity,1
/scratchc/nrlab/wang04/ulyses_results_iteration/iteration_3_merge_below_3/cnn_model/cnn14/plasma_tp1_0.1x_model_C2/roc_curve_resnet18_tf_0_1/nested_cv_random/resnet18/repeat_10_fold_5_metrics.csv,4,3,resnet18,all,C2,Accuracy at 98% Specificity,0.8479234972677596
/scratchc/nrlab/wang04/ulyses_results_iteration/iteration_3_merge_below_3/cnn_model/cnn14/plasma_tp1_0.1x_model_C2/roc_curve_resnet18_tf_0_1/nested_cv_random/resnet18/repeat_10_fold_5_metrics.csv,4,3,resnet18,all,C2,F1 at 98% Specificity,0.8343949044585988
/scratchc/nrlab/wang04/ulyses_results_iteration/iteration_3_merge_below_3/cnn_model/cnn14/plasma_tp1_0.1x_model_C2/roc_curve_resnet18_tf_0_1/nested_cv_random/resnet18/repeat_10_fold_5_metrics.csv,4,3,resnet18,all,C2,Sensitivity at 95% Specificity,0.7431693989071039
/scratchc/nrlab/wang04/ulyses_results_iteration/iteration_3_merge_below_3/cnn_model/cnn14/plasma_tp1_0.1x_model_C2/roc_curve_resnet18_tf_0_1/nested_cv_random/resnet18/repeat_10_fold_5_metrics.csv,4,3,resnet18,all,C2,PPV at 95% Specificity,0.9855072463768116
/scratchc/nrlab/wang04/ulyses_results_iteration/iteration_3_merge_below_3/cnn_model/cnn14/plasma_tp1_0.1x_model_C2/roc_curve_resnet18_tf_0_1/nested_cv_random/resnet18/repeat_10_fold_5_metrics.csv,4,3,resnet18,all,C2,Accuracy at 95% Specificity,0.8317409494535519
/scratchc/nrlab/wang04/ulyses_results_iteration/iteration_3_merge_below_3/cnn_model/cnn14/plasma_tp1_0.1x_model_C2/roc_curve_resnet18_tf_0_1/nested_cv_random/resnet18/repeat_10_fold_5_metrics.csv,4,3,resnet18,all,C2,F1 at 95% Specificity,0.8473520249221184
/scratchc/nrlab/wang04/ulyses_results_iteration/iteration_3_merge_below_3/cnn_model/cnn14/plasma_tp1_0.1x_model_C2/roc_curve_resnet18_tf_0_1/nested_cv_random/resnet18/repeat_10_fold_5_metrics.csv,4,4,resnet18,all,C2,AUROC,0.8941915760869565
/scratchc/nrlab/wang04/ulyses_results_iteration/iteration_3_merge_below_3/cnn_model/cnn14/plasma_tp1_0.1x_model_C2/roc_curve_resnet18_tf_0_1/nested_cv_random/resnet18/repeat_10_fold_5_metrics.csv,4,4,resnet18,all,C2,AUPRC,0.958457371992693
/scratchc/nrlab/wang04/ulyses_results_iteration/iteration_3_merge_below_3/cnn_model/cnn14/plasma_tp1_0.1x_model_C2/roc_curve_resnet18_tf_0_1/nested_cv_random/resnet18/repeat_10_fold_5_metrics.csv,4,4,resnet18,all,C2,Sensitivity at 99% Specificity,0.29891304347826086
/scratchc/nrlab/wang04/ulyses_results_iteration/iteration_3_merge_below_3/cnn_model/cnn14/plasma_tp1_0.1x_model_C2/roc_curve_resnet18_tf_0_1/nested_cv_random/resnet18/repeat_10_fold_5_metrics.csv,4,4,resnet18,all,C2,PPV at 99% Specificity,1
/scratchc/nrlab/wang04/ulyses_results_iteration/iteration_3_merge_below_3/cnn_model/cnn14/plasma_tp1_0.1x_model_C2/roc_curve_resnet18_tf_0_1/nested_cv_random/resnet18/repeat_10_fold_5_metrics.csv,4,4,resnet18,all,C2,Accuracy at 99% Specificity,0.6444565217391305
/scratchc/nrlab/wang04/ulyses_results_iteration/iteration_3_merge_below_3/cnn_model/cnn14/plasma_tp1_0.1x_model_C2/roc_curve_resnet18_tf_0_1/nested_cv_random/resnet18/repeat_10_fold_5_metrics.csv,4,4,resnet18,all,C2,F1 at 99% Specificity,0.4602510460251046
/scratchc/nrlab/wang04/ulyses_results_iteration/iteration_3_merge_below_3/cnn_model/cnn14/plasma_tp1_0.1x_model_C2/roc_curve_resnet18_tf_0_1/nested_cv_random/resnet18/repeat_10_fold_5_metrics.csv,4,4,resnet18,all,C2,Sensitivity at 98% Specificity,0.29891304347826086
/scratchc/nrlab/wang04/ulyses_results_iteration/iteration_3_merge_below_3/cnn_model/cnn14/plasma_tp1_0.1x_model_C2/roc_curve_resnet18_tf_0_1/nested_cv_random/resnet18/repeat_10_fold_5_metrics.csv,4,4,resnet18,all,C2,PPV at 98% Specificity,1
/scratchc/nrlab/wang04/ulyses_results_iteration/iteration_3_merge_below_3/cnn_model/cnn14/plasma_tp1_0.1x_model_C2/roc_curve_resnet18_tf_0_1/nested_cv_random/resnet18/repeat_10_fold_5_metrics.csv,4,4,resnet18,all,C2,Accuracy at 98% Specificity,0.6394565217391304
/scratchc/nrlab/wang04/ulyses_results_iteration/iteration_3_merge_below_3/cnn_model/cnn14/plasma_tp1_0.1x_model_C2/roc_curve_resnet18_tf_0_1/nested_cv_random/resnet18/repeat_10_fold_5_metrics.csv,4,4,resnet18,all,C2,F1 at 98% Specificity,0.4602510460251046
/scratchc/nrlab/wang04/ulyses_results_iteration/iteration_3_merge_below_3/cnn_model/cnn14/plasma_tp1_0.1x_model_C2/roc_curve_resnet18_tf_0_1/nested_cv_random/resnet18/repeat_10_fold_5_metrics.csv,4,4,resnet18,all,C2,Sensitivity at 95% Specificity,0.3967391304347826
/scratchc/nrlab/wang04/ulyses_results_iteration/iteration_3_merge_below_3/cnn_model/cnn14/plasma_tp1_0.1x_model_C2/roc_curve_resnet18_tf_0_1/nested_cv_random/resnet18/repeat_10_fold_5_metrics.csv,4,4,resnet18,all,C2,PPV at 95% Specificity,0.9733333333333334
/scratchc/nrlab/wang04/ulyses_results_iteration/iteration_3_merge_below_3/cnn_model/cnn14/plasma_tp1_0.1x_model_C2/roc_curve_resnet18_tf_0_1/nested_cv_random/resnet18/repeat_10_fold_5_metrics.csv,4,4,resnet18,all,C2,Accuracy at 95% Specificity,0.6585258152173913
/scratchc/nrlab/wang04/ulyses_results_iteration/iteration_3_merge_below_3/cnn_model/cnn14/plasma_tp1_0.1x_model_C2/roc_curve_resnet18_tf_0_1/nested_cv_random/resnet18/repeat_10_fold_5_metrics.csv,4,4,resnet18,all,C2,F1 at 95% Specificity,0.5637065637065637
/scratchc/nrlab/wang04/ulyses_results_iteration/iteration_3_merge_below_3/cnn_model/cnn14/plasma_tp1_0.1x_model_C2/roc_curve_resnet18_tf_0_1/nested_cv_random/resnet18/repeat_10_fold_5_metrics.csv,5,2,resnet18,all,C2,AUROC,0.9433602220487468
/scratchc/nrlab/wang04/ulyses_results_iteration/iteration_3_merge_below_3/cnn_model/cnn14/plasma_tp1_0.1x_model_C2/roc_curve_resnet18_tf_0_1/nested_cv_random/resnet18/repeat_10_fold_5_metrics.csv,5,2,resnet18,all,C2,AUPRC,0.9818776423443052
/scratchc/nrlab/wang04/ulyses_results_iteration/iteration_3_merge_below_3/cnn_model/cnn14/plasma_tp1_0.1x_model_C2/roc_curve_resnet18_tf_0_1/nested_cv_random/resnet18/repeat_10_fold_5_metrics.csv,5,2,resnet18,all,C2,Sensitivity at 99% Specificity,0.7049180327868853
/scratchc/nrlab/wang04/ulyses_results_iteration/iteration_3_merge_below_3/cnn_model/cnn14/plasma_tp1_0.1x_model_C2/roc_curve_resnet18_tf_0_1/nested_cv_random/resnet18/repeat_10_fold_5_metrics.csv,5,2,resnet18,all,C2,PPV at 99% Specificity,1
/scratchc/nrlab/wang04/ulyses_results_iteration/iteration_3_merge_below_3/cnn_model/cnn14/plasma_tp1_0.1x_model_C2/roc_curve_resnet18_tf_0_1/nested_cv_random/resnet18/repeat_10_fold_5_metrics.csv,5,2,resnet18,all,C2,Accuracy at 99% Specificity,0.8474590163934426
/scratchc/nrlab/wang04/ulyses_results_iteration/iteration_3_merge_below_3/cnn_model/cnn14/plasma_tp1_0.1x_model_C2/roc_curve_resnet18_tf_0_1/nested_cv_random/resnet18/repeat_10_fold_5_metrics.csv,5,2,resnet18,all,C2,F1 at 99% Specificity,0.8269230769230769
/scratchc/nrlab/wang04/ulyses_results_iteration/iteration_3_merge_below_3/cnn_model/cnn14/plasma_tp1_0.1x_model_C2/roc_curve_resnet18_tf_0_1/nested_cv_random/resnet18/repeat_10_fold_5_metrics.csv,5,2,resnet18,all,C2,Sensitivity at 98% Specificity,0.7049180327868853
/scratchc/nrlab/wang04/ulyses_results_iteration/iteration_3_merge_below_3/cnn_model/cnn14/plasma_tp1_0.1x_model_C2/roc_curve_resnet18_tf_0_1/nested_cv_random/resnet18/repeat_10_fold_5_metrics.csv,5,2,resnet18,all,C2,PPV at 98% Specificity,1
/scratchc/nrlab/wang04/ulyses_results_iteration/iteration_3_merge_below_3/cnn_model/cnn14/plasma_tp1_0.1x_model_C2/roc_curve_resnet18_tf_0_1/nested_cv_random/resnet18/repeat_10_fold_5_metrics.csv,5,2,resnet18,all,C2,Accuracy at 98% Specificity,0.8424590163934427
/scratchc/nrlab/wang04/ulyses_results_iteration/iteration_3_merge_below_3/cnn_model/cnn14/plasma_tp1_0.1x_model_C2/roc_curve_resnet18_tf_0_1/nested_cv_random/resnet18/repeat_10_fold_5_metrics.csv,5,2,resnet18,all,C2,F1 at 98% Specificity,0.8269230769230769
/scratchc/nrlab/wang04/ulyses_results_iteration/iteration_3_merge_below_3/cnn_model/cnn14/plasma_tp1_0.1x_model_C2/roc_curve_resnet18_tf_0_1/nested_cv_random/resnet18/repeat_10_fold_5_metrics.csv,5,2,resnet18,all,C2,Sensitivity at 95% Specificity,0.7814207650273224
/scratchc/nrlab/wang04/ulyses_results_iteration/iteration_3_merge_below_3/cnn_model/cnn14/plasma_tp1_0.1x_model_C2/roc_curve_resnet18_tf_0_1/nested_cv_random/resnet18/repeat_10_fold_5_metrics.csv,5,2,resnet18,all,C2,PPV at 95% Specificity,0.9794520547945206
/scratchc/nrlab/wang04/ulyses_results_iteration/iteration_3_merge_below_3/cnn_model/cnn14/plasma_tp1_0.1x_model_C2/roc_curve_resnet18_tf_0_1/nested_cv_random/resnet18/repeat_10_fold_5_metrics.csv,5,2,resnet18,all,C2,Accuracy at 95% Specificity,0.8430913348946135
/scratchc/nrlab/wang04/ulyses_results_iteration/iteration_3_merge_below_3/cnn_model/cnn14/plasma_tp1_0.1x_model_C2/roc_curve_resnet18_tf_0_1/nested_cv_random/resnet18/repeat_10_fold_5_metrics.csv,5,2,resnet18,all,C2,F1 at 95% Specificity,0.8693009118541033
/scratchc/nrlab/wang04/ulyses_results_iteration/iteration_3_merge_below_3/cnn_model/cnn14/plasma_tp1_0.1x_model_C2/roc_curve_resnet18_tf_0_1/nested_cv_random/resnet18/repeat_10_fold_5_metrics.csv,5,3,resnet18,all,C2,AUROC,0.9222880013341116
/scratchc/nrlab/wang04/ulyses_results_iteration/iteration_3_merge_below_3/cnn_model/cnn14/plasma_tp1_0.1x_model_C2/roc_curve_resnet18_tf_0_1/nested_cv_random/resnet18/repeat_10_fold_5_metrics.csv,5,3,resnet18,all,C2,AUPRC,0.9718119325256128
/scratchc/nrlab/wang04/ulyses_results_iteration/iteration_3_merge_below_3/cnn_model/cnn14/plasma_tp1_0.1x_model_C2/roc_curve_resnet18_tf_0_1/nested_cv_random/resnet18/repeat_10_fold_5_metrics.csv,5,3,resnet18,all,C2,Sensitivity at 99% Specificity,0.5921787709497207
/scratchc/nrlab/wang04/ulyses_results_iteration/iteration_3_merge_below_3/cnn_model/cnn14/plasma_tp1_0.1x_model_C2/roc_curve_resnet18_tf_0_1/nested_cv_random/resnet18/repeat_10_fold_5_metrics.csv,5,3,resnet18,all,C2,PPV at 99% Specificity,1
/scratchc/nrlab/wang04/ulyses_results_iteration/iteration_3_merge_below_3/cnn_model/cnn14/plasma_tp1_0.1x_model_C2/roc_curve_resnet18_tf_0_1/nested_cv_random/resnet18/repeat_10_fold_5_metrics.csv,5,3,resnet18,all,C2,Accuracy at 99% Specificity,0.7910893854748604
/scratchc/nrlab/wang04/ulyses_results_iteration/iteration_3_merge_below_3/cnn_model/cnn14/plasma_tp1_0.1x_model_C2/roc_curve_resnet18_tf_0_1/nested_cv_random/resnet18/repeat_10_fold_5_metrics.csv,5,3,resnet18,all,C2,F1 at 99% Specificity,0.743859649122807
/scratchc/nrlab/wang04/ulyses_results_iteration/iteration_3_merge_below_3/cnn_model/cnn14/plasma_tp1_0.1x_model_C2/roc_curve_resnet18_tf_0_1/nested_cv_random/resnet18/repeat_10_fold_5_metrics.csv,5,3,resnet18,all,C2,Sensitivity at 98% Specificity,0.5921787709497207
/scratchc/nrlab/wang04/ulyses_results_iteration/iteration_3_merge_below_3/cnn_model/cnn14/plasma_tp1_0.1x_model_C2/roc_curve_resnet18_tf_0_1/nested_cv_random/resnet18/repeat_10_fold_5_metrics.csv,5,3,resnet18,all,C2,PPV at 98% Specificity,1
/scratchc/nrlab/wang04/ulyses_results_iteration/iteration_3_merge_below_3/cnn_model/cnn14/plasma_tp1_0.1x_model_C2/roc_curve_resnet18_tf_0_1/nested_cv_random/resnet18/repeat_10_fold_5_metrics.csv,5,3,resnet18,all,C2,Accuracy at 98% Specificity,0.7860893854748603
/scratchc/nrlab/wang04/ulyses_results_iteration/iteration_3_merge_below_3/cnn_model/cnn14/plasma_tp1_0.1x_model_C2/roc_curve_resnet18_tf_0_1/nested_cv_random/resnet18/repeat_10_fold_5_metrics.csv,5,3,resnet18,all,C2,F1 at 98% Specificity,0.743859649122807
/scratchc/nrlab/wang04/ulyses_results_iteration/iteration_3_merge_below_3/cnn_model/cnn14/plasma_tp1_0.1x_model_C2/roc_curve_resnet18_tf_0_1/nested_cv_random/resnet18/repeat_10_fold_5_metrics.csv,5,3,resnet18,all,C2,Sensitivity at 95% Specificity,0.659217877094972
/scratchc/nrlab/wang04/ulyses_results_iteration/iteration_3_merge_below_3/cnn_model/cnn14/plasma_tp1_0.1x_model_C2/roc_curve_resnet18_tf_0_1/nested_cv_random/resnet18/repeat_10_fold_5_metrics.csv,5,3,resnet18,all,C2,PPV at 95% Specificity,0.9833333333333332
/scratchc/nrlab/wang04/ulyses_results_iteration/iteration_3_merge_below_3/cnn_model/cnn14/plasma_tp1_0.1x_model_C2/roc_curve_resnet18_tf_0_1/nested_cv_random/resnet18/repeat_10_fold_5_metrics.csv,5,3,resnet18,all,C2,Accuracy at 95% Specificity,0.7904298340698741
/scratchc/nrlab/wang04/ulyses_results_iteration/iteration_3_merge_below_3/cnn_model/cnn14/plasma_tp1_0.1x_model_C2/roc_curve_resnet18_tf_0_1/nested_cv_random/resnet18/repeat_10_fold_5_metrics.csv,5,3,resnet18,all,C2,F1 at 95% Specificity,0.7892976588628763
/scratchc/nrlab/wang04/ulyses_results_iteration/iteration_3_merge_below_3/cnn_model/cnn14/plasma_tp1_0.1x_model_C2/roc_curve_resnet18_tf_0_1/nested_cv_random/resnet18/repeat_10_fold_5_metrics.csv,5,4,resnet18,all,C2,AUROC,0.952493660185968
/scratchc/nrlab/wang04/ulyses_results_iteration/iteration_3_merge_below_3/cnn_model/cnn14/plasma_tp1_0.1x_model_C2/roc_curve_resnet18_tf_0_1/nested_cv_random/resnet18/repeat_10_fold_5_metrics.csv,5,4,resnet18,all,C2,AUPRC,0.9836235608845564
/scratchc/nrlab/wang04/ulyses_results_iteration/iteration_3_merge_below_3/cnn_model/cnn14/plasma_tp1_0.1x_model_C2/roc_curve_resnet18_tf_0_1/nested_cv_random/resnet18/repeat_10_fold_5_metrics.csv,5,4,resnet18,all,C2,Sensitivity at 99% Specificity,0.6043956043956044
/scratchc/nrlab/wang04/ulyses_results_iteration/iteration_3_merge_below_3/cnn_model/cnn14/plasma_tp1_0.1x_model_C2/roc_curve_resnet18_tf_0_1/nested_cv_random/resnet18/repeat_10_fold_5_metrics.csv,5,4,resnet18,all,C2,PPV at 99% Specificity,1
/scratchc/nrlab/wang04/ulyses_results_iteration/iteration_3_merge_below_3/cnn_model/cnn14/plasma_tp1_0.1x_model_C2/roc_curve_resnet18_tf_0_1/nested_cv_random/resnet18/repeat_10_fold_5_metrics.csv,5,4,resnet18,all,C2,Accuracy at 99% Specificity,0.7971978021978021
/scratchc/nrlab/wang04/ulyses_results_iteration/iteration_3_merge_below_3/cnn_model/cnn14/plasma_tp1_0.1x_model_C2/roc_curve_resnet18_tf_0_1/nested_cv_random/resnet18/repeat_10_fold_5_metrics.csv,5,4,resnet18,all,C2,F1 at 99% Specificity,0.7534246575342466
/scratchc/nrlab/wang04/ulyses_results_iteration/iteration_3_merge_below_3/cnn_model/cnn14/plasma_tp1_0.1x_model_C2/roc_curve_resnet18_tf_0_1/nested_cv_random/resnet18/repeat_10_fold_5_metrics.csv,5,4,resnet18,all,C2,Sensitivity at 98% Specificity,0.6043956043956044
/scratchc/nrlab/wang04/ulyses_results_iteration/iteration_3_merge_below_3/cnn_model/cnn14/plasma_tp1_0.1x_model_C2/roc_curve_resnet18_tf_0_1/nested_cv_random/resnet18/repeat_10_fold_5_metrics.csv,5,4,resnet18,all,C2,PPV at 98% Specificity,1
/scratchc/nrlab/wang04/ulyses_results_iteration/iteration_3_merge_below_3/cnn_model/cnn14/plasma_tp1_0.1x_model_C2/roc_curve_resnet18_tf_0_1/nested_cv_random/resnet18/repeat_10_fold_5_metrics.csv,5,4,resnet18,all,C2,Accuracy at 98% Specificity,0.7921978021978022
/scratchc/nrlab/wang04/ulyses_results_iteration/iteration_3_merge_below_3/cnn_model/cnn14/plasma_tp1_0.1x_model_C2/roc_curve_resnet18_tf_0_1/nested_cv_random/resnet18/repeat_10_fold_5_metrics.csv,5,4,resnet18,all,C2,F1 at 98% Specificity,0.7534246575342466
/scratchc/nrlab/wang04/ulyses_results_iteration/iteration_3_merge_below_3/cnn_model/cnn14/plasma_tp1_0.1x_model_C2/roc_curve_resnet18_tf_0_1/nested_cv_random/resnet18/repeat_10_fold_5_metrics.csv,5,4,resnet18,all,C2,Sensitivity at 95% Specificity,0.7857142857142857
/scratchc/nrlab/wang04/ulyses_results_iteration/iteration_3_merge_below_3/cnn_model/cnn14/plasma_tp1_0.1x_model_C2/roc_curve_resnet18_tf_0_1/nested_cv_random/resnet18/repeat_10_fold_5_metrics.csv,5,4,resnet18,all,C2,PPV at 95% Specificity,0.986206896551724
/scratchc/nrlab/wang04/ulyses_results_iteration/iteration_3_merge_below_3/cnn_model/cnn14/plasma_tp1_0.1x_model_C2/roc_curve_resnet18_tf_0_1/nested_cv_random/resnet18/repeat_10_fold_5_metrics.csv,5,4,resnet18,all,C2,Accuracy at 95% Specificity,0.8532417582417582
/scratchc/nrlab/wang04/ulyses_results_iteration/iteration_3_merge_below_3/cnn_model/cnn14/plasma_tp1_0.1x_model_C2/roc_curve_resnet18_tf_0_1/nested_cv_random/resnet18/repeat_10_fold_5_metrics.csv,5,4,resnet18,all,C2,F1 at 95% Specificity,0.8746177370030581
/scratchc/nrlab/wang04/ulyses_results_iteration/iteration_3_merge_below_3/cnn_model/cnn14/plasma_tp1_0.1x_model_C2/roc_curve_resnet18_tf_0_1/nested_cv_random/resnet18/repeat_10_fold_5_metrics.csv,5,5,resnet18,all,C2,AUROC,0.909531772575251
/scratchc/nrlab/wang04/ulyses_results_iteration/iteration_3_merge_below_3/cnn_model/cnn14/plasma_tp1_0.1x_model_C2/roc_curve_resnet18_tf_0_1/nested_cv_random/resnet18/repeat_10_fold_5_metrics.csv,5,5,resnet18,all,C2,AUPRC,0.9676195305943696
/scratchc/nrlab/wang04/ulyses_results_iteration/iteration_3_merge_below_3/cnn_model/cnn14/plasma_tp1_0.1x_model_C2/roc_curve_resnet18_tf_0_1/nested_cv_random/resnet18/repeat_10_fold_5_metrics.csv,5,5,resnet18,all,C2,Sensitivity at 99% Specificity,0.4021739130434782
/scratchc/nrlab/wang04/ulyses_results_iteration/iteration_3_merge_below_3/cnn_model/cnn14/plasma_tp1_0.1x_model_C2/roc_curve_resnet18_tf_0_1/nested_cv_random/resnet18/repeat_10_fold_5_metrics.csv,5,5,resnet18,all,C2,PPV at 99% Specificity,1
/scratchc/nrlab/wang04/ulyses_results_iteration/iteration_3_merge_below_3/cnn_model/cnn14/plasma_tp1_0.1x_model_C2/roc_curve_resnet18_tf_0_1/nested_cv_random/resnet18/repeat_10_fold_5_metrics.csv,5,5,resnet18,all,C2,Accuracy at 99% Specificity,0.6960869565217391
/scratchc/nrlab/wang04/ulyses_results_iteration/iteration_3_merge_below_3/cnn_model/cnn14/plasma_tp1_0.1x_model_C2/roc_curve_resnet18_tf_0_1/nested_cv_random/resnet18/repeat_10_fold_5_metrics.csv,5,5,resnet18,all,C2,F1 at 99% Specificity,0.5736434108527132
/scratchc/nrlab/wang04/ulyses_results_iteration/iteration_3_merge_below_3/cnn_model/cnn14/plasma_tp1_0.1x_model_C2/roc_curve_resnet18_tf_0_1/nested_cv_random/resnet18/repeat_10_fold_5_metrics.csv,5,5,resnet18,all,C2,Sensitivity at 98% Specificity,0.4021739130434782
/scratchc/nrlab/wang04/ulyses_results_iteration/iteration_3_merge_below_3/cnn_model/cnn14/plasma_tp1_0.1x_model_C2/roc_curve_resnet18_tf_0_1/nested_cv_random/resnet18/repeat_10_fold_5_metrics.csv,5,5,resnet18,all,C2,PPV at 98% Specificity,1
/scratchc/nrlab/wang04/ulyses_results_iteration/iteration_3_merge_below_3/cnn_model/cnn14/plasma_tp1_0.1x_model_C2/roc_curve_resnet18_tf_0_1/nested_cv_random/resnet18/repeat_10_fold_5_metrics.csv,5,5,resnet18,all,C2,Accuracy at 98% Specificity,0.6910869565217391
/scratchc/nrlab/wang04/ulyses_results_iteration/iteration_3_merge_below_3/cnn_model/cnn14/plasma_tp1_0.1x_model_C2/roc_curve_resnet18_tf_0_1/nested_cv_random/resnet18/repeat_10_fold_5_metrics.csv,5,5,resnet18,all,C2,F1 at 98% Specificity,0.5736434108527132
/scratchc/nrlab/wang04/ulyses_results_iteration/iteration_3_merge_below_3/cnn_model/cnn14/plasma_tp1_0.1x_model_C2/roc_curve_resnet18_tf_0_1/nested_cv_random/resnet18/repeat_10_fold_5_metrics.csv,5,5,resnet18,all,C2,Sensitivity at 95% Specificity,0.6793478260869565
/scratchc/nrlab/wang04/ulyses_results_iteration/iteration_3_merge_below_3/cnn_model/cnn14/plasma_tp1_0.1x_model_C2/roc_curve_resnet18_tf_0_1/nested_cv_random/resnet18/repeat_10_fold_5_metrics.csv,5,5,resnet18,all,C2,PPV at 95% Specificity,0.984251968503937
/scratchc/nrlab/wang04/ulyses_results_iteration/iteration_3_merge_below_3/cnn_model/cnn14/plasma_tp1_0.1x_model_C2/roc_curve_resnet18_tf_0_1/nested_cv_random/resnet18/repeat_10_fold_5_metrics.csv,5,5,resnet18,all,C2,Accuracy at 95% Specificity,0.8000585284280937
/scratchc/nrlab/wang04/ulyses_results_iteration/iteration_3_merge_below_3/cnn_model/cnn14/plasma_tp1_0.1x_model_C2/roc_curve_resnet18_tf_0_1/nested_cv_random/resnet18/repeat_10_fold_5_metrics.csv,5,5,resnet18,all,C2,F1 at 95% Specificity,0.8038585209003215
/scratchc/nrlab/wang04/ulyses_results_iteration/iteration_3_merge_below_3/cnn_model/cnn14/plasma_tp1_0.1x_model_C2/roc_curve_resnet18_tf_0_1/nested_cv_random/resnet18/repeat_10_fold_5_metrics.csv,6,1,resnet18,all,C2,AUROC,0.9353067353067354
/scratchc/nrlab/wang04/ulyses_results_iteration/iteration_3_merge_below_3/cnn_model/cnn14/plasma_tp1_0.1x_model_C2/roc_curve_resnet18_tf_0_1/nested_cv_random/resnet18/repeat_10_fold_5_metrics.csv,6,1,resnet18,all,C2,AUPRC,0.9777386736290568
/scratchc/nrlab/wang04/ulyses_results_iteration/iteration_3_merge_below_3/cnn_model/cnn14/plasma_tp1_0.1x_model_C2/roc_curve_resnet18_tf_0_1/nested_cv_random/resnet18/repeat_10_fold_5_metrics.csv,6,1,resnet18,all,C2,Sensitivity at 99% Specificity,0.6108108108108108
/scratchc/nrlab/wang04/ulyses_results_iteration/iteration_3_merge_below_3/cnn_model/cnn14/plasma_tp1_0.1x_model_C2/roc_curve_resnet18_tf_0_1/nested_cv_random/resnet18/repeat_10_fold_5_metrics.csv,6,1,resnet18,all,C2,PPV at 99% Specificity,1
/scratchc/nrlab/wang04/ulyses_results_iteration/iteration_3_merge_below_3/cnn_model/cnn14/plasma_tp1_0.1x_model_C2/roc_curve_resnet18_tf_0_1/nested_cv_random/resnet18/repeat_10_fold_5_metrics.csv,6,1,resnet18,all,C2,Accuracy at 99% Specificity,0.8004054054054054
/scratchc/nrlab/wang04/ulyses_results_iteration/iteration_3_merge_below_3/cnn_model/cnn14/plasma_tp1_0.1x_model_C2/roc_curve_resnet18_tf_0_1/nested_cv_random/resnet18/repeat_10_fold_5_metrics.csv,6,1,resnet18,all,C2,F1 at 99% Specificity,0.7583892617449665
/scratchc/nrlab/wang04/ulyses_results_iteration/iteration_3_merge_below_3/cnn_model/cnn14/plasma_tp1_0.1x_model_C2/roc_curve_resnet18_tf_0_1/nested_cv_random/resnet18/repeat_10_fold_5_metrics.csv,6,1,resnet18,all,C2,Sensitivity at 98% Specificity,0.6108108108108108
/scratchc/nrlab/wang04/ulyses_results_iteration/iteration_3_merge_below_3/cnn_model/cnn14/plasma_tp1_0.1x_model_C2/roc_curve_resnet18_tf_0_1/nested_cv_random/resnet18/repeat_10_fold_5_metrics.csv,6,1,resnet18,all,C2,PPV at 98% Specificity,1
/scratchc/nrlab/wang04/ulyses_results_iteration/iteration_3_merge_below_3/cnn_model/cnn14/plasma_tp1_0.1x_model_C2/roc_curve_resnet18_tf_0_1/nested_cv_random/resnet18/repeat_10_fold_5_metrics.csv,6,1,resnet18,all,C2,Accuracy at 98% Specificity,0.7954054054054054
/scratchc/nrlab/wang04/ulyses_results_iteration/iteration_3_merge_below_3/cnn_model/cnn14/plasma_tp1_0.1x_model_C2/roc_curve_resnet18_tf_0_1/nested_cv_random/resnet18/repeat_10_fold_5_metrics.csv,6,1,resnet18,all,C2,F1 at 98% Specificity,0.7583892617449665
/scratchc/nrlab/wang04/ulyses_results_iteration/iteration_3_merge_below_3/cnn_model/cnn14/plasma_tp1_0.1x_model_C2/roc_curve_resnet18_tf_0_1/nested_cv_random/resnet18/repeat_10_fold_5_metrics.csv,6,1,resnet18,all,C2,Sensitivity at 95% Specificity,0.6972972972972973
/scratchc/nrlab/wang04/ulyses_results_iteration/iteration_3_merge_below_3/cnn_model/cnn14/plasma_tp1_0.1x_model_C2/roc_curve_resnet18_tf_0_1/nested_cv_random/resnet18/repeat_10_fold_5_metrics.csv,6,1,resnet18,all,C2,PPV at 95% Specificity,0.9847328244274808
/scratchc/nrlab/wang04/ulyses_results_iteration/iteration_3_merge_below_3/cnn_model/cnn14/plasma_tp1_0.1x_model_C2/roc_curve_resnet18_tf_0_1/nested_cv_random/resnet18/repeat_10_fold_5_metrics.csv,6,1,resnet18,all,C2,Accuracy at 95% Specificity,0.8085692835692835
/scratchc/nrlab/wang04/ulyses_results_iteration/iteration_3_merge_below_3/cnn_model/cnn14/plasma_tp1_0.1x_model_C2/roc_curve_resnet18_tf_0_1/nested_cv_random/resnet18/repeat_10_fold_5_metrics.csv,6,1,resnet18,all,C2,F1 at 95% Specificity,0.8164556962025317
/scratchc/nrlab/wang04/ulyses_results_iteration/iteration_3_merge_below_3/cnn_model/cnn14/plasma_tp1_0.1x_model_C2/roc_curve_resnet18_tf_0_1/nested_cv_random/resnet18/repeat_10_fold_5_metrics.csv,6,2,resnet18,all,C2,AUROC,0.918174133558749
/scratchc/nrlab/wang04/ulyses_results_iteration/iteration_3_merge_below_3/cnn_model/cnn14/plasma_tp1_0.1x_model_C2/roc_curve_resnet18_tf_0_1/nested_cv_random/resnet18/repeat_10_fold_5_metrics.csv,6,2,resnet18,all,C2,AUPRC,0.9709989489889994
/scratchc/nrlab/wang04/ulyses_results_iteration/iteration_3_merge_below_3/cnn_model/cnn14/plasma_tp1_0.1x_model_C2/roc_curve_resnet18_tf_0_1/nested_cv_random/resnet18/repeat_10_fold_5_metrics.csv,6,2,resnet18,all,C2,Sensitivity at 99% Specificity,0.5769230769230769
/scratchc/nrlab/wang04/ulyses_results_iteration/iteration_3_merge_below_3/cnn_model/cnn14/plasma_tp1_0.1x_model_C2/roc_curve_resnet18_tf_0_1/nested_cv_random/resnet18/repeat_10_fold_5_metrics.csv,6,2,resnet18,all,C2,PPV at 99% Specificity,1
/scratchc/nrlab/wang04/ulyses_results_iteration/iteration_3_merge_below_3/cnn_model/cnn14/plasma_tp1_0.1x_model_C2/roc_curve_resnet18_tf_0_1/nested_cv_random/resnet18/repeat_10_fold_5_metrics.csv,6,2,resnet18,all,C2,Accuracy at 99% Specificity,0.7834615384615384
/scratchc/nrlab/wang04/ulyses_results_iteration/iteration_3_merge_below_3/cnn_model/cnn14/plasma_tp1_0.1x_model_C2/roc_curve_resnet18_tf_0_1/nested_cv_random/resnet18/repeat_10_fold_5_metrics.csv,6,2,resnet18,all,C2,F1 at 99% Specificity,0.7317073170731707
/scratchc/nrlab/wang04/ulyses_results_iteration/iteration_3_merge_below_3/cnn_model/cnn14/plasma_tp1_0.1x_model_C2/roc_curve_resnet18_tf_0_1/nested_cv_random/resnet18/repeat_10_fold_5_metrics.csv,6,2,resnet18,all,C2,Sensitivity at 98% Specificity,0.5769230769230769
/scratchc/nrlab/wang04/ulyses_results_iteration/iteration_3_merge_below_3/cnn_model/cnn14/plasma_tp1_0.1x_model_C2/roc_curve_resnet18_tf_0_1/nested_cv_random/resnet18/repeat_10_fold_5_metrics.csv,6,2,resnet18,all,C2,PPV at 98% Specificity,1
/scratchc/nrlab/wang04/ulyses_results_iteration/iteration_3_merge_below_3/cnn_model/cnn14/plasma_tp1_0.1x_model_C2/roc_curve_resnet18_tf_0_1/nested_cv_random/resnet18/repeat_10_fold_5_metrics.csv,6,2,resnet18,all,C2,Accuracy at 98% Specificity,0.7784615384615384
/scratchc/nrlab/wang04/ulyses_results_iteration/iteration_3_merge_below_3/cnn_model/cnn14/plasma_tp1_0.1x_model_C2/roc_curve_resnet18_tf_0_1/nested_cv_random/resnet18/repeat_10_fold_5_metrics.csv,6,2,resnet18,all,C2,F1 at 98% Specificity,0.7317073170731707
/scratchc/nrlab/wang04/ulyses_results_iteration/iteration_3_merge_below_3/cnn_model/cnn14/plasma_tp1_0.1x_model_C2/roc_curve_resnet18_tf_0_1/nested_cv_random/resnet18/repeat_10_fold_5_metrics.csv,6,2,resnet18,all,C2,Sensitivity at 95% Specificity,0.5989010989010989
/scratchc/nrlab/wang04/ulyses_results_iteration/iteration_3_merge_below_3/cnn_model/cnn14/plasma_tp1_0.1x_model_C2/roc_curve_resnet18_tf_0_1/nested_cv_random/resnet18/repeat_10_fold_5_metrics.csv,6,2,resnet18,all,C2,PPV at 95% Specificity,0.990909090909091
/scratchc/nrlab/wang04/ulyses_results_iteration/iteration_3_merge_below_3/cnn_model/cnn14/plasma_tp1_0.1x_model_C2/roc_curve_resnet18_tf_0_1/nested_cv_random/resnet18/repeat_10_fold_5_metrics.csv,6,2,resnet18,all,C2,Accuracy at 95% Specificity,0.7671428571428571
/scratchc/nrlab/wang04/ulyses_results_iteration/iteration_3_merge_below_3/cnn_model/cnn14/plasma_tp1_0.1x_model_C2/roc_curve_resnet18_tf_0_1/nested_cv_random/resnet18/repeat_10_fold_5_metrics.csv,6,2,resnet18,all,C2,F1 at 95% Specificity,0.7465753424657534
/scratchc/nrlab/wang04/ulyses_results_iteration/iteration_3_merge_below_3/cnn_model/cnn14/plasma_tp1_0.1x_model_C2/roc_curve_resnet18_tf_0_1/nested_cv_random/resnet18/repeat_10_fold_5_metrics.csv,6,3,resnet18,all,C2,AUROC,0.938814866760168
/scratchc/nrlab/wang04/ulyses_results_iteration/iteration_3_merge_below_3/cnn_model/cnn14/plasma_tp1_0.1x_model_C2/roc_curve_resnet18_tf_0_1/nested_cv_random/resnet18/repeat_10_fold_5_metrics.csv,6,3,resnet18,all,C2,AUPRC,0.9788686997161878
/scratchc/nrlab/wang04/ulyses_results_iteration/iteration_3_merge_below_3/cnn_model/cnn14/plasma_tp1_0.1x_model_C2/roc_curve_resnet18_tf_0_1/nested_cv_random/resnet18/repeat_10_fold_5_metrics.csv,6,3,resnet18,all,C2,Sensitivity at 99% Specificity,0.5054347826086957
/scratchc/nrlab/wang04/ulyses_results_iteration/iteration_3_merge_below_3/cnn_model/cnn14/plasma_tp1_0.1x_model_C2/roc_curve_resnet18_tf_0_1/nested_cv_random/resnet18/repeat_10_fold_5_metrics.csv,6,3,resnet18,all,C2,PPV at 99% Specificity,1
/scratchc/nrlab/wang04/ulyses_results_iteration/iteration_3_merge_below_3/cnn_model/cnn14/plasma_tp1_0.1x_model_C2/roc_curve_resnet18_tf_0_1/nested_cv_random/resnet18/repeat_10_fold_5_metrics.csv,6,3,resnet18,all,C2,Accuracy at 99% Specificity,0.7477173913043478
/scratchc/nrlab/wang04/ulyses_results_iteration/iteration_3_merge_below_3/cnn_model/cnn14/plasma_tp1_0.1x_model_C2/roc_curve_resnet18_tf_0_1/nested_cv_random/resnet18/repeat_10_fold_5_metrics.csv,6,3,resnet18,all,C2,F1 at 99% Specificity,0.6714801444043321
/scratchc/nrlab/wang04/ulyses_results_iteration/iteration_3_merge_below_3/cnn_model/cnn14/plasma_tp1_0.1x_model_C2/roc_curve_resnet18_tf_0_1/nested_cv_random/resnet18/repeat_10_fold_5_metrics.csv,6,3,resnet18,all,C2,Sensitivity at 98% Specificity,0.5054347826086957
/scratchc/nrlab/wang04/ulyses_results_iteration/iteration_3_merge_below_3/cnn_model/cnn14/plasma_tp1_0.1x_model_C2/roc_curve_resnet18_tf_0_1/nested_cv_random/resnet18/repeat_10_fold_5_metrics.csv,6,3,resnet18,all,C2,PPV at 98% Specificity,1
/scratchc/nrlab/wang04/ulyses_results_iteration/iteration_3_merge_below_3/cnn_model/cnn14/plasma_tp1_0.1x_model_C2/roc_curve_resnet18_tf_0_1/nested_cv_random/resnet18/repeat_10_fold_5_metrics.csv,6,3,resnet18,all,C2,Accuracy at 98% Specificity,0.7427173913043479
/scratchc/nrlab/wang04/ulyses_results_iteration/iteration_3_merge_below_3/cnn_model/cnn14/plasma_tp1_0.1x_model_C2/roc_curve_resnet18_tf_0_1/nested_cv_random/resnet18/repeat_10_fold_5_metrics.csv,6,3,resnet18,all,C2,F1 at 98% Specificity,0.6714801444043321
/scratchc/nrlab/wang04/ulyses_results_iteration/iteration_3_merge_below_3/cnn_model/cnn14/plasma_tp1_0.1x_model_C2/roc_curve_resnet18_tf_0_1/nested_cv_random/resnet18/repeat_10_fold_5_metrics.csv,6,3,resnet18,all,C2,Sensitivity at 95% Specificity,0.717391304347826
/scratchc/nrlab/wang04/ulyses_results_iteration/iteration_3_merge_below_3/cnn_model/cnn14/plasma_tp1_0.1x_model_C2/roc_curve_resnet18_tf_0_1/nested_cv_random/resnet18/repeat_10_fold_5_metrics.csv,6,3,resnet18,all,C2,PPV at 95% Specificity,0.9850746268656716
/scratchc/nrlab/wang04/ulyses_results_iteration/iteration_3_merge_below_3/cnn_model/cnn14/plasma_tp1_0.1x_model_C2/roc_curve_resnet18_tf_0_1/nested_cv_random/resnet18/repeat_10_fold_5_metrics.csv,6,3,resnet18,all,C2,Accuracy at 95% Specificity,0.8183730715287517
/scratchc/nrlab/wang04/ulyses_results_iteration/iteration_3_merge_below_3/cnn_model/cnn14/plasma_tp1_0.1x_model_C2/roc_curve_resnet18_tf_0_1/nested_cv_random/resnet18/repeat_10_fold_5_metrics.csv,6,3,resnet18,all,C2,F1 at 95% Specificity,0.8301886792452831
/scratchc/nrlab/wang04/ulyses_results_iteration/iteration_3_merge_below_3/cnn_model/cnn14/plasma_tp1_0.1x_model_C2/roc_curve_resnet18_tf_0_1/nested_cv_random/resnet18/repeat_10_fold_5_metrics.csv,6,4,resnet18,all,C2,AUROC,0.9115209619759508
/scratchc/nrlab/wang04/ulyses_results_iteration/iteration_3_merge_below_3/cnn_model/cnn14/plasma_tp1_0.1x_model_C2/roc_curve_resnet18_tf_0_1/nested_cv_random/resnet18/repeat_10_fold_5_metrics.csv,6,4,resnet18,all,C2,AUPRC,0.9668512311506364
/scratchc/nrlab/wang04/ulyses_results_iteration/iteration_3_merge_below_3/cnn_model/cnn14/plasma_tp1_0.1x_model_C2/roc_curve_resnet18_tf_0_1/nested_cv_random/resnet18/repeat_10_fold_5_metrics.csv,6,4,resnet18,all,C2,Sensitivity at 99% Specificity,0.4806629834254144
/scratchc/nrlab/wang04/ulyses_results_iteration/iteration_3_merge_below_3/cnn_model/cnn14/plasma_tp1_0.1x_model_C2/roc_curve_resnet18_tf_0_1/nested_cv_random/resnet18/repeat_10_fold_5_metrics.csv,6,4,resnet18,all,C2,PPV at 99% Specificity,1
/scratchc/nrlab/wang04/ulyses_results_iteration/iteration_3_merge_below_3/cnn_model/cnn14/plasma_tp1_0.1x_model_C2/roc_curve_resnet18_tf_0_1/nested_cv_random/resnet18/repeat_10_fold_5_metrics.csv,6,4,resnet18,all,C2,Accuracy at 99% Specificity,0.7353314917127072
/scratchc/nrlab/wang04/ulyses_results_iteration/iteration_3_merge_below_3/cnn_model/cnn14/plasma_tp1_0.1x_model_C2/roc_curve_resnet18_tf_0_1/nested_cv_random/resnet18/repeat_10_fold_5_metrics.csv,6,4,resnet18,all,C2,F1 at 99% Specificity,0.6492537313432836
/scratchc/nrlab/wang04/ulyses_results_iteration/iteration_3_merge_below_3/cnn_model/cnn14/plasma_tp1_0.1x_model_C2/roc_curve_resnet18_tf_0_1/nested_cv_random/resnet18/repeat_10_fold_5_metrics.csv,6,4,resnet18,all,C2,Sensitivity at 98% Specificity,0.4806629834254144
/scratchc/nrlab/wang04/ulyses_results_iteration/iteration_3_merge_below_3/cnn_model/cnn14/plasma_tp1_0.1x_model_C2/roc_curve_resnet18_tf_0_1/nested_cv_random/resnet18/repeat_10_fold_5_metrics.csv,6,4,resnet18,all,C2,PPV at 98% Specificity,1
/scratchc/nrlab/wang04/ulyses_results_iteration/iteration_3_merge_below_3/cnn_model/cnn14/plasma_tp1_0.1x_model_C2/roc_curve_resnet18_tf_0_1/nested_cv_random/resnet18/repeat_10_fold_5_metrics.csv,6,4,resnet18,all,C2,Accuracy at 98% Specificity,0.7303314917127072
/scratchc/nrlab/wang04/ulyses_results_iteration/iteration_3_merge_below_3/cnn_model/cnn14/plasma_tp1_0.1x_model_C2/roc_curve_resnet18_tf_0_1/nested_cv_random/resnet18/repeat_10_fold_5_metrics.csv,6,4,resnet18,all,C2,F1 at 98% Specificity,0.6492537313432836
/scratchc/nrlab/wang04/ulyses_results_iteration/iteration_3_merge_below_3/cnn_model/cnn14/plasma_tp1_0.1x_model_C2/roc_curve_resnet18_tf_0_1/nested_cv_random/resnet18/repeat_10_fold_5_metrics.csv,6,4,resnet18,all,C2,Sensitivity at 95% Specificity,0.5138121546961326
/scratchc/nrlab/wang04/ulyses_results_iteration/iteration_3_merge_below_3/cnn_model/cnn14/plasma_tp1_0.1x_model_C2/roc_curve_resnet18_tf_0_1/nested_cv_random/resnet18/repeat_10_fold_5_metrics.csv,6,4,resnet18,all,C2,PPV at 95% Specificity,0.9789473684210528
/scratchc/nrlab/wang04/ulyses_results_iteration/iteration_3_merge_below_3/cnn_model/cnn14/plasma_tp1_0.1x_model_C2/roc_curve_resnet18_tf_0_1/nested_cv_random/resnet18/repeat_10_fold_5_metrics.csv,6,4,resnet18,all,C2,Accuracy at 95% Specificity,0.7179354891127722
/scratchc/nrlab/wang04/ulyses_results_iteration/iteration_3_merge_below_3/cnn_model/cnn14/plasma_tp1_0.1x_model_C2/roc_curve_resnet18_tf_0_1/nested_cv_random/resnet18/repeat_10_fold_5_metrics.csv,6,4,resnet18,all,C2,F1 at 95% Specificity,0.6739130434782609
/scratchc/nrlab/wang04/ulyses_results_iteration/iteration_3_merge_below_3/cnn_model/cnn14/plasma_tp1_0.1x_model_C2/roc_curve_resnet18_tf_0_1/nested_cv_random/resnet18/repeat_10_fold_5_metrics.csv,6,5,resnet18,all,C2,AUROC,0.9271973466003316
/scratchc/nrlab/wang04/ulyses_results_iteration/iteration_3_merge_below_3/cnn_model/cnn14/plasma_tp1_0.1x_model_C2/roc_curve_resnet18_tf_0_1/nested_cv_random/resnet18/repeat_10_fold_5_metrics.csv,6,5,resnet18,all,C2,AUPRC,0.9737370074195264
/scratchc/nrlab/wang04/ulyses_results_iteration/iteration_3_merge_below_3/cnn_model/cnn14/plasma_tp1_0.1x_model_C2/roc_curve_resnet18_tf_0_1/nested_cv_random/resnet18/repeat_10_fold_5_metrics.csv,6,5,resnet18,all,C2,Sensitivity at 99% Specificity,0.5444444444444444
/scratchc/nrlab/wang04/ulyses_results_iteration/iteration_3_merge_below_3/cnn_model/cnn14/plasma_tp1_0.1x_model_C2/roc_curve_resnet18_tf_0_1/nested_cv_random/resnet18/repeat_10_fold_5_metrics.csv,6,5,resnet18,all,C2,PPV at 99% Specificity,1
/scratchc/nrlab/wang04/ulyses_results_iteration/iteration_3_merge_below_3/cnn_model/cnn14/plasma_tp1_0.1x_model_C2/roc_curve_resnet18_tf_0_1/nested_cv_random/resnet18/repeat_10_fold_5_metrics.csv,6,5,resnet18,all,C2,Accuracy at 99% Specificity,0.7672222222222222
/scratchc/nrlab/wang04/ulyses_results_iteration/iteration_3_merge_below_3/cnn_model/cnn14/plasma_tp1_0.1x_model_C2/roc_curve_resnet18_tf_0_1/nested_cv_random/resnet18/repeat_10_fold_5_metrics.csv,6,5,resnet18,all,C2,F1 at 99% Specificity,0.7050359712230215
/scratchc/nrlab/wang04/ulyses_results_iteration/iteration_3_merge_below_3/cnn_model/cnn14/plasma_tp1_0.1x_model_C2/roc_curve_resnet18_tf_0_1/nested_cv_random/resnet18/repeat_10_fold_5_metrics.csv,6,5,resnet18,all,C2,Sensitivity at 98% Specificity,0.5444444444444444
/scratchc/nrlab/wang04/ulyses_results_iteration/iteration_3_merge_below_3/cnn_model/cnn14/plasma_tp1_0.1x_model_C2/roc_curve_resnet18_tf_0_1/nested_cv_random/resnet18/repeat_10_fold_5_metrics.csv,6,5,resnet18,all,C2,PPV at 98% Specificity,1
/scratchc/nrlab/wang04/ulyses_results_iteration/iteration_3_merge_below_3/cnn_model/cnn14/plasma_tp1_0.1x_model_C2/roc_curve_resnet18_tf_0_1/nested_cv_random/resnet18/repeat_10_fold_5_metrics.csv,6,5,resnet18,all,C2,Accuracy at 98% Specificity,0.7622222222222221
/scratchc/nrlab/wang04/ulyses_results_iteration/iteration_3_merge_below_3/cnn_model/cnn14/plasma_tp1_0.1x_model_C2/roc_curve_resnet18_tf_0_1/nested_cv_random/resnet18/repeat_10_fold_5_metrics.csv,6,5,resnet18,all,C2,F1 at 98% Specificity,0.7050359712230215
/scratchc/nrlab/wang04/ulyses_results_iteration/iteration_3_merge_below_3/cnn_model/cnn14/plasma_tp1_0.1x_model_C2/roc_curve_resnet18_tf_0_1/nested_cv_random/resnet18/repeat_10_fold_5_metrics.csv,6,5,resnet18,all,C2,Sensitivity at 95% Specificity,0.7111111111111111
/scratchc/nrlab/wang04/ulyses_results_iteration/iteration_3_merge_below_3/cnn_model/cnn14/plasma_tp1_0.1x_model_C2/roc_curve_resnet18_tf_0_1/nested_cv_random/resnet18/repeat_10_fold_5_metrics.csv,6,5,resnet18,all,C2,PPV at 95% Specificity,0.9846153846153848
/scratchc/nrlab/wang04/ulyses_results_iteration/iteration_3_merge_below_3/cnn_model/cnn14/plasma_tp1_0.1x_model_C2/roc_curve_resnet18_tf_0_1/nested_cv_random/resnet18/repeat_10_fold_5_metrics.csv,6,5,resnet18,all,C2,Accuracy at 95% Specificity,0.8163764510779437
/scratchc/nrlab/wang04/ulyses_results_iteration/iteration_3_merge_below_3/cnn_model/cnn14/plasma_tp1_0.1x_model_C2/roc_curve_resnet18_tf_0_1/nested_cv_random/resnet18/repeat_10_fold_5_metrics.csv,6,5,resnet18,all,C2,F1 at 95% Specificity,0.8258064516129032
/scratchc/nrlab/wang04/ulyses_results_iteration/iteration_3_merge_below_3/cnn_model/cnn14/plasma_tp1_0.1x_model_C2/roc_curve_resnet18_tf_0_1/nested_cv_random/resnet18/repeat_10_fold_5_metrics.csv,7,1,resnet18,all,C2,AUROC,0.9298155737704918
/scratchc/nrlab/wang04/ulyses_results_iteration/iteration_3_merge_below_3/cnn_model/cnn14/plasma_tp1_0.1x_model_C2/roc_curve_resnet18_tf_0_1/nested_cv_random/resnet18/repeat_10_fold_5_metrics.csv,7,1,resnet18,all,C2,AUPRC,0.9759490464697576
/scratchc/nrlab/wang04/ulyses_results_iteration/iteration_3_merge_below_3/cnn_model/cnn14/plasma_tp1_0.1x_model_C2/roc_curve_resnet18_tf_0_1/nested_cv_random/resnet18/repeat_10_fold_5_metrics.csv,7,1,resnet18,all,C2,Sensitivity at 99% Specificity,0.6065573770491803
/scratchc/nrlab/wang04/ulyses_results_iteration/iteration_3_merge_below_3/cnn_model/cnn14/plasma_tp1_0.1x_model_C2/roc_curve_resnet18_tf_0_1/nested_cv_random/resnet18/repeat_10_fold_5_metrics.csv,7,1,resnet18,all,C2,PPV at 99% Specificity,1
/scratchc/nrlab/wang04/ulyses_results_iteration/iteration_3_merge_below_3/cnn_model/cnn14/plasma_tp1_0.1x_model_C2/roc_curve_resnet18_tf_0_1/nested_cv_random/resnet18/repeat_10_fold_5_metrics.csv,7,1,resnet18,all,C2,Accuracy at 99% Specificity,0.7982786885245902
/scratchc/nrlab/wang04/ulyses_results_iteration/iteration_3_merge_below_3/cnn_model/cnn14/plasma_tp1_0.1x_model_C2/roc_curve_resnet18_tf_0_1/nested_cv_random/resnet18/repeat_10_fold_5_metrics.csv,7,1,resnet18,all,C2,F1 at 99% Specificity,0.7551020408163265
/scratchc/nrlab/wang04/ulyses_results_iteration/iteration_3_merge_below_3/cnn_model/cnn14/plasma_tp1_0.1x_model_C2/roc_curve_resnet18_tf_0_1/nested_cv_random/resnet18/repeat_10_fold_5_metrics.csv,7,1,resnet18,all,C2,Sensitivity at 98% Specificity,0.6065573770491803
/scratchc/nrlab/wang04/ulyses_results_iteration/iteration_3_merge_below_3/cnn_model/cnn14/plasma_tp1_0.1x_model_C2/roc_curve_resnet18_tf_0_1/nested_cv_random/resnet18/repeat_10_fold_5_metrics.csv,7,1,resnet18,all,C2,PPV at 98% Specificity,1
/scratchc/nrlab/wang04/ulyses_results_iteration/iteration_3_merge_below_3/cnn_model/cnn14/plasma_tp1_0.1x_model_C2/roc_curve_resnet18_tf_0_1/nested_cv_random/resnet18/repeat_10_fold_5_metrics.csv,7,1,resnet18,all,C2,Accuracy at 98% Specificity,0.7932786885245902
/scratchc/nrlab/wang04/ulyses_results_iteration/iteration_3_merge_below_3/cnn_model/cnn14/plasma_tp1_0.1x_model_C2/roc_curve_resnet18_tf_0_1/nested_cv_random/resnet18/repeat_10_fold_5_metrics.csv,7,1,resnet18,all,C2,F1 at 98% Specificity,0.7551020408163265
/scratchc/nrlab/wang04/ulyses_results_iteration/iteration_3_merge_below_3/cnn_model/cnn14/plasma_tp1_0.1x_model_C2/roc_curve_resnet18_tf_0_1/nested_cv_random/resnet18/repeat_10_fold_5_metrics.csv,7,1,resnet18,all,C2,Sensitivity at 95% Specificity,0.6885245901639344
/scratchc/nrlab/wang04/ulyses_results_iteration/iteration_3_merge_below_3/cnn_model/cnn14/plasma_tp1_0.1x_model_C2/roc_curve_resnet18_tf_0_1/nested_cv_random/resnet18/repeat_10_fold_5_metrics.csv,7,1,resnet18,all,C2,PPV at 95% Specificity,0.984375
/scratchc/nrlab/wang04/ulyses_results_iteration/iteration_3_merge_below_3/cnn_model/cnn14/plasma_tp1_0.1x_model_C2/roc_curve_resnet18_tf_0_1/nested_cv_random/resnet18/repeat_10_fold_5_metrics.csv,7,1,resnet18,all,C2,Accuracy at 95% Specificity,0.8044185450819672
/scratchc/nrlab/wang04/ulyses_results_iteration/iteration_3_merge_below_3/cnn_model/cnn14/plasma_tp1_0.1x_model_C2/roc_curve_resnet18_tf_0_1/nested_cv_random/resnet18/repeat_10_fold_5_metrics.csv,7,1,resnet18,all,C2,F1 at 95% Specificity,0.8102893890675241
/scratchc/nrlab/wang04/ulyses_results_iteration/iteration_3_merge_below_3/cnn_model/cnn14/plasma_tp1_0.1x_model_C2/roc_curve_resnet18_tf_0_1/nested_cv_random/resnet18/repeat_10_fold_5_metrics.csv,7,2,resnet18,all,C2,AUROC,0.9098360655737704
/scratchc/nrlab/wang04/ulyses_results_iteration/iteration_3_merge_below_3/cnn_model/cnn14/plasma_tp1_0.1x_model_C2/roc_curve_resnet18_tf_0_1/nested_cv_random/resnet18/repeat_10_fold_5_metrics.csv,7,2,resnet18,all,C2,AUPRC,0.9685205304373268
/scratchc/nrlab/wang04/ulyses_results_iteration/iteration_3_merge_below_3/cnn_model/cnn14/plasma_tp1_0.1x_model_C2/roc_curve_resnet18_tf_0_1/nested_cv_random/resnet18/repeat_10_fold_5_metrics.csv,7,2,resnet18,all,C2,Sensitivity at 99% Specificity,0.45901639344262296
/scratchc/nrlab/wang04/ulyses_results_iteration/iteration_3_merge_below_3/cnn_model/cnn14/plasma_tp1_0.1x_model_C2/roc_curve_resnet18_tf_0_1/nested_cv_random/resnet18/repeat_10_fold_5_metrics.csv,7,2,resnet18,all,C2,PPV at 99% Specificity,1
/scratchc/nrlab/wang04/ulyses_results_iteration/iteration_3_merge_below_3/cnn_model/cnn14/plasma_tp1_0.1x_model_C2/roc_curve_resnet18_tf_0_1/nested_cv_random/resnet18/repeat_10_fold_5_metrics.csv,7,2,resnet18,all,C2,Accuracy at 99% Specificity,0.7245081967213115
/scratchc/nrlab/wang04/ulyses_results_iteration/iteration_3_merge_below_3/cnn_model/cnn14/plasma_tp1_0.1x_model_C2/roc_curve_resnet18_tf_0_1/nested_cv_random/resnet18/repeat_10_fold_5_metrics.csv,7,2,resnet18,all,C2,F1 at 99% Specificity,0.6292134831460674
/scratchc/nrlab/wang04/ulyses_results_iteration/iteration_3_merge_below_3/cnn_model/cnn14/plasma_tp1_0.1x_model_C2/roc_curve_resnet18_tf_0_1/nested_cv_random/resnet18/repeat_10_fold_5_metrics.csv,7,2,resnet18,all,C2,Sensitivity at 98% Specificity,0.45901639344262296
/scratchc/nrlab/wang04/ulyses_results_iteration/iteration_3_merge_below_3/cnn_model/cnn14/plasma_tp1_0.1x_model_C2/roc_curve_resnet18_tf_0_1/nested_cv_random/resnet18/repeat_10_fold_5_metrics.csv,7,2,resnet18,all,C2,PPV at 98% Specificity,1
/scratchc/nrlab/wang04/ulyses_results_iteration/iteration_3_merge_below_3/cnn_model/cnn14/plasma_tp1_0.1x_model_C2/roc_curve_resnet18_tf_0_1/nested_cv_random/resnet18/repeat_10_fold_5_metrics.csv,7,2,resnet18,all,C2,Accuracy at 98% Specificity,0.7195081967213115
/scratchc/nrlab/wang04/ulyses_results_iteration/iteration_3_merge_below_3/cnn_model/cnn14/plasma_tp1_0.1x_model_C2/roc_curve_resnet18_tf_0_1/nested_cv_random/resnet18/repeat_10_fold_5_metrics.csv,7,2,resnet18,all,C2,F1 at 98% Specificity,0.6292134831460674
/scratchc/nrlab/wang04/ulyses_results_iteration/iteration_3_merge_below_3/cnn_model/cnn14/plasma_tp1_0.1x_model_C2/roc_curve_resnet18_tf_0_1/nested_cv_random/resnet18/repeat_10_fold_5_metrics.csv,7,2,resnet18,all,C2,Sensitivity at 95% Specificity,0.6502732240437158
/scratchc/nrlab/wang04/ulyses_results_iteration/iteration_3_merge_below_3/cnn_model/cnn14/plasma_tp1_0.1x_model_C2/roc_curve_resnet18_tf_0_1/nested_cv_random/resnet18/repeat_10_fold_5_metrics.csv,7,2,resnet18,all,C2,PPV at 95% Specificity,0.9834710743801652
/scratchc/nrlab/wang04/ulyses_results_iteration/iteration_3_merge_below_3/cnn_model/cnn14/plasma_tp1_0.1x_model_C2/roc_curve_resnet18_tf_0_1/nested_cv_random/resnet18/repeat_10_fold_5_metrics.csv,7,2,resnet18,all,C2,Accuracy at 95% Specificity,0.7852928620218579
/scratchc/nrlab/wang04/ulyses_results_iteration/iteration_3_merge_below_3/cnn_model/cnn14/plasma_tp1_0.1x_model_C2/roc_curve_resnet18_tf_0_1/nested_cv_random/resnet18/repeat_10_fold_5_metrics.csv,7,2,resnet18,all,C2,F1 at 95% Specificity,0.7828947368421053
/scratchc/nrlab/wang04/ulyses_results_iteration/iteration_3_merge_below_3/cnn_model/cnn14/plasma_tp1_0.1x_model_C2/roc_curve_resnet18_tf_0_1/nested_cv_random/resnet18/repeat_10_fold_5_metrics.csv,7,3,resnet18,all,C2,AUROC,0.9253566576086956
/scratchc/nrlab/wang04/ulyses_results_iteration/iteration_3_merge_below_3/cnn_model/cnn14/plasma_tp1_0.1x_model_C2/roc_curve_resnet18_tf_0_1/nested_cv_random/resnet18/repeat_10_fold_5_metrics.csv,7,3,resnet18,all,C2,AUPRC,0.973677269544639
/scratchc/nrlab/wang04/ulyses_results_iteration/iteration_3_merge_below_3/cnn_model/cnn14/plasma_tp1_0.1x_model_C2/roc_curve_resnet18_tf_0_1/nested_cv_random/resnet18/repeat_10_fold_5_metrics.csv,7,3,resnet18,all,C2,Sensitivity at 99% Specificity,0.5108695652173914
/scratchc/nrlab/wang04/ulyses_results_iteration/iteration_3_merge_below_3/cnn_model/cnn14/plasma_tp1_0.1x_model_C2/roc_curve_resnet18_tf_0_1/nested_cv_random/resnet18/repeat_10_fold_5_metrics.csv,7,3,resnet18,all,C2,PPV at 99% Specificity,1
/scratchc/nrlab/wang04/ulyses_results_iteration/iteration_3_merge_below_3/cnn_model/cnn14/plasma_tp1_0.1x_model_C2/roc_curve_resnet18_tf_0_1/nested_cv_random/resnet18/repeat_10_fold_5_metrics.csv,7,3,resnet18,all,C2,Accuracy at 99% Specificity,0.7504347826086957
/scratchc/nrlab/wang04/ulyses_results_iteration/iteration_3_merge_below_3/cnn_model/cnn14/plasma_tp1_0.1x_model_C2/roc_curve_resnet18_tf_0_1/nested_cv_random/resnet18/repeat_10_fold_5_metrics.csv,7,3,resnet18,all,C2,F1 at 99% Specificity,0.6762589928057554
/scratchc/nrlab/wang04/ulyses_results_iteration/iteration_3_merge_below_3/cnn_model/cnn14/plasma_tp1_0.1x_model_C2/roc_curve_resnet18_tf_0_1/nested_cv_random/resnet18/repeat_10_fold_5_metrics.csv,7,3,resnet18,all,C2,Sensitivity at 98% Specificity,0.5108695652173914
/scratchc/nrlab/wang04/ulyses_results_iteration/iteration_3_merge_below_3/cnn_model/cnn14/plasma_tp1_0.1x_model_C2/roc_curve_resnet18_tf_0_1/nested_cv_random/resnet18/repeat_10_fold_5_metrics.csv,7,3,resnet18,all,C2,PPV at 98% Specificity,1
/scratchc/nrlab/wang04/ulyses_results_iteration/iteration_3_merge_below_3/cnn_model/cnn14/plasma_tp1_0.1x_model_C2/roc_curve_resnet18_tf_0_1/nested_cv_random/resnet18/repeat_10_fold_5_metrics.csv,7,3,resnet18,all,C2,Accuracy at 98% Specificity,0.7454347826086957
/scratchc/nrlab/wang04/ulyses_results_iteration/iteration_3_merge_below_3/cnn_model/cnn14/plasma_tp1_0.1x_model_C2/roc_curve_resnet18_tf_0_1/nested_cv_random/resnet18/repeat_10_fold_5_metrics.csv,7,3,resnet18,all,C2,F1 at 98% Specificity,0.6762589928057554
/scratchc/nrlab/wang04/ulyses_results_iteration/iteration_3_merge_below_3/cnn_model/cnn14/plasma_tp1_0.1x_model_C2/roc_curve_resnet18_tf_0_1/nested_cv_random/resnet18/repeat_10_fold_5_metrics.csv,7,3,resnet18,all,C2,Sensitivity at 95% Specificity,0.7065217391304348
/scratchc/nrlab/wang04/ulyses_results_iteration/iteration_3_merge_below_3/cnn_model/cnn14/plasma_tp1_0.1x_model_C2/roc_curve_resnet18_tf_0_1/nested_cv_random/resnet18/repeat_10_fold_5_metrics.csv,7,3,resnet18,all,C2,PPV at 95% Specificity,0.9848484848484848
/scratchc/nrlab/wang04/ulyses_results_iteration/iteration_3_merge_below_3/cnn_model/cnn14/plasma_tp1_0.1x_model_C2/roc_curve_resnet18_tf_0_1/nested_cv_random/resnet18/repeat_10_fold_5_metrics.csv,7,3,resnet18,all,C2,Accuracy at 95% Specificity,0.8134171195652173
/scratchc/nrlab/wang04/ulyses_results_iteration/iteration_3_merge_below_3/cnn_model/cnn14/plasma_tp1_0.1x_model_C2/roc_curve_resnet18_tf_0_1/nested_cv_random/resnet18/repeat_10_fold_5_metrics.csv,7,3,resnet18,all,C2,F1 at 95% Specificity,0.8227848101265823
/scratchc/nrlab/wang04/ulyses_results_iteration/iteration_3_merge_below_3/cnn_model/cnn14/plasma_tp1_0.1x_model_C2/roc_curve_resnet18_tf_0_1/nested_cv_random/resnet18/repeat_10_fold_5_metrics.csv,7,4,resnet18,all,C2,AUROC,0.935763173084852
/scratchc/nrlab/wang04/ulyses_results_iteration/iteration_3_merge_below_3/cnn_model/cnn14/plasma_tp1_0.1x_model_C2/roc_curve_resnet18_tf_0_1/nested_cv_random/resnet18/repeat_10_fold_5_metrics.csv,7,4,resnet18,all,C2,AUPRC,0.977333180125422
/scratchc/nrlab/wang04/ulyses_results_iteration/iteration_3_merge_below_3/cnn_model/cnn14/plasma_tp1_0.1x_model_C2/roc_curve_resnet18_tf_0_1/nested_cv_random/resnet18/repeat_10_fold_5_metrics.csv,7,4,resnet18,all,C2,Sensitivity at 99% Specificity,0.6685082872928176
/scratchc/nrlab/wang04/ulyses_results_iteration/iteration_3_merge_below_3/cnn_model/cnn14/plasma_tp1_0.1x_model_C2/roc_curve_resnet18_tf_0_1/nested_cv_random/resnet18/repeat_10_fold_5_metrics.csv,7,4,resnet18,all,C2,PPV at 99% Specificity,1
/scratchc/nrlab/wang04/ulyses_results_iteration/iteration_3_merge_below_3/cnn_model/cnn14/plasma_tp1_0.1x_model_C2/roc_curve_resnet18_tf_0_1/nested_cv_random/resnet18/repeat_10_fold_5_metrics.csv,7,4,resnet18,all,C2,Accuracy at 99% Specificity,0.8292541436464088
/scratchc/nrlab/wang04/ulyses_results_iteration/iteration_3_merge_below_3/cnn_model/cnn14/plasma_tp1_0.1x_model_C2/roc_curve_resnet18_tf_0_1/nested_cv_random/resnet18/repeat_10_fold_5_metrics.csv,7,4,resnet18,all,C2,F1 at 99% Specificity,0.8013245033112583
/scratchc/nrlab/wang04/ulyses_results_iteration/iteration_3_merge_below_3/cnn_model/cnn14/plasma_tp1_0.1x_model_C2/roc_curve_resnet18_tf_0_1/nested_cv_random/resnet18/repeat_10_fold_5_metrics.csv,7,4,resnet18,all,C2,Sensitivity at 98% Specificity,0.6685082872928176
/scratchc/nrlab/wang04/ulyses_results_iteration/iteration_3_merge_below_3/cnn_model/cnn14/plasma_tp1_0.1x_model_C2/roc_curve_resnet18_tf_0_1/nested_cv_random/resnet18/repeat_10_fold_5_metrics.csv,7,4,resnet18,all,C2,PPV at 98% Specificity,1
/scratchc/nrlab/wang04/ulyses_results_iteration/iteration_3_merge_below_3/cnn_model/cnn14/plasma_tp1_0.1x_model_C2/roc_curve_resnet18_tf_0_1/nested_cv_random/resnet18/repeat_10_fold_5_metrics.csv,7,4,resnet18,all,C2,Accuracy at 98% Specificity,0.8242541436464088
/scratchc/nrlab/wang04/ulyses_results_iteration/iteration_3_merge_below_3/cnn_model/cnn14/plasma_tp1_0.1x_model_C2/roc_curve_resnet18_tf_0_1/nested_cv_random/resnet18/repeat_10_fold_5_metrics.csv,7,4,resnet18,all,C2,F1 at 98% Specificity,0.8013245033112583
/scratchc/nrlab/wang04/ulyses_results_iteration/iteration_3_merge_below_3/cnn_model/cnn14/plasma_tp1_0.1x_model_C2/roc_curve_resnet18_tf_0_1/nested_cv_random/resnet18/repeat_10_fold_5_metrics.csv,7,4,resnet18,all,C2,Sensitivity at 95% Specificity,0.7237569060773481
/scratchc/nrlab/wang04/ulyses_results_iteration/iteration_3_merge_below_3/cnn_model/cnn14/plasma_tp1_0.1x_model_C2/roc_curve_resnet18_tf_0_1/nested_cv_random/resnet18/repeat_10_fold_5_metrics.csv,7,4,resnet18,all,C2,PPV at 95% Specificity,0.9849624060150376
/scratchc/nrlab/wang04/ulyses_results_iteration/iteration_3_merge_below_3/cnn_model/cnn14/plasma_tp1_0.1x_model_C2/roc_curve_resnet18_tf_0_1/nested_cv_random/resnet18/repeat_10_fold_5_metrics.csv,7,4,resnet18,all,C2,Accuracy at 95% Specificity,0.8226993485610621
/scratchc/nrlab/wang04/ulyses_results_iteration/iteration_3_merge_below_3/cnn_model/cnn14/plasma_tp1_0.1x_model_C2/roc_curve_resnet18_tf_0_1/nested_cv_random/resnet18/repeat_10_fold_5_metrics.csv,7,4,resnet18,all,C2,F1 at 95% Specificity,0.8343949044585988
/scratchc/nrlab/wang04/ulyses_results_iteration/iteration_3_merge_below_3/cnn_model/cnn14/plasma_tp1_0.1x_model_C2/roc_curve_resnet18_tf_0_1/nested_cv_random/resnet18/repeat_10_fold_5_metrics.csv,7,5,resnet18,all,C2,AUROC,0.9039008873263016
/scratchc/nrlab/wang04/ulyses_results_iteration/iteration_3_merge_below_3/cnn_model/cnn14/plasma_tp1_0.1x_model_C2/roc_curve_resnet18_tf_0_1/nested_cv_random/resnet18/repeat_10_fold_5_metrics.csv,7,5,resnet18,all,C2,AUPRC,0.9636173500531234
/scratchc/nrlab/wang04/ulyses_results_iteration/iteration_3_merge_below_3/cnn_model/cnn14/plasma_tp1_0.1x_model_C2/roc_curve_resnet18_tf_0_1/nested_cv_random/resnet18/repeat_10_fold_5_metrics.csv,7,5,resnet18,all,C2,Sensitivity at 99% Specificity,0.39226519337016574
/scratchc/nrlab/wang04/ulyses_results_iteration/iteration_3_merge_below_3/cnn_model/cnn14/plasma_tp1_0.1x_model_C2/roc_curve_resnet18_tf_0_1/nested_cv_random/resnet18/repeat_10_fold_5_metrics.csv,7,5,resnet18,all,C2,PPV at 99% Specificity,1
/scratchc/nrlab/wang04/ulyses_results_iteration/iteration_3_merge_below_3/cnn_model/cnn14/plasma_tp1_0.1x_model_C2/roc_curve_resnet18_tf_0_1/nested_cv_random/resnet18/repeat_10_fold_5_metrics.csv,7,5,resnet18,all,C2,Accuracy at 99% Specificity,0.6911325966850829
/scratchc/nrlab/wang04/ulyses_results_iteration/iteration_3_merge_below_3/cnn_model/cnn14/plasma_tp1_0.1x_model_C2/roc_curve_resnet18_tf_0_1/nested_cv_random/resnet18/repeat_10_fold_5_metrics.csv,7,5,resnet18,all,C2,F1 at 99% Specificity,0.5634920634920635
/scratchc/nrlab/wang04/ulyses_results_iteration/iteration_3_merge_below_3/cnn_model/cnn14/plasma_tp1_0.1x_model_C2/roc_curve_resnet18_tf_0_1/nested_cv_random/resnet18/repeat_10_fold_5_metrics.csv,7,5,resnet18,all,C2,Sensitivity at 98% Specificity,0.39226519337016574
/scratchc/nrlab/wang04/ulyses_results_iteration/iteration_3_merge_below_3/cnn_model/cnn14/plasma_tp1_0.1x_model_C2/roc_curve_resnet18_tf_0_1/nested_cv_random/resnet18/repeat_10_fold_5_metrics.csv,7,5,resnet18,all,C2,PPV at 98% Specificity,1
/scratchc/nrlab/wang04/ulyses_results_iteration/iteration_3_merge_below_3/cnn_model/cnn14/plasma_tp1_0.1x_model_C2/roc_curve_resnet18_tf_0_1/nested_cv_random/resnet18/repeat_10_fold_5_metrics.csv,7,5,resnet18,all,C2,Accuracy at 98% Specificity,0.6861325966850829
/scratchc/nrlab/wang04/ulyses_results_iteration/iteration_3_merge_below_3/cnn_model/cnn14/plasma_tp1_0.1x_model_C2/roc_curve_resnet18_tf_0_1/nested_cv_random/resnet18/repeat_10_fold_5_metrics.csv,7,5,resnet18,all,C2,F1 at 98% Specificity,0.5634920634920635
/scratchc/nrlab/wang04/ulyses_results_iteration/iteration_3_merge_below_3/cnn_model/cnn14/plasma_tp1_0.1x_model_C2/roc_curve_resnet18_tf_0_1/nested_cv_random/resnet18/repeat_10_fold_5_metrics.csv,7,5,resnet18,all,C2,Sensitivity at 95% Specificity,0.6685082872928176
/scratchc/nrlab/wang04/ulyses_results_iteration/iteration_3_merge_below_3/cnn_model/cnn14/plasma_tp1_0.1x_model_C2/roc_curve_resnet18_tf_0_1/nested_cv_random/resnet18/repeat_10_fold_5_metrics.csv,7,5,resnet18,all,C2,PPV at 95% Specificity,0.983739837398374
/scratchc/nrlab/wang04/ulyses_results_iteration/iteration_3_merge_below_3/cnn_model/cnn14/plasma_tp1_0.1x_model_C2/roc_curve_resnet18_tf_0_1/nested_cv_random/resnet18/repeat_10_fold_5_metrics.csv,7,5,resnet18,all,C2,Accuracy at 95% Specificity,0.7948602042524694
/scratchc/nrlab/wang04/ulyses_results_iteration/iteration_3_merge_below_3/cnn_model/cnn14/plasma_tp1_0.1x_model_C2/roc_curve_resnet18_tf_0_1/nested_cv_random/resnet18/repeat_10_fold_5_metrics.csv,7,5,resnet18,all,C2,F1 at 95% Specificity,0.7960526315789473
/scratchc/nrlab/wang04/ulyses_results_iteration/iteration_3_merge_below_3/cnn_model/cnn14/plasma_tp1_0.1x_model_C2/roc_curve_resnet18_tf_0_1/nested_cv_random/resnet18/repeat_10_fold_5_metrics.csv,8,1,resnet18,all,C2,AUROC,0.8686589653440483
/scratchc/nrlab/wang04/ulyses_results_iteration/iteration_3_merge_below_3/cnn_model/cnn14/plasma_tp1_0.1x_model_C2/roc_curve_resnet18_tf_0_1/nested_cv_random/resnet18/repeat_10_fold_5_metrics.csv,8,1,resnet18,all,C2,AUPRC,0.9501003176010484
/scratchc/nrlab/wang04/ulyses_results_iteration/iteration_3_merge_below_3/cnn_model/cnn14/plasma_tp1_0.1x_model_C2/roc_curve_resnet18_tf_0_1/nested_cv_random/resnet18/repeat_10_fold_5_metrics.csv,8,1,resnet18,all,C2,Sensitivity at 99% Specificity,0.4640883977900552
/scratchc/nrlab/wang04/ulyses_results_iteration/iteration_3_merge_below_3/cnn_model/cnn14/plasma_tp1_0.1x_model_C2/roc_curve_resnet18_tf_0_1/nested_cv_random/resnet18/repeat_10_fold_5_metrics.csv,8,1,resnet18,all,C2,PPV at 99% Specificity,1
/scratchc/nrlab/wang04/ulyses_results_iteration/iteration_3_merge_below_3/cnn_model/cnn14/plasma_tp1_0.1x_model_C2/roc_curve_resnet18_tf_0_1/nested_cv_random/resnet18/repeat_10_fold_5_metrics.csv,8,1,resnet18,all,C2,Accuracy at 99% Specificity,0.7270441988950276
/scratchc/nrlab/wang04/ulyses_results_iteration/iteration_3_merge_below_3/cnn_model/cnn14/plasma_tp1_0.1x_model_C2/roc_curve_resnet18_tf_0_1/nested_cv_random/resnet18/repeat_10_fold_5_metrics.csv,8,1,resnet18,all,C2,F1 at 99% Specificity,0.6339622641509434
/scratchc/nrlab/wang04/ulyses_results_iteration/iteration_3_merge_below_3/cnn_model/cnn14/plasma_tp1_0.1x_model_C2/roc_curve_resnet18_tf_0_1/nested_cv_random/resnet18/repeat_10_fold_5_metrics.csv,8,1,resnet18,all,C2,Sensitivity at 98% Specificity,0.4640883977900552
/scratchc/nrlab/wang04/ulyses_results_iteration/iteration_3_merge_below_3/cnn_model/cnn14/plasma_tp1_0.1x_model_C2/roc_curve_resnet18_tf_0_1/nested_cv_random/resnet18/repeat_10_fold_5_metrics.csv,8,1,resnet18,all,C2,PPV at 98% Specificity,1
/scratchc/nrlab/wang04/ulyses_results_iteration/iteration_3_merge_below_3/cnn_model/cnn14/plasma_tp1_0.1x_model_C2/roc_curve_resnet18_tf_0_1/nested_cv_random/resnet18/repeat_10_fold_5_metrics.csv,8,1,resnet18,all,C2,Accuracy at 98% Specificity,0.7220441988950276
/scratchc/nrlab/wang04/ulyses_results_iteration/iteration_3_merge_below_3/cnn_model/cnn14/plasma_tp1_0.1x_model_C2/roc_curve_resnet18_tf_0_1/nested_cv_random/resnet18/repeat_10_fold_5_metrics.csv,8,1,resnet18,all,C2,F1 at 98% Specificity,0.6339622641509434
/scratchc/nrlab/wang04/ulyses_results_iteration/iteration_3_merge_below_3/cnn_model/cnn14/plasma_tp1_0.1x_model_C2/roc_curve_resnet18_tf_0_1/nested_cv_random/resnet18/repeat_10_fold_5_metrics.csv,8,1,resnet18,all,C2,Sensitivity at 95% Specificity,0.5303867403314917
/scratchc/nrlab/wang04/ulyses_results_iteration/iteration_3_merge_below_3/cnn_model/cnn14/plasma_tp1_0.1x_model_C2/roc_curve_resnet18_tf_0_1/nested_cv_random/resnet18/repeat_10_fold_5_metrics.csv,8,1,resnet18,all,C2,PPV at 95% Specificity,0.979591836734694
/scratchc/nrlab/wang04/ulyses_results_iteration/iteration_3_merge_below_3/cnn_model/cnn14/plasma_tp1_0.1x_model_C2/roc_curve_resnet18_tf_0_1/nested_cv_random/resnet18/repeat_10_fold_5_metrics.csv,8,1,resnet18,all,C2,Accuracy at 95% Specificity,0.7257994307718064
/scratchc/nrlab/wang04/ulyses_results_iteration/iteration_3_merge_below_3/cnn_model/cnn14/plasma_tp1_0.1x_model_C2/roc_curve_resnet18_tf_0_1/nested_cv_random/resnet18/repeat_10_fold_5_metrics.csv,8,1,resnet18,all,C2,F1 at 95% Specificity,0.6881720430107527
/scratchc/nrlab/wang04/ulyses_results_iteration/iteration_3_merge_below_3/cnn_model/cnn14/plasma_tp1_0.1x_model_C2/roc_curve_resnet18_tf_0_1/nested_cv_random/resnet18/repeat_10_fold_5_metrics.csv,8,2,resnet18,all,C2,AUROC,0.8973039215686275
/scratchc/nrlab/wang04/ulyses_results_iteration/iteration_3_merge_below_3/cnn_model/cnn14/plasma_tp1_0.1x_model_C2/roc_curve_resnet18_tf_0_1/nested_cv_random/resnet18/repeat_10_fold_5_metrics.csv,8,2,resnet18,all,C2,AUPRC,0.9550569040621146
/scratchc/nrlab/wang04/ulyses_results_iteration/iteration_3_merge_below_3/cnn_model/cnn14/plasma_tp1_0.1x_model_C2/roc_curve_resnet18_tf_0_1/nested_cv_random/resnet18/repeat_10_fold_5_metrics.csv,8,2,resnet18,all,C2,Sensitivity at 99% Specificity,0.21666666666666667
/scratchc/nrlab/wang04/ulyses_results_iteration/iteration_3_merge_below_3/cnn_model/cnn14/plasma_tp1_0.1x_model_C2/roc_curve_resnet18_tf_0_1/nested_cv_random/resnet18/repeat_10_fold_5_metrics.csv,8,2,resnet18,all,C2,PPV at 99% Specificity,1
/scratchc/nrlab/wang04/ulyses_results_iteration/iteration_3_merge_below_3/cnn_model/cnn14/plasma_tp1_0.1x_model_C2/roc_curve_resnet18_tf_0_1/nested_cv_random/resnet18/repeat_10_fold_5_metrics.csv,8,2,resnet18,all,C2,Accuracy at 99% Specificity,0.6033333333333333
/scratchc/nrlab/wang04/ulyses_results_iteration/iteration_3_merge_below_3/cnn_model/cnn14/plasma_tp1_0.1x_model_C2/roc_curve_resnet18_tf_0_1/nested_cv_random/resnet18/repeat_10_fold_5_metrics.csv,8,2,resnet18,all,C2,F1 at 99% Specificity,0.3561643835616438
/scratchc/nrlab/wang04/ulyses_results_iteration/iteration_3_merge_below_3/cnn_model/cnn14/plasma_tp1_0.1x_model_C2/roc_curve_resnet18_tf_0_1/nested_cv_random/resnet18/repeat_10_fold_5_metrics.csv,8,2,resnet18,all,C2,Sensitivity at 98% Specificity,0.21666666666666667
/scratchc/nrlab/wang04/ulyses_results_iteration/iteration_3_merge_below_3/cnn_model/cnn14/plasma_tp1_0.1x_model_C2/roc_curve_resnet18_tf_0_1/nested_cv_random/resnet18/repeat_10_fold_5_metrics.csv,8,2,resnet18,all,C2,PPV at 98% Specificity,1
/scratchc/nrlab/wang04/ulyses_results_iteration/iteration_3_merge_below_3/cnn_model/cnn14/plasma_tp1_0.1x_model_C2/roc_curve_resnet18_tf_0_1/nested_cv_random/resnet18/repeat_10_fold_5_metrics.csv,8,2,resnet18,all,C2,Accuracy at 98% Specificity,0.5983333333333334
/scratchc/nrlab/wang04/ulyses_results_iteration/iteration_3_merge_below_3/cnn_model/cnn14/plasma_tp1_0.1x_model_C2/roc_curve_resnet18_tf_0_1/nested_cv_random/resnet18/repeat_10_fold_5_metrics.csv,8,2,resnet18,all,C2,F1 at 98% Specificity,0.3561643835616438
/scratchc/nrlab/wang04/ulyses_results_iteration/iteration_3_merge_below_3/cnn_model/cnn14/plasma_tp1_0.1x_model_C2/roc_curve_resnet18_tf_0_1/nested_cv_random/resnet18/repeat_10_fold_5_metrics.csv,8,2,resnet18,all,C2,Sensitivity at 95% Specificity,0.5833333333333334
/scratchc/nrlab/wang04/ulyses_results_iteration/iteration_3_merge_below_3/cnn_model/cnn14/plasma_tp1_0.1x_model_C2/roc_curve_resnet18_tf_0_1/nested_cv_random/resnet18/repeat_10_fold_5_metrics.csv,8,2,resnet18,all,C2,PPV at 95% Specificity,0.9813084112149532
/scratchc/nrlab/wang04/ulyses_results_iteration/iteration_3_merge_below_3/cnn_model/cnn14/plasma_tp1_0.1x_model_C2/roc_curve_resnet18_tf_0_1/nested_cv_random/resnet18/repeat_10_fold_5_metrics.csv,8,2,resnet18,all,C2,Accuracy at 95% Specificity,0.7526960784313725
/scratchc/nrlab/wang04/ulyses_results_iteration/iteration_3_merge_below_3/cnn_model/cnn14/plasma_tp1_0.1x_model_C2/roc_curve_resnet18_tf_0_1/nested_cv_random/resnet18/repeat_10_fold_5_metrics.csv,8,2,resnet18,all,C2,F1 at 95% Specificity,0.7317073170731707
/scratchc/nrlab/wang04/ulyses_results_iteration/iteration_3_merge_below_3/cnn_model/cnn14/plasma_tp1_0.1x_model_C2/roc_curve_resnet18_tf_0_1/nested_cv_random/resnet18/repeat_10_fold_5_metrics.csv,8,3,resnet18,all,C2,AUROC,0.9098001402524544
/scratchc/nrlab/wang04/ulyses_results_iteration/iteration_3_merge_below_3/cnn_model/cnn14/plasma_tp1_0.1x_model_C2/roc_curve_resnet18_tf_0_1/nested_cv_random/resnet18/repeat_10_fold_5_metrics.csv,8,3,resnet18,all,C2,AUPRC,0.9684082599416872
/scratchc/nrlab/wang04/ulyses_results_iteration/iteration_3_merge_below_3/cnn_model/cnn14/plasma_tp1_0.1x_model_C2/roc_curve_resnet18_tf_0_1/nested_cv_random/resnet18/repeat_10_fold_5_metrics.csv,8,3,resnet18,all,C2,Sensitivity at 99% Specificity,0.34782608695652173
/scratchc/nrlab/wang04/ulyses_results_iteration/iteration_3_merge_below_3/cnn_model/cnn14/plasma_tp1_0.1x_model_C2/roc_curve_resnet18_tf_0_1/nested_cv_random/resnet18/repeat_10_fold_5_metrics.csv,8,3,resnet18,all,C2,PPV at 99% Specificity,1
/scratchc/nrlab/wang04/ulyses_results_iteration/iteration_3_merge_below_3/cnn_model/cnn14/plasma_tp1_0.1x_model_C2/roc_curve_resnet18_tf_0_1/nested_cv_random/resnet18/repeat_10_fold_5_metrics.csv,8,3,resnet18,all,C2,Accuracy at 99% Specificity,0.6689130434782609
/scratchc/nrlab/wang04/ulyses_results_iteration/iteration_3_merge_below_3/cnn_model/cnn14/plasma_tp1_0.1x_model_C2/roc_curve_resnet18_tf_0_1/nested_cv_random/resnet18/repeat_10_fold_5_metrics.csv,8,3,resnet18,all,C2,F1 at 99% Specificity,0.5161290322580645
/scratchc/nrlab/wang04/ulyses_results_iteration/iteration_3_merge_below_3/cnn_model/cnn14/plasma_tp1_0.1x_model_C2/roc_curve_resnet18_tf_0_1/nested_cv_random/resnet18/repeat_10_fold_5_metrics.csv,8,3,resnet18,all,C2,Sensitivity at 98% Specificity,0.34782608695652173
/scratchc/nrlab/wang04/ulyses_results_iteration/iteration_3_merge_below_3/cnn_model/cnn14/plasma_tp1_0.1x_model_C2/roc_curve_resnet18_tf_0_1/nested_cv_random/resnet18/repeat_10_fold_5_metrics.csv,8,3,resnet18,all,C2,PPV at 98% Specificity,1
/scratchc/nrlab/wang04/ulyses_results_iteration/iteration_3_merge_below_3/cnn_model/cnn14/plasma_tp1_0.1x_model_C2/roc_curve_resnet18_tf_0_1/nested_cv_random/resnet18/repeat_10_fold_5_metrics.csv,8,3,resnet18,all,C2,Accuracy at 98% Specificity,0.6639130434782609
/scratchc/nrlab/wang04/ulyses_results_iteration/iteration_3_merge_below_3/cnn_model/cnn14/plasma_tp1_0.1x_model_C2/roc_curve_resnet18_tf_0_1/nested_cv_random/resnet18/repeat_10_fold_5_metrics.csv,8,3,resnet18,all,C2,F1 at 98% Specificity,0.5161290322580645
/scratchc/nrlab/wang04/ulyses_results_iteration/iteration_3_merge_below_3/cnn_model/cnn14/plasma_tp1_0.1x_model_C2/roc_curve_resnet18_tf_0_1/nested_cv_random/resnet18/repeat_10_fold_5_metrics.csv,8,3,resnet18,all,C2,Sensitivity at 95% Specificity,0.6467391304347826
/scratchc/nrlab/wang04/ulyses_results_iteration/iteration_3_merge_below_3/cnn_model/cnn14/plasma_tp1_0.1x_model_C2/roc_curve_resnet18_tf_0_1/nested_cv_random/resnet18/repeat_10_fold_5_metrics.csv,8,3,resnet18,all,C2,PPV at 95% Specificity,0.9834710743801652
/scratchc/nrlab/wang04/ulyses_results_iteration/iteration_3_merge_below_3/cnn_model/cnn14/plasma_tp1_0.1x_model_C2/roc_curve_resnet18_tf_0_1/nested_cv_random/resnet18/repeat_10_fold_5_metrics.csv,8,3,resnet18,all,C2,Accuracy at 95% Specificity,0.78304698457223
/scratchc/nrlab/wang04/ulyses_results_iteration/iteration_3_merge_below_3/cnn_model/cnn14/plasma_tp1_0.1x_model_C2/roc_curve_resnet18_tf_0_1/nested_cv_random/resnet18/repeat_10_fold_5_metrics.csv,8,3,resnet18,all,C2,F1 at 95% Specificity,0.780327868852459
/scratchc/nrlab/wang04/ulyses_results_iteration/iteration_3_merge_below_3/cnn_model/cnn14/plasma_tp1_0.1x_model_C2/roc_curve_resnet18_tf_0_1/nested_cv_random/resnet18/repeat_10_fold_5_metrics.csv,8,4,resnet18,all,C2,AUROC,0.9288464758078018
/scratchc/nrlab/wang04/ulyses_results_iteration/iteration_3_merge_below_3/cnn_model/cnn14/plasma_tp1_0.1x_model_C2/roc_curve_resnet18_tf_0_1/nested_cv_random/resnet18/repeat_10_fold_5_metrics.csv,8,4,resnet18,all,C2,AUPRC,0.974429345805616
/scratchc/nrlab/wang04/ulyses_results_iteration/iteration_3_merge_below_3/cnn_model/cnn14/plasma_tp1_0.1x_model_C2/roc_curve_resnet18_tf_0_1/nested_cv_random/resnet18/repeat_10_fold_5_metrics.csv,8,4,resnet18,all,C2,Sensitivity at 99% Specificity,0.5469613259668509
/scratchc/nrlab/wang04/ulyses_results_iteration/iteration_3_merge_below_3/cnn_model/cnn14/plasma_tp1_0.1x_model_C2/roc_curve_resnet18_tf_0_1/nested_cv_random/resnet18/repeat_10_fold_5_metrics.csv,8,4,resnet18,all,C2,PPV at 99% Specificity,1
/scratchc/nrlab/wang04/ulyses_results_iteration/iteration_3_merge_below_3/cnn_model/cnn14/plasma_tp1_0.1x_model_C2/roc_curve_resnet18_tf_0_1/nested_cv_random/resnet18/repeat_10_fold_5_metrics.csv,8,4,resnet18,all,C2,Accuracy at 99% Specificity,0.7684806629834254
/scratchc/nrlab/wang04/ulyses_results_iteration/iteration_3_merge_below_3/cnn_model/cnn14/plasma_tp1_0.1x_model_C2/roc_curve_resnet18_tf_0_1/nested_cv_random/resnet18/repeat_10_fold_5_metrics.csv,8,4,resnet18,all,C2,F1 at 99% Specificity,0.7071428571428572
/scratchc/nrlab/wang04/ulyses_results_iteration/iteration_3_merge_below_3/cnn_model/cnn14/plasma_tp1_0.1x_model_C2/roc_curve_resnet18_tf_0_1/nested_cv_random/resnet18/repeat_10_fold_5_metrics.csv,8,4,resnet18,all,C2,Sensitivity at 98% Specificity,0.5469613259668509
/scratchc/nrlab/wang04/ulyses_results_iteration/iteration_3_merge_below_3/cnn_model/cnn14/plasma_tp1_0.1x_model_C2/roc_curve_resnet18_tf_0_1/nested_cv_random/resnet18/repeat_10_fold_5_metrics.csv,8,4,resnet18,all,C2,PPV at 98% Specificity,1
/scratchc/nrlab/wang04/ulyses_results_iteration/iteration_3_merge_below_3/cnn_model/cnn14/plasma_tp1_0.1x_model_C2/roc_curve_resnet18_tf_0_1/nested_cv_random/resnet18/repeat_10_fold_5_metrics.csv,8,4,resnet18,all,C2,Accuracy at 98% Specificity,0.7634806629834254
/scratchc/nrlab/wang04/ulyses_results_iteration/iteration_3_merge_below_3/cnn_model/cnn14/plasma_tp1_0.1x_model_C2/roc_curve_resnet18_tf_0_1/nested_cv_random/resnet18/repeat_10_fold_5_metrics.csv,8,4,resnet18,all,C2,F1 at 98% Specificity,0.7071428571428572
/scratchc/nrlab/wang04/ulyses_results_iteration/iteration_3_merge_below_3/cnn_model/cnn14/plasma_tp1_0.1x_model_C2/roc_curve_resnet18_tf_0_1/nested_cv_random/resnet18/repeat_10_fold_5_metrics.csv,8,4,resnet18,all,C2,Sensitivity at 95% Specificity,0.6574585635359116
/scratchc/nrlab/wang04/ulyses_results_iteration/iteration_3_merge_below_3/cnn_model/cnn14/plasma_tp1_0.1x_model_C2/roc_curve_resnet18_tf_0_1/nested_cv_random/resnet18/repeat_10_fold_5_metrics.csv,8,4,resnet18,all,C2,PPV at 95% Specificity,0.9834710743801652
/scratchc/nrlab/wang04/ulyses_results_iteration/iteration_3_merge_below_3/cnn_model/cnn14/plasma_tp1_0.1x_model_C2/roc_curve_resnet18_tf_0_1/nested_cv_random/resnet18/repeat_10_fold_5_metrics.csv,8,4,resnet18,all,C2,Accuracy at 95% Specificity,0.7893353423740164
/scratchc/nrlab/wang04/ulyses_results_iteration/iteration_3_merge_below_3/cnn_model/cnn14/plasma_tp1_0.1x_model_C2/roc_curve_resnet18_tf_0_1/nested_cv_random/resnet18/repeat_10_fold_5_metrics.csv,8,4,resnet18,all,C2,F1 at 95% Specificity,0.7880794701986755
/scratchc/nrlab/wang04/ulyses_results_iteration/iteration_3_merge_below_3/cnn_model/cnn14/plasma_tp1_0.1x_model_C2/roc_curve_resnet18_tf_0_1/nested_cv_random/resnet18/repeat_10_fold_5_metrics.csv,9,1,resnet18,all,C2,AUROC,0.9416610054347826
/scratchc/nrlab/wang04/ulyses_results_iteration/iteration_3_merge_below_3/cnn_model/cnn14/plasma_tp1_0.1x_model_C2/roc_curve_resnet18_tf_0_1/nested_cv_random/resnet18/repeat_10_fold_5_metrics.csv,9,1,resnet18,all,C2,AUPRC,0.9803795392012092
/scratchc/nrlab/wang04/ulyses_results_iteration/iteration_3_merge_below_3/cnn_model/cnn14/plasma_tp1_0.1x_model_C2/roc_curve_resnet18_tf_0_1/nested_cv_random/resnet18/repeat_10_fold_5_metrics.csv,9,1,resnet18,all,C2,Sensitivity at 99% Specificity,0.5434782608695652
/scratchc/nrlab/wang04/ulyses_results_iteration/iteration_3_merge_below_3/cnn_model/cnn14/plasma_tp1_0.1x_model_C2/roc_curve_resnet18_tf_0_1/nested_cv_random/resnet18/repeat_10_fold_5_metrics.csv,9,1,resnet18,all,C2,PPV at 99% Specificity,1
/scratchc/nrlab/wang04/ulyses_results_iteration/iteration_3_merge_below_3/cnn_model/cnn14/plasma_tp1_0.1x_model_C2/roc_curve_resnet18_tf_0_1/nested_cv_random/resnet18/repeat_10_fold_5_metrics.csv,9,1,resnet18,all,C2,Accuracy at 99% Specificity,0.7667391304347826
/scratchc/nrlab/wang04/ulyses_results_iteration/iteration_3_merge_below_3/cnn_model/cnn14/plasma_tp1_0.1x_model_C2/roc_curve_resnet18_tf_0_1/nested_cv_random/resnet18/repeat_10_fold_5_metrics.csv,9,1,resnet18,all,C2,F1 at 99% Specificity,0.704225352112676
/scratchc/nrlab/wang04/ulyses_results_iteration/iteration_3_merge_below_3/cnn_model/cnn14/plasma_tp1_0.1x_model_C2/roc_curve_resnet18_tf_0_1/nested_cv_random/resnet18/repeat_10_fold_5_metrics.csv,9,1,resnet18,all,C2,Sensitivity at 98% Specificity,0.5434782608695652
/scratchc/nrlab/wang04/ulyses_results_iteration/iteration_3_merge_below_3/cnn_model/cnn14/plasma_tp1_0.1x_model_C2/roc_curve_resnet18_tf_0_1/nested_cv_random/resnet18/repeat_10_fold_5_metrics.csv,9,1,resnet18,all,C2,PPV at 98% Specificity,1
/scratchc/nrlab/wang04/ulyses_results_iteration/iteration_3_merge_below_3/cnn_model/cnn14/plasma_tp1_0.1x_model_C2/roc_curve_resnet18_tf_0_1/nested_cv_random/resnet18/repeat_10_fold_5_metrics.csv,9,1,resnet18,all,C2,Accuracy at 98% Specificity,0.7617391304347826
/scratchc/nrlab/wang04/ulyses_results_iteration/iteration_3_merge_below_3/cnn_model/cnn14/plasma_tp1_0.1x_model_C2/roc_curve_resnet18_tf_0_1/nested_cv_random/resnet18/repeat_10_fold_5_metrics.csv,9,1,resnet18,all,C2,F1 at 98% Specificity,0.704225352112676
/scratchc/nrlab/wang04/ulyses_results_iteration/iteration_3_merge_below_3/cnn_model/cnn14/plasma_tp1_0.1x_model_C2/roc_curve_resnet18_tf_0_1/nested_cv_random/resnet18/repeat_10_fold_5_metrics.csv,9,1,resnet18,all,C2,Sensitivity at 95% Specificity,0.7989130434782609
/scratchc/nrlab/wang04/ulyses_results_iteration/iteration_3_merge_below_3/cnn_model/cnn14/plasma_tp1_0.1x_model_C2/roc_curve_resnet18_tf_0_1/nested_cv_random/resnet18/repeat_10_fold_5_metrics.csv,9,1,resnet18,all,C2,PPV at 95% Specificity,0.9865771812080536
/scratchc/nrlab/wang04/ulyses_results_iteration/iteration_3_merge_below_3/cnn_model/cnn14/plasma_tp1_0.1x_model_C2/roc_curve_resnet18_tf_0_1/nested_cv_random/resnet18/repeat_10_fold_5_metrics.csv,9,1,resnet18,all,C2,Accuracy at 95% Specificity,0.8596127717391304
/scratchc/nrlab/wang04/ulyses_results_iteration/iteration_3_merge_below_3/cnn_model/cnn14/plasma_tp1_0.1x_model_C2/roc_curve_resnet18_tf_0_1/nested_cv_random/resnet18/repeat_10_fold_5_metrics.csv,9,1,resnet18,all,C2,F1 at 95% Specificity,0.8828828828828829
/scratchc/nrlab/wang04/ulyses_results_iteration/iteration_3_merge_below_3/cnn_model/cnn14/plasma_tp1_0.1x_model_C2/roc_curve_resnet18_tf_0_1/nested_cv_random/resnet18/repeat_10_fold_5_metrics.csv,9,2,resnet18,all,C2,AUROC,0.941319270048552
/scratchc/nrlab/wang04/ulyses_results_iteration/iteration_3_merge_below_3/cnn_model/cnn14/plasma_tp1_0.1x_model_C2/roc_curve_resnet18_tf_0_1/nested_cv_random/resnet18/repeat_10_fold_5_metrics.csv,9,2,resnet18,all,C2,AUPRC,0.9785207143857332
/scratchc/nrlab/wang04/ulyses_results_iteration/iteration_3_merge_below_3/cnn_model/cnn14/plasma_tp1_0.1x_model_C2/roc_curve_resnet18_tf_0_1/nested_cv_random/resnet18/repeat_10_fold_5_metrics.csv,9,2,resnet18,all,C2,Sensitivity at 99% Specificity,0.4972375690607735
/scratchc/nrlab/wang04/ulyses_results_iteration/iteration_3_merge_below_3/cnn_model/cnn14/plasma_tp1_0.1x_model_C2/roc_curve_resnet18_tf_0_1/nested_cv_random/resnet18/repeat_10_fold_5_metrics.csv,9,2,resnet18,all,C2,PPV at 99% Specificity,1
/scratchc/nrlab/wang04/ulyses_results_iteration/iteration_3_merge_below_3/cnn_model/cnn14/plasma_tp1_0.1x_model_C2/roc_curve_resnet18_tf_0_1/nested_cv_random/resnet18/repeat_10_fold_5_metrics.csv,9,2,resnet18,all,C2,Accuracy at 99% Specificity,0.7436187845303868
/scratchc/nrlab/wang04/ulyses_results_iteration/iteration_3_merge_below_3/cnn_model/cnn14/plasma_tp1_0.1x_model_C2/roc_curve_resnet18_tf_0_1/nested_cv_random/resnet18/repeat_10_fold_5_metrics.csv,9,2,resnet18,all,C2,F1 at 99% Specificity,0.6642066420664207
/scratchc/nrlab/wang04/ulyses_results_iteration/iteration_3_merge_below_3/cnn_model/cnn14/plasma_tp1_0.1x_model_C2/roc_curve_resnet18_tf_0_1/nested_cv_random/resnet18/repeat_10_fold_5_metrics.csv,9,2,resnet18,all,C2,Sensitivity at 98% Specificity,0.4972375690607735
/scratchc/nrlab/wang04/ulyses_results_iteration/iteration_3_merge_below_3/cnn_model/cnn14/plasma_tp1_0.1x_model_C2/roc_curve_resnet18_tf_0_1/nested_cv_random/resnet18/repeat_10_fold_5_metrics.csv,9,2,resnet18,all,C2,PPV at 98% Specificity,1
/scratchc/nrlab/wang04/ulyses_results_iteration/iteration_3_merge_below_3/cnn_model/cnn14/plasma_tp1_0.1x_model_C2/roc_curve_resnet18_tf_0_1/nested_cv_random/resnet18/repeat_10_fold_5_metrics.csv,9,2,resnet18,all,C2,Accuracy at 98% Specificity,0.7386187845303868
/scratchc/nrlab/wang04/ulyses_results_iteration/iteration_3_merge_below_3/cnn_model/cnn14/plasma_tp1_0.1x_model_C2/roc_curve_resnet18_tf_0_1/nested_cv_random/resnet18/repeat_10_fold_5_metrics.csv,9,2,resnet18,all,C2,F1 at 98% Specificity,0.6642066420664207
/scratchc/nrlab/wang04/ulyses_results_iteration/iteration_3_merge_below_3/cnn_model/cnn14/plasma_tp1_0.1x_model_C2/roc_curve_resnet18_tf_0_1/nested_cv_random/resnet18/repeat_10_fold_5_metrics.csv,9,2,resnet18,all,C2,Sensitivity at 95% Specificity,0.7348066298342542
/scratchc/nrlab/wang04/ulyses_results_iteration/iteration_3_merge_below_3/cnn_model/cnn14/plasma_tp1_0.1x_model_C2/roc_curve_resnet18_tf_0_1/nested_cv_random/resnet18/repeat_10_fold_5_metrics.csv,9,2,resnet18,all,C2,PPV at 95% Specificity,0.9851851851851852
/scratchc/nrlab/wang04/ulyses_results_iteration/iteration_3_merge_below_3/cnn_model/cnn14/plasma_tp1_0.1x_model_C2/roc_curve_resnet18_tf_0_1/nested_cv_random/resnet18/repeat_10_fold_5_metrics.csv,9,2,resnet18,all,C2,Accuracy at 95% Specificity,0.8280093755231877
/scratchc/nrlab/wang04/ulyses_results_iteration/iteration_3_merge_below_3/cnn_model/cnn14/plasma_tp1_0.1x_model_C2/roc_curve_resnet18_tf_0_1/nested_cv_random/resnet18/repeat_10_fold_5_metrics.csv,9,2,resnet18,all,C2,F1 at 95% Specificity,0.8417721518987342
/scratchc/nrlab/wang04/ulyses_results_iteration/iteration_3_merge_below_3/cnn_model/cnn14/plasma_tp1_0.1x_model_C2/roc_curve_resnet18_tf_0_1/nested_cv_random/resnet18/repeat_10_fold_5_metrics.csv,9,4,resnet18,all,C2,AUROC,0.9417901288682388
/scratchc/nrlab/wang04/ulyses_results_iteration/iteration_3_merge_below_3/cnn_model/cnn14/plasma_tp1_0.1x_model_C2/roc_curve_resnet18_tf_0_1/nested_cv_random/resnet18/repeat_10_fold_5_metrics.csv,9,4,resnet18,all,C2,AUPRC,0.9814878364245276
/scratchc/nrlab/wang04/ulyses_results_iteration/iteration_3_merge_below_3/cnn_model/cnn14/plasma_tp1_0.1x_model_C2/roc_curve_resnet18_tf_0_1/nested_cv_random/resnet18/repeat_10_fold_5_metrics.csv,9,4,resnet18,all,C2,Sensitivity at 99% Specificity,0.6149732620320856
/scratchc/nrlab/wang04/ulyses_results_iteration/iteration_3_merge_below_3/cnn_model/cnn14/plasma_tp1_0.1x_model_C2/roc_curve_resnet18_tf_0_1/nested_cv_random/resnet18/repeat_10_fold_5_metrics.csv,9,4,resnet18,all,C2,PPV at 99% Specificity,1
/scratchc/nrlab/wang04/ulyses_results_iteration/iteration_3_merge_below_3/cnn_model/cnn14/plasma_tp1_0.1x_model_C2/roc_curve_resnet18_tf_0_1/nested_cv_random/resnet18/repeat_10_fold_5_metrics.csv,9,4,resnet18,all,C2,Accuracy at 99% Specificity,0.8024866310160428
/scratchc/nrlab/wang04/ulyses_results_iteration/iteration_3_merge_below_3/cnn_model/cnn14/plasma_tp1_0.1x_model_C2/roc_curve_resnet18_tf_0_1/nested_cv_random/resnet18/repeat_10_fold_5_metrics.csv,9,4,resnet18,all,C2,F1 at 99% Specificity,0.7615894039735099
/scratchc/nrlab/wang04/ulyses_results_iteration/iteration_3_merge_below_3/cnn_model/cnn14/plasma_tp1_0.1x_model_C2/roc_curve_resnet18_tf_0_1/nested_cv_random/resnet18/repeat_10_fold_5_metrics.csv,9,4,resnet18,all,C2,Sensitivity at 98% Specificity,0.6149732620320856
/scratchc/nrlab/wang04/ulyses_results_iteration/iteration_3_merge_below_3/cnn_model/cnn14/plasma_tp1_0.1x_model_C2/roc_curve_resnet18_tf_0_1/nested_cv_random/resnet18/repeat_10_fold_5_metrics.csv,9,4,resnet18,all,C2,PPV at 98% Specificity,1
/scratchc/nrlab/wang04/ulyses_results_iteration/iteration_3_merge_below_3/cnn_model/cnn14/plasma_tp1_0.1x_model_C2/roc_curve_resnet18_tf_0_1/nested_cv_random/resnet18/repeat_10_fold_5_metrics.csv,9,4,resnet18,all,C2,Accuracy at 98% Specificity,0.7974866310160428
/scratchc/nrlab/wang04/ulyses_results_iteration/iteration_3_merge_below_3/cnn_model/cnn14/plasma_tp1_0.1x_model_C2/roc_curve_resnet18_tf_0_1/nested_cv_random/resnet18/repeat_10_fold_5_metrics.csv,9,4,resnet18,all,C2,F1 at 98% Specificity,0.7615894039735099
/scratchc/nrlab/wang04/ulyses_results_iteration/iteration_3_merge_below_3/cnn_model/cnn14/plasma_tp1_0.1x_model_C2/roc_curve_resnet18_tf_0_1/nested_cv_random/resnet18/repeat_10_fold_5_metrics.csv,9,4,resnet18,all,C2,Sensitivity at 95% Specificity,0.7165775401069518
/scratchc/nrlab/wang04/ulyses_results_iteration/iteration_3_merge_below_3/cnn_model/cnn14/plasma_tp1_0.1x_model_C2/roc_curve_resnet18_tf_0_1/nested_cv_random/resnet18/repeat_10_fold_5_metrics.csv,9,4,resnet18,all,C2,PPV at 95% Specificity,0.9852941176470588
/scratchc/nrlab/wang04/ulyses_results_iteration/iteration_3_merge_below_3/cnn_model/cnn14/plasma_tp1_0.1x_model_C2/roc_curve_resnet18_tf_0_1/nested_cv_random/resnet18/repeat_10_fold_5_metrics.csv,9,4,resnet18,all,C2,Accuracy at 95% Specificity,0.8177149995616726
/scratchc/nrlab/wang04/ulyses_results_iteration/iteration_3_merge_below_3/cnn_model/cnn14/plasma_tp1_0.1x_model_C2/roc_curve_resnet18_tf_0_1/nested_cv_random/resnet18/repeat_10_fold_5_metrics.csv,9,4,resnet18,all,C2,F1 at 95% Specificity,0.8297213622291022
/scratchc/nrlab/wang04/ulyses_results_iteration/iteration_3_merge_below_3/cnn_model/cnn14/plasma_tp1_0.1x_model_C2/roc_curve_resnet18_tf_0_1/nested_cv_random/resnet18/repeat_10_fold_5_metrics.csv,9,5,resnet18,all,C2,AUROC,0.9120207600870583
/scratchc/nrlab/wang04/ulyses_results_iteration/iteration_3_merge_below_3/cnn_model/cnn14/plasma_tp1_0.1x_model_C2/roc_curve_resnet18_tf_0_1/nested_cv_random/resnet18/repeat_10_fold_5_metrics.csv,9,5,resnet18,all,C2,AUPRC,0.967955425774959
/scratchc/nrlab/wang04/ulyses_results_iteration/iteration_3_merge_below_3/cnn_model/cnn14/plasma_tp1_0.1x_model_C2/roc_curve_resnet18_tf_0_1/nested_cv_random/resnet18/repeat_10_fold_5_metrics.csv,9,5,resnet18,all,C2,Sensitivity at 99% Specificity,0.585635359116022
/scratchc/nrlab/wang04/ulyses_results_iteration/iteration_3_merge_below_3/cnn_model/cnn14/plasma_tp1_0.1x_model_C2/roc_curve_resnet18_tf_0_1/nested_cv_random/resnet18/repeat_10_fold_5_metrics.csv,9,5,resnet18,all,C2,PPV at 99% Specificity,1
/scratchc/nrlab/wang04/ulyses_results_iteration/iteration_3_merge_below_3/cnn_model/cnn14/plasma_tp1_0.1x_model_C2/roc_curve_resnet18_tf_0_1/nested_cv_random/resnet18/repeat_10_fold_5_metrics.csv,9,5,resnet18,all,C2,Accuracy at 99% Specificity,0.787817679558011
/scratchc/nrlab/wang04/ulyses_results_iteration/iteration_3_merge_below_3/cnn_model/cnn14/plasma_tp1_0.1x_model_C2/roc_curve_resnet18_tf_0_1/nested_cv_random/resnet18/repeat_10_fold_5_metrics.csv,9,5,resnet18,all,C2,F1 at 99% Specificity,0.7386759581881533
/scratchc/nrlab/wang04/ulyses_results_iteration/iteration_3_merge_below_3/cnn_model/cnn14/plasma_tp1_0.1x_model_C2/roc_curve_resnet18_tf_0_1/nested_cv_random/resnet18/repeat_10_fold_5_metrics.csv,9,5,resnet18,all,C2,Sensitivity at 98% Specificity,0.585635359116022
/scratchc/nrlab/wang04/ulyses_results_iteration/iteration_3_merge_below_3/cnn_model/cnn14/plasma_tp1_0.1x_model_C2/roc_curve_resnet18_tf_0_1/nested_cv_random/resnet18/repeat_10_fold_5_metrics.csv,9,5,resnet18,all,C2,PPV at 98% Specificity,1
/scratchc/nrlab/wang04/ulyses_results_iteration/iteration_3_merge_below_3/cnn_model/cnn14/plasma_tp1_0.1x_model_C2/roc_curve_resnet18_tf_0_1/nested_cv_random/resnet18/repeat_10_fold_5_metrics.csv,9,5,resnet18,all,C2,Accuracy at 98% Specificity,0.7828176795580111
/scratchc/nrlab/wang04/ulyses_results_iteration/iteration_3_merge_below_3/cnn_model/cnn14/plasma_tp1_0.1x_model_C2/roc_curve_resnet18_tf_0_1/nested_cv_random/resnet18/repeat_10_fold_5_metrics.csv,9,5,resnet18,all,C2,F1 at 98% Specificity,0.7386759581881533
/scratchc/nrlab/wang04/ulyses_results_iteration/iteration_3_merge_below_3/cnn_model/cnn14/plasma_tp1_0.1x_model_C2/roc_curve_resnet18_tf_0_1/nested_cv_random/resnet18/repeat_10_fold_5_metrics.csv,9,5,resnet18,all,C2,Sensitivity at 95% Specificity,0.6629834254143646
/scratchc/nrlab/wang04/ulyses_results_iteration/iteration_3_merge_below_3/cnn_model/cnn14/plasma_tp1_0.1x_model_C2/roc_curve_resnet18_tf_0_1/nested_cv_random/resnet18/repeat_10_fold_5_metrics.csv,9,5,resnet18,all,C2,PPV at 95% Specificity,0.9836065573770492
/scratchc/nrlab/wang04/ulyses_results_iteration/iteration_3_merge_below_3/cnn_model/cnn14/plasma_tp1_0.1x_model_C2/roc_curve_resnet18_tf_0_1/nested_cv_random/resnet18/repeat_10_fold_5_metrics.csv,9,5,resnet18,all,C2,Accuracy at 95% Specificity,0.7920977733132428
/scratchc/nrlab/wang04/ulyses_results_iteration/iteration_3_merge_below_3/cnn_model/cnn14/plasma_tp1_0.1x_model_C2/roc_curve_resnet18_tf_0_1/nested_cv_random/resnet18/repeat_10_fold_5_metrics.csv,9,5,resnet18,all,C2,F1 at 95% Specificity,0.7920792079207921
/scratchc/nrlab/wang04/ulyses_results_iteration/iteration_3_merge_below_3/cnn_model/cnn14/plasma_tp1_0.1x_model_C2/roc_curve_resnet18_tf_0_1/nested_cv_random/resnet18/repeat_10_fold_5_metrics.csv,10,1,resnet18,all,C2,AUROC,0.9386953551912568
/scratchc/nrlab/wang04/ulyses_results_iteration/iteration_3_merge_below_3/cnn_model/cnn14/plasma_tp1_0.1x_model_C2/roc_curve_resnet18_tf_0_1/nested_cv_random/resnet18/repeat_10_fold_5_metrics.csv,10,1,resnet18,all,C2,AUPRC,0.9783920171560722
/scratchc/nrlab/wang04/ulyses_results_iteration/iteration_3_merge_below_3/cnn_model/cnn14/plasma_tp1_0.1x_model_C2/roc_curve_resnet18_tf_0_1/nested_cv_random/resnet18/repeat_10_fold_5_metrics.csv,10,1,resnet18,all,C2,Sensitivity at 99% Specificity,0.546448087431694
/scratchc/nrlab/wang04/ulyses_results_iteration/iteration_3_merge_below_3/cnn_model/cnn14/plasma_tp1_0.1x_model_C2/roc_curve_resnet18_tf_0_1/nested_cv_random/resnet18/repeat_10_fold_5_metrics.csv,10,1,resnet18,all,C2,PPV at 99% Specificity,1
/scratchc/nrlab/wang04/ulyses_results_iteration/iteration_3_merge_below_3/cnn_model/cnn14/plasma_tp1_0.1x_model_C2/roc_curve_resnet18_tf_0_1/nested_cv_random/resnet18/repeat_10_fold_5_metrics.csv,10,1,resnet18,all,C2,Accuracy at 99% Specificity,0.768224043715847
/scratchc/nrlab/wang04/ulyses_results_iteration/iteration_3_merge_below_3/cnn_model/cnn14/plasma_tp1_0.1x_model_C2/roc_curve_resnet18_tf_0_1/nested_cv_random/resnet18/repeat_10_fold_5_metrics.csv,10,1,resnet18,all,C2,F1 at 99% Specificity,0.7067137809187279
/scratchc/nrlab/wang04/ulyses_results_iteration/iteration_3_merge_below_3/cnn_model/cnn14/plasma_tp1_0.1x_model_C2/roc_curve_resnet18_tf_0_1/nested_cv_random/resnet18/repeat_10_fold_5_metrics.csv,10,1,resnet18,all,C2,Sensitivity at 98% Specificity,0.546448087431694
/scratchc/nrlab/wang04/ulyses_results_iteration/iteration_3_merge_below_3/cnn_model/cnn14/plasma_tp1_0.1x_model_C2/roc_curve_resnet18_tf_0_1/nested_cv_random/resnet18/repeat_10_fold_5_metrics.csv,10,1,resnet18,all,C2,PPV at 98% Specificity,1
/scratchc/nrlab/wang04/ulyses_results_iteration/iteration_3_merge_below_3/cnn_model/cnn14/plasma_tp1_0.1x_model_C2/roc_curve_resnet18_tf_0_1/nested_cv_random/resnet18/repeat_10_fold_5_metrics.csv,10,1,resnet18,all,C2,Accuracy at 98% Specificity,0.7632240437158471
/scratchc/nrlab/wang04/ulyses_results_iteration/iteration_3_merge_below_3/cnn_model/cnn14/plasma_tp1_0.1x_model_C2/roc_curve_resnet18_tf_0_1/nested_cv_random/resnet18/repeat_10_fold_5_metrics.csv,10,1,resnet18,all,C2,F1 at 98% Specificity,0.7067137809187279
/scratchc/nrlab/wang04/ulyses_results_iteration/iteration_3_merge_below_3/cnn_model/cnn14/plasma_tp1_0.1x_model_C2/roc_curve_resnet18_tf_0_1/nested_cv_random/resnet18/repeat_10_fold_5_metrics.csv,10,1,resnet18,all,C2,Sensitivity at 95% Specificity,0.6775956284153005
/scratchc/nrlab/wang04/ulyses_results_iteration/iteration_3_merge_below_3/cnn_model/cnn14/plasma_tp1_0.1x_model_C2/roc_curve_resnet18_tf_0_1/nested_cv_random/resnet18/repeat_10_fold_5_metrics.csv,10,1,resnet18,all,C2,PPV at 95% Specificity,0.984126984126984
/scratchc/nrlab/wang04/ulyses_results_iteration/iteration_3_merge_below_3/cnn_model/cnn14/plasma_tp1_0.1x_model_C2/roc_curve_resnet18_tf_0_1/nested_cv_random/resnet18/repeat_10_fold_5_metrics.csv,10,1,resnet18,all,C2,Accuracy at 95% Specificity,0.7989540642076502
/scratchc/nrlab/wang04/ulyses_results_iteration/iteration_3_merge_below_3/cnn_model/cnn14/plasma_tp1_0.1x_model_C2/roc_curve_resnet18_tf_0_1/nested_cv_random/resnet18/repeat_10_fold_5_metrics.csv,10,1,resnet18,all,C2,F1 at 95% Specificity,0.8025889967637541
/scratchc/nrlab/wang04/ulyses_results_iteration/iteration_3_merge_below_3/cnn_model/cnn14/plasma_tp1_0.1x_model_C2/roc_curve_resnet18_tf_0_1/nested_cv_random/resnet18/repeat_10_fold_5_metrics.csv,10,2,resnet18,all,C2,AUROC,0.9341964212088728
/scratchc/nrlab/wang04/ulyses_results_iteration/iteration_3_merge_below_3/cnn_model/cnn14/plasma_tp1_0.1x_model_C2/roc_curve_resnet18_tf_0_1/nested_cv_random/resnet18/repeat_10_fold_5_metrics.csv,10,2,resnet18,all,C2,AUPRC,0.97638551466664
/scratchc/nrlab/wang04/ulyses_results_iteration/iteration_3_merge_below_3/cnn_model/cnn14/plasma_tp1_0.1x_model_C2/roc_curve_resnet18_tf_0_1/nested_cv_random/resnet18/repeat_10_fold_5_metrics.csv,10,2,resnet18,all,C2,Sensitivity at 99% Specificity,0.6519337016574586
/scratchc/nrlab/wang04/ulyses_results_iteration/iteration_3_merge_below_3/cnn_model/cnn14/plasma_tp1_0.1x_model_C2/roc_curve_resnet18_tf_0_1/nested_cv_random/resnet18/repeat_10_fold_5_metrics.csv,10,2,resnet18,all,C2,PPV at 99% Specificity,1
/scratchc/nrlab/wang04/ulyses_results_iteration/iteration_3_merge_below_3/cnn_model/cnn14/plasma_tp1_0.1x_model_C2/roc_curve_resnet18_tf_0_1/nested_cv_random/resnet18/repeat_10_fold_5_metrics.csv,10,2,resnet18,all,C2,Accuracy at 99% Specificity,0.8209668508287293
/scratchc/nrlab/wang04/ulyses_results_iteration/iteration_3_merge_below_3/cnn_model/cnn14/plasma_tp1_0.1x_model_C2/roc_curve_resnet18_tf_0_1/nested_cv_random/resnet18/repeat_10_fold_5_metrics.csv,10,2,resnet18,all,C2,F1 at 99% Specificity,0.7892976588628763
/scratchc/nrlab/wang04/ulyses_results_iteration/iteration_3_merge_below_3/cnn_model/cnn14/plasma_tp1_0.1x_model_C2/roc_curve_resnet18_tf_0_1/nested_cv_random/resnet18/repeat_10_fold_5_metrics.csv,10,2,resnet18,all,C2,Sensitivity at 98% Specificity,0.6519337016574586
/scratchc/nrlab/wang04/ulyses_results_iteration/iteration_3_merge_below_3/cnn_model/cnn14/plasma_tp1_0.1x_model_C2/roc_curve_resnet18_tf_0_1/nested_cv_random/resnet18/repeat_10_fold_5_metrics.csv,10,2,resnet18,all,C2,PPV at 98% Specificity,1
/scratchc/nrlab/wang04/ulyses_results_iteration/iteration_3_merge_below_3/cnn_model/cnn14/plasma_tp1_0.1x_model_C2/roc_curve_resnet18_tf_0_1/nested_cv_random/resnet18/repeat_10_fold_5_metrics.csv,10,2,resnet18,all,C2,Accuracy at 98% Specificity,0.8159668508287292
/scratchc/nrlab/wang04/ulyses_results_iteration/iteration_3_merge_below_3/cnn_model/cnn14/plasma_tp1_0.1x_model_C2/roc_curve_resnet18_tf_0_1/nested_cv_random/resnet18/repeat_10_fold_5_metrics.csv,10,2,resnet18,all,C2,F1 at 98% Specificity,0.7892976588628763
/scratchc/nrlab/wang04/ulyses_results_iteration/iteration_3_merge_below_3/cnn_model/cnn14/plasma_tp1_0.1x_model_C2/roc_curve_resnet18_tf_0_1/nested_cv_random/resnet18/repeat_10_fold_5_metrics.csv,10,2,resnet18,all,C2,Sensitivity at 95% Specificity,0.7403314917127072
/scratchc/nrlab/wang04/ulyses_results_iteration/iteration_3_merge_below_3/cnn_model/cnn14/plasma_tp1_0.1x_model_C2/roc_curve_resnet18_tf_0_1/nested_cv_random/resnet18/repeat_10_fold_5_metrics.csv,10,2,resnet18,all,C2,PPV at 95% Specificity,0.9852941176470588
/scratchc/nrlab/wang04/ulyses_results_iteration/iteration_3_merge_below_3/cnn_model/cnn14/plasma_tp1_0.1x_model_C2/roc_curve_resnet18_tf_0_1/nested_cv_random/resnet18/repeat_10_fold_5_metrics.csv,10,2,resnet18,all,C2,Accuracy at 95% Specificity,0.8309866413787417
/scratchc/nrlab/wang04/ulyses_results_iteration/iteration_3_merge_below_3/cnn_model/cnn14/plasma_tp1_0.1x_model_C2/roc_curve_resnet18_tf_0_1/nested_cv_random/resnet18/repeat_10_fold_5_metrics.csv,10,2,resnet18,all,C2,F1 at 95% Specificity,0.8454258675078864
/scratchc/nrlab/wang04/ulyses_results_iteration/iteration_3_merge_below_3/cnn_model/cnn14/plasma_tp1_0.1x_model_C2/roc_curve_resnet18_tf_0_1/nested_cv_random/resnet18/repeat_10_fold_5_metrics.csv,10,3,resnet18,all,C2,AUROC,0.9052543085329972
/scratchc/nrlab/wang04/ulyses_results_iteration/iteration_3_merge_below_3/cnn_model/cnn14/plasma_tp1_0.1x_model_C2/roc_curve_resnet18_tf_0_1/nested_cv_random/resnet18/repeat_10_fold_5_metrics.csv,10,3,resnet18,all,C2,AUPRC,0.9659546774270998
/scratchc/nrlab/wang04/ulyses_results_iteration/iteration_3_merge_below_3/cnn_model/cnn14/plasma_tp1_0.1x_model_C2/roc_curve_resnet18_tf_0_1/nested_cv_random/resnet18/repeat_10_fold_5_metrics.csv,10,3,resnet18,all,C2,Sensitivity at 99% Specificity,0.5136612021857924
/scratchc/nrlab/wang04/ulyses_results_iteration/iteration_3_merge_below_3/cnn_model/cnn14/plasma_tp1_0.1x_model_C2/roc_curve_resnet18_tf_0_1/nested_cv_random/resnet18/repeat_10_fold_5_metrics.csv,10,3,resnet18,all,C2,PPV at 99% Specificity,1
/scratchc/nrlab/wang04/ulyses_results_iteration/iteration_3_merge_below_3/cnn_model/cnn14/plasma_tp1_0.1x_model_C2/roc_curve_resnet18_tf_0_1/nested_cv_random/resnet18/repeat_10_fold_5_metrics.csv,10,3,resnet18,all,C2,Accuracy at 99% Specificity,0.7518306010928961
/scratchc/nrlab/wang04/ulyses_results_iteration/iteration_3_merge_below_3/cnn_model/cnn14/plasma_tp1_0.1x_model_C2/roc_curve_resnet18_tf_0_1/nested_cv_random/resnet18/repeat_10_fold_5_metrics.csv,10,3,resnet18,all,C2,F1 at 99% Specificity,0.6787003610108303
/scratchc/nrlab/wang04/ulyses_results_iteration/iteration_3_merge_below_3/cnn_model/cnn14/plasma_tp1_0.1x_model_C2/roc_curve_resnet18_tf_0_1/nested_cv_random/resnet18/repeat_10_fold_5_metrics.csv,10,3,resnet18,all,C2,Sensitivity at 98% Specificity,0.5136612021857924
/scratchc/nrlab/wang04/ulyses_results_iteration/iteration_3_merge_below_3/cnn_model/cnn14/plasma_tp1_0.1x_model_C2/roc_curve_resnet18_tf_0_1/nested_cv_random/resnet18/repeat_10_fold_5_metrics.csv,10,3,resnet18,all,C2,PPV at 98% Specificity,1
/scratchc/nrlab/wang04/ulyses_results_iteration/iteration_3_merge_below_3/cnn_model/cnn14/plasma_tp1_0.1x_model_C2/roc_curve_resnet18_tf_0_1/nested_cv_random/resnet18/repeat_10_fold_5_metrics.csv,10,3,resnet18,all,C2,Accuracy at 98% Specificity,0.7468306010928962
/scratchc/nrlab/wang04/ulyses_results_iteration/iteration_3_merge_below_3/cnn_model/cnn14/plasma_tp1_0.1x_model_C2/roc_curve_resnet18_tf_0_1/nested_cv_random/resnet18/repeat_10_fold_5_metrics.csv,10,3,resnet18,all,C2,F1 at 98% Specificity,0.6787003610108303
/scratchc/nrlab/wang04/ulyses_results_iteration/iteration_3_merge_below_3/cnn_model/cnn14/plasma_tp1_0.1x_model_C2/roc_curve_resnet18_tf_0_1/nested_cv_random/resnet18/repeat_10_fold_5_metrics.csv,10,3,resnet18,all,C2,Sensitivity at 95% Specificity,0.5956284153005464
/scratchc/nrlab/wang04/ulyses_results_iteration/iteration_3_merge_below_3/cnn_model/cnn14/plasma_tp1_0.1x_model_C2/roc_curve_resnet18_tf_0_1/nested_cv_random/resnet18/repeat_10_fold_5_metrics.csv,10,3,resnet18,all,C2,PPV at 95% Specificity,0.981981981981982
/scratchc/nrlab/wang04/ulyses_results_iteration/iteration_3_merge_below_3/cnn_model/cnn14/plasma_tp1_0.1x_model_C2/roc_curve_resnet18_tf_0_1/nested_cv_random/resnet18/repeat_10_fold_5_metrics.csv,10,3,resnet18,all,C2,Accuracy at 95% Specificity,0.7581988230348886
/scratchc/nrlab/wang04/ulyses_results_iteration/iteration_3_merge_below_3/cnn_model/cnn14/plasma_tp1_0.1x_model_C2/roc_curve_resnet18_tf_0_1/nested_cv_random/resnet18/repeat_10_fold_5_metrics.csv,10,3,resnet18,all,C2,F1 at 95% Specificity,0.7414965986394558
/scratchc/nrlab/wang04/ulyses_results_iteration/iteration_3_merge_below_3/cnn_model/cnn14/plasma_tp1_0.1x_model_C2/roc_curve_resnet18_tf_0_1/nested_cv_random/resnet18/repeat_10_fold_5_metrics.csv,10,4,resnet18,all,C2,AUROC,0.9419889502762432
/scratchc/nrlab/wang04/ulyses_results_iteration/iteration_3_merge_below_3/cnn_model/cnn14/plasma_tp1_0.1x_model_C2/roc_curve_resnet18_tf_0_1/nested_cv_random/resnet18/repeat_10_fold_5_metrics.csv,10,4,resnet18,all,C2,AUPRC,0.9802279165235548
/scratchc/nrlab/wang04/ulyses_results_iteration/iteration_3_merge_below_3/cnn_model/cnn14/plasma_tp1_0.1x_model_C2/roc_curve_resnet18_tf_0_1/nested_cv_random/resnet18/repeat_10_fold_5_metrics.csv,10,4,resnet18,all,C2,Sensitivity at 99% Specificity,0.5027624309392266
/scratchc/nrlab/wang04/ulyses_results_iteration/iteration_3_merge_below_3/cnn_model/cnn14/plasma_tp1_0.1x_model_C2/roc_curve_resnet18_tf_0_1/nested_cv_random/resnet18/repeat_10_fold_5_metrics.csv,10,4,resnet18,all,C2,PPV at 99% Specificity,1
/scratchc/nrlab/wang04/ulyses_results_iteration/iteration_3_merge_below_3/cnn_model/cnn14/plasma_tp1_0.1x_model_C2/roc_curve_resnet18_tf_0_1/nested_cv_random/resnet18/repeat_10_fold_5_metrics.csv,10,4,resnet18,all,C2,Accuracy at 99% Specificity,0.7463812154696132
/scratchc/nrlab/wang04/ulyses_results_iteration/iteration_3_merge_below_3/cnn_model/cnn14/plasma_tp1_0.1x_model_C2/roc_curve_resnet18_tf_0_1/nested_cv_random/resnet18/repeat_10_fold_5_metrics.csv,10,4,resnet18,all,C2,F1 at 99% Specificity,0.6691176470588235
/scratchc/nrlab/wang04/ulyses_results_iteration/iteration_3_merge_below_3/cnn_model/cnn14/plasma_tp1_0.1x_model_C2/roc_curve_resnet18_tf_0_1/nested_cv_random/resnet18/repeat_10_fold_5_metrics.csv,10,4,resnet18,all,C2,Sensitivity at 98% Specificity,0.5027624309392266
/scratchc/nrlab/wang04/ulyses_results_iteration/iteration_3_merge_below_3/cnn_model/cnn14/plasma_tp1_0.1x_model_C2/roc_curve_resnet18_tf_0_1/nested_cv_random/resnet18/repeat_10_fold_5_metrics.csv,10,4,resnet18,all,C2,PPV at 98% Specificity,1
/scratchc/nrlab/wang04/ulyses_results_iteration/iteration_3_merge_below_3/cnn_model/cnn14/plasma_tp1_0.1x_model_C2/roc_curve_resnet18_tf_0_1/nested_cv_random/resnet18/repeat_10_fold_5_metrics.csv,10,4,resnet18,all,C2,Accuracy at 98% Specificity,0.7413812154696133
/scratchc/nrlab/wang04/ulyses_results_iteration/iteration_3_merge_below_3/cnn_model/cnn14/plasma_tp1_0.1x_model_C2/roc_curve_resnet18_tf_0_1/nested_cv_random/resnet18/repeat_10_fold_5_metrics.csv,10,4,resnet18,all,C2,F1 at 98% Specificity,0.6691176470588235
/scratchc/nrlab/wang04/ulyses_results_iteration/iteration_3_merge_below_3/cnn_model/cnn14/plasma_tp1_0.1x_model_C2/roc_curve_resnet18_tf_0_1/nested_cv_random/resnet18/repeat_10_fold_5_metrics.csv,10,4,resnet18,all,C2,Sensitivity at 95% Specificity,0.7955801104972375
/scratchc/nrlab/wang04/ulyses_results_iteration/iteration_3_merge_below_3/cnn_model/cnn14/plasma_tp1_0.1x_model_C2/roc_curve_resnet18_tf_0_1/nested_cv_random/resnet18/repeat_10_fold_5_metrics.csv,10,4,resnet18,all,C2,PPV at 95% Specificity,0.9863013698630136
/scratchc/nrlab/wang04/ulyses_results_iteration/iteration_3_merge_below_3/cnn_model/cnn14/plasma_tp1_0.1x_model_C2/roc_curve_resnet18_tf_0_1/nested_cv_random/resnet18/repeat_10_fold_5_metrics.csv,10,4,resnet18,all,C2,Accuracy at 95% Specificity,0.8583961158546793
/scratchc/nrlab/wang04/ulyses_results_iteration/iteration_3_merge_below_3/cnn_model/cnn14/plasma_tp1_0.1x_model_C2/roc_curve_resnet18_tf_0_1/nested_cv_random/resnet18/repeat_10_fold_5_metrics.csv,10,4,resnet18,all,C2,F1 at 95% Specificity,0.8807339449541285
/scratchc/nrlab/wang04/ulyses_results_iteration/iteration_3_merge_below_3/cnn_model/cnn14/plasma_tp1_0.1x_model_C2/roc_curve_resnet18_tf_0_1/nested_cv_random/resnet18/repeat_10_fold_5_metrics.csv,10,5,resnet18,all,C2,AUROC,0.919513457556936
/scratchc/nrlab/wang04/ulyses_results_iteration/iteration_3_merge_below_3/cnn_model/cnn14/plasma_tp1_0.1x_model_C2/roc_curve_resnet18_tf_0_1/nested_cv_random/resnet18/repeat_10_fold_5_metrics.csv,10,5,resnet18,all,C2,AUPRC,0.9662281527487993
/scratchc/nrlab/wang04/ulyses_results_iteration/iteration_3_merge_below_3/cnn_model/cnn14/plasma_tp1_0.1x_model_C2/roc_curve_resnet18_tf_0_1/nested_cv_random/resnet18/repeat_10_fold_5_metrics.csv,10,5,resnet18,all,C2,Sensitivity at 99% Specificity,0.21739130434782608
/scratchc/nrlab/wang04/ulyses_results_iteration/iteration_3_merge_below_3/cnn_model/cnn14/plasma_tp1_0.1x_model_C2/roc_curve_resnet18_tf_0_1/nested_cv_random/resnet18/repeat_10_fold_5_metrics.csv,10,5,resnet18,all,C2,PPV at 99% Specificity,1
/scratchc/nrlab/wang04/ulyses_results_iteration/iteration_3_merge_below_3/cnn_model/cnn14/plasma_tp1_0.1x_model_C2/roc_curve_resnet18_tf_0_1/nested_cv_random/resnet18/repeat_10_fold_5_metrics.csv,10,5,resnet18,all,C2,Accuracy at 99% Specificity,0.6036956521739131
/scratchc/nrlab/wang04/ulyses_results_iteration/iteration_3_merge_below_3/cnn_model/cnn14/plasma_tp1_0.1x_model_C2/roc_curve_resnet18_tf_0_1/nested_cv_random/resnet18/repeat_10_fold_5_metrics.csv,10,5,resnet18,all,C2,F1 at 99% Specificity,0.35714285714285715
/scratchc/nrlab/wang04/ulyses_results_iteration/iteration_3_merge_below_3/cnn_model/cnn14/plasma_tp1_0.1x_model_C2/roc_curve_resnet18_tf_0_1/nested_cv_random/resnet18/repeat_10_fold_5_metrics.csv,10,5,resnet18,all,C2,Sensitivity at 98% Specificity,0.21739130434782608
/scratchc/nrlab/wang04/ulyses_results_iteration/iteration_3_merge_below_3/cnn_model/cnn14/plasma_tp1_0.1x_model_C2/roc_curve_resnet18_tf_0_1/nested_cv_random/resnet18/repeat_10_fold_5_metrics.csv,10,5,resnet18,all,C2,PPV at 98% Specificity,1
/scratchc/nrlab/wang04/ulyses_results_iteration/iteration_3_merge_below_3/cnn_model/cnn14/plasma_tp1_0.1x_model_C2/roc_curve_resnet18_tf_0_1/nested_cv_random/resnet18/repeat_10_fold_5_metrics.csv,10,5,resnet18,all,C2,Accuracy at 98% Specificity,0.5986956521739131
/scratchc/nrlab/wang04/ulyses_results_iteration/iteration_3_merge_below_3/cnn_model/cnn14/plasma_tp1_0.1x_model_C2/roc_curve_resnet18_tf_0_1/nested_cv_random/resnet18/repeat_10_fold_5_metrics.csv,10,5,resnet18,all,C2,F1 at 98% Specificity,0.35714285714285715
/scratchc/nrlab/wang04/ulyses_results_iteration/iteration_3_merge_below_3/cnn_model/cnn14/plasma_tp1_0.1x_model_C2/roc_curve_resnet18_tf_0_1/nested_cv_random/resnet18/repeat_10_fold_5_metrics.csv,10,5,resnet18,all,C2,Sensitivity at 95% Specificity,0.5054347826086957
/scratchc/nrlab/wang04/ulyses_results_iteration/iteration_3_merge_below_3/cnn_model/cnn14/plasma_tp1_0.1x_model_C2/roc_curve_resnet18_tf_0_1/nested_cv_random/resnet18/repeat_10_fold_5_metrics.csv,10,5,resnet18,all,C2,PPV at 95% Specificity,0.9789473684210528
/scratchc/nrlab/wang04/ulyses_results_iteration/iteration_3_merge_below_3/cnn_model/cnn14/plasma_tp1_0.1x_model_C2/roc_curve_resnet18_tf_0_1/nested_cv_random/resnet18/repeat_10_fold_5_metrics.csv,10,5,resnet18,all,C2,Accuracy at 95% Specificity,0.7126380262249827
/scratchc/nrlab/wang04/ulyses_results_iteration/iteration_3_merge_below_3/cnn_model/cnn14/plasma_tp1_0.1x_model_C2/roc_curve_resnet18_tf_0_1/nested_cv_random/resnet18/repeat_10_fold_5_metrics.csv,10,5,resnet18,all,C2,F1 at 95% Specificity,0.6666666666666666
/scratchc/nrlab/wang04/ulyses_results_iteration/iteration_3_merge_below_3/cnn_model/cnn14/plasma_tp1_0.1x_model_C2/roc_curve_resnet18_tf_0.03_0.1/nested_cv_random/resnet18/repeat_10_fold_5_metrics.csv,1,1,resnet18,"(0.03, 0.1]",C2,AUROC,0.9806397306397304
/scratchc/nrlab/wang04/ulyses_results_iteration/iteration_3_merge_below_3/cnn_model/cnn14/plasma_tp1_0.1x_model_C2/roc_curve_resnet18_tf_0.03_0.1/nested_cv_random/resnet18/repeat_10_fold_5_metrics.csv,1,1,resnet18,"(0.03, 0.1]",C2,AUPRC,0.9781716788761674
/scratchc/nrlab/wang04/ulyses_results_iteration/iteration_3_merge_below_3/cnn_model/cnn14/plasma_tp1_0.1x_model_C2/roc_curve_resnet18_tf_0.03_0.1/nested_cv_random/resnet18/repeat_10_fold_5_metrics.csv,1,1,resnet18,"(0.03, 0.1]",C2,Sensitivity at 99% Specificity,0.8333333333333334
/scratchc/nrlab/wang04/ulyses_results_iteration/iteration_3_merge_below_3/cnn_model/cnn14/plasma_tp1_0.1x_model_C2/roc_curve_resnet18_tf_0.03_0.1/nested_cv_random/resnet18/repeat_10_fold_5_metrics.csv,1,1,resnet18,"(0.03, 0.1]",C2,PPV at 99% Specificity,1
/scratchc/nrlab/wang04/ulyses_results_iteration/iteration_3_merge_below_3/cnn_model/cnn14/plasma_tp1_0.1x_model_C2/roc_curve_resnet18_tf_0.03_0.1/nested_cv_random/resnet18/repeat_10_fold_5_metrics.csv,1,1,resnet18,"(0.03, 0.1]",C2,Accuracy at 99% Specificity,0.9116666666666666
/scratchc/nrlab/wang04/ulyses_results_iteration/iteration_3_merge_below_3/cnn_model/cnn14/plasma_tp1_0.1x_model_C2/roc_curve_resnet18_tf_0.03_0.1/nested_cv_random/resnet18/repeat_10_fold_5_metrics.csv,1,1,resnet18,"(0.03, 0.1]",C2,F1 at 99% Specificity,0.9090909090909092
/scratchc/nrlab/wang04/ulyses_results_iteration/iteration_3_merge_below_3/cnn_model/cnn14/plasma_tp1_0.1x_model_C2/roc_curve_resnet18_tf_0.03_0.1/nested_cv_random/resnet18/repeat_10_fold_5_metrics.csv,1,1,resnet18,"(0.03, 0.1]",C2,Sensitivity at 98% Specificity,0.8333333333333334
/scratchc/nrlab/wang04/ulyses_results_iteration/iteration_3_merge_below_3/cnn_model/cnn14/plasma_tp1_0.1x_model_C2/roc_curve_resnet18_tf_0.03_0.1/nested_cv_random/resnet18/repeat_10_fold_5_metrics.csv,1,1,resnet18,"(0.03, 0.1]",C2,PPV at 98% Specificity,1
/scratchc/nrlab/wang04/ulyses_results_iteration/iteration_3_merge_below_3/cnn_model/cnn14/plasma_tp1_0.1x_model_C2/roc_curve_resnet18_tf_0.03_0.1/nested_cv_random/resnet18/repeat_10_fold_5_metrics.csv,1,1,resnet18,"(0.03, 0.1]",C2,Accuracy at 98% Specificity,0.9066666666666668
/scratchc/nrlab/wang04/ulyses_results_iteration/iteration_3_merge_below_3/cnn_model/cnn14/plasma_tp1_0.1x_model_C2/roc_curve_resnet18_tf_0.03_0.1/nested_cv_random/resnet18/repeat_10_fold_5_metrics.csv,1,1,resnet18,"(0.03, 0.1]",C2,F1 at 98% Specificity,0.9090909090909092
/scratchc/nrlab/wang04/ulyses_results_iteration/iteration_3_merge_below_3/cnn_model/cnn14/plasma_tp1_0.1x_model_C2/roc_curve_resnet18_tf_0.03_0.1/nested_cv_random/resnet18/repeat_10_fold_5_metrics.csv,1,1,resnet18,"(0.03, 0.1]",C2,Sensitivity at 95% Specificity,0.9166666666666666
/scratchc/nrlab/wang04/ulyses_results_iteration/iteration_3_merge_below_3/cnn_model/cnn14/plasma_tp1_0.1x_model_C2/roc_curve_resnet18_tf_0.03_0.1/nested_cv_random/resnet18/repeat_10_fold_5_metrics.csv,1,1,resnet18,"(0.03, 0.1]",C2,PPV at 95% Specificity,0.9705882352941176
/scratchc/nrlab/wang04/ulyses_results_iteration/iteration_3_merge_below_3/cnn_model/cnn14/plasma_tp1_0.1x_model_C2/roc_curve_resnet18_tf_0.03_0.1/nested_cv_random/resnet18/repeat_10_fold_5_metrics.csv,1,1,resnet18,"(0.03, 0.1]",C2,Accuracy at 95% Specificity,0.9261363636363636
/scratchc/nrlab/wang04/ulyses_results_iteration/iteration_3_merge_below_3/cnn_model/cnn14/plasma_tp1_0.1x_model_C2/roc_curve_resnet18_tf_0.03_0.1/nested_cv_random/resnet18/repeat_10_fold_5_metrics.csv,1,1,resnet18,"(0.03, 0.1]",C2,F1 at 95% Specificity,0.9428571428571428
/scratchc/nrlab/wang04/ulyses_results_iteration/iteration_3_merge_below_3/cnn_model/cnn14/plasma_tp1_0.1x_model_C2/roc_curve_resnet18_tf_0.03_0.1/nested_cv_random/resnet18/repeat_10_fold_5_metrics.csv,1,2,resnet18,"(0.03, 0.1]",C2,AUROC,0.9281385281385282
/scratchc/nrlab/wang04/ulyses_results_iteration/iteration_3_merge_below_3/cnn_model/cnn14/plasma_tp1_0.1x_model_C2/roc_curve_resnet18_tf_0.03_0.1/nested_cv_random/resnet18/repeat_10_fold_5_metrics.csv,1,2,resnet18,"(0.03, 0.1]",C2,AUPRC,0.9339090153673488
/scratchc/nrlab/wang04/ulyses_results_iteration/iteration_3_merge_below_3/cnn_model/cnn14/plasma_tp1_0.1x_model_C2/roc_curve_resnet18_tf_0.03_0.1/nested_cv_random/resnet18/repeat_10_fold_5_metrics.csv,1,2,resnet18,"(0.03, 0.1]",C2,Sensitivity at 99% Specificity,0.8
/scratchc/nrlab/wang04/ulyses_results_iteration/iteration_3_merge_below_3/cnn_model/cnn14/plasma_tp1_0.1x_model_C2/roc_curve_resnet18_tf_0.03_0.1/nested_cv_random/resnet18/repeat_10_fold_5_metrics.csv,1,2,resnet18,"(0.03, 0.1]",C2,PPV at 99% Specificity,1
/scratchc/nrlab/wang04/ulyses_results_iteration/iteration_3_merge_below_3/cnn_model/cnn14/plasma_tp1_0.1x_model_C2/roc_curve_resnet18_tf_0.03_0.1/nested_cv_random/resnet18/repeat_10_fold_5_metrics.csv,1,2,resnet18,"(0.03, 0.1]",C2,Accuracy at 99% Specificity,0.895
/scratchc/nrlab/wang04/ulyses_results_iteration/iteration_3_merge_below_3/cnn_model/cnn14/plasma_tp1_0.1x_model_C2/roc_curve_resnet18_tf_0.03_0.1/nested_cv_random/resnet18/repeat_10_fold_5_metrics.csv,1,2,resnet18,"(0.03, 0.1]",C2,F1 at 99% Specificity,0.8888888888888888
/scratchc/nrlab/wang04/ulyses_results_iteration/iteration_3_merge_below_3/cnn_model/cnn14/plasma_tp1_0.1x_model_C2/roc_curve_resnet18_tf_0.03_0.1/nested_cv_random/resnet18/repeat_10_fold_5_metrics.csv,1,2,resnet18,"(0.03, 0.1]",C2,Sensitivity at 98% Specificity,0.8
/scratchc/nrlab/wang04/ulyses_results_iteration/iteration_3_merge_below_3/cnn_model/cnn14/plasma_tp1_0.1x_model_C2/roc_curve_resnet18_tf_0.03_0.1/nested_cv_random/resnet18/repeat_10_fold_5_metrics.csv,1,2,resnet18,"(0.03, 0.1]",C2,PPV at 98% Specificity,1
/scratchc/nrlab/wang04/ulyses_results_iteration/iteration_3_merge_below_3/cnn_model/cnn14/plasma_tp1_0.1x_model_C2/roc_curve_resnet18_tf_0.03_0.1/nested_cv_random/resnet18/repeat_10_fold_5_metrics.csv,1,2,resnet18,"(0.03, 0.1]",C2,Accuracy at 98% Specificity,0.89
/scratchc/nrlab/wang04/ulyses_results_iteration/iteration_3_merge_below_3/cnn_model/cnn14/plasma_tp1_0.1x_model_C2/roc_curve_resnet18_tf_0.03_0.1/nested_cv_random/resnet18/repeat_10_fold_5_metrics.csv,1,2,resnet18,"(0.03, 0.1]",C2,F1 at 98% Specificity,0.8888888888888888
/scratchc/nrlab/wang04/ulyses_results_iteration/iteration_3_merge_below_3/cnn_model/cnn14/plasma_tp1_0.1x_model_C2/roc_curve_resnet18_tf_0.03_0.1/nested_cv_random/resnet18/repeat_10_fold_5_metrics.csv,1,2,resnet18,"(0.03, 0.1]",C2,Sensitivity at 95% Specificity,0.8285714285714286
/scratchc/nrlab/wang04/ulyses_results_iteration/iteration_3_merge_below_3/cnn_model/cnn14/plasma_tp1_0.1x_model_C2/roc_curve_resnet18_tf_0.03_0.1/nested_cv_random/resnet18/repeat_10_fold_5_metrics.csv,1,2,resnet18,"(0.03, 0.1]",C2,PPV at 95% Specificity,0.935483870967742
/scratchc/nrlab/wang04/ulyses_results_iteration/iteration_3_merge_below_3/cnn_model/cnn14/plasma_tp1_0.1x_model_C2/roc_curve_resnet18_tf_0.03_0.1/nested_cv_random/resnet18/repeat_10_fold_5_metrics.csv,1,2,resnet18,"(0.03, 0.1]",C2,Accuracy at 95% Specificity,0.8748917748917748
/scratchc/nrlab/wang04/ulyses_results_iteration/iteration_3_merge_below_3/cnn_model/cnn14/plasma_tp1_0.1x_model_C2/roc_curve_resnet18_tf_0.03_0.1/nested_cv_random/resnet18/repeat_10_fold_5_metrics.csv,1,2,resnet18,"(0.03, 0.1]",C2,F1 at 95% Specificity,0.8787878787878788
/scratchc/nrlab/wang04/ulyses_results_iteration/iteration_3_merge_below_3/cnn_model/cnn14/plasma_tp1_0.1x_model_C2/roc_curve_resnet18_tf_0.03_0.1/nested_cv_random/resnet18/repeat_10_fold_5_metrics.csv,1,3,resnet18,"(0.03, 0.1]",C2,AUROC,0.9411255411255413
/scratchc/nrlab/wang04/ulyses_results_iteration/iteration_3_merge_below_3/cnn_model/cnn14/plasma_tp1_0.1x_model_C2/roc_curve_resnet18_tf_0.03_0.1/nested_cv_random/resnet18/repeat_10_fold_5_metrics.csv,1,3,resnet18,"(0.03, 0.1]",C2,AUPRC,0.9313961466514804
/scratchc/nrlab/wang04/ulyses_results_iteration/iteration_3_merge_below_3/cnn_model/cnn14/plasma_tp1_0.1x_model_C2/roc_curve_resnet18_tf_0.03_0.1/nested_cv_random/resnet18/repeat_10_fold_5_metrics.csv,1,3,resnet18,"(0.03, 0.1]",C2,Sensitivity at 99% Specificity,0.6
/scratchc/nrlab/wang04/ulyses_results_iteration/iteration_3_merge_below_3/cnn_model/cnn14/plasma_tp1_0.1x_model_C2/roc_curve_resnet18_tf_0.03_0.1/nested_cv_random/resnet18/repeat_10_fold_5_metrics.csv,1,3,resnet18,"(0.03, 0.1]",C2,PPV at 99% Specificity,1
/scratchc/nrlab/wang04/ulyses_results_iteration/iteration_3_merge_below_3/cnn_model/cnn14/plasma_tp1_0.1x_model_C2/roc_curve_resnet18_tf_0.03_0.1/nested_cv_random/resnet18/repeat_10_fold_5_metrics.csv,1,3,resnet18,"(0.03, 0.1]",C2,Accuracy at 99% Specificity,0.7949999999999999
/scratchc/nrlab/wang04/ulyses_results_iteration/iteration_3_merge_below_3/cnn_model/cnn14/plasma_tp1_0.1x_model_C2/roc_curve_resnet18_tf_0.03_0.1/nested_cv_random/resnet18/repeat_10_fold_5_metrics.csv,1,3,resnet18,"(0.03, 0.1]",C2,F1 at 99% Specificity,0.75
/scratchc/nrlab/wang04/ulyses_results_iteration/iteration_3_merge_below_3/cnn_model/cnn14/plasma_tp1_0.1x_model_C2/roc_curve_resnet18_tf_0.03_0.1/nested_cv_random/resnet18/repeat_10_fold_5_metrics.csv,1,3,resnet18,"(0.03, 0.1]",C2,Sensitivity at 98% Specificity,0.6
/scratchc/nrlab/wang04/ulyses_results_iteration/iteration_3_merge_below_3/cnn_model/cnn14/plasma_tp1_0.1x_model_C2/roc_curve_resnet18_tf_0.03_0.1/nested_cv_random/resnet18/repeat_10_fold_5_metrics.csv,1,3,resnet18,"(0.03, 0.1]",C2,PPV at 98% Specificity,1
/scratchc/nrlab/wang04/ulyses_results_iteration/iteration_3_merge_below_3/cnn_model/cnn14/plasma_tp1_0.1x_model_C2/roc_curve_resnet18_tf_0.03_0.1/nested_cv_random/resnet18/repeat_10_fold_5_metrics.csv,1,3,resnet18,"(0.03, 0.1]",C2,Accuracy at 98% Specificity,0.79
/scratchc/nrlab/wang04/ulyses_results_iteration/iteration_3_merge_below_3/cnn_model/cnn14/plasma_tp1_0.1x_model_C2/roc_curve_resnet18_tf_0.03_0.1/nested_cv_random/resnet18/repeat_10_fold_5_metrics.csv,1,3,resnet18,"(0.03, 0.1]",C2,F1 at 98% Specificity,0.75
/scratchc/nrlab/wang04/ulyses_results_iteration/iteration_3_merge_below_3/cnn_model/cnn14/plasma_tp1_0.1x_model_C2/roc_curve_resnet18_tf_0.03_0.1/nested_cv_random/resnet18/repeat_10_fold_5_metrics.csv,1,3,resnet18,"(0.03, 0.1]",C2,Sensitivity at 95% Specificity,0.7714285714285715
/scratchc/nrlab/wang04/ulyses_results_iteration/iteration_3_merge_below_3/cnn_model/cnn14/plasma_tp1_0.1x_model_C2/roc_curve_resnet18_tf_0.03_0.1/nested_cv_random/resnet18/repeat_10_fold_5_metrics.csv,1,3,resnet18,"(0.03, 0.1]",C2,PPV at 95% Specificity,0.9
/scratchc/nrlab/wang04/ulyses_results_iteration/iteration_3_merge_below_3/cnn_model/cnn14/plasma_tp1_0.1x_model_C2/roc_curve_resnet18_tf_0.03_0.1/nested_cv_random/resnet18/repeat_10_fold_5_metrics.csv,1,3,resnet18,"(0.03, 0.1]",C2,Accuracy at 95% Specificity,0.8391233766233767
/scratchc/nrlab/wang04/ulyses_results_iteration/iteration_3_merge_below_3/cnn_model/cnn14/plasma_tp1_0.1x_model_C2/roc_curve_resnet18_tf_0.03_0.1/nested_cv_random/resnet18/repeat_10_fold_5_metrics.csv,1,3,resnet18,"(0.03, 0.1]",C2,F1 at 95% Specificity,0.8307692307692308
/scratchc/nrlab/wang04/ulyses_results_iteration/iteration_3_merge_below_3/cnn_model/cnn14/plasma_tp1_0.1x_model_C2/roc_curve_resnet18_tf_0.03_0.1/nested_cv_random/resnet18/repeat_10_fold_5_metrics.csv,1,4,resnet18,"(0.03, 0.1]",C2,AUROC,0.940267335004177
/scratchc/nrlab/wang04/ulyses_results_iteration/iteration_3_merge_below_3/cnn_model/cnn14/plasma_tp1_0.1x_model_C2/roc_curve_resnet18_tf_0.03_0.1/nested_cv_random/resnet18/repeat_10_fold_5_metrics.csv,1,4,resnet18,"(0.03, 0.1]",C2,AUPRC,0.9208844754278188
/scratchc/nrlab/wang04/ulyses_results_iteration/iteration_3_merge_below_3/cnn_model/cnn14/plasma_tp1_0.1x_model_C2/roc_curve_resnet18_tf_0.03_0.1/nested_cv_random/resnet18/repeat_10_fold_5_metrics.csv,1,4,resnet18,"(0.03, 0.1]",C2,Sensitivity at 99% Specificity,0.5
/scratchc/nrlab/wang04/ulyses_results_iteration/iteration_3_merge_below_3/cnn_model/cnn14/plasma_tp1_0.1x_model_C2/roc_curve_resnet18_tf_0.03_0.1/nested_cv_random/resnet18/repeat_10_fold_5_metrics.csv,1,4,resnet18,"(0.03, 0.1]",C2,PPV at 99% Specificity,1
/scratchc/nrlab/wang04/ulyses_results_iteration/iteration_3_merge_below_3/cnn_model/cnn14/plasma_tp1_0.1x_model_C2/roc_curve_resnet18_tf_0.03_0.1/nested_cv_random/resnet18/repeat_10_fold_5_metrics.csv,1,4,resnet18,"(0.03, 0.1]",C2,Accuracy at 99% Specificity,0.745
/scratchc/nrlab/wang04/ulyses_results_iteration/iteration_3_merge_below_3/cnn_model/cnn14/plasma_tp1_0.1x_model_C2/roc_curve_resnet18_tf_0.03_0.1/nested_cv_random/resnet18/repeat_10_fold_5_metrics.csv,1,4,resnet18,"(0.03, 0.1]",C2,F1 at 99% Specificity,0.6666666666666666
/scratchc/nrlab/wang04/ulyses_results_iteration/iteration_3_merge_below_3/cnn_model/cnn14/plasma_tp1_0.1x_model_C2/roc_curve_resnet18_tf_0.03_0.1/nested_cv_random/resnet18/repeat_10_fold_5_metrics.csv,1,4,resnet18,"(0.03, 0.1]",C2,Sensitivity at 98% Specificity,0.5
/scratchc/nrlab/wang04/ulyses_results_iteration/iteration_3_merge_below_3/cnn_model/cnn14/plasma_tp1_0.1x_model_C2/roc_curve_resnet18_tf_0.03_0.1/nested_cv_random/resnet18/repeat_10_fold_5_metrics.csv,1,4,resnet18,"(0.03, 0.1]",C2,PPV at 98% Specificity,1
/scratchc/nrlab/wang04/ulyses_results_iteration/iteration_3_merge_below_3/cnn_model/cnn14/plasma_tp1_0.1x_model_C2/roc_curve_resnet18_tf_0.03_0.1/nested_cv_random/resnet18/repeat_10_fold_5_metrics.csv,1,4,resnet18,"(0.03, 0.1]",C2,Accuracy at 98% Specificity,0.74
/scratchc/nrlab/wang04/ulyses_results_iteration/iteration_3_merge_below_3/cnn_model/cnn14/plasma_tp1_0.1x_model_C2/roc_curve_resnet18_tf_0.03_0.1/nested_cv_random/resnet18/repeat_10_fold_5_metrics.csv,1,4,resnet18,"(0.03, 0.1]",C2,F1 at 98% Specificity,0.6666666666666666
/scratchc/nrlab/wang04/ulyses_results_iteration/iteration_3_merge_below_3/cnn_model/cnn14/plasma_tp1_0.1x_model_C2/roc_curve_resnet18_tf_0.03_0.1/nested_cv_random/resnet18/repeat_10_fold_5_metrics.csv,1,4,resnet18,"(0.03, 0.1]",C2,Sensitivity at 95% Specificity,0.7105263157894737
/scratchc/nrlab/wang04/ulyses_results_iteration/iteration_3_merge_below_3/cnn_model/cnn14/plasma_tp1_0.1x_model_C2/roc_curve_resnet18_tf_0.03_0.1/nested_cv_random/resnet18/repeat_10_fold_5_metrics.csv,1,4,resnet18,"(0.03, 0.1]",C2,PPV at 95% Specificity,0.9310344827586208
/scratchc/nrlab/wang04/ulyses_results_iteration/iteration_3_merge_below_3/cnn_model/cnn14/plasma_tp1_0.1x_model_C2/roc_curve_resnet18_tf_0.03_0.1/nested_cv_random/resnet18/repeat_10_fold_5_metrics.csv,1,4,resnet18,"(0.03, 0.1]",C2,Accuracy at 95% Specificity,0.8151837928153718
/scratchc/nrlab/wang04/ulyses_results_iteration/iteration_3_merge_below_3/cnn_model/cnn14/plasma_tp1_0.1x_model_C2/roc_curve_resnet18_tf_0.03_0.1/nested_cv_random/resnet18/repeat_10_fold_5_metrics.csv,1,4,resnet18,"(0.03, 0.1]",C2,F1 at 95% Specificity,0.8059701492537313
/scratchc/nrlab/wang04/ulyses_results_iteration/iteration_3_merge_below_3/cnn_model/cnn14/plasma_tp1_0.1x_model_C2/roc_curve_resnet18_tf_0.03_0.1/nested_cv_random/resnet18/repeat_10_fold_5_metrics.csv,1,5,resnet18,"(0.03, 0.1]",C2,AUROC,0.9493243243243245
/scratchc/nrlab/wang04/ulyses_results_iteration/iteration_3_merge_below_3/cnn_model/cnn14/plasma_tp1_0.1x_model_C2/roc_curve_resnet18_tf_0.03_0.1/nested_cv_random/resnet18/repeat_10_fold_5_metrics.csv,1,5,resnet18,"(0.03, 0.1]",C2,AUPRC,0.928142327876776
/scratchc/nrlab/wang04/ulyses_results_iteration/iteration_3_merge_below_3/cnn_model/cnn14/plasma_tp1_0.1x_model_C2/roc_curve_resnet18_tf_0.03_0.1/nested_cv_random/resnet18/repeat_10_fold_5_metrics.csv,1,5,resnet18,"(0.03, 0.1]",C2,Sensitivity at 99% Specificity,0.5675675675675675
/scratchc/nrlab/wang04/ulyses_results_iteration/iteration_3_merge_below_3/cnn_model/cnn14/plasma_tp1_0.1x_model_C2/roc_curve_resnet18_tf_0.03_0.1/nested_cv_random/resnet18/repeat_10_fold_5_metrics.csv,1,5,resnet18,"(0.03, 0.1]",C2,PPV at 99% Specificity,1
/scratchc/nrlab/wang04/ulyses_results_iteration/iteration_3_merge_below_3/cnn_model/cnn14/plasma_tp1_0.1x_model_C2/roc_curve_resnet18_tf_0.03_0.1/nested_cv_random/resnet18/repeat_10_fold_5_metrics.csv,1,5,resnet18,"(0.03, 0.1]",C2,Accuracy at 99% Specificity,0.7787837837837838
/scratchc/nrlab/wang04/ulyses_results_iteration/iteration_3_merge_below_3/cnn_model/cnn14/plasma_tp1_0.1x_model_C2/roc_curve_resnet18_tf_0.03_0.1/nested_cv_random/resnet18/repeat_10_fold_5_metrics.csv,1,5,resnet18,"(0.03, 0.1]",C2,F1 at 99% Specificity,0.7241379310344828
/scratchc/nrlab/wang04/ulyses_results_iteration/iteration_3_merge_below_3/cnn_model/cnn14/plasma_tp1_0.1x_model_C2/roc_curve_resnet18_tf_0.03_0.1/nested_cv_random/resnet18/repeat_10_fold_5_metrics.csv,1,5,resnet18,"(0.03, 0.1]",C2,Sensitivity at 98% Specificity,0.5675675675675675
/scratchc/nrlab/wang04/ulyses_results_iteration/iteration_3_merge_below_3/cnn_model/cnn14/plasma_tp1_0.1x_model_C2/roc_curve_resnet18_tf_0.03_0.1/nested_cv_random/resnet18/repeat_10_fold_5_metrics.csv,1,5,resnet18,"(0.03, 0.1]",C2,PPV at 98% Specificity,1
/scratchc/nrlab/wang04/ulyses_results_iteration/iteration_3_merge_below_3/cnn_model/cnn14/plasma_tp1_0.1x_model_C2/roc_curve_resnet18_tf_0.03_0.1/nested_cv_random/resnet18/repeat_10_fold_5_metrics.csv,1,5,resnet18,"(0.03, 0.1]",C2,Accuracy at 98% Specificity,0.7737837837837838
/scratchc/nrlab/wang04/ulyses_results_iteration/iteration_3_merge_below_3/cnn_model/cnn14/plasma_tp1_0.1x_model_C2/roc_curve_resnet18_tf_0.03_0.1/nested_cv_random/resnet18/repeat_10_fold_5_metrics.csv,1,5,resnet18,"(0.03, 0.1]",C2,F1 at 98% Specificity,0.7241379310344828
/scratchc/nrlab/wang04/ulyses_results_iteration/iteration_3_merge_below_3/cnn_model/cnn14/plasma_tp1_0.1x_model_C2/roc_curve_resnet18_tf_0.03_0.1/nested_cv_random/resnet18/repeat_10_fold_5_metrics.csv,1,5,resnet18,"(0.03, 0.1]",C2,Sensitivity at 95% Specificity,0.7297297297297297
/scratchc/nrlab/wang04/ulyses_results_iteration/iteration_3_merge_below_3/cnn_model/cnn14/plasma_tp1_0.1x_model_C2/roc_curve_resnet18_tf_0.03_0.1/nested_cv_random/resnet18/repeat_10_fold_5_metrics.csv,1,5,resnet18,"(0.03, 0.1]",C2,PPV at 95% Specificity,0.9310344827586208
/scratchc/nrlab/wang04/ulyses_results_iteration/iteration_3_merge_below_3/cnn_model/cnn14/plasma_tp1_0.1x_model_C2/roc_curve_resnet18_tf_0.03_0.1/nested_cv_random/resnet18/repeat_10_fold_5_metrics.csv,1,5,resnet18,"(0.03, 0.1]",C2,Accuracy at 95% Specificity,0.8250211148648648
/scratchc/nrlab/wang04/ulyses_results_iteration/iteration_3_merge_below_3/cnn_model/cnn14/plasma_tp1_0.1x_model_C2/roc_curve_resnet18_tf_0.03_0.1/nested_cv_random/resnet18/repeat_10_fold_5_metrics.csv,1,5,resnet18,"(0.03, 0.1]",C2,F1 at 95% Specificity,0.8181818181818182
/scratchc/nrlab/wang04/ulyses_results_iteration/iteration_3_merge_below_3/cnn_model/cnn14/plasma_tp1_0.1x_model_C2/roc_curve_resnet18_tf_0.03_0.1/nested_cv_random/resnet18/repeat_10_fold_5_metrics.csv,2,1,resnet18,"(0.03, 0.1]",C2,AUROC,0.9445628997867804
/scratchc/nrlab/wang04/ulyses_results_iteration/iteration_3_merge_below_3/cnn_model/cnn14/plasma_tp1_0.1x_model_C2/roc_curve_resnet18_tf_0.03_0.1/nested_cv_random/resnet18/repeat_10_fold_5_metrics.csv,2,1,resnet18,"(0.03, 0.1]",C2,AUPRC,0.915548476074858
/scratchc/nrlab/wang04/ulyses_results_iteration/iteration_3_merge_below_3/cnn_model/cnn14/plasma_tp1_0.1x_model_C2/roc_curve_resnet18_tf_0.03_0.1/nested_cv_random/resnet18/repeat_10_fold_5_metrics.csv,2,1,resnet18,"(0.03, 0.1]",C2,Sensitivity at 99% Specificity,0.6
/scratchc/nrlab/wang04/ulyses_results_iteration/iteration_3_merge_below_3/cnn_model/cnn14/plasma_tp1_0.1x_model_C2/roc_curve_resnet18_tf_0.03_0.1/nested_cv_random/resnet18/repeat_10_fold_5_metrics.csv,2,1,resnet18,"(0.03, 0.1]",C2,PPV at 99% Specificity,1
/scratchc/nrlab/wang04/ulyses_results_iteration/iteration_3_merge_below_3/cnn_model/cnn14/plasma_tp1_0.1x_model_C2/roc_curve_resnet18_tf_0.03_0.1/nested_cv_random/resnet18/repeat_10_fold_5_metrics.csv,2,1,resnet18,"(0.03, 0.1]",C2,Accuracy at 99% Specificity,0.7949999999999999
/scratchc/nrlab/wang04/ulyses_results_iteration/iteration_3_merge_below_3/cnn_model/cnn14/plasma_tp1_0.1x_model_C2/roc_curve_resnet18_tf_0.03_0.1/nested_cv_random/resnet18/repeat_10_fold_5_metrics.csv,2,1,resnet18,"(0.03, 0.1]",C2,F1 at 99% Specificity,0.75
/scratchc/nrlab/wang04/ulyses_results_iteration/iteration_3_merge_below_3/cnn_model/cnn14/plasma_tp1_0.1x_model_C2/roc_curve_resnet18_tf_0.03_0.1/nested_cv_random/resnet18/repeat_10_fold_5_metrics.csv,2,1,resnet18,"(0.03, 0.1]",C2,Sensitivity at 98% Specificity,0.6
/scratchc/nrlab/wang04/ulyses_results_iteration/iteration_3_merge_below_3/cnn_model/cnn14/plasma_tp1_0.1x_model_C2/roc_curve_resnet18_tf_0.03_0.1/nested_cv_random/resnet18/repeat_10_fold_5_metrics.csv,2,1,resnet18,"(0.03, 0.1]",C2,PPV at 98% Specificity,1
/scratchc/nrlab/wang04/ulyses_results_iteration/iteration_3_merge_below_3/cnn_model/cnn14/plasma_tp1_0.1x_model_C2/roc_curve_resnet18_tf_0.03_0.1/nested_cv_random/resnet18/repeat_10_fold_5_metrics.csv,2,1,resnet18,"(0.03, 0.1]",C2,Accuracy at 98% Specificity,0.79
/scratchc/nrlab/wang04/ulyses_results_iteration/iteration_3_merge_below_3/cnn_model/cnn14/plasma_tp1_0.1x_model_C2/roc_curve_resnet18_tf_0.03_0.1/nested_cv_random/resnet18/repeat_10_fold_5_metrics.csv,2,1,resnet18,"(0.03, 0.1]",C2,F1 at 98% Specificity,0.75
/scratchc/nrlab/wang04/ulyses_results_iteration/iteration_3_merge_below_3/cnn_model/cnn14/plasma_tp1_0.1x_model_C2/roc_curve_resnet18_tf_0.03_0.1/nested_cv_random/resnet18/repeat_10_fold_5_metrics.csv,2,1,resnet18,"(0.03, 0.1]",C2,Sensitivity at 95% Specificity,0.6571428571428571
/scratchc/nrlab/wang04/ulyses_results_iteration/iteration_3_merge_below_3/cnn_model/cnn14/plasma_tp1_0.1x_model_C2/roc_curve_resnet18_tf_0.03_0.1/nested_cv_random/resnet18/repeat_10_fold_5_metrics.csv,2,1,resnet18,"(0.03, 0.1]",C2,PPV at 95% Specificity,0.8846153846153846
/scratchc/nrlab/wang04/ulyses_results_iteration/iteration_3_merge_below_3/cnn_model/cnn14/plasma_tp1_0.1x_model_C2/roc_curve_resnet18_tf_0.03_0.1/nested_cv_random/resnet18/repeat_10_fold_5_metrics.csv,2,1,resnet18,"(0.03, 0.1]",C2,Accuracy at 95% Specificity,0.7823027718550106
/scratchc/nrlab/wang04/ulyses_results_iteration/iteration_3_merge_below_3/cnn_model/cnn14/plasma_tp1_0.1x_model_C2/roc_curve_resnet18_tf_0.03_0.1/nested_cv_random/resnet18/repeat_10_fold_5_metrics.csv,2,1,resnet18,"(0.03, 0.1]",C2,F1 at 95% Specificity,0.7540983606557377
/scratchc/nrlab/wang04/ulyses_results_iteration/iteration_3_merge_below_3/cnn_model/cnn14/plasma_tp1_0.1x_model_C2/roc_curve_resnet18_tf_0.03_0.1/nested_cv_random/resnet18/repeat_10_fold_5_metrics.csv,2,2,resnet18,"(0.03, 0.1]",C2,AUROC,0.9566820276497696
/scratchc/nrlab/wang04/ulyses_results_iteration/iteration_3_merge_below_3/cnn_model/cnn14/plasma_tp1_0.1x_model_C2/roc_curve_resnet18_tf_0.03_0.1/nested_cv_random/resnet18/repeat_10_fold_5_metrics.csv,2,2,resnet18,"(0.03, 0.1]",C2,AUPRC,0.913698396382418
/scratchc/nrlab/wang04/ulyses_results_iteration/iteration_3_merge_below_3/cnn_model/cnn14/plasma_tp1_0.1x_model_C2/roc_curve_resnet18_tf_0.03_0.1/nested_cv_random/resnet18/repeat_10_fold_5_metrics.csv,2,2,resnet18,"(0.03, 0.1]",C2,Sensitivity at 99% Specificity,0.25806451612903225
/scratchc/nrlab/wang04/ulyses_results_iteration/iteration_3_merge_below_3/cnn_model/cnn14/plasma_tp1_0.1x_model_C2/roc_curve_resnet18_tf_0.03_0.1/nested_cv_random/resnet18/repeat_10_fold_5_metrics.csv,2,2,resnet18,"(0.03, 0.1]",C2,PPV at 99% Specificity,1
/scratchc/nrlab/wang04/ulyses_results_iteration/iteration_3_merge_below_3/cnn_model/cnn14/plasma_tp1_0.1x_model_C2/roc_curve_resnet18_tf_0.03_0.1/nested_cv_random/resnet18/repeat_10_fold_5_metrics.csv,2,2,resnet18,"(0.03, 0.1]",C2,Accuracy at 99% Specificity,0.6240322580645161
/scratchc/nrlab/wang04/ulyses_results_iteration/iteration_3_merge_below_3/cnn_model/cnn14/plasma_tp1_0.1x_model_C2/roc_curve_resnet18_tf_0.03_0.1/nested_cv_random/resnet18/repeat_10_fold_5_metrics.csv,2,2,resnet18,"(0.03, 0.1]",C2,F1 at 99% Specificity,0.41025641025641024
/scratchc/nrlab/wang04/ulyses_results_iteration/iteration_3_merge_below_3/cnn_model/cnn14/plasma_tp1_0.1x_model_C2/roc_curve_resnet18_tf_0.03_0.1/nested_cv_random/resnet18/repeat_10_fold_5_metrics.csv,2,2,resnet18,"(0.03, 0.1]",C2,Sensitivity at 98% Specificity,0.25806451612903225
/scratchc/nrlab/wang04/ulyses_results_iteration/iteration_3_merge_below_3/cnn_model/cnn14/plasma_tp1_0.1x_model_C2/roc_curve_resnet18_tf_0.03_0.1/nested_cv_random/resnet18/repeat_10_fold_5_metrics.csv,2,2,resnet18,"(0.03, 0.1]",C2,PPV at 98% Specificity,1
/scratchc/nrlab/wang04/ulyses_results_iteration/iteration_3_merge_below_3/cnn_model/cnn14/plasma_tp1_0.1x_model_C2/roc_curve_resnet18_tf_0.03_0.1/nested_cv_random/resnet18/repeat_10_fold_5_metrics.csv,2,2,resnet18,"(0.03, 0.1]",C2,Accuracy at 98% Specificity,0.6190322580645161
/scratchc/nrlab/wang04/ulyses_results_iteration/iteration_3_merge_below_3/cnn_model/cnn14/plasma_tp1_0.1x_model_C2/roc_curve_resnet18_tf_0.03_0.1/nested_cv_random/resnet18/repeat_10_fold_5_metrics.csv,2,2,resnet18,"(0.03, 0.1]",C2,F1 at 98% Specificity,0.41025641025641024
/scratchc/nrlab/wang04/ulyses_results_iteration/iteration_3_merge_below_3/cnn_model/cnn14/plasma_tp1_0.1x_model_C2/roc_curve_resnet18_tf_0.03_0.1/nested_cv_random/resnet18/repeat_10_fold_5_metrics.csv,2,2,resnet18,"(0.03, 0.1]",C2,Sensitivity at 95% Specificity,0.8387096774193549
/scratchc/nrlab/wang04/ulyses_results_iteration/iteration_3_merge_below_3/cnn_model/cnn14/plasma_tp1_0.1x_model_C2/roc_curve_resnet18_tf_0.03_0.1/nested_cv_random/resnet18/repeat_10_fold_5_metrics.csv,2,2,resnet18,"(0.03, 0.1]",C2,PPV at 95% Specificity,0.9285714285714286
/scratchc/nrlab/wang04/ulyses_results_iteration/iteration_3_merge_below_3/cnn_model/cnn14/plasma_tp1_0.1x_model_C2/roc_curve_resnet18_tf_0.03_0.1/nested_cv_random/resnet18/repeat_10_fold_5_metrics.csv,2,2,resnet18,"(0.03, 0.1]",C2,Accuracy at 95% Specificity,0.8807834101382488
/scratchc/nrlab/wang04/ulyses_results_iteration/iteration_3_merge_below_3/cnn_model/cnn14/plasma_tp1_0.1x_model_C2/roc_curve_resnet18_tf_0.03_0.1/nested_cv_random/resnet18/repeat_10_fold_5_metrics.csv,2,2,resnet18,"(0.03, 0.1]",C2,F1 at 95% Specificity,0.8813559322033898
/scratchc/nrlab/wang04/ulyses_results_iteration/iteration_3_merge_below_3/cnn_model/cnn14/plasma_tp1_0.1x_model_C2/roc_curve_resnet18_tf_0.03_0.1/nested_cv_random/resnet18/repeat_10_fold_5_metrics.csv,2,3,resnet18,"(0.03, 0.1]",C2,AUROC,0.9815573770491804
/scratchc/nrlab/wang04/ulyses_results_iteration/iteration_3_merge_below_3/cnn_model/cnn14/plasma_tp1_0.1x_model_C2/roc_curve_resnet18_tf_0.03_0.1/nested_cv_random/resnet18/repeat_10_fold_5_metrics.csv,2,3,resnet18,"(0.03, 0.1]",C2,AUPRC,0.9750417734877046
/scratchc/nrlab/wang04/ulyses_results_iteration/iteration_3_merge_below_3/cnn_model/cnn14/plasma_tp1_0.1x_model_C2/roc_curve_resnet18_tf_0.03_0.1/nested_cv_random/resnet18/repeat_10_fold_5_metrics.csv,2,3,resnet18,"(0.03, 0.1]",C2,Sensitivity at 99% Specificity,0.8
/scratchc/nrlab/wang04/ulyses_results_iteration/iteration_3_merge_below_3/cnn_model/cnn14/plasma_tp1_0.1x_model_C2/roc_curve_resnet18_tf_0.03_0.1/nested_cv_random/resnet18/repeat_10_fold_5_metrics.csv,2,3,resnet18,"(0.03, 0.1]",C2,PPV at 99% Specificity,1
/scratchc/nrlab/wang04/ulyses_results_iteration/iteration_3_merge_below_3/cnn_model/cnn14/plasma_tp1_0.1x_model_C2/roc_curve_resnet18_tf_0.03_0.1/nested_cv_random/resnet18/repeat_10_fold_5_metrics.csv,2,3,resnet18,"(0.03, 0.1]",C2,Accuracy at 99% Specificity,0.895
/scratchc/nrlab/wang04/ulyses_results_iteration/iteration_3_merge_below_3/cnn_model/cnn14/plasma_tp1_0.1x_model_C2/roc_curve_resnet18_tf_0.03_0.1/nested_cv_random/resnet18/repeat_10_fold_5_metrics.csv,2,3,resnet18,"(0.03, 0.1]",C2,F1 at 99% Specificity,0.8888888888888888
/scratchc/nrlab/wang04/ulyses_results_iteration/iteration_3_merge_below_3/cnn_model/cnn14/plasma_tp1_0.1x_model_C2/roc_curve_resnet18_tf_0.03_0.1/nested_cv_random/resnet18/repeat_10_fold_5_metrics.csv,2,3,resnet18,"(0.03, 0.1]",C2,Sensitivity at 98% Specificity,0.8
/scratchc/nrlab/wang04/ulyses_results_iteration/iteration_3_merge_below_3/cnn_model/cnn14/plasma_tp1_0.1x_model_C2/roc_curve_resnet18_tf_0.03_0.1/nested_cv_random/resnet18/repeat_10_fold_5_metrics.csv,2,3,resnet18,"(0.03, 0.1]",C2,PPV at 98% Specificity,1
/scratchc/nrlab/wang04/ulyses_results_iteration/iteration_3_merge_below_3/cnn_model/cnn14/plasma_tp1_0.1x_model_C2/roc_curve_resnet18_tf_0.03_0.1/nested_cv_random/resnet18/repeat_10_fold_5_metrics.csv,2,3,resnet18,"(0.03, 0.1]",C2,Accuracy at 98% Specificity,0.89
/scratchc/nrlab/wang04/ulyses_results_iteration/iteration_3_merge_below_3/cnn_model/cnn14/plasma_tp1_0.1x_model_C2/roc_curve_resnet18_tf_0.03_0.1/nested_cv_random/resnet18/repeat_10_fold_5_metrics.csv,2,3,resnet18,"(0.03, 0.1]",C2,F1 at 98% Specificity,0.8888888888888888
/scratchc/nrlab/wang04/ulyses_results_iteration/iteration_3_merge_below_3/cnn_model/cnn14/plasma_tp1_0.1x_model_C2/roc_curve_resnet18_tf_0.03_0.1/nested_cv_random/resnet18/repeat_10_fold_5_metrics.csv,2,3,resnet18,"(0.03, 0.1]",C2,Sensitivity at 95% Specificity,0.85
/scratchc/nrlab/wang04/ulyses_results_iteration/iteration_3_merge_below_3/cnn_model/cnn14/plasma_tp1_0.1x_model_C2/roc_curve_resnet18_tf_0.03_0.1/nested_cv_random/resnet18/repeat_10_fold_5_metrics.csv,2,3,resnet18,"(0.03, 0.1]",C2,PPV at 95% Specificity,0.9444444444444444
/scratchc/nrlab/wang04/ulyses_results_iteration/iteration_3_merge_below_3/cnn_model/cnn14/plasma_tp1_0.1x_model_C2/roc_curve_resnet18_tf_0.03_0.1/nested_cv_random/resnet18/repeat_10_fold_5_metrics.csv,2,3,resnet18,"(0.03, 0.1]",C2,Accuracy at 95% Specificity,0.8844262295081966
/scratchc/nrlab/wang04/ulyses_results_iteration/iteration_3_merge_below_3/cnn_model/cnn14/plasma_tp1_0.1x_model_C2/roc_curve_resnet18_tf_0.03_0.1/nested_cv_random/resnet18/repeat_10_fold_5_metrics.csv,2,3,resnet18,"(0.03, 0.1]",C2,F1 at 95% Specificity,0.8947368421052632
/scratchc/nrlab/wang04/ulyses_results_iteration/iteration_3_merge_below_3/cnn_model/cnn14/plasma_tp1_0.1x_model_C2/roc_curve_resnet18_tf_0.03_0.1/nested_cv_random/resnet18/repeat_10_fold_5_metrics.csv,2,4,resnet18,"(0.03, 0.1]",C2,AUROC,0.951082251082251
/scratchc/nrlab/wang04/ulyses_results_iteration/iteration_3_merge_below_3/cnn_model/cnn14/plasma_tp1_0.1x_model_C2/roc_curve_resnet18_tf_0.03_0.1/nested_cv_random/resnet18/repeat_10_fold_5_metrics.csv,2,4,resnet18,"(0.03, 0.1]",C2,AUPRC,0.9445833363595488
/scratchc/nrlab/wang04/ulyses_results_iteration/iteration_3_merge_below_3/cnn_model/cnn14/plasma_tp1_0.1x_model_C2/roc_curve_resnet18_tf_0.03_0.1/nested_cv_random/resnet18/repeat_10_fold_5_metrics.csv,2,4,resnet18,"(0.03, 0.1]",C2,Sensitivity at 99% Specificity,0.7428571428571429
/scratchc/nrlab/wang04/ulyses_results_iteration/iteration_3_merge_below_3/cnn_model/cnn14/plasma_tp1_0.1x_model_C2/roc_curve_resnet18_tf_0.03_0.1/nested_cv_random/resnet18/repeat_10_fold_5_metrics.csv,2,4,resnet18,"(0.03, 0.1]",C2,PPV at 99% Specificity,1
/scratchc/nrlab/wang04/ulyses_results_iteration/iteration_3_merge_below_3/cnn_model/cnn14/plasma_tp1_0.1x_model_C2/roc_curve_resnet18_tf_0.03_0.1/nested_cv_random/resnet18/repeat_10_fold_5_metrics.csv,2,4,resnet18,"(0.03, 0.1]",C2,Accuracy at 99% Specificity,0.8664285714285714
/scratchc/nrlab/wang04/ulyses_results_iteration/iteration_3_merge_below_3/cnn_model/cnn14/plasma_tp1_0.1x_model_C2/roc_curve_resnet18_tf_0.03_0.1/nested_cv_random/resnet18/repeat_10_fold_5_metrics.csv,2,4,resnet18,"(0.03, 0.1]",C2,F1 at 99% Specificity,0.8524590163934426
/scratchc/nrlab/wang04/ulyses_results_iteration/iteration_3_merge_below_3/cnn_model/cnn14/plasma_tp1_0.1x_model_C2/roc_curve_resnet18_tf_0.03_0.1/nested_cv_random/resnet18/repeat_10_fold_5_metrics.csv,2,4,resnet18,"(0.03, 0.1]",C2,Sensitivity at 98% Specificity,0.7428571428571429
/scratchc/nrlab/wang04/ulyses_results_iteration/iteration_3_merge_below_3/cnn_model/cnn14/plasma_tp1_0.1x_model_C2/roc_curve_resnet18_tf_0.03_0.1/nested_cv_random/resnet18/repeat_10_fold_5_metrics.csv,2,4,resnet18,"(0.03, 0.1]",C2,PPV at 98% Specificity,1
/scratchc/nrlab/wang04/ulyses_results_iteration/iteration_3_merge_below_3/cnn_model/cnn14/plasma_tp1_0.1x_model_C2/roc_curve_resnet18_tf_0.03_0.1/nested_cv_random/resnet18/repeat_10_fold_5_metrics.csv,2,4,resnet18,"(0.03, 0.1]",C2,Accuracy at 98% Specificity,0.8614285714285714
/scratchc/nrlab/wang04/ulyses_results_iteration/iteration_3_merge_below_3/cnn_model/cnn14/plasma_tp1_0.1x_model_C2/roc_curve_resnet18_tf_0.03_0.1/nested_cv_random/resnet18/repeat_10_fold_5_metrics.csv,2,4,resnet18,"(0.03, 0.1]",C2,F1 at 98% Specificity,0.8524590163934426
/scratchc/nrlab/wang04/ulyses_results_iteration/iteration_3_merge_below_3/cnn_model/cnn14/plasma_tp1_0.1x_model_C2/roc_curve_resnet18_tf_0.03_0.1/nested_cv_random/resnet18/repeat_10_fold_5_metrics.csv,2,4,resnet18,"(0.03, 0.1]",C2,Sensitivity at 95% Specificity,0.7428571428571429
/scratchc/nrlab/wang04/ulyses_results_iteration/iteration_3_merge_below_3/cnn_model/cnn14/plasma_tp1_0.1x_model_C2/roc_curve_resnet18_tf_0.03_0.1/nested_cv_random/resnet18/repeat_10_fold_5_metrics.csv,2,4,resnet18,"(0.03, 0.1]",C2,PPV at 95% Specificity,1
/scratchc/nrlab/wang04/ulyses_results_iteration/iteration_3_merge_below_3/cnn_model/cnn14/plasma_tp1_0.1x_model_C2/roc_curve_resnet18_tf_0.03_0.1/nested_cv_random/resnet18/repeat_10_fold_5_metrics.csv,2,4,resnet18,"(0.03, 0.1]",C2,Accuracy at 95% Specificity,0.8464285714285714
/scratchc/nrlab/wang04/ulyses_results_iteration/iteration_3_merge_below_3/cnn_model/cnn14/plasma_tp1_0.1x_model_C2/roc_curve_resnet18_tf_0.03_0.1/nested_cv_random/resnet18/repeat_10_fold_5_metrics.csv,2,4,resnet18,"(0.03, 0.1]",C2,F1 at 95% Specificity,0.8524590163934426
/scratchc/nrlab/wang04/ulyses_results_iteration/iteration_3_merge_below_3/cnn_model/cnn14/plasma_tp1_0.1x_model_C2/roc_curve_resnet18_tf_0.03_0.1/nested_cv_random/resnet18/repeat_10_fold_5_metrics.csv,2,5,resnet18,"(0.03, 0.1]",C2,AUROC,0.910655737704918
/scratchc/nrlab/wang04/ulyses_results_iteration/iteration_3_merge_below_3/cnn_model/cnn14/plasma_tp1_0.1x_model_C2/roc_curve_resnet18_tf_0.03_0.1/nested_cv_random/resnet18/repeat_10_fold_5_metrics.csv,2,5,resnet18,"(0.03, 0.1]",C2,AUPRC,0.9034574982731473
/scratchc/nrlab/wang04/ulyses_results_iteration/iteration_3_merge_below_3/cnn_model/cnn14/plasma_tp1_0.1x_model_C2/roc_curve_resnet18_tf_0.03_0.1/nested_cv_random/resnet18/repeat_10_fold_5_metrics.csv,2,5,resnet18,"(0.03, 0.1]",C2,Sensitivity at 99% Specificity,0.575
/scratchc/nrlab/wang04/ulyses_results_iteration/iteration_3_merge_below_3/cnn_model/cnn14/plasma_tp1_0.1x_model_C2/roc_curve_resnet18_tf_0.03_0.1/nested_cv_random/resnet18/repeat_10_fold_5_metrics.csv,2,5,resnet18,"(0.03, 0.1]",C2,PPV at 99% Specificity,1
/scratchc/nrlab/wang04/ulyses_results_iteration/iteration_3_merge_below_3/cnn_model/cnn14/plasma_tp1_0.1x_model_C2/roc_curve_resnet18_tf_0.03_0.1/nested_cv_random/resnet18/repeat_10_fold_5_metrics.csv,2,5,resnet18,"(0.03, 0.1]",C2,Accuracy at 99% Specificity,0.7825
/scratchc/nrlab/wang04/ulyses_results_iteration/iteration_3_merge_below_3/cnn_model/cnn14/plasma_tp1_0.1x_model_C2/roc_curve_resnet18_tf_0.03_0.1/nested_cv_random/resnet18/repeat_10_fold_5_metrics.csv,2,5,resnet18,"(0.03, 0.1]",C2,F1 at 99% Specificity,0.7301587301587301
/scratchc/nrlab/wang04/ulyses_results_iteration/iteration_3_merge_below_3/cnn_model/cnn14/plasma_tp1_0.1x_model_C2/roc_curve_resnet18_tf_0.03_0.1/nested_cv_random/resnet18/repeat_10_fold_5_metrics.csv,2,5,resnet18,"(0.03, 0.1]",C2,Sensitivity at 98% Specificity,0.575
/scratchc/nrlab/wang04/ulyses_results_iteration/iteration_3_merge_below_3/cnn_model/cnn14/plasma_tp1_0.1x_model_C2/roc_curve_resnet18_tf_0.03_0.1/nested_cv_random/resnet18/repeat_10_fold_5_metrics.csv,2,5,resnet18,"(0.03, 0.1]",C2,PPV at 98% Specificity,1
/scratchc/nrlab/wang04/ulyses_results_iteration/iteration_3_merge_below_3/cnn_model/cnn14/plasma_tp1_0.1x_model_C2/roc_curve_resnet18_tf_0.03_0.1/nested_cv_random/resnet18/repeat_10_fold_5_metrics.csv,2,5,resnet18,"(0.03, 0.1]",C2,Accuracy at 98% Specificity,0.7775
/scratchc/nrlab/wang04/ulyses_results_iteration/iteration_3_merge_below_3/cnn_model/cnn14/plasma_tp1_0.1x_model_C2/roc_curve_resnet18_tf_0.03_0.1/nested_cv_random/resnet18/repeat_10_fold_5_metrics.csv,2,5,resnet18,"(0.03, 0.1]",C2,F1 at 98% Specificity,0.7301587301587301
/scratchc/nrlab/wang04/ulyses_results_iteration/iteration_3_merge_below_3/cnn_model/cnn14/plasma_tp1_0.1x_model_C2/roc_curve_resnet18_tf_0.03_0.1/nested_cv_random/resnet18/repeat_10_fold_5_metrics.csv,2,5,resnet18,"(0.03, 0.1]",C2,Sensitivity at 95% Specificity,0.65
/scratchc/nrlab/wang04/ulyses_results_iteration/iteration_3_merge_below_3/cnn_model/cnn14/plasma_tp1_0.1x_model_C2/roc_curve_resnet18_tf_0.03_0.1/nested_cv_random/resnet18/repeat_10_fold_5_metrics.csv,2,5,resnet18,"(0.03, 0.1]",C2,PPV at 95% Specificity,0.896551724137931
/scratchc/nrlab/wang04/ulyses_results_iteration/iteration_3_merge_below_3/cnn_model/cnn14/plasma_tp1_0.1x_model_C2/roc_curve_resnet18_tf_0.03_0.1/nested_cv_random/resnet18/repeat_10_fold_5_metrics.csv,2,5,resnet18,"(0.03, 0.1]",C2,Accuracy at 95% Specificity,0.776639344262295
/scratchc/nrlab/wang04/ulyses_results_iteration/iteration_3_merge_below_3/cnn_model/cnn14/plasma_tp1_0.1x_model_C2/roc_curve_resnet18_tf_0.03_0.1/nested_cv_random/resnet18/repeat_10_fold_5_metrics.csv,2,5,resnet18,"(0.03, 0.1]",C2,F1 at 95% Specificity,0.7536231884057971
/scratchc/nrlab/wang04/ulyses_results_iteration/iteration_3_merge_below_3/cnn_model/cnn14/plasma_tp1_0.1x_model_C2/roc_curve_resnet18_tf_0.03_0.1/nested_cv_random/resnet18/repeat_10_fold_5_metrics.csv,3,1,resnet18,"(0.03, 0.1]",C2,AUROC,0.9511784511784512
/scratchc/nrlab/wang04/ulyses_results_iteration/iteration_3_merge_below_3/cnn_model/cnn14/plasma_tp1_0.1x_model_C2/roc_curve_resnet18_tf_0.03_0.1/nested_cv_random/resnet18/repeat_10_fold_5_metrics.csv,3,1,resnet18,"(0.03, 0.1]",C2,AUPRC,0.9400176920111444
/scratchc/nrlab/wang04/ulyses_results_iteration/iteration_3_merge_below_3/cnn_model/cnn14/plasma_tp1_0.1x_model_C2/roc_curve_resnet18_tf_0.03_0.1/nested_cv_random/resnet18/repeat_10_fold_5_metrics.csv,3,1,resnet18,"(0.03, 0.1]",C2,Sensitivity at 99% Specificity,0.5
/scratchc/nrlab/wang04/ulyses_results_iteration/iteration_3_merge_below_3/cnn_model/cnn14/plasma_tp1_0.1x_model_C2/roc_curve_resnet18_tf_0.03_0.1/nested_cv_random/resnet18/repeat_10_fold_5_metrics.csv,3,1,resnet18,"(0.03, 0.1]",C2,PPV at 99% Specificity,1
/scratchc/nrlab/wang04/ulyses_results_iteration/iteration_3_merge_below_3/cnn_model/cnn14/plasma_tp1_0.1x_model_C2/roc_curve_resnet18_tf_0.03_0.1/nested_cv_random/resnet18/repeat_10_fold_5_metrics.csv,3,1,resnet18,"(0.03, 0.1]",C2,Accuracy at 99% Specificity,0.745
/scratchc/nrlab/wang04/ulyses_results_iteration/iteration_3_merge_below_3/cnn_model/cnn14/plasma_tp1_0.1x_model_C2/roc_curve_resnet18_tf_0.03_0.1/nested_cv_random/resnet18/repeat_10_fold_5_metrics.csv,3,1,resnet18,"(0.03, 0.1]",C2,F1 at 99% Specificity,0.6666666666666666
/scratchc/nrlab/wang04/ulyses_results_iteration/iteration_3_merge_below_3/cnn_model/cnn14/plasma_tp1_0.1x_model_C2/roc_curve_resnet18_tf_0.03_0.1/nested_cv_random/resnet18/repeat_10_fold_5_metrics.csv,3,1,resnet18,"(0.03, 0.1]",C2,Sensitivity at 98% Specificity,0.5
/scratchc/nrlab/wang04/ulyses_results_iteration/iteration_3_merge_below_3/cnn_model/cnn14/plasma_tp1_0.1x_model_C2/roc_curve_resnet18_tf_0.03_0.1/nested_cv_random/resnet18/repeat_10_fold_5_metrics.csv,3,1,resnet18,"(0.03, 0.1]",C2,PPV at 98% Specificity,1
/scratchc/nrlab/wang04/ulyses_results_iteration/iteration_3_merge_below_3/cnn_model/cnn14/plasma_tp1_0.1x_model_C2/roc_curve_resnet18_tf_0.03_0.1/nested_cv_random/resnet18/repeat_10_fold_5_metrics.csv,3,1,resnet18,"(0.03, 0.1]",C2,Accuracy at 98% Specificity,0.74
/scratchc/nrlab/wang04/ulyses_results_iteration/iteration_3_merge_below_3/cnn_model/cnn14/plasma_tp1_0.1x_model_C2/roc_curve_resnet18_tf_0.03_0.1/nested_cv_random/resnet18/repeat_10_fold_5_metrics.csv,3,1,resnet18,"(0.03, 0.1]",C2,F1 at 98% Specificity,0.6666666666666666
/scratchc/nrlab/wang04/ulyses_results_iteration/iteration_3_merge_below_3/cnn_model/cnn14/plasma_tp1_0.1x_model_C2/roc_curve_resnet18_tf_0.03_0.1/nested_cv_random/resnet18/repeat_10_fold_5_metrics.csv,3,1,resnet18,"(0.03, 0.1]",C2,Sensitivity at 95% Specificity,0.7777777777777778
/scratchc/nrlab/wang04/ulyses_results_iteration/iteration_3_merge_below_3/cnn_model/cnn14/plasma_tp1_0.1x_model_C2/roc_curve_resnet18_tf_0.03_0.1/nested_cv_random/resnet18/repeat_10_fold_5_metrics.csv,3,1,resnet18,"(0.03, 0.1]",C2,PPV at 95% Specificity,0.9333333333333332
/scratchc/nrlab/wang04/ulyses_results_iteration/iteration_3_merge_below_3/cnn_model/cnn14/plasma_tp1_0.1x_model_C2/roc_curve_resnet18_tf_0.03_0.1/nested_cv_random/resnet18/repeat_10_fold_5_metrics.csv,3,1,resnet18,"(0.03, 0.1]",C2,Accuracy at 95% Specificity,0.8494949494949495
/scratchc/nrlab/wang04/ulyses_results_iteration/iteration_3_merge_below_3/cnn_model/cnn14/plasma_tp1_0.1x_model_C2/roc_curve_resnet18_tf_0.03_0.1/nested_cv_random/resnet18/repeat_10_fold_5_metrics.csv,3,1,resnet18,"(0.03, 0.1]",C2,F1 at 95% Specificity,0.8484848484848485
/scratchc/nrlab/wang04/ulyses_results_iteration/iteration_3_merge_below_3/cnn_model/cnn14/plasma_tp1_0.1x_model_C2/roc_curve_resnet18_tf_0.03_0.1/nested_cv_random/resnet18/repeat_10_fold_5_metrics.csv,3,2,resnet18,"(0.03, 0.1]",C2,AUROC,0.954112554112554
/scratchc/nrlab/wang04/ulyses_results_iteration/iteration_3_merge_below_3/cnn_model/cnn14/plasma_tp1_0.1x_model_C2/roc_curve_resnet18_tf_0.03_0.1/nested_cv_random/resnet18/repeat_10_fold_5_metrics.csv,3,2,resnet18,"(0.03, 0.1]",C2,AUPRC,0.9322354753070842
/scratchc/nrlab/wang04/ulyses_results_iteration/iteration_3_merge_below_3/cnn_model/cnn14/plasma_tp1_0.1x_model_C2/roc_curve_resnet18_tf_0.03_0.1/nested_cv_random/resnet18/repeat_10_fold_5_metrics.csv,3,2,resnet18,"(0.03, 0.1]",C2,Sensitivity at 99% Specificity,0.5714285714285714
/scratchc/nrlab/wang04/ulyses_results_iteration/iteration_3_merge_below_3/cnn_model/cnn14/plasma_tp1_0.1x_model_C2/roc_curve_resnet18_tf_0.03_0.1/nested_cv_random/resnet18/repeat_10_fold_5_metrics.csv,3,2,resnet18,"(0.03, 0.1]",C2,PPV at 99% Specificity,1
/scratchc/nrlab/wang04/ulyses_results_iteration/iteration_3_merge_below_3/cnn_model/cnn14/plasma_tp1_0.1x_model_C2/roc_curve_resnet18_tf_0.03_0.1/nested_cv_random/resnet18/repeat_10_fold_5_metrics.csv,3,2,resnet18,"(0.03, 0.1]",C2,Accuracy at 99% Specificity,0.7807142857142857
/scratchc/nrlab/wang04/ulyses_results_iteration/iteration_3_merge_below_3/cnn_model/cnn14/plasma_tp1_0.1x_model_C2/roc_curve_resnet18_tf_0.03_0.1/nested_cv_random/resnet18/repeat_10_fold_5_metrics.csv,3,2,resnet18,"(0.03, 0.1]",C2,F1 at 99% Specificity,0.7272727272727273
/scratchc/nrlab/wang04/ulyses_results_iteration/iteration_3_merge_below_3/cnn_model/cnn14/plasma_tp1_0.1x_model_C2/roc_curve_resnet18_tf_0.03_0.1/nested_cv_random/resnet18/repeat_10_fold_5_metrics.csv,3,2,resnet18,"(0.03, 0.1]",C2,Sensitivity at 98% Specificity,0.5714285714285714
/scratchc/nrlab/wang04/ulyses_results_iteration/iteration_3_merge_below_3/cnn_model/cnn14/plasma_tp1_0.1x_model_C2/roc_curve_resnet18_tf_0.03_0.1/nested_cv_random/resnet18/repeat_10_fold_5_metrics.csv,3,2,resnet18,"(0.03, 0.1]",C2,PPV at 98% Specificity,1
/scratchc/nrlab/wang04/ulyses_results_iteration/iteration_3_merge_below_3/cnn_model/cnn14/plasma_tp1_0.1x_model_C2/roc_curve_resnet18_tf_0.03_0.1/nested_cv_random/resnet18/repeat_10_fold_5_metrics.csv,3,2,resnet18,"(0.03, 0.1]",C2,Accuracy at 98% Specificity,0.7757142857142857
/scratchc/nrlab/wang04/ulyses_results_iteration/iteration_3_merge_below_3/cnn_model/cnn14/plasma_tp1_0.1x_model_C2/roc_curve_resnet18_tf_0.03_0.1/nested_cv_random/resnet18/repeat_10_fold_5_metrics.csv,3,2,resnet18,"(0.03, 0.1]",C2,F1 at 98% Specificity,0.7272727272727273
/scratchc/nrlab/wang04/ulyses_results_iteration/iteration_3_merge_below_3/cnn_model/cnn14/plasma_tp1_0.1x_model_C2/roc_curve_resnet18_tf_0.03_0.1/nested_cv_random/resnet18/repeat_10_fold_5_metrics.csv,3,2,resnet18,"(0.03, 0.1]",C2,Sensitivity at 95% Specificity,0.6857142857142857
/scratchc/nrlab/wang04/ulyses_results_iteration/iteration_3_merge_below_3/cnn_model/cnn14/plasma_tp1_0.1x_model_C2/roc_curve_resnet18_tf_0.03_0.1/nested_cv_random/resnet18/repeat_10_fold_5_metrics.csv,3,2,resnet18,"(0.03, 0.1]",C2,PPV at 95% Specificity,0.96
/scratchc/nrlab/wang04/ulyses_results_iteration/iteration_3_merge_below_3/cnn_model/cnn14/plasma_tp1_0.1x_model_C2/roc_curve_resnet18_tf_0.03_0.1/nested_cv_random/resnet18/repeat_10_fold_5_metrics.csv,3,2,resnet18,"(0.03, 0.1]",C2,Accuracy at 95% Specificity,0.8106601731601731
/scratchc/nrlab/wang04/ulyses_results_iteration/iteration_3_merge_below_3/cnn_model/cnn14/plasma_tp1_0.1x_model_C2/roc_curve_resnet18_tf_0.03_0.1/nested_cv_random/resnet18/repeat_10_fold_5_metrics.csv,3,2,resnet18,"(0.03, 0.1]",C2,F1 at 95% Specificity,0.8
/scratchc/nrlab/wang04/ulyses_results_iteration/iteration_3_merge_below_3/cnn_model/cnn14/plasma_tp1_0.1x_model_C2/roc_curve_resnet18_tf_0.03_0.1/nested_cv_random/resnet18/repeat_10_fold_5_metrics.csv,3,4,resnet18,"(0.03, 0.1]",C2,AUROC,0.9557226399331662
/scratchc/nrlab/wang04/ulyses_results_iteration/iteration_3_merge_below_3/cnn_model/cnn14/plasma_tp1_0.1x_model_C2/roc_curve_resnet18_tf_0.03_0.1/nested_cv_random/resnet18/repeat_10_fold_5_metrics.csv,3,4,resnet18,"(0.03, 0.1]",C2,AUPRC,0.9526140412912268
/scratchc/nrlab/wang04/ulyses_results_iteration/iteration_3_merge_below_3/cnn_model/cnn14/plasma_tp1_0.1x_model_C2/roc_curve_resnet18_tf_0.03_0.1/nested_cv_random/resnet18/repeat_10_fold_5_metrics.csv,3,4,resnet18,"(0.03, 0.1]",C2,Sensitivity at 99% Specificity,0.8421052631578947
/scratchc/nrlab/wang04/ulyses_results_iteration/iteration_3_merge_below_3/cnn_model/cnn14/plasma_tp1_0.1x_model_C2/roc_curve_resnet18_tf_0.03_0.1/nested_cv_random/resnet18/repeat_10_fold_5_metrics.csv,3,4,resnet18,"(0.03, 0.1]",C2,PPV at 99% Specificity,1
/scratchc/nrlab/wang04/ulyses_results_iteration/iteration_3_merge_below_3/cnn_model/cnn14/plasma_tp1_0.1x_model_C2/roc_curve_resnet18_tf_0.03_0.1/nested_cv_random/resnet18/repeat_10_fold_5_metrics.csv,3,4,resnet18,"(0.03, 0.1]",C2,Accuracy at 99% Specificity,0.9160526315789472
/scratchc/nrlab/wang04/ulyses_results_iteration/iteration_3_merge_below_3/cnn_model/cnn14/plasma_tp1_0.1x_model_C2/roc_curve_resnet18_tf_0.03_0.1/nested_cv_random/resnet18/repeat_10_fold_5_metrics.csv,3,4,resnet18,"(0.03, 0.1]",C2,F1 at 99% Specificity,0.9142857142857144
/scratchc/nrlab/wang04/ulyses_results_iteration/iteration_3_merge_below_3/cnn_model/cnn14/plasma_tp1_0.1x_model_C2/roc_curve_resnet18_tf_0.03_0.1/nested_cv_random/resnet18/repeat_10_fold_5_metrics.csv,3,4,resnet18,"(0.03, 0.1]",C2,Sensitivity at 98% Specificity,0.8421052631578947
/scratchc/nrlab/wang04/ulyses_results_iteration/iteration_3_merge_below_3/cnn_model/cnn14/plasma_tp1_0.1x_model_C2/roc_curve_resnet18_tf_0.03_0.1/nested_cv_random/resnet18/repeat_10_fold_5_metrics.csv,3,4,resnet18,"(0.03, 0.1]",C2,PPV at 98% Specificity,1
/scratchc/nrlab/wang04/ulyses_results_iteration/iteration_3_merge_below_3/cnn_model/cnn14/plasma_tp1_0.1x_model_C2/roc_curve_resnet18_tf_0.03_0.1/nested_cv_random/resnet18/repeat_10_fold_5_metrics.csv,3,4,resnet18,"(0.03, 0.1]",C2,Accuracy at 98% Specificity,0.9110526315789472
/scratchc/nrlab/wang04/ulyses_results_iteration/iteration_3_merge_below_3/cnn_model/cnn14/plasma_tp1_0.1x_model_C2/roc_curve_resnet18_tf_0.03_0.1/nested_cv_random/resnet18/repeat_10_fold_5_metrics.csv,3,4,resnet18,"(0.03, 0.1]",C2,F1 at 98% Specificity,0.9142857142857144
/scratchc/nrlab/wang04/ulyses_results_iteration/iteration_3_merge_below_3/cnn_model/cnn14/plasma_tp1_0.1x_model_C2/roc_curve_resnet18_tf_0.03_0.1/nested_cv_random/resnet18/repeat_10_fold_5_metrics.csv,3,4,resnet18,"(0.03, 0.1]",C2,Sensitivity at 95% Specificity,0.8421052631578947
/scratchc/nrlab/wang04/ulyses_results_iteration/iteration_3_merge_below_3/cnn_model/cnn14/plasma_tp1_0.1x_model_C2/roc_curve_resnet18_tf_0.03_0.1/nested_cv_random/resnet18/repeat_10_fold_5_metrics.csv,3,4,resnet18,"(0.03, 0.1]",C2,PPV at 95% Specificity,1
/scratchc/nrlab/wang04/ulyses_results_iteration/iteration_3_merge_below_3/cnn_model/cnn14/plasma_tp1_0.1x_model_C2/roc_curve_resnet18_tf_0.03_0.1/nested_cv_random/resnet18/repeat_10_fold_5_metrics.csv,3,4,resnet18,"(0.03, 0.1]",C2,Accuracy at 95% Specificity,0.8960526315789473
/scratchc/nrlab/wang04/ulyses_results_iteration/iteration_3_merge_below_3/cnn_model/cnn14/plasma_tp1_0.1x_model_C2/roc_curve_resnet18_tf_0.03_0.1/nested_cv_random/resnet18/repeat_10_fold_5_metrics.csv,3,4,resnet18,"(0.03, 0.1]",C2,F1 at 95% Specificity,0.9142857142857144
/scratchc/nrlab/wang04/ulyses_results_iteration/iteration_3_merge_below_3/cnn_model/cnn14/plasma_tp1_0.1x_model_C2/roc_curve_resnet18_tf_0.03_0.1/nested_cv_random/resnet18/repeat_10_fold_5_metrics.csv,4,1,resnet18,"(0.03, 0.1]",C2,AUROC,0.9569798068481123
/scratchc/nrlab/wang04/ulyses_results_iteration/iteration_3_merge_below_3/cnn_model/cnn14/plasma_tp1_0.1x_model_C2/roc_curve_resnet18_tf_0.03_0.1/nested_cv_random/resnet18/repeat_10_fold_5_metrics.csv,4,1,resnet18,"(0.03, 0.1]",C2,AUPRC,0.950945951079188
/scratchc/nrlab/wang04/ulyses_results_iteration/iteration_3_merge_below_3/cnn_model/cnn14/plasma_tp1_0.1x_model_C2/roc_curve_resnet18_tf_0.03_0.1/nested_cv_random/resnet18/repeat_10_fold_5_metrics.csv,4,1,resnet18,"(0.03, 0.1]",C2,Sensitivity at 99% Specificity,0.6470588235294118
/scratchc/nrlab/wang04/ulyses_results_iteration/iteration_3_merge_below_3/cnn_model/cnn14/plasma_tp1_0.1x_model_C2/roc_curve_resnet18_tf_0.03_0.1/nested_cv_random/resnet18/repeat_10_fold_5_metrics.csv,4,1,resnet18,"(0.03, 0.1]",C2,PPV at 99% Specificity,1
/scratchc/nrlab/wang04/ulyses_results_iteration/iteration_3_merge_below_3/cnn_model/cnn14/plasma_tp1_0.1x_model_C2/roc_curve_resnet18_tf_0.03_0.1/nested_cv_random/resnet18/repeat_10_fold_5_metrics.csv,4,1,resnet18,"(0.03, 0.1]",C2,Accuracy at 99% Specificity,0.818529411764706
/scratchc/nrlab/wang04/ulyses_results_iteration/iteration_3_merge_below_3/cnn_model/cnn14/plasma_tp1_0.1x_model_C2/roc_curve_resnet18_tf_0.03_0.1/nested_cv_random/resnet18/repeat_10_fold_5_metrics.csv,4,1,resnet18,"(0.03, 0.1]",C2,F1 at 99% Specificity,0.7857142857142857
/scratchc/nrlab/wang04/ulyses_results_iteration/iteration_3_merge_below_3/cnn_model/cnn14/plasma_tp1_0.1x_model_C2/roc_curve_resnet18_tf_0.03_0.1/nested_cv_random/resnet18/repeat_10_fold_5_metrics.csv,4,1,resnet18,"(0.03, 0.1]",C2,Sensitivity at 98% Specificity,0.6470588235294118
/scratchc/nrlab/wang04/ulyses_results_iteration/iteration_3_merge_below_3/cnn_model/cnn14/plasma_tp1_0.1x_model_C2/roc_curve_resnet18_tf_0.03_0.1/nested_cv_random/resnet18/repeat_10_fold_5_metrics.csv,4,1,resnet18,"(0.03, 0.1]",C2,PPV at 98% Specificity,1
/scratchc/nrlab/wang04/ulyses_results_iteration/iteration_3_merge_below_3/cnn_model/cnn14/plasma_tp1_0.1x_model_C2/roc_curve_resnet18_tf_0.03_0.1/nested_cv_random/resnet18/repeat_10_fold_5_metrics.csv,4,1,resnet18,"(0.03, 0.1]",C2,Accuracy at 98% Specificity,0.8135294117647058
/scratchc/nrlab/wang04/ulyses_results_iteration/iteration_3_merge_below_3/cnn_model/cnn14/plasma_tp1_0.1x_model_C2/roc_curve_resnet18_tf_0.03_0.1/nested_cv_random/resnet18/repeat_10_fold_5_metrics.csv,4,1,resnet18,"(0.03, 0.1]",C2,F1 at 98% Specificity,0.7857142857142857
/scratchc/nrlab/wang04/ulyses_results_iteration/iteration_3_merge_below_3/cnn_model/cnn14/plasma_tp1_0.1x_model_C2/roc_curve_resnet18_tf_0.03_0.1/nested_cv_random/resnet18/repeat_10_fold_5_metrics.csv,4,1,resnet18,"(0.03, 0.1]",C2,Sensitivity at 95% Specificity,0.8235294117647058
/scratchc/nrlab/wang04/ulyses_results_iteration/iteration_3_merge_below_3/cnn_model/cnn14/plasma_tp1_0.1x_model_C2/roc_curve_resnet18_tf_0.03_0.1/nested_cv_random/resnet18/repeat_10_fold_5_metrics.csv,4,1,resnet18,"(0.03, 0.1]",C2,PPV at 95% Specificity,0.9333333333333332
/scratchc/nrlab/wang04/ulyses_results_iteration/iteration_3_merge_below_3/cnn_model/cnn14/plasma_tp1_0.1x_model_C2/roc_curve_resnet18_tf_0.03_0.1/nested_cv_random/resnet18/repeat_10_fold_5_metrics.csv,4,1,resnet18,"(0.03, 0.1]",C2,Accuracy at 95% Specificity,0.872585601404741
/scratchc/nrlab/wang04/ulyses_results_iteration/iteration_3_merge_below_3/cnn_model/cnn14/plasma_tp1_0.1x_model_C2/roc_curve_resnet18_tf_0.03_0.1/nested_cv_random/resnet18/repeat_10_fold_5_metrics.csv,4,1,resnet18,"(0.03, 0.1]",C2,F1 at 95% Specificity,0.875
/scratchc/nrlab/wang04/ulyses_results_iteration/iteration_3_merge_below_3/cnn_model/cnn14/plasma_tp1_0.1x_model_C2/roc_curve_resnet18_tf_0.03_0.1/nested_cv_random/resnet18/repeat_10_fold_5_metrics.csv,4,5,resnet18,"(0.03, 0.1]",C2,AUROC,0.9184966216216216
/scratchc/nrlab/wang04/ulyses_results_iteration/iteration_3_merge_below_3/cnn_model/cnn14/plasma_tp1_0.1x_model_C2/roc_curve_resnet18_tf_0.03_0.1/nested_cv_random/resnet18/repeat_10_fold_5_metrics.csv,4,5,resnet18,"(0.03, 0.1]",C2,AUPRC,0.9146247477781316
/scratchc/nrlab/wang04/ulyses_results_iteration/iteration_3_merge_below_3/cnn_model/cnn14/plasma_tp1_0.1x_model_C2/roc_curve_resnet18_tf_0.03_0.1/nested_cv_random/resnet18/repeat_10_fold_5_metrics.csv,4,5,resnet18,"(0.03, 0.1]",C2,Sensitivity at 99% Specificity,0.5135135135135135
/scratchc/nrlab/wang04/ulyses_results_iteration/iteration_3_merge_below_3/cnn_model/cnn14/plasma_tp1_0.1x_model_C2/roc_curve_resnet18_tf_0.03_0.1/nested_cv_random/resnet18/repeat_10_fold_5_metrics.csv,4,5,resnet18,"(0.03, 0.1]",C2,PPV at 99% Specificity,1
/scratchc/nrlab/wang04/ulyses_results_iteration/iteration_3_merge_below_3/cnn_model/cnn14/plasma_tp1_0.1x_model_C2/roc_curve_resnet18_tf_0.03_0.1/nested_cv_random/resnet18/repeat_10_fold_5_metrics.csv,4,5,resnet18,"(0.03, 0.1]",C2,Accuracy at 99% Specificity,0.7517567567567567
/scratchc/nrlab/wang04/ulyses_results_iteration/iteration_3_merge_below_3/cnn_model/cnn14/plasma_tp1_0.1x_model_C2/roc_curve_resnet18_tf_0.03_0.1/nested_cv_random/resnet18/repeat_10_fold_5_metrics.csv,4,5,resnet18,"(0.03, 0.1]",C2,F1 at 99% Specificity,0.6785714285714286
/scratchc/nrlab/wang04/ulyses_results_iteration/iteration_3_merge_below_3/cnn_model/cnn14/plasma_tp1_0.1x_model_C2/roc_curve_resnet18_tf_0.03_0.1/nested_cv_random/resnet18/repeat_10_fold_5_metrics.csv,4,5,resnet18,"(0.03, 0.1]",C2,Sensitivity at 98% Specificity,0.5135135135135135
/scratchc/nrlab/wang04/ulyses_results_iteration/iteration_3_merge_below_3/cnn_model/cnn14/plasma_tp1_0.1x_model_C2/roc_curve_resnet18_tf_0.03_0.1/nested_cv_random/resnet18/repeat_10_fold_5_metrics.csv,4,5,resnet18,"(0.03, 0.1]",C2,PPV at 98% Specificity,1
/scratchc/nrlab/wang04/ulyses_results_iteration/iteration_3_merge_below_3/cnn_model/cnn14/plasma_tp1_0.1x_model_C2/roc_curve_resnet18_tf_0.03_0.1/nested_cv_random/resnet18/repeat_10_fold_5_metrics.csv,4,5,resnet18,"(0.03, 0.1]",C2,Accuracy at 98% Specificity,0.7467567567567568
/scratchc/nrlab/wang04/ulyses_results_iteration/iteration_3_merge_below_3/cnn_model/cnn14/plasma_tp1_0.1x_model_C2/roc_curve_resnet18_tf_0.03_0.1/nested_cv_random/resnet18/repeat_10_fold_5_metrics.csv,4,5,resnet18,"(0.03, 0.1]",C2,F1 at 98% Specificity,0.6785714285714286
/scratchc/nrlab/wang04/ulyses_results_iteration/iteration_3_merge_below_3/cnn_model/cnn14/plasma_tp1_0.1x_model_C2/roc_curve_resnet18_tf_0.03_0.1/nested_cv_random/resnet18/repeat_10_fold_5_metrics.csv,4,5,resnet18,"(0.03, 0.1]",C2,Sensitivity at 95% Specificity,0.7297297297297297
/scratchc/nrlab/wang04/ulyses_results_iteration/iteration_3_merge_below_3/cnn_model/cnn14/plasma_tp1_0.1x_model_C2/roc_curve_resnet18_tf_0.03_0.1/nested_cv_random/resnet18/repeat_10_fold_5_metrics.csv,4,5,resnet18,"(0.03, 0.1]",C2,PPV at 95% Specificity,0.9310344827586208
/scratchc/nrlab/wang04/ulyses_results_iteration/iteration_3_merge_below_3/cnn_model/cnn14/plasma_tp1_0.1x_model_C2/roc_curve_resnet18_tf_0.03_0.1/nested_cv_random/resnet18/repeat_10_fold_5_metrics.csv,4,5,resnet18,"(0.03, 0.1]",C2,Accuracy at 95% Specificity,0.8250211148648648
/scratchc/nrlab/wang04/ulyses_results_iteration/iteration_3_merge_below_3/cnn_model/cnn14/plasma_tp1_0.1x_model_C2/roc_curve_resnet18_tf_0.03_0.1/nested_cv_random/resnet18/repeat_10_fold_5_metrics.csv,4,5,resnet18,"(0.03, 0.1]",C2,F1 at 95% Specificity,0.8181818181818182
/scratchc/nrlab/wang04/ulyses_results_iteration/iteration_3_merge_below_3/cnn_model/cnn14/plasma_tp1_0.1x_model_C2/roc_curve_resnet18_tf_0.03_0.1/nested_cv_random/resnet18/repeat_10_fold_5_metrics.csv,5,1,resnet18,"(0.03, 0.1]",C2,AUROC,0.9613305613305614
/scratchc/nrlab/wang04/ulyses_results_iteration/iteration_3_merge_below_3/cnn_model/cnn14/plasma_tp1_0.1x_model_C2/roc_curve_resnet18_tf_0.03_0.1/nested_cv_random/resnet18/repeat_10_fold_5_metrics.csv,5,1,resnet18,"(0.03, 0.1]",C2,AUPRC,0.9518042155618404
/scratchc/nrlab/wang04/ulyses_results_iteration/iteration_3_merge_below_3/cnn_model/cnn14/plasma_tp1_0.1x_model_C2/roc_curve_resnet18_tf_0.03_0.1/nested_cv_random/resnet18/repeat_10_fold_5_metrics.csv,5,1,resnet18,"(0.03, 0.1]",C2,Sensitivity at 99% Specificity,0.5945945945945946
/scratchc/nrlab/wang04/ulyses_results_iteration/iteration_3_merge_below_3/cnn_model/cnn14/plasma_tp1_0.1x_model_C2/roc_curve_resnet18_tf_0.03_0.1/nested_cv_random/resnet18/repeat_10_fold_5_metrics.csv,5,1,resnet18,"(0.03, 0.1]",C2,PPV at 99% Specificity,1
/scratchc/nrlab/wang04/ulyses_results_iteration/iteration_3_merge_below_3/cnn_model/cnn14/plasma_tp1_0.1x_model_C2/roc_curve_resnet18_tf_0.03_0.1/nested_cv_random/resnet18/repeat_10_fold_5_metrics.csv,5,1,resnet18,"(0.03, 0.1]",C2,Accuracy at 99% Specificity,0.7922972972972973
/scratchc/nrlab/wang04/ulyses_results_iteration/iteration_3_merge_below_3/cnn_model/cnn14/plasma_tp1_0.1x_model_C2/roc_curve_resnet18_tf_0.03_0.1/nested_cv_random/resnet18/repeat_10_fold_5_metrics.csv,5,1,resnet18,"(0.03, 0.1]",C2,F1 at 99% Specificity,0.7457627118644068
/scratchc/nrlab/wang04/ulyses_results_iteration/iteration_3_merge_below_3/cnn_model/cnn14/plasma_tp1_0.1x_model_C2/roc_curve_resnet18_tf_0.03_0.1/nested_cv_random/resnet18/repeat_10_fold_5_metrics.csv,5,1,resnet18,"(0.03, 0.1]",C2,Sensitivity at 98% Specificity,0.5945945945945946
/scratchc/nrlab/wang04/ulyses_results_iteration/iteration_3_merge_below_3/cnn_model/cnn14/plasma_tp1_0.1x_model_C2/roc_curve_resnet18_tf_0.03_0.1/nested_cv_random/resnet18/repeat_10_fold_5_metrics.csv,5,1,resnet18,"(0.03, 0.1]",C2,PPV at 98% Specificity,1
/scratchc/nrlab/wang04/ulyses_results_iteration/iteration_3_merge_below_3/cnn_model/cnn14/plasma_tp1_0.1x_model_C2/roc_curve_resnet18_tf_0.03_0.1/nested_cv_random/resnet18/repeat_10_fold_5_metrics.csv,5,1,resnet18,"(0.03, 0.1]",C2,Accuracy at 98% Specificity,0.7872972972972974
/scratchc/nrlab/wang04/ulyses_results_iteration/iteration_3_merge_below_3/cnn_model/cnn14/plasma_tp1_0.1x_model_C2/roc_curve_resnet18_tf_0.03_0.1/nested_cv_random/resnet18/repeat_10_fold_5_metrics.csv,5,1,resnet18,"(0.03, 0.1]",C2,F1 at 98% Specificity,0.7457627118644068
/scratchc/nrlab/wang04/ulyses_results_iteration/iteration_3_merge_below_3/cnn_model/cnn14/plasma_tp1_0.1x_model_C2/roc_curve_resnet18_tf_0.03_0.1/nested_cv_random/resnet18/repeat_10_fold_5_metrics.csv,5,1,resnet18,"(0.03, 0.1]",C2,Sensitivity at 95% Specificity,0.8378378378378378
/scratchc/nrlab/wang04/ulyses_results_iteration/iteration_3_merge_below_3/cnn_model/cnn14/plasma_tp1_0.1x_model_C2/roc_curve_resnet18_tf_0.03_0.1/nested_cv_random/resnet18/repeat_10_fold_5_metrics.csv,5,1,resnet18,"(0.03, 0.1]",C2,PPV at 95% Specificity,0.9117647058823528
/scratchc/nrlab/wang04/ulyses_results_iteration/iteration_3_merge_below_3/cnn_model/cnn14/plasma_tp1_0.1x_model_C2/roc_curve_resnet18_tf_0.03_0.1/nested_cv_random/resnet18/repeat_10_fold_5_metrics.csv,5,1,resnet18,"(0.03, 0.1]",C2,Accuracy at 95% Specificity,0.871995841995842
/scratchc/nrlab/wang04/ulyses_results_iteration/iteration_3_merge_below_3/cnn_model/cnn14/plasma_tp1_0.1x_model_C2/roc_curve_resnet18_tf_0.03_0.1/nested_cv_random/resnet18/repeat_10_fold_5_metrics.csv,5,1,resnet18,"(0.03, 0.1]",C2,F1 at 95% Specificity,0.8732394366197183
/scratchc/nrlab/wang04/ulyses_results_iteration/iteration_3_merge_below_3/cnn_model/cnn14/plasma_tp1_0.1x_model_C2/roc_curve_resnet18_tf_0.03_0.1/nested_cv_random/resnet18/repeat_10_fold_5_metrics.csv,5,2,resnet18,"(0.03, 0.1]",C2,AUROC,0.9510822510822512
/scratchc/nrlab/wang04/ulyses_results_iteration/iteration_3_merge_below_3/cnn_model/cnn14/plasma_tp1_0.1x_model_C2/roc_curve_resnet18_tf_0.03_0.1/nested_cv_random/resnet18/repeat_10_fold_5_metrics.csv,5,2,resnet18,"(0.03, 0.1]",C2,AUPRC,0.9311627278207214
/scratchc/nrlab/wang04/ulyses_results_iteration/iteration_3_merge_below_3/cnn_model/cnn14/plasma_tp1_0.1x_model_C2/roc_curve_resnet18_tf_0.03_0.1/nested_cv_random/resnet18/repeat_10_fold_5_metrics.csv,5,2,resnet18,"(0.03, 0.1]",C2,Sensitivity at 99% Specificity,0.6571428571428571
/scratchc/nrlab/wang04/ulyses_results_iteration/iteration_3_merge_below_3/cnn_model/cnn14/plasma_tp1_0.1x_model_C2/roc_curve_resnet18_tf_0.03_0.1/nested_cv_random/resnet18/repeat_10_fold_5_metrics.csv,5,2,resnet18,"(0.03, 0.1]",C2,PPV at 99% Specificity,1
/scratchc/nrlab/wang04/ulyses_results_iteration/iteration_3_merge_below_3/cnn_model/cnn14/plasma_tp1_0.1x_model_C2/roc_curve_resnet18_tf_0.03_0.1/nested_cv_random/resnet18/repeat_10_fold_5_metrics.csv,5,2,resnet18,"(0.03, 0.1]",C2,Accuracy at 99% Specificity,0.8235714285714286
/scratchc/nrlab/wang04/ulyses_results_iteration/iteration_3_merge_below_3/cnn_model/cnn14/plasma_tp1_0.1x_model_C2/roc_curve_resnet18_tf_0.03_0.1/nested_cv_random/resnet18/repeat_10_fold_5_metrics.csv,5,2,resnet18,"(0.03, 0.1]",C2,F1 at 99% Specificity,0.7931034482758621
/scratchc/nrlab/wang04/ulyses_results_iteration/iteration_3_merge_below_3/cnn_model/cnn14/plasma_tp1_0.1x_model_C2/roc_curve_resnet18_tf_0.03_0.1/nested_cv_random/resnet18/repeat_10_fold_5_metrics.csv,5,2,resnet18,"(0.03, 0.1]",C2,Sensitivity at 98% Specificity,0.6571428571428571
/scratchc/nrlab/wang04/ulyses_results_iteration/iteration_3_merge_below_3/cnn_model/cnn14/plasma_tp1_0.1x_model_C2/roc_curve_resnet18_tf_0.03_0.1/nested_cv_random/resnet18/repeat_10_fold_5_metrics.csv,5,2,resnet18,"(0.03, 0.1]",C2,PPV at 98% Specificity,1
/scratchc/nrlab/wang04/ulyses_results_iteration/iteration_3_merge_below_3/cnn_model/cnn14/plasma_tp1_0.1x_model_C2/roc_curve_resnet18_tf_0.03_0.1/nested_cv_random/resnet18/repeat_10_fold_5_metrics.csv,5,2,resnet18,"(0.03, 0.1]",C2,Accuracy at 98% Specificity,0.8185714285714285
/scratchc/nrlab/wang04/ulyses_results_iteration/iteration_3_merge_below_3/cnn_model/cnn14/plasma_tp1_0.1x_model_C2/roc_curve_resnet18_tf_0.03_0.1/nested_cv_random/resnet18/repeat_10_fold_5_metrics.csv,5,2,resnet18,"(0.03, 0.1]",C2,F1 at 98% Specificity,0.7931034482758621
/scratchc/nrlab/wang04/ulyses_results_iteration/iteration_3_merge_below_3/cnn_model/cnn14/plasma_tp1_0.1x_model_C2/roc_curve_resnet18_tf_0.03_0.1/nested_cv_random/resnet18/repeat_10_fold_5_metrics.csv,5,2,resnet18,"(0.03, 0.1]",C2,Sensitivity at 95% Specificity,0.7428571428571429
/scratchc/nrlab/wang04/ulyses_results_iteration/iteration_3_merge_below_3/cnn_model/cnn14/plasma_tp1_0.1x_model_C2/roc_curve_resnet18_tf_0.03_0.1/nested_cv_random/resnet18/repeat_10_fold_5_metrics.csv,5,2,resnet18,"(0.03, 0.1]",C2,PPV at 95% Specificity,0.9285714285714286
/scratchc/nrlab/wang04/ulyses_results_iteration/iteration_3_merge_below_3/cnn_model/cnn14/plasma_tp1_0.1x_model_C2/roc_curve_resnet18_tf_0.03_0.1/nested_cv_random/resnet18/repeat_10_fold_5_metrics.csv,5,2,resnet18,"(0.03, 0.1]",C2,Accuracy at 95% Specificity,0.832034632034632
/scratchc/nrlab/wang04/ulyses_results_iteration/iteration_3_merge_below_3/cnn_model/cnn14/plasma_tp1_0.1x_model_C2/roc_curve_resnet18_tf_0.03_0.1/nested_cv_random/resnet18/repeat_10_fold_5_metrics.csv,5,2,resnet18,"(0.03, 0.1]",C2,F1 at 95% Specificity,0.8253968253968254
/scratchc/nrlab/wang04/ulyses_results_iteration/iteration_3_merge_below_3/cnn_model/cnn14/plasma_tp1_0.1x_model_C2/roc_curve_resnet18_tf_0.03_0.1/nested_cv_random/resnet18/repeat_10_fold_5_metrics.csv,5,4,resnet18,"(0.03, 0.1]",C2,AUROC,0.9431913116123642
/scratchc/nrlab/wang04/ulyses_results_iteration/iteration_3_merge_below_3/cnn_model/cnn14/plasma_tp1_0.1x_model_C2/roc_curve_resnet18_tf_0.03_0.1/nested_cv_random/resnet18/repeat_10_fold_5_metrics.csv,5,4,resnet18,"(0.03, 0.1]",C2,AUPRC,0.9505932136459706
/scratchc/nrlab/wang04/ulyses_results_iteration/iteration_3_merge_below_3/cnn_model/cnn14/plasma_tp1_0.1x_model_C2/roc_curve_resnet18_tf_0.03_0.1/nested_cv_random/resnet18/repeat_10_fold_5_metrics.csv,5,4,resnet18,"(0.03, 0.1]",C2,Sensitivity at 99% Specificity,0.6578947368421053
/scratchc/nrlab/wang04/ulyses_results_iteration/iteration_3_merge_below_3/cnn_model/cnn14/plasma_tp1_0.1x_model_C2/roc_curve_resnet18_tf_0.03_0.1/nested_cv_random/resnet18/repeat_10_fold_5_metrics.csv,5,4,resnet18,"(0.03, 0.1]",C2,PPV at 99% Specificity,1
/scratchc/nrlab/wang04/ulyses_results_iteration/iteration_3_merge_below_3/cnn_model/cnn14/plasma_tp1_0.1x_model_C2/roc_curve_resnet18_tf_0.03_0.1/nested_cv_random/resnet18/repeat_10_fold_5_metrics.csv,5,4,resnet18,"(0.03, 0.1]",C2,Accuracy at 99% Specificity,0.8239473684210527
/scratchc/nrlab/wang04/ulyses_results_iteration/iteration_3_merge_below_3/cnn_model/cnn14/plasma_tp1_0.1x_model_C2/roc_curve_resnet18_tf_0.03_0.1/nested_cv_random/resnet18/repeat_10_fold_5_metrics.csv,5,4,resnet18,"(0.03, 0.1]",C2,F1 at 99% Specificity,0.7936507936507936
/scratchc/nrlab/wang04/ulyses_results_iteration/iteration_3_merge_below_3/cnn_model/cnn14/plasma_tp1_0.1x_model_C2/roc_curve_resnet18_tf_0.03_0.1/nested_cv_random/resnet18/repeat_10_fold_5_metrics.csv,5,4,resnet18,"(0.03, 0.1]",C2,Sensitivity at 98% Specificity,0.6578947368421053
/scratchc/nrlab/wang04/ulyses_results_iteration/iteration_3_merge_below_3/cnn_model/cnn14/plasma_tp1_0.1x_model_C2/roc_curve_resnet18_tf_0.03_0.1/nested_cv_random/resnet18/repeat_10_fold_5_metrics.csv,5,4,resnet18,"(0.03, 0.1]",C2,PPV at 98% Specificity,1
/scratchc/nrlab/wang04/ulyses_results_iteration/iteration_3_merge_below_3/cnn_model/cnn14/plasma_tp1_0.1x_model_C2/roc_curve_resnet18_tf_0.03_0.1/nested_cv_random/resnet18/repeat_10_fold_5_metrics.csv,5,4,resnet18,"(0.03, 0.1]",C2,Accuracy at 98% Specificity,0.8189473684210526
/scratchc/nrlab/wang04/ulyses_results_iteration/iteration_3_merge_below_3/cnn_model/cnn14/plasma_tp1_0.1x_model_C2/roc_curve_resnet18_tf_0.03_0.1/nested_cv_random/resnet18/repeat_10_fold_5_metrics.csv,5,4,resnet18,"(0.03, 0.1]",C2,F1 at 98% Specificity,0.7936507936507936
/scratchc/nrlab/wang04/ulyses_results_iteration/iteration_3_merge_below_3/cnn_model/cnn14/plasma_tp1_0.1x_model_C2/roc_curve_resnet18_tf_0.03_0.1/nested_cv_random/resnet18/repeat_10_fold_5_metrics.csv,5,4,resnet18,"(0.03, 0.1]",C2,Sensitivity at 95% Specificity,0.8421052631578947
/scratchc/nrlab/wang04/ulyses_results_iteration/iteration_3_merge_below_3/cnn_model/cnn14/plasma_tp1_0.1x_model_C2/roc_curve_resnet18_tf_0.03_0.1/nested_cv_random/resnet18/repeat_10_fold_5_metrics.csv,5,4,resnet18,"(0.03, 0.1]",C2,PPV at 95% Specificity,0.9411764705882352
/scratchc/nrlab/wang04/ulyses_results_iteration/iteration_3_merge_below_3/cnn_model/cnn14/plasma_tp1_0.1x_model_C2/roc_curve_resnet18_tf_0.03_0.1/nested_cv_random/resnet18/repeat_10_fold_5_metrics.csv,5,4,resnet18,"(0.03, 0.1]",C2,Accuracy at 95% Specificity,0.8809732664995822
/scratchc/nrlab/wang04/ulyses_results_iteration/iteration_3_merge_below_3/cnn_model/cnn14/plasma_tp1_0.1x_model_C2/roc_curve_resnet18_tf_0.03_0.1/nested_cv_random/resnet18/repeat_10_fold_5_metrics.csv,5,4,resnet18,"(0.03, 0.1]",C2,F1 at 95% Specificity,0.8888888888888888
/scratchc/nrlab/wang04/ulyses_results_iteration/iteration_3_merge_below_3/cnn_model/cnn14/plasma_tp1_0.1x_model_C2/roc_curve_resnet18_tf_0.03_0.1/nested_cv_random/resnet18/repeat_10_fold_5_metrics.csv,5,5,resnet18,"(0.03, 0.1]",C2,AUROC,0.9565580618212196
/scratchc/nrlab/wang04/ulyses_results_iteration/iteration_3_merge_below_3/cnn_model/cnn14/plasma_tp1_0.1x_model_C2/roc_curve_resnet18_tf_0.03_0.1/nested_cv_random/resnet18/repeat_10_fold_5_metrics.csv,5,5,resnet18,"(0.03, 0.1]",C2,AUPRC,0.9553203367893364
/scratchc/nrlab/wang04/ulyses_results_iteration/iteration_3_merge_below_3/cnn_model/cnn14/plasma_tp1_0.1x_model_C2/roc_curve_resnet18_tf_0.03_0.1/nested_cv_random/resnet18/repeat_10_fold_5_metrics.csv,5,5,resnet18,"(0.03, 0.1]",C2,Sensitivity at 99% Specificity,0.7894736842105263
/scratchc/nrlab/wang04/ulyses_results_iteration/iteration_3_merge_below_3/cnn_model/cnn14/plasma_tp1_0.1x_model_C2/roc_curve_resnet18_tf_0.03_0.1/nested_cv_random/resnet18/repeat_10_fold_5_metrics.csv,5,5,resnet18,"(0.03, 0.1]",C2,PPV at 99% Specificity,1
/scratchc/nrlab/wang04/ulyses_results_iteration/iteration_3_merge_below_3/cnn_model/cnn14/plasma_tp1_0.1x_model_C2/roc_curve_resnet18_tf_0.03_0.1/nested_cv_random/resnet18/repeat_10_fold_5_metrics.csv,5,5,resnet18,"(0.03, 0.1]",C2,Accuracy at 99% Specificity,0.8897368421052632
/scratchc/nrlab/wang04/ulyses_results_iteration/iteration_3_merge_below_3/cnn_model/cnn14/plasma_tp1_0.1x_model_C2/roc_curve_resnet18_tf_0.03_0.1/nested_cv_random/resnet18/repeat_10_fold_5_metrics.csv,5,5,resnet18,"(0.03, 0.1]",C2,F1 at 99% Specificity,0.8823529411764706
/scratchc/nrlab/wang04/ulyses_results_iteration/iteration_3_merge_below_3/cnn_model/cnn14/plasma_tp1_0.1x_model_C2/roc_curve_resnet18_tf_0.03_0.1/nested_cv_random/resnet18/repeat_10_fold_5_metrics.csv,5,5,resnet18,"(0.03, 0.1]",C2,Sensitivity at 98% Specificity,0.7894736842105263
/scratchc/nrlab/wang04/ulyses_results_iteration/iteration_3_merge_below_3/cnn_model/cnn14/plasma_tp1_0.1x_model_C2/roc_curve_resnet18_tf_0.03_0.1/nested_cv_random/resnet18/repeat_10_fold_5_metrics.csv,5,5,resnet18,"(0.03, 0.1]",C2,PPV at 98% Specificity,1
/scratchc/nrlab/wang04/ulyses_results_iteration/iteration_3_merge_below_3/cnn_model/cnn14/plasma_tp1_0.1x_model_C2/roc_curve_resnet18_tf_0.03_0.1/nested_cv_random/resnet18/repeat_10_fold_5_metrics.csv,5,5,resnet18,"(0.03, 0.1]",C2,Accuracy at 98% Specificity,0.8847368421052632
/scratchc/nrlab/wang04/ulyses_results_iteration/iteration_3_merge_below_3/cnn_model/cnn14/plasma_tp1_0.1x_model_C2/roc_curve_resnet18_tf_0.03_0.1/nested_cv_random/resnet18/repeat_10_fold_5_metrics.csv,5,5,resnet18,"(0.03, 0.1]",C2,F1 at 98% Specificity,0.8823529411764706
/scratchc/nrlab/wang04/ulyses_results_iteration/iteration_3_merge_below_3/cnn_model/cnn14/plasma_tp1_0.1x_model_C2/roc_curve_resnet18_tf_0.03_0.1/nested_cv_random/resnet18/repeat_10_fold_5_metrics.csv,5,5,resnet18,"(0.03, 0.1]",C2,Sensitivity at 95% Specificity,0.8421052631578947
/scratchc/nrlab/wang04/ulyses_results_iteration/iteration_3_merge_below_3/cnn_model/cnn14/plasma_tp1_0.1x_model_C2/roc_curve_resnet18_tf_0.03_0.1/nested_cv_random/resnet18/repeat_10_fold_5_metrics.csv,5,5,resnet18,"(0.03, 0.1]",C2,PPV at 95% Specificity,0.9411764705882352
/scratchc/nrlab/wang04/ulyses_results_iteration/iteration_3_merge_below_3/cnn_model/cnn14/plasma_tp1_0.1x_model_C2/roc_curve_resnet18_tf_0.03_0.1/nested_cv_random/resnet18/repeat_10_fold_5_metrics.csv,5,5,resnet18,"(0.03, 0.1]",C2,Accuracy at 95% Specificity,0.8809732664995822
/scratchc/nrlab/wang04/ulyses_results_iteration/iteration_3_merge_below_3/cnn_model/cnn14/plasma_tp1_0.1x_model_C2/roc_curve_resnet18_tf_0.03_0.1/nested_cv_random/resnet18/repeat_10_fold_5_metrics.csv,5,5,resnet18,"(0.03, 0.1]",C2,F1 at 95% Specificity,0.8888888888888888
/scratchc/nrlab/wang04/ulyses_results_iteration/iteration_3_merge_below_3/cnn_model/cnn14/plasma_tp1_0.1x_model_C2/roc_curve_resnet18_tf_0.03_0.1/nested_cv_random/resnet18/repeat_10_fold_5_metrics.csv,6,1,resnet18,"(0.03, 0.1]",C2,AUROC,0.933080808080808
/scratchc/nrlab/wang04/ulyses_results_iteration/iteration_3_merge_below_3/cnn_model/cnn14/plasma_tp1_0.1x_model_C2/roc_curve_resnet18_tf_0.03_0.1/nested_cv_random/resnet18/repeat_10_fold_5_metrics.csv,6,1,resnet18,"(0.03, 0.1]",C2,AUPRC,0.917754614014624
/scratchc/nrlab/wang04/ulyses_results_iteration/iteration_3_merge_below_3/cnn_model/cnn14/plasma_tp1_0.1x_model_C2/roc_curve_resnet18_tf_0.03_0.1/nested_cv_random/resnet18/repeat_10_fold_5_metrics.csv,6,1,resnet18,"(0.03, 0.1]",C2,Sensitivity at 99% Specificity,0.5
/scratchc/nrlab/wang04/ulyses_results_iteration/iteration_3_merge_below_3/cnn_model/cnn14/plasma_tp1_0.1x_model_C2/roc_curve_resnet18_tf_0.03_0.1/nested_cv_random/resnet18/repeat_10_fold_5_metrics.csv,6,1,resnet18,"(0.03, 0.1]",C2,PPV at 99% Specificity,1
/scratchc/nrlab/wang04/ulyses_results_iteration/iteration_3_merge_below_3/cnn_model/cnn14/plasma_tp1_0.1x_model_C2/roc_curve_resnet18_tf_0.03_0.1/nested_cv_random/resnet18/repeat_10_fold_5_metrics.csv,6,1,resnet18,"(0.03, 0.1]",C2,Accuracy at 99% Specificity,0.745
/scratchc/nrlab/wang04/ulyses_results_iteration/iteration_3_merge_below_3/cnn_model/cnn14/plasma_tp1_0.1x_model_C2/roc_curve_resnet18_tf_0.03_0.1/nested_cv_random/resnet18/repeat_10_fold_5_metrics.csv,6,1,resnet18,"(0.03, 0.1]",C2,F1 at 99% Specificity,0.6666666666666666
/scratchc/nrlab/wang04/ulyses_results_iteration/iteration_3_merge_below_3/cnn_model/cnn14/plasma_tp1_0.1x_model_C2/roc_curve_resnet18_tf_0.03_0.1/nested_cv_random/resnet18/repeat_10_fold_5_metrics.csv,6,1,resnet18,"(0.03, 0.1]",C2,Sensitivity at 98% Specificity,0.5
/scratchc/nrlab/wang04/ulyses_results_iteration/iteration_3_merge_below_3/cnn_model/cnn14/plasma_tp1_0.1x_model_C2/roc_curve_resnet18_tf_0.03_0.1/nested_cv_random/resnet18/repeat_10_fold_5_metrics.csv,6,1,resnet18,"(0.03, 0.1]",C2,PPV at 98% Specificity,1
/scratchc/nrlab/wang04/ulyses_results_iteration/iteration_3_merge_below_3/cnn_model/cnn14/plasma_tp1_0.1x_model_C2/roc_curve_resnet18_tf_0.03_0.1/nested_cv_random/resnet18/repeat_10_fold_5_metrics.csv,6,1,resnet18,"(0.03, 0.1]",C2,Accuracy at 98% Specificity,0.74
/scratchc/nrlab/wang04/ulyses_results_iteration/iteration_3_merge_below_3/cnn_model/cnn14/plasma_tp1_0.1x_model_C2/roc_curve_resnet18_tf_0.03_0.1/nested_cv_random/resnet18/repeat_10_fold_5_metrics.csv,6,1,resnet18,"(0.03, 0.1]",C2,F1 at 98% Specificity,0.6666666666666666
/scratchc/nrlab/wang04/ulyses_results_iteration/iteration_3_merge_below_3/cnn_model/cnn14/plasma_tp1_0.1x_model_C2/roc_curve_resnet18_tf_0.03_0.1/nested_cv_random/resnet18/repeat_10_fold_5_metrics.csv,6,1,resnet18,"(0.03, 0.1]",C2,Sensitivity at 95% Specificity,0.7777777777777778
/scratchc/nrlab/wang04/ulyses_results_iteration/iteration_3_merge_below_3/cnn_model/cnn14/plasma_tp1_0.1x_model_C2/roc_curve_resnet18_tf_0.03_0.1/nested_cv_random/resnet18/repeat_10_fold_5_metrics.csv,6,1,resnet18,"(0.03, 0.1]",C2,PPV at 95% Specificity,0.9333333333333332
/scratchc/nrlab/wang04/ulyses_results_iteration/iteration_3_merge_below_3/cnn_model/cnn14/plasma_tp1_0.1x_model_C2/roc_curve_resnet18_tf_0.03_0.1/nested_cv_random/resnet18/repeat_10_fold_5_metrics.csv,6,1,resnet18,"(0.03, 0.1]",C2,Accuracy at 95% Specificity,0.8494949494949495
/scratchc/nrlab/wang04/ulyses_results_iteration/iteration_3_merge_below_3/cnn_model/cnn14/plasma_tp1_0.1x_model_C2/roc_curve_resnet18_tf_0.03_0.1/nested_cv_random/resnet18/repeat_10_fold_5_metrics.csv,6,1,resnet18,"(0.03, 0.1]",C2,F1 at 95% Specificity,0.8484848484848485
/scratchc/nrlab/wang04/ulyses_results_iteration/iteration_3_merge_below_3/cnn_model/cnn14/plasma_tp1_0.1x_model_C2/roc_curve_resnet18_tf_0.03_0.1/nested_cv_random/resnet18/repeat_10_fold_5_metrics.csv,6,2,resnet18,"(0.03, 0.1]",C2,AUROC,0.9297629499561018
/scratchc/nrlab/wang04/ulyses_results_iteration/iteration_3_merge_below_3/cnn_model/cnn14/plasma_tp1_0.1x_model_C2/roc_curve_resnet18_tf_0.03_0.1/nested_cv_random/resnet18/repeat_10_fold_5_metrics.csv,6,2,resnet18,"(0.03, 0.1]",C2,AUPRC,0.9139004286015128
/scratchc/nrlab/wang04/ulyses_results_iteration/iteration_3_merge_below_3/cnn_model/cnn14/plasma_tp1_0.1x_model_C2/roc_curve_resnet18_tf_0.03_0.1/nested_cv_random/resnet18/repeat_10_fold_5_metrics.csv,6,2,resnet18,"(0.03, 0.1]",C2,Sensitivity at 99% Specificity,0.6176470588235294
/scratchc/nrlab/wang04/ulyses_results_iteration/iteration_3_merge_below_3/cnn_model/cnn14/plasma_tp1_0.1x_model_C2/roc_curve_resnet18_tf_0.03_0.1/nested_cv_random/resnet18/repeat_10_fold_5_metrics.csv,6,2,resnet18,"(0.03, 0.1]",C2,PPV at 99% Specificity,1
/scratchc/nrlab/wang04/ulyses_results_iteration/iteration_3_merge_below_3/cnn_model/cnn14/plasma_tp1_0.1x_model_C2/roc_curve_resnet18_tf_0.03_0.1/nested_cv_random/resnet18/repeat_10_fold_5_metrics.csv,6,2,resnet18,"(0.03, 0.1]",C2,Accuracy at 99% Specificity,0.8038235294117647
/scratchc/nrlab/wang04/ulyses_results_iteration/iteration_3_merge_below_3/cnn_model/cnn14/plasma_tp1_0.1x_model_C2/roc_curve_resnet18_tf_0.03_0.1/nested_cv_random/resnet18/repeat_10_fold_5_metrics.csv,6,2,resnet18,"(0.03, 0.1]",C2,F1 at 99% Specificity,0.7636363636363637
/scratchc/nrlab/wang04/ulyses_results_iteration/iteration_3_merge_below_3/cnn_model/cnn14/plasma_tp1_0.1x_model_C2/roc_curve_resnet18_tf_0.03_0.1/nested_cv_random/resnet18/repeat_10_fold_5_metrics.csv,6,2,resnet18,"(0.03, 0.1]",C2,Sensitivity at 98% Specificity,0.6176470588235294
/scratchc/nrlab/wang04/ulyses_results_iteration/iteration_3_merge_below_3/cnn_model/cnn14/plasma_tp1_0.1x_model_C2/roc_curve_resnet18_tf_0.03_0.1/nested_cv_random/resnet18/repeat_10_fold_5_metrics.csv,6,2,resnet18,"(0.03, 0.1]",C2,PPV at 98% Specificity,1
/scratchc/nrlab/wang04/ulyses_results_iteration/iteration_3_merge_below_3/cnn_model/cnn14/plasma_tp1_0.1x_model_C2/roc_curve_resnet18_tf_0.03_0.1/nested_cv_random/resnet18/repeat_10_fold_5_metrics.csv,6,2,resnet18,"(0.03, 0.1]",C2,Accuracy at 98% Specificity,0.7988235294117647
/scratchc/nrlab/wang04/ulyses_results_iteration/iteration_3_merge_below_3/cnn_model/cnn14/plasma_tp1_0.1x_model_C2/roc_curve_resnet18_tf_0.03_0.1/nested_cv_random/resnet18/repeat_10_fold_5_metrics.csv,6,2,resnet18,"(0.03, 0.1]",C2,F1 at 98% Specificity,0.7636363636363637
/scratchc/nrlab/wang04/ulyses_results_iteration/iteration_3_merge_below_3/cnn_model/cnn14/plasma_tp1_0.1x_model_C2/roc_curve_resnet18_tf_0.03_0.1/nested_cv_random/resnet18/repeat_10_fold_5_metrics.csv,6,2,resnet18,"(0.03, 0.1]",C2,Sensitivity at 95% Specificity,0.7647058823529411
/scratchc/nrlab/wang04/ulyses_results_iteration/iteration_3_merge_below_3/cnn_model/cnn14/plasma_tp1_0.1x_model_C2/roc_curve_resnet18_tf_0.03_0.1/nested_cv_random/resnet18/repeat_10_fold_5_metrics.csv,6,2,resnet18,"(0.03, 0.1]",C2,PPV at 95% Specificity,0.9629629629629628
/scratchc/nrlab/wang04/ulyses_results_iteration/iteration_3_merge_below_3/cnn_model/cnn14/plasma_tp1_0.1x_model_C2/roc_curve_resnet18_tf_0.03_0.1/nested_cv_random/resnet18/repeat_10_fold_5_metrics.csv,6,2,resnet18,"(0.03, 0.1]",C2,Accuracy at 95% Specificity,0.8502633889376645
/scratchc/nrlab/wang04/ulyses_results_iteration/iteration_3_merge_below_3/cnn_model/cnn14/plasma_tp1_0.1x_model_C2/roc_curve_resnet18_tf_0.03_0.1/nested_cv_random/resnet18/repeat_10_fold_5_metrics.csv,6,2,resnet18,"(0.03, 0.1]",C2,F1 at 95% Specificity,0.8524590163934426
/scratchc/nrlab/wang04/ulyses_results_iteration/iteration_3_merge_below_3/cnn_model/cnn14/plasma_tp1_0.1x_model_C2/roc_curve_resnet18_tf_0.03_0.1/nested_cv_random/resnet18/repeat_10_fold_5_metrics.csv,6,3,resnet18,"(0.03, 0.1]",C2,AUROC,0.9902871621621622
/scratchc/nrlab/wang04/ulyses_results_iteration/iteration_3_merge_below_3/cnn_model/cnn14/plasma_tp1_0.1x_model_C2/roc_curve_resnet18_tf_0.03_0.1/nested_cv_random/resnet18/repeat_10_fold_5_metrics.csv,6,3,resnet18,"(0.03, 0.1]",C2,AUPRC,0.9842582386935956
/scratchc/nrlab/wang04/ulyses_results_iteration/iteration_3_merge_below_3/cnn_model/cnn14/plasma_tp1_0.1x_model_C2/roc_curve_resnet18_tf_0.03_0.1/nested_cv_random/resnet18/repeat_10_fold_5_metrics.csv,6,3,resnet18,"(0.03, 0.1]",C2,Sensitivity at 99% Specificity,0.7837837837837838
/scratchc/nrlab/wang04/ulyses_results_iteration/iteration_3_merge_below_3/cnn_model/cnn14/plasma_tp1_0.1x_model_C2/roc_curve_resnet18_tf_0.03_0.1/nested_cv_random/resnet18/repeat_10_fold_5_metrics.csv,6,3,resnet18,"(0.03, 0.1]",C2,PPV at 99% Specificity,1
/scratchc/nrlab/wang04/ulyses_results_iteration/iteration_3_merge_below_3/cnn_model/cnn14/plasma_tp1_0.1x_model_C2/roc_curve_resnet18_tf_0.03_0.1/nested_cv_random/resnet18/repeat_10_fold_5_metrics.csv,6,3,resnet18,"(0.03, 0.1]",C2,Accuracy at 99% Specificity,0.8868918918918919
/scratchc/nrlab/wang04/ulyses_results_iteration/iteration_3_merge_below_3/cnn_model/cnn14/plasma_tp1_0.1x_model_C2/roc_curve_resnet18_tf_0.03_0.1/nested_cv_random/resnet18/repeat_10_fold_5_metrics.csv,6,3,resnet18,"(0.03, 0.1]",C2,F1 at 99% Specificity,0.8787878787878788
/scratchc/nrlab/wang04/ulyses_results_iteration/iteration_3_merge_below_3/cnn_model/cnn14/plasma_tp1_0.1x_model_C2/roc_curve_resnet18_tf_0.03_0.1/nested_cv_random/resnet18/repeat_10_fold_5_metrics.csv,6,3,resnet18,"(0.03, 0.1]",C2,Sensitivity at 98% Specificity,0.7837837837837838
/scratchc/nrlab/wang04/ulyses_results_iteration/iteration_3_merge_below_3/cnn_model/cnn14/plasma_tp1_0.1x_model_C2/roc_curve_resnet18_tf_0.03_0.1/nested_cv_random/resnet18/repeat_10_fold_5_metrics.csv,6,3,resnet18,"(0.03, 0.1]",C2,PPV at 98% Specificity,1
/scratchc/nrlab/wang04/ulyses_results_iteration/iteration_3_merge_below_3/cnn_model/cnn14/plasma_tp1_0.1x_model_C2/roc_curve_resnet18_tf_0.03_0.1/nested_cv_random/resnet18/repeat_10_fold_5_metrics.csv,6,3,resnet18,"(0.03, 0.1]",C2,Accuracy at 98% Specificity,0.8818918918918919
/scratchc/nrlab/wang04/ulyses_results_iteration/iteration_3_merge_below_3/cnn_model/cnn14/plasma_tp1_0.1x_model_C2/roc_curve_resnet18_tf_0.03_0.1/nested_cv_random/resnet18/repeat_10_fold_5_metrics.csv,6,3,resnet18,"(0.03, 0.1]",C2,F1 at 98% Specificity,0.8787878787878788
/scratchc/nrlab/wang04/ulyses_results_iteration/iteration_3_merge_below_3/cnn_model/cnn14/plasma_tp1_0.1x_model_C2/roc_curve_resnet18_tf_0.03_0.1/nested_cv_random/resnet18/repeat_10_fold_5_metrics.csv,6,3,resnet18,"(0.03, 0.1]",C2,Sensitivity at 95% Specificity,0.8648648648648649
/scratchc/nrlab/wang04/ulyses_results_iteration/iteration_3_merge_below_3/cnn_model/cnn14/plasma_tp1_0.1x_model_C2/roc_curve_resnet18_tf_0.03_0.1/nested_cv_random/resnet18/repeat_10_fold_5_metrics.csv,6,3,resnet18,"(0.03, 0.1]",C2,PPV at 95% Specificity,0.9696969696969696
/scratchc/nrlab/wang04/ulyses_results_iteration/iteration_3_merge_below_3/cnn_model/cnn14/plasma_tp1_0.1x_model_C2/roc_curve_resnet18_tf_0.03_0.1/nested_cv_random/resnet18/repeat_10_fold_5_metrics.csv,6,3,resnet18,"(0.03, 0.1]",C2,Accuracy at 95% Specificity,0.9000105574324324
/scratchc/nrlab/wang04/ulyses_results_iteration/iteration_3_merge_below_3/cnn_model/cnn14/plasma_tp1_0.1x_model_C2/roc_curve_resnet18_tf_0.03_0.1/nested_cv_random/resnet18/repeat_10_fold_5_metrics.csv,6,3,resnet18,"(0.03, 0.1]",C2,F1 at 95% Specificity,0.9142857142857144
/scratchc/nrlab/wang04/ulyses_results_iteration/iteration_3_merge_below_3/cnn_model/cnn14/plasma_tp1_0.1x_model_C2/roc_curve_resnet18_tf_0.03_0.1/nested_cv_random/resnet18/repeat_10_fold_5_metrics.csv,6,4,resnet18,"(0.03, 0.1]",C2,AUROC,0.9072681704260652
/scratchc/nrlab/wang04/ulyses_results_iteration/iteration_3_merge_below_3/cnn_model/cnn14/plasma_tp1_0.1x_model_C2/roc_curve_resnet18_tf_0.03_0.1/nested_cv_random/resnet18/repeat_10_fold_5_metrics.csv,6,4,resnet18,"(0.03, 0.1]",C2,AUPRC,0.9089944282496868
/scratchc/nrlab/wang04/ulyses_results_iteration/iteration_3_merge_below_3/cnn_model/cnn14/plasma_tp1_0.1x_model_C2/roc_curve_resnet18_tf_0.03_0.1/nested_cv_random/resnet18/repeat_10_fold_5_metrics.csv,6,4,resnet18,"(0.03, 0.1]",C2,Sensitivity at 99% Specificity,0.6842105263157895
/scratchc/nrlab/wang04/ulyses_results_iteration/iteration_3_merge_below_3/cnn_model/cnn14/plasma_tp1_0.1x_model_C2/roc_curve_resnet18_tf_0.03_0.1/nested_cv_random/resnet18/repeat_10_fold_5_metrics.csv,6,4,resnet18,"(0.03, 0.1]",C2,PPV at 99% Specificity,1
/scratchc/nrlab/wang04/ulyses_results_iteration/iteration_3_merge_below_3/cnn_model/cnn14/plasma_tp1_0.1x_model_C2/roc_curve_resnet18_tf_0.03_0.1/nested_cv_random/resnet18/repeat_10_fold_5_metrics.csv,6,4,resnet18,"(0.03, 0.1]",C2,Accuracy at 99% Specificity,0.8371052631578948
/scratchc/nrlab/wang04/ulyses_results_iteration/iteration_3_merge_below_3/cnn_model/cnn14/plasma_tp1_0.1x_model_C2/roc_curve_resnet18_tf_0.03_0.1/nested_cv_random/resnet18/repeat_10_fold_5_metrics.csv,6,4,resnet18,"(0.03, 0.1]",C2,F1 at 99% Specificity,0.8125
/scratchc/nrlab/wang04/ulyses_results_iteration/iteration_3_merge_below_3/cnn_model/cnn14/plasma_tp1_0.1x_model_C2/roc_curve_resnet18_tf_0.03_0.1/nested_cv_random/resnet18/repeat_10_fold_5_metrics.csv,6,4,resnet18,"(0.03, 0.1]",C2,Sensitivity at 98% Specificity,0.6842105263157895
/scratchc/nrlab/wang04/ulyses_results_iteration/iteration_3_merge_below_3/cnn_model/cnn14/plasma_tp1_0.1x_model_C2/roc_curve_resnet18_tf_0.03_0.1/nested_cv_random/resnet18/repeat_10_fold_5_metrics.csv,6,4,resnet18,"(0.03, 0.1]",C2,PPV at 98% Specificity,1
/scratchc/nrlab/wang04/ulyses_results_iteration/iteration_3_merge_below_3/cnn_model/cnn14/plasma_tp1_0.1x_model_C2/roc_curve_resnet18_tf_0.03_0.1/nested_cv_random/resnet18/repeat_10_fold_5_metrics.csv,6,4,resnet18,"(0.03, 0.1]",C2,Accuracy at 98% Specificity,0.8321052631578947
/scratchc/nrlab/wang04/ulyses_results_iteration/iteration_3_merge_below_3/cnn_model/cnn14/plasma_tp1_0.1x_model_C2/roc_curve_resnet18_tf_0.03_0.1/nested_cv_random/resnet18/repeat_10_fold_5_metrics.csv,6,4,resnet18,"(0.03, 0.1]",C2,F1 at 98% Specificity,0.8125
/scratchc/nrlab/wang04/ulyses_results_iteration/iteration_3_merge_below_3/cnn_model/cnn14/plasma_tp1_0.1x_model_C2/roc_curve_resnet18_tf_0.03_0.1/nested_cv_random/resnet18/repeat_10_fold_5_metrics.csv,6,4,resnet18,"(0.03, 0.1]",C2,Sensitivity at 95% Specificity,0.7368421052631579
/scratchc/nrlab/wang04/ulyses_results_iteration/iteration_3_merge_below_3/cnn_model/cnn14/plasma_tp1_0.1x_model_C2/roc_curve_resnet18_tf_0.03_0.1/nested_cv_random/resnet18/repeat_10_fold_5_metrics.csv,6,4,resnet18,"(0.03, 0.1]",C2,PPV at 95% Specificity,0.9032258064516128
/scratchc/nrlab/wang04/ulyses_results_iteration/iteration_3_merge_below_3/cnn_model/cnn14/plasma_tp1_0.1x_model_C2/roc_curve_resnet18_tf_0.03_0.1/nested_cv_random/resnet18/repeat_10_fold_5_metrics.csv,6,4,resnet18,"(0.03, 0.1]",C2,Accuracy at 95% Specificity,0.8208020050125313
/scratchc/nrlab/wang04/ulyses_results_iteration/iteration_3_merge_below_3/cnn_model/cnn14/plasma_tp1_0.1x_model_C2/roc_curve_resnet18_tf_0.03_0.1/nested_cv_random/resnet18/repeat_10_fold_5_metrics.csv,6,4,resnet18,"(0.03, 0.1]",C2,F1 at 95% Specificity,0.8115942028985508
/scratchc/nrlab/wang04/ulyses_results_iteration/iteration_3_merge_below_3/cnn_model/cnn14/plasma_tp1_0.1x_model_C2/roc_curve_resnet18_tf_0.03_0.1/nested_cv_random/resnet18/repeat_10_fold_5_metrics.csv,7,1,resnet18,"(0.03, 0.1]",C2,AUROC,0.9594594594594597
/scratchc/nrlab/wang04/ulyses_results_iteration/iteration_3_merge_below_3/cnn_model/cnn14/plasma_tp1_0.1x_model_C2/roc_curve_resnet18_tf_0.03_0.1/nested_cv_random/resnet18/repeat_10_fold_5_metrics.csv,7,1,resnet18,"(0.03, 0.1]",C2,AUPRC,0.9530805610166664
/scratchc/nrlab/wang04/ulyses_results_iteration/iteration_3_merge_below_3/cnn_model/cnn14/plasma_tp1_0.1x_model_C2/roc_curve_resnet18_tf_0.03_0.1/nested_cv_random/resnet18/repeat_10_fold_5_metrics.csv,7,1,resnet18,"(0.03, 0.1]",C2,Sensitivity at 99% Specificity,0.5945945945945946
/scratchc/nrlab/wang04/ulyses_results_iteration/iteration_3_merge_below_3/cnn_model/cnn14/plasma_tp1_0.1x_model_C2/roc_curve_resnet18_tf_0.03_0.1/nested_cv_random/resnet18/repeat_10_fold_5_metrics.csv,7,1,resnet18,"(0.03, 0.1]",C2,PPV at 99% Specificity,1
/scratchc/nrlab/wang04/ulyses_results_iteration/iteration_3_merge_below_3/cnn_model/cnn14/plasma_tp1_0.1x_model_C2/roc_curve_resnet18_tf_0.03_0.1/nested_cv_random/resnet18/repeat_10_fold_5_metrics.csv,7,1,resnet18,"(0.03, 0.1]",C2,Accuracy at 99% Specificity,0.7922972972972973
/scratchc/nrlab/wang04/ulyses_results_iteration/iteration_3_merge_below_3/cnn_model/cnn14/plasma_tp1_0.1x_model_C2/roc_curve_resnet18_tf_0.03_0.1/nested_cv_random/resnet18/repeat_10_fold_5_metrics.csv,7,1,resnet18,"(0.03, 0.1]",C2,F1 at 99% Specificity,0.7457627118644068
/scratchc/nrlab/wang04/ulyses_results_iteration/iteration_3_merge_below_3/cnn_model/cnn14/plasma_tp1_0.1x_model_C2/roc_curve_resnet18_tf_0.03_0.1/nested_cv_random/resnet18/repeat_10_fold_5_metrics.csv,7,1,resnet18,"(0.03, 0.1]",C2,Sensitivity at 98% Specificity,0.5945945945945946
/scratchc/nrlab/wang04/ulyses_results_iteration/iteration_3_merge_below_3/cnn_model/cnn14/plasma_tp1_0.1x_model_C2/roc_curve_resnet18_tf_0.03_0.1/nested_cv_random/resnet18/repeat_10_fold_5_metrics.csv,7,1,resnet18,"(0.03, 0.1]",C2,PPV at 98% Specificity,1
/scratchc/nrlab/wang04/ulyses_results_iteration/iteration_3_merge_below_3/cnn_model/cnn14/plasma_tp1_0.1x_model_C2/roc_curve_resnet18_tf_0.03_0.1/nested_cv_random/resnet18/repeat_10_fold_5_metrics.csv,7,1,resnet18,"(0.03, 0.1]",C2,Accuracy at 98% Specificity,0.7872972972972974
/scratchc/nrlab/wang04/ulyses_results_iteration/iteration_3_merge_below_3/cnn_model/cnn14/plasma_tp1_0.1x_model_C2/roc_curve_resnet18_tf_0.03_0.1/nested_cv_random/resnet18/repeat_10_fold_5_metrics.csv,7,1,resnet18,"(0.03, 0.1]",C2,F1 at 98% Specificity,0.7457627118644068
/scratchc/nrlab/wang04/ulyses_results_iteration/iteration_3_merge_below_3/cnn_model/cnn14/plasma_tp1_0.1x_model_C2/roc_curve_resnet18_tf_0.03_0.1/nested_cv_random/resnet18/repeat_10_fold_5_metrics.csv,7,1,resnet18,"(0.03, 0.1]",C2,Sensitivity at 95% Specificity,0.6216216216216216
/scratchc/nrlab/wang04/ulyses_results_iteration/iteration_3_merge_below_3/cnn_model/cnn14/plasma_tp1_0.1x_model_C2/roc_curve_resnet18_tf_0.03_0.1/nested_cv_random/resnet18/repeat_10_fold_5_metrics.csv,7,1,resnet18,"(0.03, 0.1]",C2,PPV at 95% Specificity,0.9583333333333334
/scratchc/nrlab/wang04/ulyses_results_iteration/iteration_3_merge_below_3/cnn_model/cnn14/plasma_tp1_0.1x_model_C2/roc_curve_resnet18_tf_0.03_0.1/nested_cv_random/resnet18/repeat_10_fold_5_metrics.csv,7,1,resnet18,"(0.03, 0.1]",C2,Accuracy at 95% Specificity,0.7783889358108107
/scratchc/nrlab/wang04/ulyses_results_iteration/iteration_3_merge_below_3/cnn_model/cnn14/plasma_tp1_0.1x_model_C2/roc_curve_resnet18_tf_0.03_0.1/nested_cv_random/resnet18/repeat_10_fold_5_metrics.csv,7,1,resnet18,"(0.03, 0.1]",C2,F1 at 95% Specificity,0.7540983606557377
/scratchc/nrlab/wang04/ulyses_results_iteration/iteration_3_merge_below_3/cnn_model/cnn14/plasma_tp1_0.1x_model_C2/roc_curve_resnet18_tf_0.03_0.1/nested_cv_random/resnet18/repeat_10_fold_5_metrics.csv,7,2,resnet18,"(0.03, 0.1]",C2,AUROC,0.8883116883116884
/scratchc/nrlab/wang04/ulyses_results_iteration/iteration_3_merge_below_3/cnn_model/cnn14/plasma_tp1_0.1x_model_C2/roc_curve_resnet18_tf_0.03_0.1/nested_cv_random/resnet18/repeat_10_fold_5_metrics.csv,7,2,resnet18,"(0.03, 0.1]",C2,AUPRC,0.8858512023510444
/scratchc/nrlab/wang04/ulyses_results_iteration/iteration_3_merge_below_3/cnn_model/cnn14/plasma_tp1_0.1x_model_C2/roc_curve_resnet18_tf_0.03_0.1/nested_cv_random/resnet18/repeat_10_fold_5_metrics.csv,7,2,resnet18,"(0.03, 0.1]",C2,Sensitivity at 99% Specificity,0.6857142857142857
/scratchc/nrlab/wang04/ulyses_results_iteration/iteration_3_merge_below_3/cnn_model/cnn14/plasma_tp1_0.1x_model_C2/roc_curve_resnet18_tf_0.03_0.1/nested_cv_random/resnet18/repeat_10_fold_5_metrics.csv,7,2,resnet18,"(0.03, 0.1]",C2,PPV at 99% Specificity,1
/scratchc/nrlab/wang04/ulyses_results_iteration/iteration_3_merge_below_3/cnn_model/cnn14/plasma_tp1_0.1x_model_C2/roc_curve_resnet18_tf_0.03_0.1/nested_cv_random/resnet18/repeat_10_fold_5_metrics.csv,7,2,resnet18,"(0.03, 0.1]",C2,Accuracy at 99% Specificity,0.8378571428571429
/scratchc/nrlab/wang04/ulyses_results_iteration/iteration_3_merge_below_3/cnn_model/cnn14/plasma_tp1_0.1x_model_C2/roc_curve_resnet18_tf_0.03_0.1/nested_cv_random/resnet18/repeat_10_fold_5_metrics.csv,7,2,resnet18,"(0.03, 0.1]",C2,F1 at 99% Specificity,0.8135593220338984
/scratchc/nrlab/wang04/ulyses_results_iteration/iteration_3_merge_below_3/cnn_model/cnn14/plasma_tp1_0.1x_model_C2/roc_curve_resnet18_tf_0.03_0.1/nested_cv_random/resnet18/repeat_10_fold_5_metrics.csv,7,2,resnet18,"(0.03, 0.1]",C2,Sensitivity at 98% Specificity,0.6857142857142857
/scratchc/nrlab/wang04/ulyses_results_iteration/iteration_3_merge_below_3/cnn_model/cnn14/plasma_tp1_0.1x_model_C2/roc_curve_resnet18_tf_0.03_0.1/nested_cv_random/resnet18/repeat_10_fold_5_metrics.csv,7,2,resnet18,"(0.03, 0.1]",C2,PPV at 98% Specificity,1
/scratchc/nrlab/wang04/ulyses_results_iteration/iteration_3_merge_below_3/cnn_model/cnn14/plasma_tp1_0.1x_model_C2/roc_curve_resnet18_tf_0.03_0.1/nested_cv_random/resnet18/repeat_10_fold_5_metrics.csv,7,2,resnet18,"(0.03, 0.1]",C2,Accuracy at 98% Specificity,0.8328571428571429
/scratchc/nrlab/wang04/ulyses_results_iteration/iteration_3_merge_below_3/cnn_model/cnn14/plasma_tp1_0.1x_model_C2/roc_curve_resnet18_tf_0.03_0.1/nested_cv_random/resnet18/repeat_10_fold_5_metrics.csv,7,2,resnet18,"(0.03, 0.1]",C2,F1 at 98% Specificity,0.8135593220338984
/scratchc/nrlab/wang04/ulyses_results_iteration/iteration_3_merge_below_3/cnn_model/cnn14/plasma_tp1_0.1x_model_C2/roc_curve_resnet18_tf_0.03_0.1/nested_cv_random/resnet18/repeat_10_fold_5_metrics.csv,7,2,resnet18,"(0.03, 0.1]",C2,Sensitivity at 95% Specificity,0.7142857142857143
/scratchc/nrlab/wang04/ulyses_results_iteration/iteration_3_merge_below_3/cnn_model/cnn14/plasma_tp1_0.1x_model_C2/roc_curve_resnet18_tf_0.03_0.1/nested_cv_random/resnet18/repeat_10_fold_5_metrics.csv,7,2,resnet18,"(0.03, 0.1]",C2,PPV at 95% Specificity,0.925925925925926
/scratchc/nrlab/wang04/ulyses_results_iteration/iteration_3_merge_below_3/cnn_model/cnn14/plasma_tp1_0.1x_model_C2/roc_curve_resnet18_tf_0.03_0.1/nested_cv_random/resnet18/repeat_10_fold_5_metrics.csv,7,2,resnet18,"(0.03, 0.1]",C2,Accuracy at 95% Specificity,0.8177489177489177
/scratchc/nrlab/wang04/ulyses_results_iteration/iteration_3_merge_below_3/cnn_model/cnn14/plasma_tp1_0.1x_model_C2/roc_curve_resnet18_tf_0.03_0.1/nested_cv_random/resnet18/repeat_10_fold_5_metrics.csv,7,2,resnet18,"(0.03, 0.1]",C2,F1 at 95% Specificity,0.8064516129032258
/scratchc/nrlab/wang04/ulyses_results_iteration/iteration_3_merge_below_3/cnn_model/cnn14/plasma_tp1_0.1x_model_C2/roc_curve_resnet18_tf_0.03_0.1/nested_cv_random/resnet18/repeat_10_fold_5_metrics.csv,7,3,resnet18,"(0.03, 0.1]",C2,AUROC,0.9738045738045736
/scratchc/nrlab/wang04/ulyses_results_iteration/iteration_3_merge_below_3/cnn_model/cnn14/plasma_tp1_0.1x_model_C2/roc_curve_resnet18_tf_0.03_0.1/nested_cv_random/resnet18/repeat_10_fold_5_metrics.csv,7,3,resnet18,"(0.03, 0.1]",C2,AUPRC,0.9600694176834028
/scratchc/nrlab/wang04/ulyses_results_iteration/iteration_3_merge_below_3/cnn_model/cnn14/plasma_tp1_0.1x_model_C2/roc_curve_resnet18_tf_0.03_0.1/nested_cv_random/resnet18/repeat_10_fold_5_metrics.csv,7,3,resnet18,"(0.03, 0.1]",C2,Sensitivity at 99% Specificity,0.5675675675675675
/scratchc/nrlab/wang04/ulyses_results_iteration/iteration_3_merge_below_3/cnn_model/cnn14/plasma_tp1_0.1x_model_C2/roc_curve_resnet18_tf_0.03_0.1/nested_cv_random/resnet18/repeat_10_fold_5_metrics.csv,7,3,resnet18,"(0.03, 0.1]",C2,PPV at 99% Specificity,1
/scratchc/nrlab/wang04/ulyses_results_iteration/iteration_3_merge_below_3/cnn_model/cnn14/plasma_tp1_0.1x_model_C2/roc_curve_resnet18_tf_0.03_0.1/nested_cv_random/resnet18/repeat_10_fold_5_metrics.csv,7,3,resnet18,"(0.03, 0.1]",C2,Accuracy at 99% Specificity,0.7787837837837838
/scratchc/nrlab/wang04/ulyses_results_iteration/iteration_3_merge_below_3/cnn_model/cnn14/plasma_tp1_0.1x_model_C2/roc_curve_resnet18_tf_0.03_0.1/nested_cv_random/resnet18/repeat_10_fold_5_metrics.csv,7,3,resnet18,"(0.03, 0.1]",C2,F1 at 99% Specificity,0.7241379310344828
/scratchc/nrlab/wang04/ulyses_results_iteration/iteration_3_merge_below_3/cnn_model/cnn14/plasma_tp1_0.1x_model_C2/roc_curve_resnet18_tf_0.03_0.1/nested_cv_random/resnet18/repeat_10_fold_5_metrics.csv,7,3,resnet18,"(0.03, 0.1]",C2,Sensitivity at 98% Specificity,0.5675675675675675
/scratchc/nrlab/wang04/ulyses_results_iteration/iteration_3_merge_below_3/cnn_model/cnn14/plasma_tp1_0.1x_model_C2/roc_curve_resnet18_tf_0.03_0.1/nested_cv_random/resnet18/repeat_10_fold_5_metrics.csv,7,3,resnet18,"(0.03, 0.1]",C2,PPV at 98% Specificity,1
/scratchc/nrlab/wang04/ulyses_results_iteration/iteration_3_merge_below_3/cnn_model/cnn14/plasma_tp1_0.1x_model_C2/roc_curve_resnet18_tf_0.03_0.1/nested_cv_random/resnet18/repeat_10_fold_5_metrics.csv,7,3,resnet18,"(0.03, 0.1]",C2,Accuracy at 98% Specificity,0.7737837837837838
/scratchc/nrlab/wang04/ulyses_results_iteration/iteration_3_merge_below_3/cnn_model/cnn14/plasma_tp1_0.1x_model_C2/roc_curve_resnet18_tf_0.03_0.1/nested_cv_random/resnet18/repeat_10_fold_5_metrics.csv,7,3,resnet18,"(0.03, 0.1]",C2,F1 at 98% Specificity,0.7241379310344828
/scratchc/nrlab/wang04/ulyses_results_iteration/iteration_3_merge_below_3/cnn_model/cnn14/plasma_tp1_0.1x_model_C2/roc_curve_resnet18_tf_0.03_0.1/nested_cv_random/resnet18/repeat_10_fold_5_metrics.csv,7,3,resnet18,"(0.03, 0.1]",C2,Sensitivity at 95% Specificity,0.8918918918918919
/scratchc/nrlab/wang04/ulyses_results_iteration/iteration_3_merge_below_3/cnn_model/cnn14/plasma_tp1_0.1x_model_C2/roc_curve_resnet18_tf_0.03_0.1/nested_cv_random/resnet18/repeat_10_fold_5_metrics.csv,7,3,resnet18,"(0.03, 0.1]",C2,PPV at 95% Specificity,0.9428571428571428
/scratchc/nrlab/wang04/ulyses_results_iteration/iteration_3_merge_below_3/cnn_model/cnn14/plasma_tp1_0.1x_model_C2/roc_curve_resnet18_tf_0.03_0.1/nested_cv_random/resnet18/repeat_10_fold_5_metrics.csv,7,3,resnet18,"(0.03, 0.1]",C2,Accuracy at 95% Specificity,0.9063305613305612
/scratchc/nrlab/wang04/ulyses_results_iteration/iteration_3_merge_below_3/cnn_model/cnn14/plasma_tp1_0.1x_model_C2/roc_curve_resnet18_tf_0.03_0.1/nested_cv_random/resnet18/repeat_10_fold_5_metrics.csv,7,3,resnet18,"(0.03, 0.1]",C2,F1 at 95% Specificity,0.9166666666666666
/scratchc/nrlab/wang04/ulyses_results_iteration/iteration_3_merge_below_3/cnn_model/cnn14/plasma_tp1_0.1x_model_C2/roc_curve_resnet18_tf_0.03_0.1/nested_cv_random/resnet18/repeat_10_fold_5_metrics.csv,7,4,resnet18,"(0.03, 0.1]",C2,AUROC,0.9710338680926917
/scratchc/nrlab/wang04/ulyses_results_iteration/iteration_3_merge_below_3/cnn_model/cnn14/plasma_tp1_0.1x_model_C2/roc_curve_resnet18_tf_0.03_0.1/nested_cv_random/resnet18/repeat_10_fold_5_metrics.csv,7,4,resnet18,"(0.03, 0.1]",C2,AUPRC,0.9541996929657612
/scratchc/nrlab/wang04/ulyses_results_iteration/iteration_3_merge_below_3/cnn_model/cnn14/plasma_tp1_0.1x_model_C2/roc_curve_resnet18_tf_0.03_0.1/nested_cv_random/resnet18/repeat_10_fold_5_metrics.csv,7,4,resnet18,"(0.03, 0.1]",C2,Sensitivity at 99% Specificity,0.6666666666666666
/scratchc/nrlab/wang04/ulyses_results_iteration/iteration_3_merge_below_3/cnn_model/cnn14/plasma_tp1_0.1x_model_C2/roc_curve_resnet18_tf_0.03_0.1/nested_cv_random/resnet18/repeat_10_fold_5_metrics.csv,7,4,resnet18,"(0.03, 0.1]",C2,PPV at 99% Specificity,1
/scratchc/nrlab/wang04/ulyses_results_iteration/iteration_3_merge_below_3/cnn_model/cnn14/plasma_tp1_0.1x_model_C2/roc_curve_resnet18_tf_0.03_0.1/nested_cv_random/resnet18/repeat_10_fold_5_metrics.csv,7,4,resnet18,"(0.03, 0.1]",C2,Accuracy at 99% Specificity,0.8283333333333334
/scratchc/nrlab/wang04/ulyses_results_iteration/iteration_3_merge_below_3/cnn_model/cnn14/plasma_tp1_0.1x_model_C2/roc_curve_resnet18_tf_0.03_0.1/nested_cv_random/resnet18/repeat_10_fold_5_metrics.csv,7,4,resnet18,"(0.03, 0.1]",C2,F1 at 99% Specificity,0.8
/scratchc/nrlab/wang04/ulyses_results_iteration/iteration_3_merge_below_3/cnn_model/cnn14/plasma_tp1_0.1x_model_C2/roc_curve_resnet18_tf_0.03_0.1/nested_cv_random/resnet18/repeat_10_fold_5_metrics.csv,7,4,resnet18,"(0.03, 0.1]",C2,Sensitivity at 98% Specificity,0.6666666666666666
/scratchc/nrlab/wang04/ulyses_results_iteration/iteration_3_merge_below_3/cnn_model/cnn14/plasma_tp1_0.1x_model_C2/roc_curve_resnet18_tf_0.03_0.1/nested_cv_random/resnet18/repeat_10_fold_5_metrics.csv,7,4,resnet18,"(0.03, 0.1]",C2,PPV at 98% Specificity,1
/scratchc/nrlab/wang04/ulyses_results_iteration/iteration_3_merge_below_3/cnn_model/cnn14/plasma_tp1_0.1x_model_C2/roc_curve_resnet18_tf_0.03_0.1/nested_cv_random/resnet18/repeat_10_fold_5_metrics.csv,7,4,resnet18,"(0.03, 0.1]",C2,Accuracy at 98% Specificity,0.8233333333333333
/scratchc/nrlab/wang04/ulyses_results_iteration/iteration_3_merge_below_3/cnn_model/cnn14/plasma_tp1_0.1x_model_C2/roc_curve_resnet18_tf_0.03_0.1/nested_cv_random/resnet18/repeat_10_fold_5_metrics.csv,7,4,resnet18,"(0.03, 0.1]",C2,F1 at 98% Specificity,0.8
/scratchc/nrlab/wang04/ulyses_results_iteration/iteration_3_merge_below_3/cnn_model/cnn14/plasma_tp1_0.1x_model_C2/roc_curve_resnet18_tf_0.03_0.1/nested_cv_random/resnet18/repeat_10_fold_5_metrics.csv,7,4,resnet18,"(0.03, 0.1]",C2,Sensitivity at 95% Specificity,0.8484848484848485
/scratchc/nrlab/wang04/ulyses_results_iteration/iteration_3_merge_below_3/cnn_model/cnn14/plasma_tp1_0.1x_model_C2/roc_curve_resnet18_tf_0.03_0.1/nested_cv_random/resnet18/repeat_10_fold_5_metrics.csv,7,4,resnet18,"(0.03, 0.1]",C2,PPV at 95% Specificity,0.875
/scratchc/nrlab/wang04/ulyses_results_iteration/iteration_3_merge_below_3/cnn_model/cnn14/plasma_tp1_0.1x_model_C2/roc_curve_resnet18_tf_0.03_0.1/nested_cv_random/resnet18/repeat_10_fold_5_metrics.csv,7,4,resnet18,"(0.03, 0.1]",C2,Accuracy at 95% Specificity,0.871301247771836
/scratchc/nrlab/wang04/ulyses_results_iteration/iteration_3_merge_below_3/cnn_model/cnn14/plasma_tp1_0.1x_model_C2/roc_curve_resnet18_tf_0.03_0.1/nested_cv_random/resnet18/repeat_10_fold_5_metrics.csv,7,4,resnet18,"(0.03, 0.1]",C2,F1 at 95% Specificity,0.8615384615384616
/scratchc/nrlab/wang04/ulyses_results_iteration/iteration_3_merge_below_3/cnn_model/cnn14/plasma_tp1_0.1x_model_C2/roc_curve_resnet18_tf_0.03_0.1/nested_cv_random/resnet18/repeat_10_fold_5_metrics.csv,7,5,resnet18,"(0.03, 0.1]",C2,AUROC,0.9210090984284532
/scratchc/nrlab/wang04/ulyses_results_iteration/iteration_3_merge_below_3/cnn_model/cnn14/plasma_tp1_0.1x_model_C2/roc_curve_resnet18_tf_0.03_0.1/nested_cv_random/resnet18/repeat_10_fold_5_metrics.csv,7,5,resnet18,"(0.03, 0.1]",C2,AUPRC,0.9205308839828285
/scratchc/nrlab/wang04/ulyses_results_iteration/iteration_3_merge_below_3/cnn_model/cnn14/plasma_tp1_0.1x_model_C2/roc_curve_resnet18_tf_0.03_0.1/nested_cv_random/resnet18/repeat_10_fold_5_metrics.csv,7,5,resnet18,"(0.03, 0.1]",C2,Sensitivity at 99% Specificity,0.6923076923076923
/scratchc/nrlab/wang04/ulyses_results_iteration/iteration_3_merge_below_3/cnn_model/cnn14/plasma_tp1_0.1x_model_C2/roc_curve_resnet18_tf_0.03_0.1/nested_cv_random/resnet18/repeat_10_fold_5_metrics.csv,7,5,resnet18,"(0.03, 0.1]",C2,PPV at 99% Specificity,1
/scratchc/nrlab/wang04/ulyses_results_iteration/iteration_3_merge_below_3/cnn_model/cnn14/plasma_tp1_0.1x_model_C2/roc_curve_resnet18_tf_0.03_0.1/nested_cv_random/resnet18/repeat_10_fold_5_metrics.csv,7,5,resnet18,"(0.03, 0.1]",C2,Accuracy at 99% Specificity,0.8411538461538461
/scratchc/nrlab/wang04/ulyses_results_iteration/iteration_3_merge_below_3/cnn_model/cnn14/plasma_tp1_0.1x_model_C2/roc_curve_resnet18_tf_0.03_0.1/nested_cv_random/resnet18/repeat_10_fold_5_metrics.csv,7,5,resnet18,"(0.03, 0.1]",C2,F1 at 99% Specificity,0.8181818181818182
/scratchc/nrlab/wang04/ulyses_results_iteration/iteration_3_merge_below_3/cnn_model/cnn14/plasma_tp1_0.1x_model_C2/roc_curve_resnet18_tf_0.03_0.1/nested_cv_random/resnet18/repeat_10_fold_5_metrics.csv,7,5,resnet18,"(0.03, 0.1]",C2,Sensitivity at 98% Specificity,0.6923076923076923
/scratchc/nrlab/wang04/ulyses_results_iteration/iteration_3_merge_below_3/cnn_model/cnn14/plasma_tp1_0.1x_model_C2/roc_curve_resnet18_tf_0.03_0.1/nested_cv_random/resnet18/repeat_10_fold_5_metrics.csv,7,5,resnet18,"(0.03, 0.1]",C2,PPV at 98% Specificity,1
/scratchc/nrlab/wang04/ulyses_results_iteration/iteration_3_merge_below_3/cnn_model/cnn14/plasma_tp1_0.1x_model_C2/roc_curve_resnet18_tf_0.03_0.1/nested_cv_random/resnet18/repeat_10_fold_5_metrics.csv,7,5,resnet18,"(0.03, 0.1]",C2,Accuracy at 98% Specificity,0.8361538461538461
/scratchc/nrlab/wang04/ulyses_results_iteration/iteration_3_merge_below_3/cnn_model/cnn14/plasma_tp1_0.1x_model_C2/roc_curve_resnet18_tf_0.03_0.1/nested_cv_random/resnet18/repeat_10_fold_5_metrics.csv,7,5,resnet18,"(0.03, 0.1]",C2,F1 at 98% Specificity,0.8181818181818182
/scratchc/nrlab/wang04/ulyses_results_iteration/iteration_3_merge_below_3/cnn_model/cnn14/plasma_tp1_0.1x_model_C2/roc_curve_resnet18_tf_0.03_0.1/nested_cv_random/resnet18/repeat_10_fold_5_metrics.csv,7,5,resnet18,"(0.03, 0.1]",C2,Sensitivity at 95% Specificity,0.7435897435897436
/scratchc/nrlab/wang04/ulyses_results_iteration/iteration_3_merge_below_3/cnn_model/cnn14/plasma_tp1_0.1x_model_C2/roc_curve_resnet18_tf_0.03_0.1/nested_cv_random/resnet18/repeat_10_fold_5_metrics.csv,7,5,resnet18,"(0.03, 0.1]",C2,PPV at 95% Specificity,0.90625
/scratchc/nrlab/wang04/ulyses_results_iteration/iteration_3_merge_below_3/cnn_model/cnn14/plasma_tp1_0.1x_model_C2/roc_curve_resnet18_tf_0.03_0.1/nested_cv_random/resnet18/repeat_10_fold_5_metrics.csv,7,5,resnet18,"(0.03, 0.1]",C2,Accuracy at 95% Specificity,0.8238110008271299
/scratchc/nrlab/wang04/ulyses_results_iteration/iteration_3_merge_below_3/cnn_model/cnn14/plasma_tp1_0.1x_model_C2/roc_curve_resnet18_tf_0.03_0.1/nested_cv_random/resnet18/repeat_10_fold_5_metrics.csv,7,5,resnet18,"(0.03, 0.1]",C2,F1 at 95% Specificity,0.8169014084507042
/scratchc/nrlab/wang04/ulyses_results_iteration/iteration_3_merge_below_3/cnn_model/cnn14/plasma_tp1_0.1x_model_C2/roc_curve_resnet18_tf_0.03_0.1/nested_cv_random/resnet18/repeat_10_fold_5_metrics.csv,8,1,resnet18,"(0.03, 0.1]",C2,AUROC,0.9583333333333334
/scratchc/nrlab/wang04/ulyses_results_iteration/iteration_3_merge_below_3/cnn_model/cnn14/plasma_tp1_0.1x_model_C2/roc_curve_resnet18_tf_0.03_0.1/nested_cv_random/resnet18/repeat_10_fold_5_metrics.csv,8,1,resnet18,"(0.03, 0.1]",C2,AUPRC,0.9481493934065393
/scratchc/nrlab/wang04/ulyses_results_iteration/iteration_3_merge_below_3/cnn_model/cnn14/plasma_tp1_0.1x_model_C2/roc_curve_resnet18_tf_0.03_0.1/nested_cv_random/resnet18/repeat_10_fold_5_metrics.csv,8,1,resnet18,"(0.03, 0.1]",C2,Sensitivity at 99% Specificity,0.6666666666666666
/scratchc/nrlab/wang04/ulyses_results_iteration/iteration_3_merge_below_3/cnn_model/cnn14/plasma_tp1_0.1x_model_C2/roc_curve_resnet18_tf_0.03_0.1/nested_cv_random/resnet18/repeat_10_fold_5_metrics.csv,8,1,resnet18,"(0.03, 0.1]",C2,PPV at 99% Specificity,1
/scratchc/nrlab/wang04/ulyses_results_iteration/iteration_3_merge_below_3/cnn_model/cnn14/plasma_tp1_0.1x_model_C2/roc_curve_resnet18_tf_0.03_0.1/nested_cv_random/resnet18/repeat_10_fold_5_metrics.csv,8,1,resnet18,"(0.03, 0.1]",C2,Accuracy at 99% Specificity,0.8283333333333334
/scratchc/nrlab/wang04/ulyses_results_iteration/iteration_3_merge_below_3/cnn_model/cnn14/plasma_tp1_0.1x_model_C2/roc_curve_resnet18_tf_0.03_0.1/nested_cv_random/resnet18/repeat_10_fold_5_metrics.csv,8,1,resnet18,"(0.03, 0.1]",C2,F1 at 99% Specificity,0.8
/scratchc/nrlab/wang04/ulyses_results_iteration/iteration_3_merge_below_3/cnn_model/cnn14/plasma_tp1_0.1x_model_C2/roc_curve_resnet18_tf_0.03_0.1/nested_cv_random/resnet18/repeat_10_fold_5_metrics.csv,8,1,resnet18,"(0.03, 0.1]",C2,Sensitivity at 98% Specificity,0.6666666666666666
/scratchc/nrlab/wang04/ulyses_results_iteration/iteration_3_merge_below_3/cnn_model/cnn14/plasma_tp1_0.1x_model_C2/roc_curve_resnet18_tf_0.03_0.1/nested_cv_random/resnet18/repeat_10_fold_5_metrics.csv,8,1,resnet18,"(0.03, 0.1]",C2,PPV at 98% Specificity,1
/scratchc/nrlab/wang04/ulyses_results_iteration/iteration_3_merge_below_3/cnn_model/cnn14/plasma_tp1_0.1x_model_C2/roc_curve_resnet18_tf_0.03_0.1/nested_cv_random/resnet18/repeat_10_fold_5_metrics.csv,8,1,resnet18,"(0.03, 0.1]",C2,Accuracy at 98% Specificity,0.8233333333333333
/scratchc/nrlab/wang04/ulyses_results_iteration/iteration_3_merge_below_3/cnn_model/cnn14/plasma_tp1_0.1x_model_C2/roc_curve_resnet18_tf_0.03_0.1/nested_cv_random/resnet18/repeat_10_fold_5_metrics.csv,8,1,resnet18,"(0.03, 0.1]",C2,F1 at 98% Specificity,0.8
/scratchc/nrlab/wang04/ulyses_results_iteration/iteration_3_merge_below_3/cnn_model/cnn14/plasma_tp1_0.1x_model_C2/roc_curve_resnet18_tf_0.03_0.1/nested_cv_random/resnet18/repeat_10_fold_5_metrics.csv,8,1,resnet18,"(0.03, 0.1]",C2,Sensitivity at 95% Specificity,0.8055555555555556
/scratchc/nrlab/wang04/ulyses_results_iteration/iteration_3_merge_below_3/cnn_model/cnn14/plasma_tp1_0.1x_model_C2/roc_curve_resnet18_tf_0.03_0.1/nested_cv_random/resnet18/repeat_10_fold_5_metrics.csv,8,1,resnet18,"(0.03, 0.1]",C2,PPV at 95% Specificity,0.935483870967742
/scratchc/nrlab/wang04/ulyses_results_iteration/iteration_3_merge_below_3/cnn_model/cnn14/plasma_tp1_0.1x_model_C2/roc_curve_resnet18_tf_0.03_0.1/nested_cv_random/resnet18/repeat_10_fold_5_metrics.csv,8,1,resnet18,"(0.03, 0.1]",C2,Accuracy at 95% Specificity,0.8633838383838384
/scratchc/nrlab/wang04/ulyses_results_iteration/iteration_3_merge_below_3/cnn_model/cnn14/plasma_tp1_0.1x_model_C2/roc_curve_resnet18_tf_0.03_0.1/nested_cv_random/resnet18/repeat_10_fold_5_metrics.csv,8,1,resnet18,"(0.03, 0.1]",C2,F1 at 95% Specificity,0.8656716417910447
/scratchc/nrlab/wang04/ulyses_results_iteration/iteration_3_merge_below_3/cnn_model/cnn14/plasma_tp1_0.1x_model_C2/roc_curve_resnet18_tf_0.03_0.1/nested_cv_random/resnet18/repeat_10_fold_5_metrics.csv,8,2,resnet18,"(0.03, 0.1]",C2,AUROC,0.945945945945946
/scratchc/nrlab/wang04/ulyses_results_iteration/iteration_3_merge_below_3/cnn_model/cnn14/plasma_tp1_0.1x_model_C2/roc_curve_resnet18_tf_0.03_0.1/nested_cv_random/resnet18/repeat_10_fold_5_metrics.csv,8,2,resnet18,"(0.03, 0.1]",C2,AUPRC,0.9305295954628215
/scratchc/nrlab/wang04/ulyses_results_iteration/iteration_3_merge_below_3/cnn_model/cnn14/plasma_tp1_0.1x_model_C2/roc_curve_resnet18_tf_0.03_0.1/nested_cv_random/resnet18/repeat_10_fold_5_metrics.csv,8,2,resnet18,"(0.03, 0.1]",C2,Sensitivity at 99% Specificity,0.43243243243243246
/scratchc/nrlab/wang04/ulyses_results_iteration/iteration_3_merge_below_3/cnn_model/cnn14/plasma_tp1_0.1x_model_C2/roc_curve_resnet18_tf_0.03_0.1/nested_cv_random/resnet18/repeat_10_fold_5_metrics.csv,8,2,resnet18,"(0.03, 0.1]",C2,PPV at 99% Specificity,1
/scratchc/nrlab/wang04/ulyses_results_iteration/iteration_3_merge_below_3/cnn_model/cnn14/plasma_tp1_0.1x_model_C2/roc_curve_resnet18_tf_0.03_0.1/nested_cv_random/resnet18/repeat_10_fold_5_metrics.csv,8,2,resnet18,"(0.03, 0.1]",C2,Accuracy at 99% Specificity,0.7112162162162162
/scratchc/nrlab/wang04/ulyses_results_iteration/iteration_3_merge_below_3/cnn_model/cnn14/plasma_tp1_0.1x_model_C2/roc_curve_resnet18_tf_0.03_0.1/nested_cv_random/resnet18/repeat_10_fold_5_metrics.csv,8,2,resnet18,"(0.03, 0.1]",C2,F1 at 99% Specificity,0.6037735849056604
/scratchc/nrlab/wang04/ulyses_results_iteration/iteration_3_merge_below_3/cnn_model/cnn14/plasma_tp1_0.1x_model_C2/roc_curve_resnet18_tf_0.03_0.1/nested_cv_random/resnet18/repeat_10_fold_5_metrics.csv,8,2,resnet18,"(0.03, 0.1]",C2,Sensitivity at 98% Specificity,0.43243243243243246
/scratchc/nrlab/wang04/ulyses_results_iteration/iteration_3_merge_below_3/cnn_model/cnn14/plasma_tp1_0.1x_model_C2/roc_curve_resnet18_tf_0.03_0.1/nested_cv_random/resnet18/repeat_10_fold_5_metrics.csv,8,2,resnet18,"(0.03, 0.1]",C2,PPV at 98% Specificity,1
/scratchc/nrlab/wang04/ulyses_results_iteration/iteration_3_merge_below_3/cnn_model/cnn14/plasma_tp1_0.1x_model_C2/roc_curve_resnet18_tf_0.03_0.1/nested_cv_random/resnet18/repeat_10_fold_5_metrics.csv,8,2,resnet18,"(0.03, 0.1]",C2,Accuracy at 98% Specificity,0.7062162162162162
/scratchc/nrlab/wang04/ulyses_results_iteration/iteration_3_merge_below_3/cnn_model/cnn14/plasma_tp1_0.1x_model_C2/roc_curve_resnet18_tf_0.03_0.1/nested_cv_random/resnet18/repeat_10_fold_5_metrics.csv,8,2,resnet18,"(0.03, 0.1]",C2,F1 at 98% Specificity,0.6037735849056604
/scratchc/nrlab/wang04/ulyses_results_iteration/iteration_3_merge_below_3/cnn_model/cnn14/plasma_tp1_0.1x_model_C2/roc_curve_resnet18_tf_0.03_0.1/nested_cv_random/resnet18/repeat_10_fold_5_metrics.csv,8,2,resnet18,"(0.03, 0.1]",C2,Sensitivity at 95% Specificity,0.8648648648648649
/scratchc/nrlab/wang04/ulyses_results_iteration/iteration_3_merge_below_3/cnn_model/cnn14/plasma_tp1_0.1x_model_C2/roc_curve_resnet18_tf_0.03_0.1/nested_cv_random/resnet18/repeat_10_fold_5_metrics.csv,8,2,resnet18,"(0.03, 0.1]",C2,PPV at 95% Specificity,0.9411764705882352
/scratchc/nrlab/wang04/ulyses_results_iteration/iteration_3_merge_below_3/cnn_model/cnn14/plasma_tp1_0.1x_model_C2/roc_curve_resnet18_tf_0.03_0.1/nested_cv_random/resnet18/repeat_10_fold_5_metrics.csv,8,2,resnet18,"(0.03, 0.1]",C2,Accuracy at 95% Specificity,0.8925886824324325
/scratchc/nrlab/wang04/ulyses_results_iteration/iteration_3_merge_below_3/cnn_model/cnn14/plasma_tp1_0.1x_model_C2/roc_curve_resnet18_tf_0.03_0.1/nested_cv_random/resnet18/repeat_10_fold_5_metrics.csv,8,2,resnet18,"(0.03, 0.1]",C2,F1 at 95% Specificity,0.9014084507042254
/scratchc/nrlab/wang04/ulyses_results_iteration/iteration_3_merge_below_3/cnn_model/cnn14/plasma_tp1_0.1x_model_C2/roc_curve_resnet18_tf_0.03_0.1/nested_cv_random/resnet18/repeat_10_fold_5_metrics.csv,8,3,resnet18,"(0.03, 0.1]",C2,AUROC,0.8914529914529915
/scratchc/nrlab/wang04/ulyses_results_iteration/iteration_3_merge_below_3/cnn_model/cnn14/plasma_tp1_0.1x_model_C2/roc_curve_resnet18_tf_0.03_0.1/nested_cv_random/resnet18/repeat_10_fold_5_metrics.csv,8,3,resnet18,"(0.03, 0.1]",C2,AUPRC,0.9000206962687588
/scratchc/nrlab/wang04/ulyses_results_iteration/iteration_3_merge_below_3/cnn_model/cnn14/plasma_tp1_0.1x_model_C2/roc_curve_resnet18_tf_0.03_0.1/nested_cv_random/resnet18/repeat_10_fold_5_metrics.csv,8,3,resnet18,"(0.03, 0.1]",C2,Sensitivity at 99% Specificity,0.6944444444444444
/scratchc/nrlab/wang04/ulyses_results_iteration/iteration_3_merge_below_3/cnn_model/cnn14/plasma_tp1_0.1x_model_C2/roc_curve_resnet18_tf_0.03_0.1/nested_cv_random/resnet18/repeat_10_fold_5_metrics.csv,8,3,resnet18,"(0.03, 0.1]",C2,PPV at 99% Specificity,1
/scratchc/nrlab/wang04/ulyses_results_iteration/iteration_3_merge_below_3/cnn_model/cnn14/plasma_tp1_0.1x_model_C2/roc_curve_resnet18_tf_0.03_0.1/nested_cv_random/resnet18/repeat_10_fold_5_metrics.csv,8,3,resnet18,"(0.03, 0.1]",C2,Accuracy at 99% Specificity,0.8422222222222222
/scratchc/nrlab/wang04/ulyses_results_iteration/iteration_3_merge_below_3/cnn_model/cnn14/plasma_tp1_0.1x_model_C2/roc_curve_resnet18_tf_0.03_0.1/nested_cv_random/resnet18/repeat_10_fold_5_metrics.csv,8,3,resnet18,"(0.03, 0.1]",C2,F1 at 99% Specificity,0.819672131147541
/scratchc/nrlab/wang04/ulyses_results_iteration/iteration_3_merge_below_3/cnn_model/cnn14/plasma_tp1_0.1x_model_C2/roc_curve_resnet18_tf_0.03_0.1/nested_cv_random/resnet18/repeat_10_fold_5_metrics.csv,8,3,resnet18,"(0.03, 0.1]",C2,Sensitivity at 98% Specificity,0.6944444444444444
/scratchc/nrlab/wang04/ulyses_results_iteration/iteration_3_merge_below_3/cnn_model/cnn14/plasma_tp1_0.1x_model_C2/roc_curve_resnet18_tf_0.03_0.1/nested_cv_random/resnet18/repeat_10_fold_5_metrics.csv,8,3,resnet18,"(0.03, 0.1]",C2,PPV at 98% Specificity,1
/scratchc/nrlab/wang04/ulyses_results_iteration/iteration_3_merge_below_3/cnn_model/cnn14/plasma_tp1_0.1x_model_C2/roc_curve_resnet18_tf_0.03_0.1/nested_cv_random/resnet18/repeat_10_fold_5_metrics.csv,8,3,resnet18,"(0.03, 0.1]",C2,Accuracy at 98% Specificity,0.8372222222222222
/scratchc/nrlab/wang04/ulyses_results_iteration/iteration_3_merge_below_3/cnn_model/cnn14/plasma_tp1_0.1x_model_C2/roc_curve_resnet18_tf_0.03_0.1/nested_cv_random/resnet18/repeat_10_fold_5_metrics.csv,8,3,resnet18,"(0.03, 0.1]",C2,F1 at 98% Specificity,0.819672131147541
/scratchc/nrlab/wang04/ulyses_results_iteration/iteration_3_merge_below_3/cnn_model/cnn14/plasma_tp1_0.1x_model_C2/roc_curve_resnet18_tf_0.03_0.1/nested_cv_random/resnet18/repeat_10_fold_5_metrics.csv,8,3,resnet18,"(0.03, 0.1]",C2,Sensitivity at 95% Specificity,0.6944444444444444
/scratchc/nrlab/wang04/ulyses_results_iteration/iteration_3_merge_below_3/cnn_model/cnn14/plasma_tp1_0.1x_model_C2/roc_curve_resnet18_tf_0.03_0.1/nested_cv_random/resnet18/repeat_10_fold_5_metrics.csv,8,3,resnet18,"(0.03, 0.1]",C2,PPV at 95% Specificity,1
/scratchc/nrlab/wang04/ulyses_results_iteration/iteration_3_merge_below_3/cnn_model/cnn14/plasma_tp1_0.1x_model_C2/roc_curve_resnet18_tf_0.03_0.1/nested_cv_random/resnet18/repeat_10_fold_5_metrics.csv,8,3,resnet18,"(0.03, 0.1]",C2,Accuracy at 95% Specificity,0.8222222222222222
/scratchc/nrlab/wang04/ulyses_results_iteration/iteration_3_merge_below_3/cnn_model/cnn14/plasma_tp1_0.1x_model_C2/roc_curve_resnet18_tf_0.03_0.1/nested_cv_random/resnet18/repeat_10_fold_5_metrics.csv,8,3,resnet18,"(0.03, 0.1]",C2,F1 at 95% Specificity,0.819672131147541
/scratchc/nrlab/wang04/ulyses_results_iteration/iteration_3_merge_below_3/cnn_model/cnn14/plasma_tp1_0.1x_model_C2/roc_curve_resnet18_tf_0.03_0.1/nested_cv_random/resnet18/repeat_10_fold_5_metrics.csv,8,4,resnet18,"(0.03, 0.1]",C2,AUROC,0.8935064935064935
/scratchc/nrlab/wang04/ulyses_results_iteration/iteration_3_merge_below_3/cnn_model/cnn14/plasma_tp1_0.1x_model_C2/roc_curve_resnet18_tf_0.03_0.1/nested_cv_random/resnet18/repeat_10_fold_5_metrics.csv,8,4,resnet18,"(0.03, 0.1]",C2,AUPRC,0.8792264975207905
/scratchc/nrlab/wang04/ulyses_results_iteration/iteration_3_merge_below_3/cnn_model/cnn14/plasma_tp1_0.1x_model_C2/roc_curve_resnet18_tf_0.03_0.1/nested_cv_random/resnet18/repeat_10_fold_5_metrics.csv,8,4,resnet18,"(0.03, 0.1]",C2,Sensitivity at 99% Specificity,0.6
/scratchc/nrlab/wang04/ulyses_results_iteration/iteration_3_merge_below_3/cnn_model/cnn14/plasma_tp1_0.1x_model_C2/roc_curve_resnet18_tf_0.03_0.1/nested_cv_random/resnet18/repeat_10_fold_5_metrics.csv,8,4,resnet18,"(0.03, 0.1]",C2,PPV at 99% Specificity,1
/scratchc/nrlab/wang04/ulyses_results_iteration/iteration_3_merge_below_3/cnn_model/cnn14/plasma_tp1_0.1x_model_C2/roc_curve_resnet18_tf_0.03_0.1/nested_cv_random/resnet18/repeat_10_fold_5_metrics.csv,8,4,resnet18,"(0.03, 0.1]",C2,Accuracy at 99% Specificity,0.7949999999999999
/scratchc/nrlab/wang04/ulyses_results_iteration/iteration_3_merge_below_3/cnn_model/cnn14/plasma_tp1_0.1x_model_C2/roc_curve_resnet18_tf_0.03_0.1/nested_cv_random/resnet18/repeat_10_fold_5_metrics.csv,8,4,resnet18,"(0.03, 0.1]",C2,F1 at 99% Specificity,0.75
/scratchc/nrlab/wang04/ulyses_results_iteration/iteration_3_merge_below_3/cnn_model/cnn14/plasma_tp1_0.1x_model_C2/roc_curve_resnet18_tf_0.03_0.1/nested_cv_random/resnet18/repeat_10_fold_5_metrics.csv,8,4,resnet18,"(0.03, 0.1]",C2,Sensitivity at 98% Specificity,0.6
/scratchc/nrlab/wang04/ulyses_results_iteration/iteration_3_merge_below_3/cnn_model/cnn14/plasma_tp1_0.1x_model_C2/roc_curve_resnet18_tf_0.03_0.1/nested_cv_random/resnet18/repeat_10_fold_5_metrics.csv,8,4,resnet18,"(0.03, 0.1]",C2,PPV at 98% Specificity,1
/scratchc/nrlab/wang04/ulyses_results_iteration/iteration_3_merge_below_3/cnn_model/cnn14/plasma_tp1_0.1x_model_C2/roc_curve_resnet18_tf_0.03_0.1/nested_cv_random/resnet18/repeat_10_fold_5_metrics.csv,8,4,resnet18,"(0.03, 0.1]",C2,Accuracy at 98% Specificity,0.79
/scratchc/nrlab/wang04/ulyses_results_iteration/iteration_3_merge_below_3/cnn_model/cnn14/plasma_tp1_0.1x_model_C2/roc_curve_resnet18_tf_0.03_0.1/nested_cv_random/resnet18/repeat_10_fold_5_metrics.csv,8,4,resnet18,"(0.03, 0.1]",C2,F1 at 98% Specificity,0.75
/scratchc/nrlab/wang04/ulyses_results_iteration/iteration_3_merge_below_3/cnn_model/cnn14/plasma_tp1_0.1x_model_C2/roc_curve_resnet18_tf_0.03_0.1/nested_cv_random/resnet18/repeat_10_fold_5_metrics.csv,8,4,resnet18,"(0.03, 0.1]",C2,Sensitivity at 95% Specificity,0.6
/scratchc/nrlab/wang04/ulyses_results_iteration/iteration_3_merge_below_3/cnn_model/cnn14/plasma_tp1_0.1x_model_C2/roc_curve_resnet18_tf_0.03_0.1/nested_cv_random/resnet18/repeat_10_fold_5_metrics.csv,8,4,resnet18,"(0.03, 0.1]",C2,PPV at 95% Specificity,1
/scratchc/nrlab/wang04/ulyses_results_iteration/iteration_3_merge_below_3/cnn_model/cnn14/plasma_tp1_0.1x_model_C2/roc_curve_resnet18_tf_0.03_0.1/nested_cv_random/resnet18/repeat_10_fold_5_metrics.csv,8,4,resnet18,"(0.03, 0.1]",C2,Accuracy at 95% Specificity,0.7749999999999999
/scratchc/nrlab/wang04/ulyses_results_iteration/iteration_3_merge_below_3/cnn_model/cnn14/plasma_tp1_0.1x_model_C2/roc_curve_resnet18_tf_0.03_0.1/nested_cv_random/resnet18/repeat_10_fold_5_metrics.csv,8,4,resnet18,"(0.03, 0.1]",C2,F1 at 95% Specificity,0.75
/scratchc/nrlab/wang04/ulyses_results_iteration/iteration_3_merge_below_3/cnn_model/cnn14/plasma_tp1_0.1x_model_C2/roc_curve_resnet18_tf_0.03_0.1/nested_cv_random/resnet18/repeat_10_fold_5_metrics.csv,8,5,resnet18,"(0.03, 0.1]",C2,AUROC,0.9016047297297298
/scratchc/nrlab/wang04/ulyses_results_iteration/iteration_3_merge_below_3/cnn_model/cnn14/plasma_tp1_0.1x_model_C2/roc_curve_resnet18_tf_0.03_0.1/nested_cv_random/resnet18/repeat_10_fold_5_metrics.csv,8,5,resnet18,"(0.03, 0.1]",C2,AUPRC,0.8966048627004937
/scratchc/nrlab/wang04/ulyses_results_iteration/iteration_3_merge_below_3/cnn_model/cnn14/plasma_tp1_0.1x_model_C2/roc_curve_resnet18_tf_0.03_0.1/nested_cv_random/resnet18/repeat_10_fold_5_metrics.csv,8,5,resnet18,"(0.03, 0.1]",C2,Sensitivity at 99% Specificity,0.43243243243243246
/scratchc/nrlab/wang04/ulyses_results_iteration/iteration_3_merge_below_3/cnn_model/cnn14/plasma_tp1_0.1x_model_C2/roc_curve_resnet18_tf_0.03_0.1/nested_cv_random/resnet18/repeat_10_fold_5_metrics.csv,8,5,resnet18,"(0.03, 0.1]",C2,PPV at 99% Specificity,1
/scratchc/nrlab/wang04/ulyses_results_iteration/iteration_3_merge_below_3/cnn_model/cnn14/plasma_tp1_0.1x_model_C2/roc_curve_resnet18_tf_0.03_0.1/nested_cv_random/resnet18/repeat_10_fold_5_metrics.csv,8,5,resnet18,"(0.03, 0.1]",C2,Accuracy at 99% Specificity,0.7112162162162162
/scratchc/nrlab/wang04/ulyses_results_iteration/iteration_3_merge_below_3/cnn_model/cnn14/plasma_tp1_0.1x_model_C2/roc_curve_resnet18_tf_0.03_0.1/nested_cv_random/resnet18/repeat_10_fold_5_metrics.csv,8,5,resnet18,"(0.03, 0.1]",C2,F1 at 99% Specificity,0.6037735849056604
/scratchc/nrlab/wang04/ulyses_results_iteration/iteration_3_merge_below_3/cnn_model/cnn14/plasma_tp1_0.1x_model_C2/roc_curve_resnet18_tf_0.03_0.1/nested_cv_random/resnet18/repeat_10_fold_5_metrics.csv,8,5,resnet18,"(0.03, 0.1]",C2,Sensitivity at 98% Specificity,0.43243243243243246
/scratchc/nrlab/wang04/ulyses_results_iteration/iteration_3_merge_below_3/cnn_model/cnn14/plasma_tp1_0.1x_model_C2/roc_curve_resnet18_tf_0.03_0.1/nested_cv_random/resnet18/repeat_10_fold_5_metrics.csv,8,5,resnet18,"(0.03, 0.1]",C2,PPV at 98% Specificity,1
/scratchc/nrlab/wang04/ulyses_results_iteration/iteration_3_merge_below_3/cnn_model/cnn14/plasma_tp1_0.1x_model_C2/roc_curve_resnet18_tf_0.03_0.1/nested_cv_random/resnet18/repeat_10_fold_5_metrics.csv,8,5,resnet18,"(0.03, 0.1]",C2,Accuracy at 98% Specificity,0.7062162162162162
/scratchc/nrlab/wang04/ulyses_results_iteration/iteration_3_merge_below_3/cnn_model/cnn14/plasma_tp1_0.1x_model_C2/roc_curve_resnet18_tf_0.03_0.1/nested_cv_random/resnet18/repeat_10_fold_5_metrics.csv,8,5,resnet18,"(0.03, 0.1]",C2,F1 at 98% Specificity,0.6037735849056604
/scratchc/nrlab/wang04/ulyses_results_iteration/iteration_3_merge_below_3/cnn_model/cnn14/plasma_tp1_0.1x_model_C2/roc_curve_resnet18_tf_0.03_0.1/nested_cv_random/resnet18/repeat_10_fold_5_metrics.csv,8,5,resnet18,"(0.03, 0.1]",C2,Sensitivity at 95% Specificity,0.7027027027027027
/scratchc/nrlab/wang04/ulyses_results_iteration/iteration_3_merge_below_3/cnn_model/cnn14/plasma_tp1_0.1x_model_C2/roc_curve_resnet18_tf_0.03_0.1/nested_cv_random/resnet18/repeat_10_fold_5_metrics.csv,8,5,resnet18,"(0.03, 0.1]",C2,PPV at 95% Specificity,0.9285714285714286
/scratchc/nrlab/wang04/ulyses_results_iteration/iteration_3_merge_below_3/cnn_model/cnn14/plasma_tp1_0.1x_model_C2/roc_curve_resnet18_tf_0.03_0.1/nested_cv_random/resnet18/repeat_10_fold_5_metrics.csv,8,5,resnet18,"(0.03, 0.1]",C2,Accuracy at 95% Specificity,0.8115076013513514
/scratchc/nrlab/wang04/ulyses_results_iteration/iteration_3_merge_below_3/cnn_model/cnn14/plasma_tp1_0.1x_model_C2/roc_curve_resnet18_tf_0.03_0.1/nested_cv_random/resnet18/repeat_10_fold_5_metrics.csv,8,5,resnet18,"(0.03, 0.1]",C2,F1 at 95% Specificity,0.8
/scratchc/nrlab/wang04/ulyses_results_iteration/iteration_3_merge_below_3/cnn_model/cnn14/plasma_tp1_0.1x_model_C2/roc_curve_resnet18_tf_0.03_0.1/nested_cv_random/resnet18/repeat_10_fold_5_metrics.csv,9,1,resnet18,"(0.03, 0.1]",C2,AUROC,0.9679930795847752
/scratchc/nrlab/wang04/ulyses_results_iteration/iteration_3_merge_below_3/cnn_model/cnn14/plasma_tp1_0.1x_model_C2/roc_curve_resnet18_tf_0.03_0.1/nested_cv_random/resnet18/repeat_10_fold_5_metrics.csv,9,1,resnet18,"(0.03, 0.1]",C2,AUPRC,0.951780789462005
/scratchc/nrlab/wang04/ulyses_results_iteration/iteration_3_merge_below_3/cnn_model/cnn14/plasma_tp1_0.1x_model_C2/roc_curve_resnet18_tf_0.03_0.1/nested_cv_random/resnet18/repeat_10_fold_5_metrics.csv,9,1,resnet18,"(0.03, 0.1]",C2,Sensitivity at 99% Specificity,0.5882352941176471
/scratchc/nrlab/wang04/ulyses_results_iteration/iteration_3_merge_below_3/cnn_model/cnn14/plasma_tp1_0.1x_model_C2/roc_curve_resnet18_tf_0.03_0.1/nested_cv_random/resnet18/repeat_10_fold_5_metrics.csv,9,1,resnet18,"(0.03, 0.1]",C2,PPV at 99% Specificity,1
/scratchc/nrlab/wang04/ulyses_results_iteration/iteration_3_merge_below_3/cnn_model/cnn14/plasma_tp1_0.1x_model_C2/roc_curve_resnet18_tf_0.03_0.1/nested_cv_random/resnet18/repeat_10_fold_5_metrics.csv,9,1,resnet18,"(0.03, 0.1]",C2,Accuracy at 99% Specificity,0.7891176470588235
/scratchc/nrlab/wang04/ulyses_results_iteration/iteration_3_merge_below_3/cnn_model/cnn14/plasma_tp1_0.1x_model_C2/roc_curve_resnet18_tf_0.03_0.1/nested_cv_random/resnet18/repeat_10_fold_5_metrics.csv,9,1,resnet18,"(0.03, 0.1]",C2,F1 at 99% Specificity,0.7407407407407407
/scratchc/nrlab/wang04/ulyses_results_iteration/iteration_3_merge_below_3/cnn_model/cnn14/plasma_tp1_0.1x_model_C2/roc_curve_resnet18_tf_0.03_0.1/nested_cv_random/resnet18/repeat_10_fold_5_metrics.csv,9,1,resnet18,"(0.03, 0.1]",C2,Sensitivity at 98% Specificity,0.5882352941176471
/scratchc/nrlab/wang04/ulyses_results_iteration/iteration_3_merge_below_3/cnn_model/cnn14/plasma_tp1_0.1x_model_C2/roc_curve_resnet18_tf_0.03_0.1/nested_cv_random/resnet18/repeat_10_fold_5_metrics.csv,9,1,resnet18,"(0.03, 0.1]",C2,PPV at 98% Specificity,1
/scratchc/nrlab/wang04/ulyses_results_iteration/iteration_3_merge_below_3/cnn_model/cnn14/plasma_tp1_0.1x_model_C2/roc_curve_resnet18_tf_0.03_0.1/nested_cv_random/resnet18/repeat_10_fold_5_metrics.csv,9,1,resnet18,"(0.03, 0.1]",C2,Accuracy at 98% Specificity,0.7841176470588236
/scratchc/nrlab/wang04/ulyses_results_iteration/iteration_3_merge_below_3/cnn_model/cnn14/plasma_tp1_0.1x_model_C2/roc_curve_resnet18_tf_0.03_0.1/nested_cv_random/resnet18/repeat_10_fold_5_metrics.csv,9,1,resnet18,"(0.03, 0.1]",C2,F1 at 98% Specificity,0.7407407407407407
/scratchc/nrlab/wang04/ulyses_results_iteration/iteration_3_merge_below_3/cnn_model/cnn14/plasma_tp1_0.1x_model_C2/roc_curve_resnet18_tf_0.03_0.1/nested_cv_random/resnet18/repeat_10_fold_5_metrics.csv,9,1,resnet18,"(0.03, 0.1]",C2,Sensitivity at 95% Specificity,0.8235294117647058
/scratchc/nrlab/wang04/ulyses_results_iteration/iteration_3_merge_below_3/cnn_model/cnn14/plasma_tp1_0.1x_model_C2/roc_curve_resnet18_tf_0.03_0.1/nested_cv_random/resnet18/repeat_10_fold_5_metrics.csv,9,1,resnet18,"(0.03, 0.1]",C2,PPV at 95% Specificity,0.9333333333333332
/scratchc/nrlab/wang04/ulyses_results_iteration/iteration_3_merge_below_3/cnn_model/cnn14/plasma_tp1_0.1x_model_C2/roc_curve_resnet18_tf_0.03_0.1/nested_cv_random/resnet18/repeat_10_fold_5_metrics.csv,9,1,resnet18,"(0.03, 0.1]",C2,Accuracy at 95% Specificity,0.8727941176470588
/scratchc/nrlab/wang04/ulyses_results_iteration/iteration_3_merge_below_3/cnn_model/cnn14/plasma_tp1_0.1x_model_C2/roc_curve_resnet18_tf_0.03_0.1/nested_cv_random/resnet18/repeat_10_fold_5_metrics.csv,9,1,resnet18,"(0.03, 0.1]",C2,F1 at 95% Specificity,0.875
/scratchc/nrlab/wang04/ulyses_results_iteration/iteration_3_merge_below_3/cnn_model/cnn14/plasma_tp1_0.1x_model_C2/roc_curve_resnet18_tf_0.03_0.1/nested_cv_random/resnet18/repeat_10_fold_5_metrics.csv,9,2,resnet18,"(0.03, 0.1]",C2,AUROC,0.9433876811594204
/scratchc/nrlab/wang04/ulyses_results_iteration/iteration_3_merge_below_3/cnn_model/cnn14/plasma_tp1_0.1x_model_C2/roc_curve_resnet18_tf_0.03_0.1/nested_cv_random/resnet18/repeat_10_fold_5_metrics.csv,9,2,resnet18,"(0.03, 0.1]",C2,AUPRC,0.8897741978008931
/scratchc/nrlab/wang04/ulyses_results_iteration/iteration_3_merge_below_3/cnn_model/cnn14/plasma_tp1_0.1x_model_C2/roc_curve_resnet18_tf_0.03_0.1/nested_cv_random/resnet18/repeat_10_fold_5_metrics.csv,9,2,resnet18,"(0.03, 0.1]",C2,Sensitivity at 99% Specificity,0.1875
/scratchc/nrlab/wang04/ulyses_results_iteration/iteration_3_merge_below_3/cnn_model/cnn14/plasma_tp1_0.1x_model_C2/roc_curve_resnet18_tf_0.03_0.1/nested_cv_random/resnet18/repeat_10_fold_5_metrics.csv,9,2,resnet18,"(0.03, 0.1]",C2,PPV at 99% Specificity,1
/scratchc/nrlab/wang04/ulyses_results_iteration/iteration_3_merge_below_3/cnn_model/cnn14/plasma_tp1_0.1x_model_C2/roc_curve_resnet18_tf_0.03_0.1/nested_cv_random/resnet18/repeat_10_fold_5_metrics.csv,9,2,resnet18,"(0.03, 0.1]",C2,Accuracy at 99% Specificity,0.58875
/scratchc/nrlab/wang04/ulyses_results_iteration/iteration_3_merge_below_3/cnn_model/cnn14/plasma_tp1_0.1x_model_C2/roc_curve_resnet18_tf_0.03_0.1/nested_cv_random/resnet18/repeat_10_fold_5_metrics.csv,9,2,resnet18,"(0.03, 0.1]",C2,F1 at 99% Specificity,0.3157894736842105
/scratchc/nrlab/wang04/ulyses_results_iteration/iteration_3_merge_below_3/cnn_model/cnn14/plasma_tp1_0.1x_model_C2/roc_curve_resnet18_tf_0.03_0.1/nested_cv_random/resnet18/repeat_10_fold_5_metrics.csv,9,2,resnet18,"(0.03, 0.1]",C2,Sensitivity at 98% Specificity,0.1875
/scratchc/nrlab/wang04/ulyses_results_iteration/iteration_3_merge_below_3/cnn_model/cnn14/plasma_tp1_0.1x_model_C2/roc_curve_resnet18_tf_0.03_0.1/nested_cv_random/resnet18/repeat_10_fold_5_metrics.csv,9,2,resnet18,"(0.03, 0.1]",C2,PPV at 98% Specificity,1
/scratchc/nrlab/wang04/ulyses_results_iteration/iteration_3_merge_below_3/cnn_model/cnn14/plasma_tp1_0.1x_model_C2/roc_curve_resnet18_tf_0.03_0.1/nested_cv_random/resnet18/repeat_10_fold_5_metrics.csv,9,2,resnet18,"(0.03, 0.1]",C2,Accuracy at 98% Specificity,0.58375
/scratchc/nrlab/wang04/ulyses_results_iteration/iteration_3_merge_below_3/cnn_model/cnn14/plasma_tp1_0.1x_model_C2/roc_curve_resnet18_tf_0.03_0.1/nested_cv_random/resnet18/repeat_10_fold_5_metrics.csv,9,2,resnet18,"(0.03, 0.1]",C2,F1 at 98% Specificity,0.3157894736842105
/scratchc/nrlab/wang04/ulyses_results_iteration/iteration_3_merge_below_3/cnn_model/cnn14/plasma_tp1_0.1x_model_C2/roc_curve_resnet18_tf_0.03_0.1/nested_cv_random/resnet18/repeat_10_fold_5_metrics.csv,9,2,resnet18,"(0.03, 0.1]",C2,Sensitivity at 95% Specificity,0.65625
/scratchc/nrlab/wang04/ulyses_results_iteration/iteration_3_merge_below_3/cnn_model/cnn14/plasma_tp1_0.1x_model_C2/roc_curve_resnet18_tf_0.03_0.1/nested_cv_random/resnet18/repeat_10_fold_5_metrics.csv,9,2,resnet18,"(0.03, 0.1]",C2,PPV at 95% Specificity,0.9545454545454546
/scratchc/nrlab/wang04/ulyses_results_iteration/iteration_3_merge_below_3/cnn_model/cnn14/plasma_tp1_0.1x_model_C2/roc_curve_resnet18_tf_0.03_0.1/nested_cv_random/resnet18/repeat_10_fold_5_metrics.csv,9,2,resnet18,"(0.03, 0.1]",C2,Accuracy at 95% Specificity,0.7962409420289855
/scratchc/nrlab/wang04/ulyses_results_iteration/iteration_3_merge_below_3/cnn_model/cnn14/plasma_tp1_0.1x_model_C2/roc_curve_resnet18_tf_0.03_0.1/nested_cv_random/resnet18/repeat_10_fold_5_metrics.csv,9,2,resnet18,"(0.03, 0.1]",C2,F1 at 95% Specificity,0.7777777777777778
/scratchc/nrlab/wang04/ulyses_results_iteration/iteration_3_merge_below_3/cnn_model/cnn14/plasma_tp1_0.1x_model_C2/roc_curve_resnet18_tf_0.03_0.1/nested_cv_random/resnet18/repeat_10_fold_5_metrics.csv,9,3,resnet18,"(0.03, 0.1]",C2,AUROC,0.9729508196721312
/scratchc/nrlab/wang04/ulyses_results_iteration/iteration_3_merge_below_3/cnn_model/cnn14/plasma_tp1_0.1x_model_C2/roc_curve_resnet18_tf_0.03_0.1/nested_cv_random/resnet18/repeat_10_fold_5_metrics.csv,9,3,resnet18,"(0.03, 0.1]",C2,AUPRC,0.9707744520355784
/scratchc/nrlab/wang04/ulyses_results_iteration/iteration_3_merge_below_3/cnn_model/cnn14/plasma_tp1_0.1x_model_C2/roc_curve_resnet18_tf_0.03_0.1/nested_cv_random/resnet18/repeat_10_fold_5_metrics.csv,9,3,resnet18,"(0.03, 0.1]",C2,Sensitivity at 99% Specificity,0.75
/scratchc/nrlab/wang04/ulyses_results_iteration/iteration_3_merge_below_3/cnn_model/cnn14/plasma_tp1_0.1x_model_C2/roc_curve_resnet18_tf_0.03_0.1/nested_cv_random/resnet18/repeat_10_fold_5_metrics.csv,9,3,resnet18,"(0.03, 0.1]",C2,PPV at 99% Specificity,1
/scratchc/nrlab/wang04/ulyses_results_iteration/iteration_3_merge_below_3/cnn_model/cnn14/plasma_tp1_0.1x_model_C2/roc_curve_resnet18_tf_0.03_0.1/nested_cv_random/resnet18/repeat_10_fold_5_metrics.csv,9,3,resnet18,"(0.03, 0.1]",C2,Accuracy at 99% Specificity,0.87
/scratchc/nrlab/wang04/ulyses_results_iteration/iteration_3_merge_below_3/cnn_model/cnn14/plasma_tp1_0.1x_model_C2/roc_curve_resnet18_tf_0.03_0.1/nested_cv_random/resnet18/repeat_10_fold_5_metrics.csv,9,3,resnet18,"(0.03, 0.1]",C2,F1 at 99% Specificity,0.8571428571428571
/scratchc/nrlab/wang04/ulyses_results_iteration/iteration_3_merge_below_3/cnn_model/cnn14/plasma_tp1_0.1x_model_C2/roc_curve_resnet18_tf_0.03_0.1/nested_cv_random/resnet18/repeat_10_fold_5_metrics.csv,9,3,resnet18,"(0.03, 0.1]",C2,Sensitivity at 98% Specificity,0.75
/scratchc/nrlab/wang04/ulyses_results_iteration/iteration_3_merge_below_3/cnn_model/cnn14/plasma_tp1_0.1x_model_C2/roc_curve_resnet18_tf_0.03_0.1/nested_cv_random/resnet18/repeat_10_fold_5_metrics.csv,9,3,resnet18,"(0.03, 0.1]",C2,PPV at 98% Specificity,1
/scratchc/nrlab/wang04/ulyses_results_iteration/iteration_3_merge_below_3/cnn_model/cnn14/plasma_tp1_0.1x_model_C2/roc_curve_resnet18_tf_0.03_0.1/nested_cv_random/resnet18/repeat_10_fold_5_metrics.csv,9,3,resnet18,"(0.03, 0.1]",C2,Accuracy at 98% Specificity,0.865
/scratchc/nrlab/wang04/ulyses_results_iteration/iteration_3_merge_below_3/cnn_model/cnn14/plasma_tp1_0.1x_model_C2/roc_curve_resnet18_tf_0.03_0.1/nested_cv_random/resnet18/repeat_10_fold_5_metrics.csv,9,3,resnet18,"(0.03, 0.1]",C2,F1 at 98% Specificity,0.8571428571428571
/scratchc/nrlab/wang04/ulyses_results_iteration/iteration_3_merge_below_3/cnn_model/cnn14/plasma_tp1_0.1x_model_C2/roc_curve_resnet18_tf_0.03_0.1/nested_cv_random/resnet18/repeat_10_fold_5_metrics.csv,9,3,resnet18,"(0.03, 0.1]",C2,Sensitivity at 95% Specificity,0.825
/scratchc/nrlab/wang04/ulyses_results_iteration/iteration_3_merge_below_3/cnn_model/cnn14/plasma_tp1_0.1x_model_C2/roc_curve_resnet18_tf_0.03_0.1/nested_cv_random/resnet18/repeat_10_fold_5_metrics.csv,9,3,resnet18,"(0.03, 0.1]",C2,PPV at 95% Specificity,0.9705882352941176
/scratchc/nrlab/wang04/ulyses_results_iteration/iteration_3_merge_below_3/cnn_model/cnn14/plasma_tp1_0.1x_model_C2/roc_curve_resnet18_tf_0.03_0.1/nested_cv_random/resnet18/repeat_10_fold_5_metrics.csv,9,3,resnet18,"(0.03, 0.1]",C2,Accuracy at 95% Specificity,0.8797131147540983
/scratchc/nrlab/wang04/ulyses_results_iteration/iteration_3_merge_below_3/cnn_model/cnn14/plasma_tp1_0.1x_model_C2/roc_curve_resnet18_tf_0.03_0.1/nested_cv_random/resnet18/repeat_10_fold_5_metrics.csv,9,3,resnet18,"(0.03, 0.1]",C2,F1 at 95% Specificity,0.8918918918918919
/scratchc/nrlab/wang04/ulyses_results_iteration/iteration_3_merge_below_3/cnn_model/cnn14/plasma_tp1_0.1x_model_C2/roc_curve_resnet18_tf_0.03_0.1/nested_cv_random/resnet18/repeat_10_fold_5_metrics.csv,9,5,resnet18,"(0.03, 0.1]",C2,AUROC,0.8850289495450786
/scratchc/nrlab/wang04/ulyses_results_iteration/iteration_3_merge_below_3/cnn_model/cnn14/plasma_tp1_0.1x_model_C2/roc_curve_resnet18_tf_0.03_0.1/nested_cv_random/resnet18/repeat_10_fold_5_metrics.csv,9,5,resnet18,"(0.03, 0.1]",C2,AUPRC,0.8810415694602565
/scratchc/nrlab/wang04/ulyses_results_iteration/iteration_3_merge_below_3/cnn_model/cnn14/plasma_tp1_0.1x_model_C2/roc_curve_resnet18_tf_0.03_0.1/nested_cv_random/resnet18/repeat_10_fold_5_metrics.csv,9,5,resnet18,"(0.03, 0.1]",C2,Sensitivity at 99% Specificity,0.5128205128205128
/scratchc/nrlab/wang04/ulyses_results_iteration/iteration_3_merge_below_3/cnn_model/cnn14/plasma_tp1_0.1x_model_C2/roc_curve_resnet18_tf_0.03_0.1/nested_cv_random/resnet18/repeat_10_fold_5_metrics.csv,9,5,resnet18,"(0.03, 0.1]",C2,PPV at 99% Specificity,1
/scratchc/nrlab/wang04/ulyses_results_iteration/iteration_3_merge_below_3/cnn_model/cnn14/plasma_tp1_0.1x_model_C2/roc_curve_resnet18_tf_0.03_0.1/nested_cv_random/resnet18/repeat_10_fold_5_metrics.csv,9,5,resnet18,"(0.03, 0.1]",C2,Accuracy at 99% Specificity,0.7514102564102564
/scratchc/nrlab/wang04/ulyses_results_iteration/iteration_3_merge_below_3/cnn_model/cnn14/plasma_tp1_0.1x_model_C2/roc_curve_resnet18_tf_0.03_0.1/nested_cv_random/resnet18/repeat_10_fold_5_metrics.csv,9,5,resnet18,"(0.03, 0.1]",C2,F1 at 99% Specificity,0.6779661016949152
/scratchc/nrlab/wang04/ulyses_results_iteration/iteration_3_merge_below_3/cnn_model/cnn14/plasma_tp1_0.1x_model_C2/roc_curve_resnet18_tf_0.03_0.1/nested_cv_random/resnet18/repeat_10_fold_5_metrics.csv,9,5,resnet18,"(0.03, 0.1]",C2,Sensitivity at 98% Specificity,0.5128205128205128
/scratchc/nrlab/wang04/ulyses_results_iteration/iteration_3_merge_below_3/cnn_model/cnn14/plasma_tp1_0.1x_model_C2/roc_curve_resnet18_tf_0.03_0.1/nested_cv_random/resnet18/repeat_10_fold_5_metrics.csv,9,5,resnet18,"(0.03, 0.1]",C2,PPV at 98% Specificity,1
/scratchc/nrlab/wang04/ulyses_results_iteration/iteration_3_merge_below_3/cnn_model/cnn14/plasma_tp1_0.1x_model_C2/roc_curve_resnet18_tf_0.03_0.1/nested_cv_random/resnet18/repeat_10_fold_5_metrics.csv,9,5,resnet18,"(0.03, 0.1]",C2,Accuracy at 98% Specificity,0.7464102564102564
/scratchc/nrlab/wang04/ulyses_results_iteration/iteration_3_merge_below_3/cnn_model/cnn14/plasma_tp1_0.1x_model_C2/roc_curve_resnet18_tf_0.03_0.1/nested_cv_random/resnet18/repeat_10_fold_5_metrics.csv,9,5,resnet18,"(0.03, 0.1]",C2,F1 at 98% Specificity,0.6779661016949152
/scratchc/nrlab/wang04/ulyses_results_iteration/iteration_3_merge_below_3/cnn_model/cnn14/plasma_tp1_0.1x_model_C2/roc_curve_resnet18_tf_0.03_0.1/nested_cv_random/resnet18/repeat_10_fold_5_metrics.csv,9,5,resnet18,"(0.03, 0.1]",C2,Sensitivity at 95% Specificity,0.6410256410256411
/scratchc/nrlab/wang04/ulyses_results_iteration/iteration_3_merge_below_3/cnn_model/cnn14/plasma_tp1_0.1x_model_C2/roc_curve_resnet18_tf_0.03_0.1/nested_cv_random/resnet18/repeat_10_fold_5_metrics.csv,9,5,resnet18,"(0.03, 0.1]",C2,PPV at 95% Specificity,0.925925925925926
/scratchc/nrlab/wang04/ulyses_results_iteration/iteration_3_merge_below_3/cnn_model/cnn14/plasma_tp1_0.1x_model_C2/roc_curve_resnet18_tf_0.03_0.1/nested_cv_random/resnet18/repeat_10_fold_5_metrics.csv,9,5,resnet18,"(0.03, 0.1]",C2,Accuracy at 95% Specificity,0.7801902398676592
/scratchc/nrlab/wang04/ulyses_results_iteration/iteration_3_merge_below_3/cnn_model/cnn14/plasma_tp1_0.1x_model_C2/roc_curve_resnet18_tf_0.03_0.1/nested_cv_random/resnet18/repeat_10_fold_5_metrics.csv,9,5,resnet18,"(0.03, 0.1]",C2,F1 at 95% Specificity,0.7575757575757576
/scratchc/nrlab/wang04/ulyses_results_iteration/iteration_3_merge_below_3/cnn_model/cnn14/plasma_tp1_0.1x_model_C2/roc_curve_resnet18_tf_0.03_0.1/nested_cv_random/resnet18/repeat_10_fold_5_metrics.csv,10,1,resnet18,"(0.03, 0.1]",C2,AUROC,0.938592750533049
/scratchc/nrlab/wang04/ulyses_results_iteration/iteration_3_merge_below_3/cnn_model/cnn14/plasma_tp1_0.1x_model_C2/roc_curve_resnet18_tf_0.03_0.1/nested_cv_random/resnet18/repeat_10_fold_5_metrics.csv,10,1,resnet18,"(0.03, 0.1]",C2,AUPRC,0.925023266409616
/scratchc/nrlab/wang04/ulyses_results_iteration/iteration_3_merge_below_3/cnn_model/cnn14/plasma_tp1_0.1x_model_C2/roc_curve_resnet18_tf_0.03_0.1/nested_cv_random/resnet18/repeat_10_fold_5_metrics.csv,10,1,resnet18,"(0.03, 0.1]",C2,Sensitivity at 99% Specificity,0.6285714285714286
/scratchc/nrlab/wang04/ulyses_results_iteration/iteration_3_merge_below_3/cnn_model/cnn14/plasma_tp1_0.1x_model_C2/roc_curve_resnet18_tf_0.03_0.1/nested_cv_random/resnet18/repeat_10_fold_5_metrics.csv,10,1,resnet18,"(0.03, 0.1]",C2,PPV at 99% Specificity,1
/scratchc/nrlab/wang04/ulyses_results_iteration/iteration_3_merge_below_3/cnn_model/cnn14/plasma_tp1_0.1x_model_C2/roc_curve_resnet18_tf_0.03_0.1/nested_cv_random/resnet18/repeat_10_fold_5_metrics.csv,10,1,resnet18,"(0.03, 0.1]",C2,Accuracy at 99% Specificity,0.8092857142857143
/scratchc/nrlab/wang04/ulyses_results_iteration/iteration_3_merge_below_3/cnn_model/cnn14/plasma_tp1_0.1x_model_C2/roc_curve_resnet18_tf_0.03_0.1/nested_cv_random/resnet18/repeat_10_fold_5_metrics.csv,10,1,resnet18,"(0.03, 0.1]",C2,F1 at 99% Specificity,0.7719298245614035
/scratchc/nrlab/wang04/ulyses_results_iteration/iteration_3_merge_below_3/cnn_model/cnn14/plasma_tp1_0.1x_model_C2/roc_curve_resnet18_tf_0.03_0.1/nested_cv_random/resnet18/repeat_10_fold_5_metrics.csv,10,1,resnet18,"(0.03, 0.1]",C2,Sensitivity at 98% Specificity,0.6285714285714286
/scratchc/nrlab/wang04/ulyses_results_iteration/iteration_3_merge_below_3/cnn_model/cnn14/plasma_tp1_0.1x_model_C2/roc_curve_resnet18_tf_0.03_0.1/nested_cv_random/resnet18/repeat_10_fold_5_metrics.csv,10,1,resnet18,"(0.03, 0.1]",C2,PPV at 98% Specificity,1
/scratchc/nrlab/wang04/ulyses_results_iteration/iteration_3_merge_below_3/cnn_model/cnn14/plasma_tp1_0.1x_model_C2/roc_curve_resnet18_tf_0.03_0.1/nested_cv_random/resnet18/repeat_10_fold_5_metrics.csv,10,1,resnet18,"(0.03, 0.1]",C2,Accuracy at 98% Specificity,0.8042857142857143
/scratchc/nrlab/wang04/ulyses_results_iteration/iteration_3_merge_below_3/cnn_model/cnn14/plasma_tp1_0.1x_model_C2/roc_curve_resnet18_tf_0.03_0.1/nested_cv_random/resnet18/repeat_10_fold_5_metrics.csv,10,1,resnet18,"(0.03, 0.1]",C2,F1 at 98% Specificity,0.7719298245614035
/scratchc/nrlab/wang04/ulyses_results_iteration/iteration_3_merge_below_3/cnn_model/cnn14/plasma_tp1_0.1x_model_C2/roc_curve_resnet18_tf_0.03_0.1/nested_cv_random/resnet18/repeat_10_fold_5_metrics.csv,10,1,resnet18,"(0.03, 0.1]",C2,Sensitivity at 95% Specificity,0.7714285714285715
/scratchc/nrlab/wang04/ulyses_results_iteration/iteration_3_merge_below_3/cnn_model/cnn14/plasma_tp1_0.1x_model_C2/roc_curve_resnet18_tf_0.03_0.1/nested_cv_random/resnet18/repeat_10_fold_5_metrics.csv,10,1,resnet18,"(0.03, 0.1]",C2,PPV at 95% Specificity,0.8709677419354839
/scratchc/nrlab/wang04/ulyses_results_iteration/iteration_3_merge_below_3/cnn_model/cnn14/plasma_tp1_0.1x_model_C2/roc_curve_resnet18_tf_0.03_0.1/nested_cv_random/resnet18/repeat_10_fold_5_metrics.csv,10,1,resnet18,"(0.03, 0.1]",C2,Accuracy at 95% Specificity,0.8323560767590619
/scratchc/nrlab/wang04/ulyses_results_iteration/iteration_3_merge_below_3/cnn_model/cnn14/plasma_tp1_0.1x_model_C2/roc_curve_resnet18_tf_0.03_0.1/nested_cv_random/resnet18/repeat_10_fold_5_metrics.csv,10,1,resnet18,"(0.03, 0.1]",C2,F1 at 95% Specificity,0.8181818181818182
/scratchc/nrlab/wang04/ulyses_results_iteration/iteration_3_merge_below_3/cnn_model/cnn14/plasma_tp1_0.1x_model_C2/roc_curve_resnet18_tf_0.03_0.1/nested_cv_random/resnet18/repeat_10_fold_5_metrics.csv,10,2,resnet18,"(0.03, 0.1]",C2,AUROC,0.9822635135135136
/scratchc/nrlab/wang04/ulyses_results_iteration/iteration_3_merge_below_3/cnn_model/cnn14/plasma_tp1_0.1x_model_C2/roc_curve_resnet18_tf_0.03_0.1/nested_cv_random/resnet18/repeat_10_fold_5_metrics.csv,10,2,resnet18,"(0.03, 0.1]",C2,AUPRC,0.9731583185825544
/scratchc/nrlab/wang04/ulyses_results_iteration/iteration_3_merge_below_3/cnn_model/cnn14/plasma_tp1_0.1x_model_C2/roc_curve_resnet18_tf_0.03_0.1/nested_cv_random/resnet18/repeat_10_fold_5_metrics.csv,10,2,resnet18,"(0.03, 0.1]",C2,Sensitivity at 99% Specificity,0.7027027027027027
/scratchc/nrlab/wang04/ulyses_results_iteration/iteration_3_merge_below_3/cnn_model/cnn14/plasma_tp1_0.1x_model_C2/roc_curve_resnet18_tf_0.03_0.1/nested_cv_random/resnet18/repeat_10_fold_5_metrics.csv,10,2,resnet18,"(0.03, 0.1]",C2,PPV at 99% Specificity,1
/scratchc/nrlab/wang04/ulyses_results_iteration/iteration_3_merge_below_3/cnn_model/cnn14/plasma_tp1_0.1x_model_C2/roc_curve_resnet18_tf_0.03_0.1/nested_cv_random/resnet18/repeat_10_fold_5_metrics.csv,10,2,resnet18,"(0.03, 0.1]",C2,Accuracy at 99% Specificity,0.8463513513513514
/scratchc/nrlab/wang04/ulyses_results_iteration/iteration_3_merge_below_3/cnn_model/cnn14/plasma_tp1_0.1x_model_C2/roc_curve_resnet18_tf_0.03_0.1/nested_cv_random/resnet18/repeat_10_fold_5_metrics.csv,10,2,resnet18,"(0.03, 0.1]",C2,F1 at 99% Specificity,0.8253968253968254
/scratchc/nrlab/wang04/ulyses_results_iteration/iteration_3_merge_below_3/cnn_model/cnn14/plasma_tp1_0.1x_model_C2/roc_curve_resnet18_tf_0.03_0.1/nested_cv_random/resnet18/repeat_10_fold_5_metrics.csv,10,2,resnet18,"(0.03, 0.1]",C2,Sensitivity at 98% Specificity,0.7027027027027027
/scratchc/nrlab/wang04/ulyses_results_iteration/iteration_3_merge_below_3/cnn_model/cnn14/plasma_tp1_0.1x_model_C2/roc_curve_resnet18_tf_0.03_0.1/nested_cv_random/resnet18/repeat_10_fold_5_metrics.csv,10,2,resnet18,"(0.03, 0.1]",C2,PPV at 98% Specificity,1
/scratchc/nrlab/wang04/ulyses_results_iteration/iteration_3_merge_below_3/cnn_model/cnn14/plasma_tp1_0.1x_model_C2/roc_curve_resnet18_tf_0.03_0.1/nested_cv_random/resnet18/repeat_10_fold_5_metrics.csv,10,2,resnet18,"(0.03, 0.1]",C2,Accuracy at 98% Specificity,0.8413513513513513
/scratchc/nrlab/wang04/ulyses_results_iteration/iteration_3_merge_below_3/cnn_model/cnn14/plasma_tp1_0.1x_model_C2/roc_curve_resnet18_tf_0.03_0.1/nested_cv_random/resnet18/repeat_10_fold_5_metrics.csv,10,2,resnet18,"(0.03, 0.1]",C2,F1 at 98% Specificity,0.8253968253968254
/scratchc/nrlab/wang04/ulyses_results_iteration/iteration_3_merge_below_3/cnn_model/cnn14/plasma_tp1_0.1x_model_C2/roc_curve_resnet18_tf_0.03_0.1/nested_cv_random/resnet18/repeat_10_fold_5_metrics.csv,10,2,resnet18,"(0.03, 0.1]",C2,Sensitivity at 95% Specificity,0.918918918918919
/scratchc/nrlab/wang04/ulyses_results_iteration/iteration_3_merge_below_3/cnn_model/cnn14/plasma_tp1_0.1x_model_C2/roc_curve_resnet18_tf_0.03_0.1/nested_cv_random/resnet18/repeat_10_fold_5_metrics.csv,10,2,resnet18,"(0.03, 0.1]",C2,PPV at 95% Specificity,0.918918918918919
/scratchc/nrlab/wang04/ulyses_results_iteration/iteration_3_merge_below_3/cnn_model/cnn14/plasma_tp1_0.1x_model_C2/roc_curve_resnet18_tf_0.03_0.1/nested_cv_random/resnet18/repeat_10_fold_5_metrics.csv,10,2,resnet18,"(0.03, 0.1]",C2,Accuracy at 95% Specificity,0.9121938344594596
/scratchc/nrlab/wang04/ulyses_results_iteration/iteration_3_merge_below_3/cnn_model/cnn14/plasma_tp1_0.1x_model_C2/roc_curve_resnet18_tf_0.03_0.1/nested_cv_random/resnet18/repeat_10_fold_5_metrics.csv,10,2,resnet18,"(0.03, 0.1]",C2,F1 at 95% Specificity,0.918918918918919
/scratchc/nrlab/wang04/ulyses_results_iteration/iteration_3_merge_below_3/cnn_model/cnn14/plasma_tp1_0.1x_model_C2/roc_curve_resnet18_tf_0.03_0.1/nested_cv_random/resnet18/repeat_10_fold_5_metrics.csv,10,3,resnet18,"(0.03, 0.1]",C2,AUROC,0.9523809523809524
/scratchc/nrlab/wang04/ulyses_results_iteration/iteration_3_merge_below_3/cnn_model/cnn14/plasma_tp1_0.1x_model_C2/roc_curve_resnet18_tf_0.03_0.1/nested_cv_random/resnet18/repeat_10_fold_5_metrics.csv,10,3,resnet18,"(0.03, 0.1]",C2,AUPRC,0.9431079376305056
/scratchc/nrlab/wang04/ulyses_results_iteration/iteration_3_merge_below_3/cnn_model/cnn14/plasma_tp1_0.1x_model_C2/roc_curve_resnet18_tf_0.03_0.1/nested_cv_random/resnet18/repeat_10_fold_5_metrics.csv,10,3,resnet18,"(0.03, 0.1]",C2,Sensitivity at 99% Specificity,0.7894736842105263
/scratchc/nrlab/wang04/ulyses_results_iteration/iteration_3_merge_below_3/cnn_model/cnn14/plasma_tp1_0.1x_model_C2/roc_curve_resnet18_tf_0.03_0.1/nested_cv_random/resnet18/repeat_10_fold_5_metrics.csv,10,3,resnet18,"(0.03, 0.1]",C2,PPV at 99% Specificity,1
/scratchc/nrlab/wang04/ulyses_results_iteration/iteration_3_merge_below_3/cnn_model/cnn14/plasma_tp1_0.1x_model_C2/roc_curve_resnet18_tf_0.03_0.1/nested_cv_random/resnet18/repeat_10_fold_5_metrics.csv,10,3,resnet18,"(0.03, 0.1]",C2,Accuracy at 99% Specificity,0.8897368421052632
/scratchc/nrlab/wang04/ulyses_results_iteration/iteration_3_merge_below_3/cnn_model/cnn14/plasma_tp1_0.1x_model_C2/roc_curve_resnet18_tf_0.03_0.1/nested_cv_random/resnet18/repeat_10_fold_5_metrics.csv,10,3,resnet18,"(0.03, 0.1]",C2,F1 at 99% Specificity,0.8823529411764706
/scratchc/nrlab/wang04/ulyses_results_iteration/iteration_3_merge_below_3/cnn_model/cnn14/plasma_tp1_0.1x_model_C2/roc_curve_resnet18_tf_0.03_0.1/nested_cv_random/resnet18/repeat_10_fold_5_metrics.csv,10,3,resnet18,"(0.03, 0.1]",C2,Sensitivity at 98% Specificity,0.7894736842105263
/scratchc/nrlab/wang04/ulyses_results_iteration/iteration_3_merge_below_3/cnn_model/cnn14/plasma_tp1_0.1x_model_C2/roc_curve_resnet18_tf_0.03_0.1/nested_cv_random/resnet18/repeat_10_fold_5_metrics.csv,10,3,resnet18,"(0.03, 0.1]",C2,PPV at 98% Specificity,1
/scratchc/nrlab/wang04/ulyses_results_iteration/iteration_3_merge_below_3/cnn_model/cnn14/plasma_tp1_0.1x_model_C2/roc_curve_resnet18_tf_0.03_0.1/nested_cv_random/resnet18/repeat_10_fold_5_metrics.csv,10,3,resnet18,"(0.03, 0.1]",C2,Accuracy at 98% Specificity,0.8847368421052632
/scratchc/nrlab/wang04/ulyses_results_iteration/iteration_3_merge_below_3/cnn_model/cnn14/plasma_tp1_0.1x_model_C2/roc_curve_resnet18_tf_0.03_0.1/nested_cv_random/resnet18/repeat_10_fold_5_metrics.csv,10,3,resnet18,"(0.03, 0.1]",C2,F1 at 98% Specificity,0.8823529411764706
/scratchc/nrlab/wang04/ulyses_results_iteration/iteration_3_merge_below_3/cnn_model/cnn14/plasma_tp1_0.1x_model_C2/roc_curve_resnet18_tf_0.03_0.1/nested_cv_random/resnet18/repeat_10_fold_5_metrics.csv,10,3,resnet18,"(0.03, 0.1]",C2,Sensitivity at 95% Specificity,0.7894736842105263
/scratchc/nrlab/wang04/ulyses_results_iteration/iteration_3_merge_below_3/cnn_model/cnn14/plasma_tp1_0.1x_model_C2/roc_curve_resnet18_tf_0.03_0.1/nested_cv_random/resnet18/repeat_10_fold_5_metrics.csv,10,3,resnet18,"(0.03, 0.1]",C2,PPV at 95% Specificity,1
/scratchc/nrlab/wang04/ulyses_results_iteration/iteration_3_merge_below_3/cnn_model/cnn14/plasma_tp1_0.1x_model_C2/roc_curve_resnet18_tf_0.03_0.1/nested_cv_random/resnet18/repeat_10_fold_5_metrics.csv,10,3,resnet18,"(0.03, 0.1]",C2,Accuracy at 95% Specificity,0.8697368421052631
/scratchc/nrlab/wang04/ulyses_results_iteration/iteration_3_merge_below_3/cnn_model/cnn14/plasma_tp1_0.1x_model_C2/roc_curve_resnet18_tf_0.03_0.1/nested_cv_random/resnet18/repeat_10_fold_5_metrics.csv,10,3,resnet18,"(0.03, 0.1]",C2,F1 at 95% Specificity,0.8823529411764706
/scratchc/nrlab/wang04/ulyses_results_iteration/iteration_3_merge_below_3/cnn_model/cnn14/plasma_tp1_0.1x_model_C2/roc_curve_resnet18_tf_0.03_0.1/nested_cv_random/resnet18/repeat_10_fold_5_metrics.csv,10,4,resnet18,"(0.03, 0.1]",C2,AUROC,0.9502164502164502
/scratchc/nrlab/wang04/ulyses_results_iteration/iteration_3_merge_below_3/cnn_model/cnn14/plasma_tp1_0.1x_model_C2/roc_curve_resnet18_tf_0.03_0.1/nested_cv_random/resnet18/repeat_10_fold_5_metrics.csv,10,4,resnet18,"(0.03, 0.1]",C2,AUPRC,0.9391803976611024
/scratchc/nrlab/wang04/ulyses_results_iteration/iteration_3_merge_below_3/cnn_model/cnn14/plasma_tp1_0.1x_model_C2/roc_curve_resnet18_tf_0.03_0.1/nested_cv_random/resnet18/repeat_10_fold_5_metrics.csv,10,4,resnet18,"(0.03, 0.1]",C2,Sensitivity at 99% Specificity,0.6571428571428571
/scratchc/nrlab/wang04/ulyses_results_iteration/iteration_3_merge_below_3/cnn_model/cnn14/plasma_tp1_0.1x_model_C2/roc_curve_resnet18_tf_0.03_0.1/nested_cv_random/resnet18/repeat_10_fold_5_metrics.csv,10,4,resnet18,"(0.03, 0.1]",C2,PPV at 99% Specificity,1
/scratchc/nrlab/wang04/ulyses_results_iteration/iteration_3_merge_below_3/cnn_model/cnn14/plasma_tp1_0.1x_model_C2/roc_curve_resnet18_tf_0.03_0.1/nested_cv_random/resnet18/repeat_10_fold_5_metrics.csv,10,4,resnet18,"(0.03, 0.1]",C2,Accuracy at 99% Specificity,0.8235714285714286
/scratchc/nrlab/wang04/ulyses_results_iteration/iteration_3_merge_below_3/cnn_model/cnn14/plasma_tp1_0.1x_model_C2/roc_curve_resnet18_tf_0.03_0.1/nested_cv_random/resnet18/repeat_10_fold_5_metrics.csv,10,4,resnet18,"(0.03, 0.1]",C2,F1 at 99% Specificity,0.7931034482758621
/scratchc/nrlab/wang04/ulyses_results_iteration/iteration_3_merge_below_3/cnn_model/cnn14/plasma_tp1_0.1x_model_C2/roc_curve_resnet18_tf_0.03_0.1/nested_cv_random/resnet18/repeat_10_fold_5_metrics.csv,10,4,resnet18,"(0.03, 0.1]",C2,Sensitivity at 98% Specificity,0.6571428571428571
/scratchc/nrlab/wang04/ulyses_results_iteration/iteration_3_merge_below_3/cnn_model/cnn14/plasma_tp1_0.1x_model_C2/roc_curve_resnet18_tf_0.03_0.1/nested_cv_random/resnet18/repeat_10_fold_5_metrics.csv,10,4,resnet18,"(0.03, 0.1]",C2,PPV at 98% Specificity,1
/scratchc/nrlab/wang04/ulyses_results_iteration/iteration_3_merge_below_3/cnn_model/cnn14/plasma_tp1_0.1x_model_C2/roc_curve_resnet18_tf_0.03_0.1/nested_cv_random/resnet18/repeat_10_fold_5_metrics.csv,10,4,resnet18,"(0.03, 0.1]",C2,Accuracy at 98% Specificity,0.8185714285714285
/scratchc/nrlab/wang04/ulyses_results_iteration/iteration_3_merge_below_3/cnn_model/cnn14/plasma_tp1_0.1x_model_C2/roc_curve_resnet18_tf_0.03_0.1/nested_cv_random/resnet18/repeat_10_fold_5_metrics.csv,10,4,resnet18,"(0.03, 0.1]",C2,F1 at 98% Specificity,0.7931034482758621
/scratchc/nrlab/wang04/ulyses_results_iteration/iteration_3_merge_below_3/cnn_model/cnn14/plasma_tp1_0.1x_model_C2/roc_curve_resnet18_tf_0.03_0.1/nested_cv_random/resnet18/repeat_10_fold_5_metrics.csv,10,4,resnet18,"(0.03, 0.1]",C2,Sensitivity at 95% Specificity,0.8
/scratchc/nrlab/wang04/ulyses_results_iteration/iteration_3_merge_below_3/cnn_model/cnn14/plasma_tp1_0.1x_model_C2/roc_curve_resnet18_tf_0.03_0.1/nested_cv_random/resnet18/repeat_10_fold_5_metrics.csv,10,4,resnet18,"(0.03, 0.1]",C2,PPV at 95% Specificity,0.9655172413793104
/scratchc/nrlab/wang04/ulyses_results_iteration/iteration_3_merge_below_3/cnn_model/cnn14/plasma_tp1_0.1x_model_C2/roc_curve_resnet18_tf_0.03_0.1/nested_cv_random/resnet18/repeat_10_fold_5_metrics.csv,10,4,resnet18,"(0.03, 0.1]",C2,Accuracy at 95% Specificity,0.8678030303030303
/scratchc/nrlab/wang04/ulyses_results_iteration/iteration_3_merge_below_3/cnn_model/cnn14/plasma_tp1_0.1x_model_C2/roc_curve_resnet18_tf_0.03_0.1/nested_cv_random/resnet18/repeat_10_fold_5_metrics.csv,10,4,resnet18,"(0.03, 0.1]",C2,F1 at 95% Specificity,0.875
/scratchc/nrlab/wang04/ulyses_results_iteration/iteration_3_merge_below_3/cnn_model/cnn14/plasma_tp1_0.1x_model_C2/roc_curve_resnet18_tf_0.03_0.1/nested_cv_random/resnet18/repeat_10_fold_5_metrics.csv,10,5,resnet18,"(0.03, 0.1]",C2,AUROC,0.8978632478632479
/scratchc/nrlab/wang04/ulyses_results_iteration/iteration_3_merge_below_3/cnn_model/cnn14/plasma_tp1_0.1x_model_C2/roc_curve_resnet18_tf_0.03_0.1/nested_cv_random/resnet18/repeat_10_fold_5_metrics.csv,10,5,resnet18,"(0.03, 0.1]",C2,AUPRC,0.8739681634200852
/scratchc/nrlab/wang04/ulyses_results_iteration/iteration_3_merge_below_3/cnn_model/cnn14/plasma_tp1_0.1x_model_C2/roc_curve_resnet18_tf_0.03_0.1/nested_cv_random/resnet18/repeat_10_fold_5_metrics.csv,10,5,resnet18,"(0.03, 0.1]",C2,Sensitivity at 99% Specificity,0.25
/scratchc/nrlab/wang04/ulyses_results_iteration/iteration_3_merge_below_3/cnn_model/cnn14/plasma_tp1_0.1x_model_C2/roc_curve_resnet18_tf_0.03_0.1/nested_cv_random/resnet18/repeat_10_fold_5_metrics.csv,10,5,resnet18,"(0.03, 0.1]",C2,PPV at 99% Specificity,1
/scratchc/nrlab/wang04/ulyses_results_iteration/iteration_3_merge_below_3/cnn_model/cnn14/plasma_tp1_0.1x_model_C2/roc_curve_resnet18_tf_0.03_0.1/nested_cv_random/resnet18/repeat_10_fold_5_metrics.csv,10,5,resnet18,"(0.03, 0.1]",C2,Accuracy at 99% Specificity,0.62
/scratchc/nrlab/wang04/ulyses_results_iteration/iteration_3_merge_below_3/cnn_model/cnn14/plasma_tp1_0.1x_model_C2/roc_curve_resnet18_tf_0.03_0.1/nested_cv_random/resnet18/repeat_10_fold_5_metrics.csv,10,5,resnet18,"(0.03, 0.1]",C2,F1 at 99% Specificity,0.4
/scratchc/nrlab/wang04/ulyses_results_iteration/iteration_3_merge_below_3/cnn_model/cnn14/plasma_tp1_0.1x_model_C2/roc_curve_resnet18_tf_0.03_0.1/nested_cv_random/resnet18/repeat_10_fold_5_metrics.csv,10,5,resnet18,"(0.03, 0.1]",C2,Sensitivity at 98% Specificity,0.25
/scratchc/nrlab/wang04/ulyses_results_iteration/iteration_3_merge_below_3/cnn_model/cnn14/plasma_tp1_0.1x_model_C2/roc_curve_resnet18_tf_0.03_0.1/nested_cv_random/resnet18/repeat_10_fold_5_metrics.csv,10,5,resnet18,"(0.03, 0.1]",C2,PPV at 98% Specificity,1
/scratchc/nrlab/wang04/ulyses_results_iteration/iteration_3_merge_below_3/cnn_model/cnn14/plasma_tp1_0.1x_model_C2/roc_curve_resnet18_tf_0.03_0.1/nested_cv_random/resnet18/repeat_10_fold_5_metrics.csv,10,5,resnet18,"(0.03, 0.1]",C2,Accuracy at 98% Specificity,0.615
/scratchc/nrlab/wang04/ulyses_results_iteration/iteration_3_merge_below_3/cnn_model/cnn14/plasma_tp1_0.1x_model_C2/roc_curve_resnet18_tf_0.03_0.1/nested_cv_random/resnet18/repeat_10_fold_5_metrics.csv,10,5,resnet18,"(0.03, 0.1]",C2,F1 at 98% Specificity,0.4
/scratchc/nrlab/wang04/ulyses_results_iteration/iteration_3_merge_below_3/cnn_model/cnn14/plasma_tp1_0.1x_model_C2/roc_curve_resnet18_tf_0.03_0.1/nested_cv_random/resnet18/repeat_10_fold_5_metrics.csv,10,5,resnet18,"(0.03, 0.1]",C2,Sensitivity at 95% Specificity,0.6944444444444444
/scratchc/nrlab/wang04/ulyses_results_iteration/iteration_3_merge_below_3/cnn_model/cnn14/plasma_tp1_0.1x_model_C2/roc_curve_resnet18_tf_0.03_0.1/nested_cv_random/resnet18/repeat_10_fold_5_metrics.csv,10,5,resnet18,"(0.03, 0.1]",C2,PPV at 95% Specificity,0.925925925925926
/scratchc/nrlab/wang04/ulyses_results_iteration/iteration_3_merge_below_3/cnn_model/cnn14/plasma_tp1_0.1x_model_C2/roc_curve_resnet18_tf_0.03_0.1/nested_cv_random/resnet18/repeat_10_fold_5_metrics.csv,10,5,resnet18,"(0.03, 0.1]",C2,Accuracy at 95% Specificity,0.8076068376068375
/scratchc/nrlab/wang04/ulyses_results_iteration/iteration_3_merge_below_3/cnn_model/cnn14/plasma_tp1_0.1x_model_C2/roc_curve_resnet18_tf_0.03_0.1/nested_cv_random/resnet18/repeat_10_fold_5_metrics.csv,10,5,resnet18,"(0.03, 0.1]",C2,F1 at 95% Specificity,0.7936507936507936
/scratchc/nrlab/wang04/ulyses_results_iteration/iteration_3_merge_below_3/cnn_model/cnn14/plasma_tp1_0.1x_model_C2/roc_curve_resnet18_tf_0.1_1/nested_cv_random/resnet18/repeat_10_fold_5_metrics.csv,2,1,resnet18,"(0.1, 1]",C2,AUROC,0.9957983193277312
/scratchc/nrlab/wang04/ulyses_results_iteration/iteration_3_merge_below_3/cnn_model/cnn14/plasma_tp1_0.1x_model_C2/roc_curve_resnet18_tf_0.1_1/nested_cv_random/resnet18/repeat_10_fold_5_metrics.csv,2,1,resnet18,"(0.1, 1]",C2,AUPRC,0.9930277227169938
/scratchc/nrlab/wang04/ulyses_results_iteration/iteration_3_merge_below_3/cnn_model/cnn14/plasma_tp1_0.1x_model_C2/roc_curve_resnet18_tf_0.1_1/nested_cv_random/resnet18/repeat_10_fold_5_metrics.csv,2,1,resnet18,"(0.1, 1]",C2,Sensitivity at 99% Specificity,0.9142857142857144
/scratchc/nrlab/wang04/ulyses_results_iteration/iteration_3_merge_below_3/cnn_model/cnn14/plasma_tp1_0.1x_model_C2/roc_curve_resnet18_tf_0.1_1/nested_cv_random/resnet18/repeat_10_fold_5_metrics.csv,2,1,resnet18,"(0.1, 1]",C2,PPV at 99% Specificity,1
/scratchc/nrlab/wang04/ulyses_results_iteration/iteration_3_merge_below_3/cnn_model/cnn14/plasma_tp1_0.1x_model_C2/roc_curve_resnet18_tf_0.1_1/nested_cv_random/resnet18/repeat_10_fold_5_metrics.csv,2,1,resnet18,"(0.1, 1]",C2,Accuracy at 99% Specificity,0.9521428571428572
/scratchc/nrlab/wang04/ulyses_results_iteration/iteration_3_merge_below_3/cnn_model/cnn14/plasma_tp1_0.1x_model_C2/roc_curve_resnet18_tf_0.1_1/nested_cv_random/resnet18/repeat_10_fold_5_metrics.csv,2,1,resnet18,"(0.1, 1]",C2,F1 at 99% Specificity,0.9552238805970148
/scratchc/nrlab/wang04/ulyses_results_iteration/iteration_3_merge_below_3/cnn_model/cnn14/plasma_tp1_0.1x_model_C2/roc_curve_resnet18_tf_0.1_1/nested_cv_random/resnet18/repeat_10_fold_5_metrics.csv,2,1,resnet18,"(0.1, 1]",C2,Sensitivity at 98% Specificity,0.9142857142857144
/scratchc/nrlab/wang04/ulyses_results_iteration/iteration_3_merge_below_3/cnn_model/cnn14/plasma_tp1_0.1x_model_C2/roc_curve_resnet18_tf_0.1_1/nested_cv_random/resnet18/repeat_10_fold_5_metrics.csv,2,1,resnet18,"(0.1, 1]",C2,PPV at 98% Specificity,1
/scratchc/nrlab/wang04/ulyses_results_iteration/iteration_3_merge_below_3/cnn_model/cnn14/plasma_tp1_0.1x_model_C2/roc_curve_resnet18_tf_0.1_1/nested_cv_random/resnet18/repeat_10_fold_5_metrics.csv,2,1,resnet18,"(0.1, 1]",C2,Accuracy at 98% Specificity,0.9471428571428572
/scratchc/nrlab/wang04/ulyses_results_iteration/iteration_3_merge_below_3/cnn_model/cnn14/plasma_tp1_0.1x_model_C2/roc_curve_resnet18_tf_0.1_1/nested_cv_random/resnet18/repeat_10_fold_5_metrics.csv,2,1,resnet18,"(0.1, 1]",C2,F1 at 98% Specificity,0.9552238805970148
/scratchc/nrlab/wang04/ulyses_results_iteration/iteration_3_merge_below_3/cnn_model/cnn14/plasma_tp1_0.1x_model_C2/roc_curve_resnet18_tf_0.1_1/nested_cv_random/resnet18/repeat_10_fold_5_metrics.csv,2,1,resnet18,"(0.1, 1]",C2,Sensitivity at 95% Specificity,0.9142857142857144
/scratchc/nrlab/wang04/ulyses_results_iteration/iteration_3_merge_below_3/cnn_model/cnn14/plasma_tp1_0.1x_model_C2/roc_curve_resnet18_tf_0.1_1/nested_cv_random/resnet18/repeat_10_fold_5_metrics.csv,2,1,resnet18,"(0.1, 1]",C2,PPV at 95% Specificity,1
/scratchc/nrlab/wang04/ulyses_results_iteration/iteration_3_merge_below_3/cnn_model/cnn14/plasma_tp1_0.1x_model_C2/roc_curve_resnet18_tf_0.1_1/nested_cv_random/resnet18/repeat_10_fold_5_metrics.csv,2,1,resnet18,"(0.1, 1]",C2,Accuracy at 95% Specificity,0.9321428571428572
/scratchc/nrlab/wang04/ulyses_results_iteration/iteration_3_merge_below_3/cnn_model/cnn14/plasma_tp1_0.1x_model_C2/roc_curve_resnet18_tf_0.1_1/nested_cv_random/resnet18/repeat_10_fold_5_metrics.csv,2,1,resnet18,"(0.1, 1]",C2,F1 at 95% Specificity,0.9552238805970148
/scratchc/nrlab/wang04/ulyses_results_iteration/iteration_3_merge_below_3/cnn_model/cnn14/plasma_tp1_0.1x_model_C2/roc_curve_resnet18_tf_0.1_1/nested_cv_random/resnet18/repeat_10_fold_5_metrics.csv,4,1,resnet18,"(0.1, 1]",C2,AUROC,0.9976076555023924
/scratchc/nrlab/wang04/ulyses_results_iteration/iteration_3_merge_below_3/cnn_model/cnn14/plasma_tp1_0.1x_model_C2/roc_curve_resnet18_tf_0.1_1/nested_cv_random/resnet18/repeat_10_fold_5_metrics.csv,4,1,resnet18,"(0.1, 1]",C2,AUPRC,0.9962475037041808
/scratchc/nrlab/wang04/ulyses_results_iteration/iteration_3_merge_below_3/cnn_model/cnn14/plasma_tp1_0.1x_model_C2/roc_curve_resnet18_tf_0.1_1/nested_cv_random/resnet18/repeat_10_fold_5_metrics.csv,4,1,resnet18,"(0.1, 1]",C2,Sensitivity at 99% Specificity,0.9473684210526316
/scratchc/nrlab/wang04/ulyses_results_iteration/iteration_3_merge_below_3/cnn_model/cnn14/plasma_tp1_0.1x_model_C2/roc_curve_resnet18_tf_0.1_1/nested_cv_random/resnet18/repeat_10_fold_5_metrics.csv,4,1,resnet18,"(0.1, 1]",C2,PPV at 99% Specificity,1
/scratchc/nrlab/wang04/ulyses_results_iteration/iteration_3_merge_below_3/cnn_model/cnn14/plasma_tp1_0.1x_model_C2/roc_curve_resnet18_tf_0.1_1/nested_cv_random/resnet18/repeat_10_fold_5_metrics.csv,4,1,resnet18,"(0.1, 1]",C2,Accuracy at 99% Specificity,0.9686842105263158
/scratchc/nrlab/wang04/ulyses_results_iteration/iteration_3_merge_below_3/cnn_model/cnn14/plasma_tp1_0.1x_model_C2/roc_curve_resnet18_tf_0.1_1/nested_cv_random/resnet18/repeat_10_fold_5_metrics.csv,4,1,resnet18,"(0.1, 1]",C2,F1 at 99% Specificity,0.972972972972973
/scratchc/nrlab/wang04/ulyses_results_iteration/iteration_3_merge_below_3/cnn_model/cnn14/plasma_tp1_0.1x_model_C2/roc_curve_resnet18_tf_0.1_1/nested_cv_random/resnet18/repeat_10_fold_5_metrics.csv,4,1,resnet18,"(0.1, 1]",C2,Sensitivity at 98% Specificity,0.9473684210526316
/scratchc/nrlab/wang04/ulyses_results_iteration/iteration_3_merge_below_3/cnn_model/cnn14/plasma_tp1_0.1x_model_C2/roc_curve_resnet18_tf_0.1_1/nested_cv_random/resnet18/repeat_10_fold_5_metrics.csv,4,1,resnet18,"(0.1, 1]",C2,PPV at 98% Specificity,1
/scratchc/nrlab/wang04/ulyses_results_iteration/iteration_3_merge_below_3/cnn_model/cnn14/plasma_tp1_0.1x_model_C2/roc_curve_resnet18_tf_0.1_1/nested_cv_random/resnet18/repeat_10_fold_5_metrics.csv,4,1,resnet18,"(0.1, 1]",C2,Accuracy at 98% Specificity,0.9636842105263156
/scratchc/nrlab/wang04/ulyses_results_iteration/iteration_3_merge_below_3/cnn_model/cnn14/plasma_tp1_0.1x_model_C2/roc_curve_resnet18_tf_0.1_1/nested_cv_random/resnet18/repeat_10_fold_5_metrics.csv,4,1,resnet18,"(0.1, 1]",C2,F1 at 98% Specificity,0.972972972972973
/scratchc/nrlab/wang04/ulyses_results_iteration/iteration_3_merge_below_3/cnn_model/cnn14/plasma_tp1_0.1x_model_C2/roc_curve_resnet18_tf_0.1_1/nested_cv_random/resnet18/repeat_10_fold_5_metrics.csv,4,1,resnet18,"(0.1, 1]",C2,Sensitivity at 95% Specificity,0.9736842105263158
/scratchc/nrlab/wang04/ulyses_results_iteration/iteration_3_merge_below_3/cnn_model/cnn14/plasma_tp1_0.1x_model_C2/roc_curve_resnet18_tf_0.1_1/nested_cv_random/resnet18/repeat_10_fold_5_metrics.csv,4,1,resnet18,"(0.1, 1]",C2,PPV at 95% Specificity,0.902439024390244
/scratchc/nrlab/wang04/ulyses_results_iteration/iteration_3_merge_below_3/cnn_model/cnn14/plasma_tp1_0.1x_model_C2/roc_curve_resnet18_tf_0.1_1/nested_cv_random/resnet18/repeat_10_fold_5_metrics.csv,4,1,resnet18,"(0.1, 1]",C2,Accuracy at 95% Specificity,0.9330542264752792
/scratchc/nrlab/wang04/ulyses_results_iteration/iteration_3_merge_below_3/cnn_model/cnn14/plasma_tp1_0.1x_model_C2/roc_curve_resnet18_tf_0.1_1/nested_cv_random/resnet18/repeat_10_fold_5_metrics.csv,4,1,resnet18,"(0.1, 1]",C2,F1 at 95% Specificity,0.9367088607594936
/scratchc/nrlab/wang04/ulyses_results_iteration/iteration_3_merge_below_3/cnn_model/cnn14/plasma_tp1_0.1x_model_C2/roc_curve_resnet18_tf_0.1_1/nested_cv_random/resnet18/repeat_10_fold_5_metrics.csv,6,3,resnet18,"(0.1, 1]",C2,AUROC,0.9996153846153848
/scratchc/nrlab/wang04/ulyses_results_iteration/iteration_3_merge_below_3/cnn_model/cnn14/plasma_tp1_0.1x_model_C2/roc_curve_resnet18_tf_0.1_1/nested_cv_random/resnet18/repeat_10_fold_5_metrics.csv,6,3,resnet18,"(0.1, 1]",C2,AUPRC,0.999390243902439
/scratchc/nrlab/wang04/ulyses_results_iteration/iteration_3_merge_below_3/cnn_model/cnn14/plasma_tp1_0.1x_model_C2/roc_curve_resnet18_tf_0.1_1/nested_cv_random/resnet18/repeat_10_fold_5_metrics.csv,6,3,resnet18,"(0.1, 1]",C2,Sensitivity at 99% Specificity,0.975
/scratchc/nrlab/wang04/ulyses_results_iteration/iteration_3_merge_below_3/cnn_model/cnn14/plasma_tp1_0.1x_model_C2/roc_curve_resnet18_tf_0.1_1/nested_cv_random/resnet18/repeat_10_fold_5_metrics.csv,6,3,resnet18,"(0.1, 1]",C2,PPV at 99% Specificity,1
/scratchc/nrlab/wang04/ulyses_results_iteration/iteration_3_merge_below_3/cnn_model/cnn14/plasma_tp1_0.1x_model_C2/roc_curve_resnet18_tf_0.1_1/nested_cv_random/resnet18/repeat_10_fold_5_metrics.csv,6,3,resnet18,"(0.1, 1]",C2,Accuracy at 99% Specificity,0.9825
/scratchc/nrlab/wang04/ulyses_results_iteration/iteration_3_merge_below_3/cnn_model/cnn14/plasma_tp1_0.1x_model_C2/roc_curve_resnet18_tf_0.1_1/nested_cv_random/resnet18/repeat_10_fold_5_metrics.csv,6,3,resnet18,"(0.1, 1]",C2,F1 at 99% Specificity,0.9873417721518988
/scratchc/nrlab/wang04/ulyses_results_iteration/iteration_3_merge_below_3/cnn_model/cnn14/plasma_tp1_0.1x_model_C2/roc_curve_resnet18_tf_0.1_1/nested_cv_random/resnet18/repeat_10_fold_5_metrics.csv,6,3,resnet18,"(0.1, 1]",C2,Sensitivity at 98% Specificity,0.975
/scratchc/nrlab/wang04/ulyses_results_iteration/iteration_3_merge_below_3/cnn_model/cnn14/plasma_tp1_0.1x_model_C2/roc_curve_resnet18_tf_0.1_1/nested_cv_random/resnet18/repeat_10_fold_5_metrics.csv,6,3,resnet18,"(0.1, 1]",C2,PPV at 98% Specificity,1
/scratchc/nrlab/wang04/ulyses_results_iteration/iteration_3_merge_below_3/cnn_model/cnn14/plasma_tp1_0.1x_model_C2/roc_curve_resnet18_tf_0.1_1/nested_cv_random/resnet18/repeat_10_fold_5_metrics.csv,6,3,resnet18,"(0.1, 1]",C2,Accuracy at 98% Specificity,0.9775
/scratchc/nrlab/wang04/ulyses_results_iteration/iteration_3_merge_below_3/cnn_model/cnn14/plasma_tp1_0.1x_model_C2/roc_curve_resnet18_tf_0.1_1/nested_cv_random/resnet18/repeat_10_fold_5_metrics.csv,6,3,resnet18,"(0.1, 1]",C2,F1 at 98% Specificity,0.9873417721518988
/scratchc/nrlab/wang04/ulyses_results_iteration/iteration_3_merge_below_3/cnn_model/cnn14/plasma_tp1_0.1x_model_C2/roc_curve_resnet18_tf_0.1_1/nested_cv_random/resnet18/repeat_10_fold_5_metrics.csv,6,3,resnet18,"(0.1, 1]",C2,Sensitivity at 95% Specificity,0.975
/scratchc/nrlab/wang04/ulyses_results_iteration/iteration_3_merge_below_3/cnn_model/cnn14/plasma_tp1_0.1x_model_C2/roc_curve_resnet18_tf_0.1_1/nested_cv_random/resnet18/repeat_10_fold_5_metrics.csv,6,3,resnet18,"(0.1, 1]",C2,PPV at 95% Specificity,1
/scratchc/nrlab/wang04/ulyses_results_iteration/iteration_3_merge_below_3/cnn_model/cnn14/plasma_tp1_0.1x_model_C2/roc_curve_resnet18_tf_0.1_1/nested_cv_random/resnet18/repeat_10_fold_5_metrics.csv,6,3,resnet18,"(0.1, 1]",C2,Accuracy at 95% Specificity,0.9625
/scratchc/nrlab/wang04/ulyses_results_iteration/iteration_3_merge_below_3/cnn_model/cnn14/plasma_tp1_0.1x_model_C2/roc_curve_resnet18_tf_0.1_1/nested_cv_random/resnet18/repeat_10_fold_5_metrics.csv,6,3,resnet18,"(0.1, 1]",C2,F1 at 95% Specificity,0.9873417721518988
/scratchc/nrlab/wang04/ulyses_results_iteration/iteration_3_merge_below_3/cnn_model/cnn14/plasma_tp1_0.1x_model_C2/roc_curve_resnet18_tf_0.1_1/nested_cv_random/resnet18/repeat_10_fold_5_metrics.csv,8,3,resnet18,"(0.1, 1]",C2,AUROC,0.9927390076643808
/scratchc/nrlab/wang04/ulyses_results_iteration/iteration_3_merge_below_3/cnn_model/cnn14/plasma_tp1_0.1x_model_C2/roc_curve_resnet18_tf_0.1_1/nested_cv_random/resnet18/repeat_10_fold_5_metrics.csv,8,3,resnet18,"(0.1, 1]",C2,AUPRC,0.9903596865606044
/scratchc/nrlab/wang04/ulyses_results_iteration/iteration_3_merge_below_3/cnn_model/cnn14/plasma_tp1_0.1x_model_C2/roc_curve_resnet18_tf_0.1_1/nested_cv_random/resnet18/repeat_10_fold_5_metrics.csv,8,3,resnet18,"(0.1, 1]",C2,Sensitivity at 99% Specificity,0.918918918918919
/scratchc/nrlab/wang04/ulyses_results_iteration/iteration_3_merge_below_3/cnn_model/cnn14/plasma_tp1_0.1x_model_C2/roc_curve_resnet18_tf_0.1_1/nested_cv_random/resnet18/repeat_10_fold_5_metrics.csv,8,3,resnet18,"(0.1, 1]",C2,PPV at 99% Specificity,1
/scratchc/nrlab/wang04/ulyses_results_iteration/iteration_3_merge_below_3/cnn_model/cnn14/plasma_tp1_0.1x_model_C2/roc_curve_resnet18_tf_0.1_1/nested_cv_random/resnet18/repeat_10_fold_5_metrics.csv,8,3,resnet18,"(0.1, 1]",C2,Accuracy at 99% Specificity,0.9544594594594596
/scratchc/nrlab/wang04/ulyses_results_iteration/iteration_3_merge_below_3/cnn_model/cnn14/plasma_tp1_0.1x_model_C2/roc_curve_resnet18_tf_0.1_1/nested_cv_random/resnet18/repeat_10_fold_5_metrics.csv,8,3,resnet18,"(0.1, 1]",C2,F1 at 99% Specificity,0.9577464788732394
/scratchc/nrlab/wang04/ulyses_results_iteration/iteration_3_merge_below_3/cnn_model/cnn14/plasma_tp1_0.1x_model_C2/roc_curve_resnet18_tf_0.1_1/nested_cv_random/resnet18/repeat_10_fold_5_metrics.csv,8,3,resnet18,"(0.1, 1]",C2,Sensitivity at 98% Specificity,0.918918918918919
/scratchc/nrlab/wang04/ulyses_results_iteration/iteration_3_merge_below_3/cnn_model/cnn14/plasma_tp1_0.1x_model_C2/roc_curve_resnet18_tf_0.1_1/nested_cv_random/resnet18/repeat_10_fold_5_metrics.csv,8,3,resnet18,"(0.1, 1]",C2,PPV at 98% Specificity,1
/scratchc/nrlab/wang04/ulyses_results_iteration/iteration_3_merge_below_3/cnn_model/cnn14/plasma_tp1_0.1x_model_C2/roc_curve_resnet18_tf_0.1_1/nested_cv_random/resnet18/repeat_10_fold_5_metrics.csv,8,3,resnet18,"(0.1, 1]",C2,Accuracy at 98% Specificity,0.9494594594594594
/scratchc/nrlab/wang04/ulyses_results_iteration/iteration_3_merge_below_3/cnn_model/cnn14/plasma_tp1_0.1x_model_C2/roc_curve_resnet18_tf_0.1_1/nested_cv_random/resnet18/repeat_10_fold_5_metrics.csv,8,3,resnet18,"(0.1, 1]",C2,F1 at 98% Specificity,0.9577464788732394
/scratchc/nrlab/wang04/ulyses_results_iteration/iteration_3_merge_below_3/cnn_model/cnn14/plasma_tp1_0.1x_model_C2/roc_curve_resnet18_tf_0.1_1/nested_cv_random/resnet18/repeat_10_fold_5_metrics.csv,8,3,resnet18,"(0.1, 1]",C2,Sensitivity at 95% Specificity,0.918918918918919
/scratchc/nrlab/wang04/ulyses_results_iteration/iteration_3_merge_below_3/cnn_model/cnn14/plasma_tp1_0.1x_model_C2/roc_curve_resnet18_tf_0.1_1/nested_cv_random/resnet18/repeat_10_fold_5_metrics.csv,8,3,resnet18,"(0.1, 1]",C2,PPV at 95% Specificity,1
/scratchc/nrlab/wang04/ulyses_results_iteration/iteration_3_merge_below_3/cnn_model/cnn14/plasma_tp1_0.1x_model_C2/roc_curve_resnet18_tf_0.1_1/nested_cv_random/resnet18/repeat_10_fold_5_metrics.csv,8,3,resnet18,"(0.1, 1]",C2,Accuracy at 95% Specificity,0.9344594594594596
/scratchc/nrlab/wang04/ulyses_results_iteration/iteration_3_merge_below_3/cnn_model/cnn14/plasma_tp1_0.1x_model_C2/roc_curve_resnet18_tf_0.1_1/nested_cv_random/resnet18/repeat_10_fold_5_metrics.csv,8,3,resnet18,"(0.1, 1]",C2,F1 at 95% Specificity,0.9577464788732394
/scratchc/nrlab/wang04/ulyses_results_iteration/iteration_3_merge_below_3/cnn_model/cnn14/plasma_tp1_0.1x_model_C2/roc_curve_resnet18_tf_0.1_1/nested_cv_random/resnet18/repeat_10_fold_5_metrics.csv,9,5,resnet18,"(0.1, 1]",C2,AUROC,0.998803827751196
/scratchc/nrlab/wang04/ulyses_results_iteration/iteration_3_merge_below_3/cnn_model/cnn14/plasma_tp1_0.1x_model_C2/roc_curve_resnet18_tf_0.1_1/nested_cv_random/resnet18/repeat_10_fold_5_metrics.csv,9,5,resnet18,"(0.1, 1]",C2,AUPRC,0.9979214778383754
/scratchc/nrlab/wang04/ulyses_results_iteration/iteration_3_merge_below_3/cnn_model/cnn14/plasma_tp1_0.1x_model_C2/roc_curve_resnet18_tf_0.1_1/nested_cv_random/resnet18/repeat_10_fold_5_metrics.csv,9,5,resnet18,"(0.1, 1]",C2,Sensitivity at 99% Specificity,0.9210526315789472
/scratchc/nrlab/wang04/ulyses_results_iteration/iteration_3_merge_below_3/cnn_model/cnn14/plasma_tp1_0.1x_model_C2/roc_curve_resnet18_tf_0.1_1/nested_cv_random/resnet18/repeat_10_fold_5_metrics.csv,9,5,resnet18,"(0.1, 1]",C2,PPV at 99% Specificity,1
/scratchc/nrlab/wang04/ulyses_results_iteration/iteration_3_merge_below_3/cnn_model/cnn14/plasma_tp1_0.1x_model_C2/roc_curve_resnet18_tf_0.1_1/nested_cv_random/resnet18/repeat_10_fold_5_metrics.csv,9,5,resnet18,"(0.1, 1]",C2,Accuracy at 99% Specificity,0.9555263157894736
/scratchc/nrlab/wang04/ulyses_results_iteration/iteration_3_merge_below_3/cnn_model/cnn14/plasma_tp1_0.1x_model_C2/roc_curve_resnet18_tf_0.1_1/nested_cv_random/resnet18/repeat_10_fold_5_metrics.csv,9,5,resnet18,"(0.1, 1]",C2,F1 at 99% Specificity,0.958904109589041
/scratchc/nrlab/wang04/ulyses_results_iteration/iteration_3_merge_below_3/cnn_model/cnn14/plasma_tp1_0.1x_model_C2/roc_curve_resnet18_tf_0.1_1/nested_cv_random/resnet18/repeat_10_fold_5_metrics.csv,9,5,resnet18,"(0.1, 1]",C2,Sensitivity at 98% Specificity,0.9210526315789472
/scratchc/nrlab/wang04/ulyses_results_iteration/iteration_3_merge_below_3/cnn_model/cnn14/plasma_tp1_0.1x_model_C2/roc_curve_resnet18_tf_0.1_1/nested_cv_random/resnet18/repeat_10_fold_5_metrics.csv,9,5,resnet18,"(0.1, 1]",C2,PPV at 98% Specificity,1
/scratchc/nrlab/wang04/ulyses_results_iteration/iteration_3_merge_below_3/cnn_model/cnn14/plasma_tp1_0.1x_model_C2/roc_curve_resnet18_tf_0.1_1/nested_cv_random/resnet18/repeat_10_fold_5_metrics.csv,9,5,resnet18,"(0.1, 1]",C2,Accuracy at 98% Specificity,0.9505263157894736
/scratchc/nrlab/wang04/ulyses_results_iteration/iteration_3_merge_below_3/cnn_model/cnn14/plasma_tp1_0.1x_model_C2/roc_curve_resnet18_tf_0.1_1/nested_cv_random/resnet18/repeat_10_fold_5_metrics.csv,9,5,resnet18,"(0.1, 1]",C2,F1 at 98% Specificity,0.958904109589041
/scratchc/nrlab/wang04/ulyses_results_iteration/iteration_3_merge_below_3/cnn_model/cnn14/plasma_tp1_0.1x_model_C2/roc_curve_resnet18_tf_0.1_1/nested_cv_random/resnet18/repeat_10_fold_5_metrics.csv,9,5,resnet18,"(0.1, 1]",C2,Sensitivity at 95% Specificity,0.9210526315789472
/scratchc/nrlab/wang04/ulyses_results_iteration/iteration_3_merge_below_3/cnn_model/cnn14/plasma_tp1_0.1x_model_C2/roc_curve_resnet18_tf_0.1_1/nested_cv_random/resnet18/repeat_10_fold_5_metrics.csv,9,5,resnet18,"(0.1, 1]",C2,PPV at 95% Specificity,1
/scratchc/nrlab/wang04/ulyses_results_iteration/iteration_3_merge_below_3/cnn_model/cnn14/plasma_tp1_0.1x_model_C2/roc_curve_resnet18_tf_0.1_1/nested_cv_random/resnet18/repeat_10_fold_5_metrics.csv,9,5,resnet18,"(0.1, 1]",C2,Accuracy at 95% Specificity,0.9355263157894737
/scratchc/nrlab/wang04/ulyses_results_iteration/iteration_3_merge_below_3/cnn_model/cnn14/plasma_tp1_0.1x_model_C2/roc_curve_resnet18_tf_0.1_1/nested_cv_random/resnet18/repeat_10_fold_5_metrics.csv,9,5,resnet18,"(0.1, 1]",C2,F1 at 95% Specificity,0.958904109589041
/scratchc/nrlab/wang04/ulyses_results_iteration/iteration_3_merge_below_3/cnn_model/cnn14/plasma_tp1_0.1x_model_C2/roc_curve_resnet34_tf_0.1_1/nested_cv_random/resnet34/repeat_10_fold_5_metrics.csv,2,3,resnet34,"(0.1, 1]",C2,AUROC,0.996622889305816
/scratchc/nrlab/wang04/ulyses_results_iteration/iteration_3_merge_below_3/cnn_model/cnn14/plasma_tp1_0.1x_model_C2/roc_curve_resnet34_tf_0.1_1/nested_cv_random/resnet34/repeat_10_fold_5_metrics.csv,2,3,resnet34,"(0.1, 1]",C2,AUPRC,0.9948553792694188
/scratchc/nrlab/wang04/ulyses_results_iteration/iteration_3_merge_below_3/cnn_model/cnn14/plasma_tp1_0.1x_model_C2/roc_curve_resnet34_tf_0.1_1/nested_cv_random/resnet34/repeat_10_fold_5_metrics.csv,2,3,resnet34,"(0.1, 1]",C2,Sensitivity at 99% Specificity,0.902439024390244
/scratchc/nrlab/wang04/ulyses_results_iteration/iteration_3_merge_below_3/cnn_model/cnn14/plasma_tp1_0.1x_model_C2/roc_curve_resnet34_tf_0.1_1/nested_cv_random/resnet34/repeat_10_fold_5_metrics.csv,2,3,resnet34,"(0.1, 1]",C2,PPV at 99% Specificity,1
/scratchc/nrlab/wang04/ulyses_results_iteration/iteration_3_merge_below_3/cnn_model/cnn14/plasma_tp1_0.1x_model_C2/roc_curve_resnet34_tf_0.1_1/nested_cv_random/resnet34/repeat_10_fold_5_metrics.csv,2,3,resnet34,"(0.1, 1]",C2,Accuracy at 99% Specificity,0.946219512195122
/scratchc/nrlab/wang04/ulyses_results_iteration/iteration_3_merge_below_3/cnn_model/cnn14/plasma_tp1_0.1x_model_C2/roc_curve_resnet34_tf_0.1_1/nested_cv_random/resnet34/repeat_10_fold_5_metrics.csv,2,3,resnet34,"(0.1, 1]",C2,F1 at 99% Specificity,0.9487179487179488
/scratchc/nrlab/wang04/ulyses_results_iteration/iteration_3_merge_below_3/cnn_model/cnn14/plasma_tp1_0.1x_model_C2/roc_curve_resnet34_tf_0.1_1/nested_cv_random/resnet34/repeat_10_fold_5_metrics.csv,2,3,resnet34,"(0.1, 1]",C2,Sensitivity at 98% Specificity,0.902439024390244
/scratchc/nrlab/wang04/ulyses_results_iteration/iteration_3_merge_below_3/cnn_model/cnn14/plasma_tp1_0.1x_model_C2/roc_curve_resnet34_tf_0.1_1/nested_cv_random/resnet34/repeat_10_fold_5_metrics.csv,2,3,resnet34,"(0.1, 1]",C2,PPV at 98% Specificity,1
/scratchc/nrlab/wang04/ulyses_results_iteration/iteration_3_merge_below_3/cnn_model/cnn14/plasma_tp1_0.1x_model_C2/roc_curve_resnet34_tf_0.1_1/nested_cv_random/resnet34/repeat_10_fold_5_metrics.csv,2,3,resnet34,"(0.1, 1]",C2,Accuracy at 98% Specificity,0.941219512195122
/scratchc/nrlab/wang04/ulyses_results_iteration/iteration_3_merge_below_3/cnn_model/cnn14/plasma_tp1_0.1x_model_C2/roc_curve_resnet34_tf_0.1_1/nested_cv_random/resnet34/repeat_10_fold_5_metrics.csv,2,3,resnet34,"(0.1, 1]",C2,F1 at 98% Specificity,0.9487179487179488
/scratchc/nrlab/wang04/ulyses_results_iteration/iteration_3_merge_below_3/cnn_model/cnn14/plasma_tp1_0.1x_model_C2/roc_curve_resnet34_tf_0.1_1/nested_cv_random/resnet34/repeat_10_fold_5_metrics.csv,2,3,resnet34,"(0.1, 1]",C2,Sensitivity at 95% Specificity,0.975609756097561
/scratchc/nrlab/wang04/ulyses_results_iteration/iteration_3_merge_below_3/cnn_model/cnn14/plasma_tp1_0.1x_model_C2/roc_curve_resnet34_tf_0.1_1/nested_cv_random/resnet34/repeat_10_fold_5_metrics.csv,2,3,resnet34,"(0.1, 1]",C2,PPV at 95% Specificity,0.9302325581395348
/scratchc/nrlab/wang04/ulyses_results_iteration/iteration_3_merge_below_3/cnn_model/cnn14/plasma_tp1_0.1x_model_C2/roc_curve_resnet34_tf_0.1_1/nested_cv_random/resnet34/repeat_10_fold_5_metrics.csv,2,3,resnet34,"(0.1, 1]",C2,Accuracy at 95% Specificity,0.9408818011257036
/scratchc/nrlab/wang04/ulyses_results_iteration/iteration_3_merge_below_3/cnn_model/cnn14/plasma_tp1_0.1x_model_C2/roc_curve_resnet34_tf_0.1_1/nested_cv_random/resnet34/repeat_10_fold_5_metrics.csv,2,3,resnet34,"(0.1, 1]",C2,F1 at 95% Specificity,0.9523809523809524
/scratchc/nrlab/wang04/ulyses_results_iteration/iteration_3_merge_below_3/cnn_model/cnn14/plasma_tp1_0.1x_model_C2/roc_curve_resnet34_tf_0.1_1/nested_cv_random/resnet34/repeat_10_fold_5_metrics.csv,3,5,resnet34,"(0.1, 1]",C2,AUROC,0.981103552532124
/scratchc/nrlab/wang04/ulyses_results_iteration/iteration_3_merge_below_3/cnn_model/cnn14/plasma_tp1_0.1x_model_C2/roc_curve_resnet34_tf_0.1_1/nested_cv_random/resnet34/repeat_10_fold_5_metrics.csv,3,5,resnet34,"(0.1, 1]",C2,AUPRC,0.978835219405707
/scratchc/nrlab/wang04/ulyses_results_iteration/iteration_3_merge_below_3/cnn_model/cnn14/plasma_tp1_0.1x_model_C2/roc_curve_resnet34_tf_0.1_1/nested_cv_random/resnet34/repeat_10_fold_5_metrics.csv,3,5,resnet34,"(0.1, 1]",C2,Sensitivity at 99% Specificity,0.8571428571428571
/scratchc/nrlab/wang04/ulyses_results_iteration/iteration_3_merge_below_3/cnn_model/cnn14/plasma_tp1_0.1x_model_C2/roc_curve_resnet34_tf_0.1_1/nested_cv_random/resnet34/repeat_10_fold_5_metrics.csv,3,5,resnet34,"(0.1, 1]",C2,PPV at 99% Specificity,1
/scratchc/nrlab/wang04/ulyses_results_iteration/iteration_3_merge_below_3/cnn_model/cnn14/plasma_tp1_0.1x_model_C2/roc_curve_resnet34_tf_0.1_1/nested_cv_random/resnet34/repeat_10_fold_5_metrics.csv,3,5,resnet34,"(0.1, 1]",C2,Accuracy at 99% Specificity,0.9235714285714284
/scratchc/nrlab/wang04/ulyses_results_iteration/iteration_3_merge_below_3/cnn_model/cnn14/plasma_tp1_0.1x_model_C2/roc_curve_resnet34_tf_0.1_1/nested_cv_random/resnet34/repeat_10_fold_5_metrics.csv,3,5,resnet34,"(0.1, 1]",C2,F1 at 99% Specificity,0.9230769230769232
/scratchc/nrlab/wang04/ulyses_results_iteration/iteration_3_merge_below_3/cnn_model/cnn14/plasma_tp1_0.1x_model_C2/roc_curve_resnet34_tf_0.1_1/nested_cv_random/resnet34/repeat_10_fold_5_metrics.csv,3,5,resnet34,"(0.1, 1]",C2,Sensitivity at 98% Specificity,0.8571428571428571
/scratchc/nrlab/wang04/ulyses_results_iteration/iteration_3_merge_below_3/cnn_model/cnn14/plasma_tp1_0.1x_model_C2/roc_curve_resnet34_tf_0.1_1/nested_cv_random/resnet34/repeat_10_fold_5_metrics.csv,3,5,resnet34,"(0.1, 1]",C2,PPV at 98% Specificity,1
/scratchc/nrlab/wang04/ulyses_results_iteration/iteration_3_merge_below_3/cnn_model/cnn14/plasma_tp1_0.1x_model_C2/roc_curve_resnet34_tf_0.1_1/nested_cv_random/resnet34/repeat_10_fold_5_metrics.csv,3,5,resnet34,"(0.1, 1]",C2,Accuracy at 98% Specificity,0.9185714285714286
/scratchc/nrlab/wang04/ulyses_results_iteration/iteration_3_merge_below_3/cnn_model/cnn14/plasma_tp1_0.1x_model_C2/roc_curve_resnet34_tf_0.1_1/nested_cv_random/resnet34/repeat_10_fold_5_metrics.csv,3,5,resnet34,"(0.1, 1]",C2,F1 at 98% Specificity,0.9230769230769232
/scratchc/nrlab/wang04/ulyses_results_iteration/iteration_3_merge_below_3/cnn_model/cnn14/plasma_tp1_0.1x_model_C2/roc_curve_resnet34_tf_0.1_1/nested_cv_random/resnet34/repeat_10_fold_5_metrics.csv,3,5,resnet34,"(0.1, 1]",C2,Sensitivity at 95% Specificity,0.9047619047619048
/scratchc/nrlab/wang04/ulyses_results_iteration/iteration_3_merge_below_3/cnn_model/cnn14/plasma_tp1_0.1x_model_C2/roc_curve_resnet34_tf_0.1_1/nested_cv_random/resnet34/repeat_10_fold_5_metrics.csv,3,5,resnet34,"(0.1, 1]",C2,PPV at 95% Specificity,0.97435897435897445
/scratchc/nrlab/wang04/ulyses_results_iteration/iteration_3_merge_below_3/cnn_model/cnn14/plasma_tp1_0.1x_model_C2/roc_curve_resnet34_tf_0.1_1/nested_cv_random/resnet34/repeat_10_fold_5_metrics.csv,3,5,resnet34,"(0.1, 1]",C2,Accuracy at 95% Specificity,0.9198412698412698
/scratchc/nrlab/wang04/ulyses_results_iteration/iteration_3_merge_below_3/cnn_model/cnn14/plasma_tp1_0.1x_model_C2/roc_curve_resnet34_tf_0.1_1/nested_cv_random/resnet34/repeat_10_fold_5_metrics.csv,3,5,resnet34,"(0.1, 1]",C2,F1 at 95% Specificity,0.9382716049382716
/scratchc/nrlab/wang04/ulyses_results_iteration/iteration_3_merge_below_3/cnn_model/cnn14/plasma_tp1_0.1x_model_C2/roc_curve_resnet34_tf_0.1_1/nested_cv_random/resnet34/repeat_10_fold_5_metrics.csv,4,2,resnet34,"(0.1, 1]",C2,AUROC,0.9996055226824458
/scratchc/nrlab/wang04/ulyses_results_iteration/iteration_3_merge_below_3/cnn_model/cnn14/plasma_tp1_0.1x_model_C2/roc_curve_resnet34_tf_0.1_1/nested_cv_random/resnet34/repeat_10_fold_5_metrics.csv,4,2,resnet34,"(0.1, 1]",C2,AUPRC,0.9993589743589744
/scratchc/nrlab/wang04/ulyses_results_iteration/iteration_3_merge_below_3/cnn_model/cnn14/plasma_tp1_0.1x_model_C2/roc_curve_resnet34_tf_0.1_1/nested_cv_random/resnet34/repeat_10_fold_5_metrics.csv,4,2,resnet34,"(0.1, 1]",C2,Sensitivity at 99% Specificity,0.97435897435897445
/scratchc/nrlab/wang04/ulyses_results_iteration/iteration_3_merge_below_3/cnn_model/cnn14/plasma_tp1_0.1x_model_C2/roc_curve_resnet34_tf_0.1_1/nested_cv_random/resnet34/repeat_10_fold_5_metrics.csv,4,2,resnet34,"(0.1, 1]",C2,PPV at 99% Specificity,1
/scratchc/nrlab/wang04/ulyses_results_iteration/iteration_3_merge_below_3/cnn_model/cnn14/plasma_tp1_0.1x_model_C2/roc_curve_resnet34_tf_0.1_1/nested_cv_random/resnet34/repeat_10_fold_5_metrics.csv,4,2,resnet34,"(0.1, 1]",C2,Accuracy at 99% Specificity,0.9821794871794872
/scratchc/nrlab/wang04/ulyses_results_iteration/iteration_3_merge_below_3/cnn_model/cnn14/plasma_tp1_0.1x_model_C2/roc_curve_resnet34_tf_0.1_1/nested_cv_random/resnet34/repeat_10_fold_5_metrics.csv,4,2,resnet34,"(0.1, 1]",C2,F1 at 99% Specificity,0.987012987012987
/scratchc/nrlab/wang04/ulyses_results_iteration/iteration_3_merge_below_3/cnn_model/cnn14/plasma_tp1_0.1x_model_C2/roc_curve_resnet34_tf_0.1_1/nested_cv_random/resnet34/repeat_10_fold_5_metrics.csv,4,2,resnet34,"(0.1, 1]",C2,Sensitivity at 98% Specificity,0.97435897435897445
/scratchc/nrlab/wang04/ulyses_results_iteration/iteration_3_merge_below_3/cnn_model/cnn14/plasma_tp1_0.1x_model_C2/roc_curve_resnet34_tf_0.1_1/nested_cv_random/resnet34/repeat_10_fold_5_metrics.csv,4,2,resnet34,"(0.1, 1]",C2,PPV at 98% Specificity,1
/scratchc/nrlab/wang04/ulyses_results_iteration/iteration_3_merge_below_3/cnn_model/cnn14/plasma_tp1_0.1x_model_C2/roc_curve_resnet34_tf_0.1_1/nested_cv_random/resnet34/repeat_10_fold_5_metrics.csv,4,2,resnet34,"(0.1, 1]",C2,Accuracy at 98% Specificity,0.9771794871794872
/scratchc/nrlab/wang04/ulyses_results_iteration/iteration_3_merge_below_3/cnn_model/cnn14/plasma_tp1_0.1x_model_C2/roc_curve_resnet34_tf_0.1_1/nested_cv_random/resnet34/repeat_10_fold_5_metrics.csv,4,2,resnet34,"(0.1, 1]",C2,F1 at 98% Specificity,0.987012987012987
/scratchc/nrlab/wang04/ulyses_results_iteration/iteration_3_merge_below_3/cnn_model/cnn14/plasma_tp1_0.1x_model_C2/roc_curve_resnet34_tf_0.1_1/nested_cv_random/resnet34/repeat_10_fold_5_metrics.csv,4,2,resnet34,"(0.1, 1]",C2,Sensitivity at 95% Specificity,0.97435897435897445
/scratchc/nrlab/wang04/ulyses_results_iteration/iteration_3_merge_below_3/cnn_model/cnn14/plasma_tp1_0.1x_model_C2/roc_curve_resnet34_tf_0.1_1/nested_cv_random/resnet34/repeat_10_fold_5_metrics.csv,4,2,resnet34,"(0.1, 1]",C2,PPV at 95% Specificity,1
/scratchc/nrlab/wang04/ulyses_results_iteration/iteration_3_merge_below_3/cnn_model/cnn14/plasma_tp1_0.1x_model_C2/roc_curve_resnet34_tf_0.1_1/nested_cv_random/resnet34/repeat_10_fold_5_metrics.csv,4,2,resnet34,"(0.1, 1]",C2,Accuracy at 95% Specificity,0.9621794871794872
/scratchc/nrlab/wang04/ulyses_results_iteration/iteration_3_merge_below_3/cnn_model/cnn14/plasma_tp1_0.1x_model_C2/roc_curve_resnet34_tf_0.1_1/nested_cv_random/resnet34/repeat_10_fold_5_metrics.csv,4,2,resnet34,"(0.1, 1]",C2,F1 at 95% Specificity,0.987012987012987
/scratchc/nrlab/wang04/ulyses_results_iteration/iteration_3_merge_below_3/cnn_model/cnn14/plasma_tp1_0.1x_model_C2/roc_curve_resnet34_tf_0.1_1/nested_cv_random/resnet34/repeat_10_fold_5_metrics.csv,5,4,resnet34,"(0.1, 1]",C2,AUROC,0.999624765478424
/scratchc/nrlab/wang04/ulyses_results_iteration/iteration_3_merge_below_3/cnn_model/cnn14/plasma_tp1_0.1x_model_C2/roc_curve_resnet34_tf_0.1_1/nested_cv_random/resnet34/repeat_10_fold_5_metrics.csv,5,4,resnet34,"(0.1, 1]",C2,AUPRC,0.9994192799070848
/scratchc/nrlab/wang04/ulyses_results_iteration/iteration_3_merge_below_3/cnn_model/cnn14/plasma_tp1_0.1x_model_C2/roc_curve_resnet34_tf_0.1_1/nested_cv_random/resnet34/repeat_10_fold_5_metrics.csv,5,4,resnet34,"(0.1, 1]",C2,Sensitivity at 99% Specificity,0.975609756097561
/scratchc/nrlab/wang04/ulyses_results_iteration/iteration_3_merge_below_3/cnn_model/cnn14/plasma_tp1_0.1x_model_C2/roc_curve_resnet34_tf_0.1_1/nested_cv_random/resnet34/repeat_10_fold_5_metrics.csv,5,4,resnet34,"(0.1, 1]",C2,PPV at 99% Specificity,1
/scratchc/nrlab/wang04/ulyses_results_iteration/iteration_3_merge_below_3/cnn_model/cnn14/plasma_tp1_0.1x_model_C2/roc_curve_resnet34_tf_0.1_1/nested_cv_random/resnet34/repeat_10_fold_5_metrics.csv,5,4,resnet34,"(0.1, 1]",C2,Accuracy at 99% Specificity,0.9828048780487804
/scratchc/nrlab/wang04/ulyses_results_iteration/iteration_3_merge_below_3/cnn_model/cnn14/plasma_tp1_0.1x_model_C2/roc_curve_resnet34_tf_0.1_1/nested_cv_random/resnet34/repeat_10_fold_5_metrics.csv,5,4,resnet34,"(0.1, 1]",C2,F1 at 99% Specificity,0.9876543209876544
/scratchc/nrlab/wang04/ulyses_results_iteration/iteration_3_merge_below_3/cnn_model/cnn14/plasma_tp1_0.1x_model_C2/roc_curve_resnet34_tf_0.1_1/nested_cv_random/resnet34/repeat_10_fold_5_metrics.csv,5,4,resnet34,"(0.1, 1]",C2,Sensitivity at 98% Specificity,0.975609756097561
/scratchc/nrlab/wang04/ulyses_results_iteration/iteration_3_merge_below_3/cnn_model/cnn14/plasma_tp1_0.1x_model_C2/roc_curve_resnet34_tf_0.1_1/nested_cv_random/resnet34/repeat_10_fold_5_metrics.csv,5,4,resnet34,"(0.1, 1]",C2,PPV at 98% Specificity,1
/scratchc/nrlab/wang04/ulyses_results_iteration/iteration_3_merge_below_3/cnn_model/cnn14/plasma_tp1_0.1x_model_C2/roc_curve_resnet34_tf_0.1_1/nested_cv_random/resnet34/repeat_10_fold_5_metrics.csv,5,4,resnet34,"(0.1, 1]",C2,Accuracy at 98% Specificity,0.9778048780487804
/scratchc/nrlab/wang04/ulyses_results_iteration/iteration_3_merge_below_3/cnn_model/cnn14/plasma_tp1_0.1x_model_C2/roc_curve_resnet34_tf_0.1_1/nested_cv_random/resnet34/repeat_10_fold_5_metrics.csv,5,4,resnet34,"(0.1, 1]",C2,F1 at 98% Specificity,0.9876543209876544
/scratchc/nrlab/wang04/ulyses_results_iteration/iteration_3_merge_below_3/cnn_model/cnn14/plasma_tp1_0.1x_model_C2/roc_curve_resnet34_tf_0.1_1/nested_cv_random/resnet34/repeat_10_fold_5_metrics.csv,5,4,resnet34,"(0.1, 1]",C2,Sensitivity at 95% Specificity,0.975609756097561
/scratchc/nrlab/wang04/ulyses_results_iteration/iteration_3_merge_below_3/cnn_model/cnn14/plasma_tp1_0.1x_model_C2/roc_curve_resnet34_tf_0.1_1/nested_cv_random/resnet34/repeat_10_fold_5_metrics.csv,5,4,resnet34,"(0.1, 1]",C2,PPV at 95% Specificity,1
/scratchc/nrlab/wang04/ulyses_results_iteration/iteration_3_merge_below_3/cnn_model/cnn14/plasma_tp1_0.1x_model_C2/roc_curve_resnet34_tf_0.1_1/nested_cv_random/resnet34/repeat_10_fold_5_metrics.csv,5,4,resnet34,"(0.1, 1]",C2,Accuracy at 95% Specificity,0.9628048780487805
/scratchc/nrlab/wang04/ulyses_results_iteration/iteration_3_merge_below_3/cnn_model/cnn14/plasma_tp1_0.1x_model_C2/roc_curve_resnet34_tf_0.1_1/nested_cv_random/resnet34/repeat_10_fold_5_metrics.csv,5,4,resnet34,"(0.1, 1]",C2,F1 at 95% Specificity,0.9876543209876544
/scratchc/nrlab/wang04/ulyses_results_iteration/iteration_3_merge_below_3/cnn_model/cnn14/plasma_tp1_0.1x_model_C2/roc_curve_resnet34_tf_0.1_1/nested_cv_random/resnet34/repeat_10_fold_5_metrics.csv,7,2,resnet34,"(0.1, 1]",C2,AUROC,0.999609375
/scratchc/nrlab/wang04/ulyses_results_iteration/iteration_3_merge_below_3/cnn_model/cnn14/plasma_tp1_0.1x_model_C2/roc_curve_resnet34_tf_0.1_1/nested_cv_random/resnet34/repeat_10_fold_5_metrics.csv,7,2,resnet34,"(0.1, 1]",C2,AUPRC,0.9993902439024392
/scratchc/nrlab/wang04/ulyses_results_iteration/iteration_3_merge_below_3/cnn_model/cnn14/plasma_tp1_0.1x_model_C2/roc_curve_resnet34_tf_0.1_1/nested_cv_random/resnet34/repeat_10_fold_5_metrics.csv,7,2,resnet34,"(0.1, 1]",C2,Sensitivity at 99% Specificity,0.975
/scratchc/nrlab/wang04/ulyses_results_iteration/iteration_3_merge_below_3/cnn_model/cnn14/plasma_tp1_0.1x_model_C2/roc_curve_resnet34_tf_0.1_1/nested_cv_random/resnet34/repeat_10_fold_5_metrics.csv,7,2,resnet34,"(0.1, 1]",C2,PPV at 99% Specificity,1
/scratchc/nrlab/wang04/ulyses_results_iteration/iteration_3_merge_below_3/cnn_model/cnn14/plasma_tp1_0.1x_model_C2/roc_curve_resnet34_tf_0.1_1/nested_cv_random/resnet34/repeat_10_fold_5_metrics.csv,7,2,resnet34,"(0.1, 1]",C2,Accuracy at 99% Specificity,0.9825
/scratchc/nrlab/wang04/ulyses_results_iteration/iteration_3_merge_below_3/cnn_model/cnn14/plasma_tp1_0.1x_model_C2/roc_curve_resnet34_tf_0.1_1/nested_cv_random/resnet34/repeat_10_fold_5_metrics.csv,7,2,resnet34,"(0.1, 1]",C2,F1 at 99% Specificity,0.9873417721518988
/scratchc/nrlab/wang04/ulyses_results_iteration/iteration_3_merge_below_3/cnn_model/cnn14/plasma_tp1_0.1x_model_C2/roc_curve_resnet34_tf_0.1_1/nested_cv_random/resnet34/repeat_10_fold_5_metrics.csv,7,2,resnet34,"(0.1, 1]",C2,Sensitivity at 98% Specificity,0.975
/scratchc/nrlab/wang04/ulyses_results_iteration/iteration_3_merge_below_3/cnn_model/cnn14/plasma_tp1_0.1x_model_C2/roc_curve_resnet34_tf_0.1_1/nested_cv_random/resnet34/repeat_10_fold_5_metrics.csv,7,2,resnet34,"(0.1, 1]",C2,PPV at 98% Specificity,1
/scratchc/nrlab/wang04/ulyses_results_iteration/iteration_3_merge_below_3/cnn_model/cnn14/plasma_tp1_0.1x_model_C2/roc_curve_resnet34_tf_0.1_1/nested_cv_random/resnet34/repeat_10_fold_5_metrics.csv,7,2,resnet34,"(0.1, 1]",C2,Accuracy at 98% Specificity,0.9775
/scratchc/nrlab/wang04/ulyses_results_iteration/iteration_3_merge_below_3/cnn_model/cnn14/plasma_tp1_0.1x_model_C2/roc_curve_resnet34_tf_0.1_1/nested_cv_random/resnet34/repeat_10_fold_5_metrics.csv,7,2,resnet34,"(0.1, 1]",C2,F1 at 98% Specificity,0.9873417721518988
/scratchc/nrlab/wang04/ulyses_results_iteration/iteration_3_merge_below_3/cnn_model/cnn14/plasma_tp1_0.1x_model_C2/roc_curve_resnet34_tf_0.1_1/nested_cv_random/resnet34/repeat_10_fold_5_metrics.csv,7,2,resnet34,"(0.1, 1]",C2,Sensitivity at 95% Specificity,0.975
/scratchc/nrlab/wang04/ulyses_results_iteration/iteration_3_merge_below_3/cnn_model/cnn14/plasma_tp1_0.1x_model_C2/roc_curve_resnet34_tf_0.1_1/nested_cv_random/resnet34/repeat_10_fold_5_metrics.csv,7,2,resnet34,"(0.1, 1]",C2,PPV at 95% Specificity,1
/scratchc/nrlab/wang04/ulyses_results_iteration/iteration_3_merge_below_3/cnn_model/cnn14/plasma_tp1_0.1x_model_C2/roc_curve_resnet34_tf_0.1_1/nested_cv_random/resnet34/repeat_10_fold_5_metrics.csv,7,2,resnet34,"(0.1, 1]",C2,Accuracy at 95% Specificity,0.9625
/scratchc/nrlab/wang04/ulyses_results_iteration/iteration_3_merge_below_3/cnn_model/cnn14/plasma_tp1_0.1x_model_C2/roc_curve_resnet34_tf_0.1_1/nested_cv_random/resnet34/repeat_10_fold_5_metrics.csv,7,2,resnet34,"(0.1, 1]",C2,F1 at 95% Specificity,0.9873417721518988
/scratchc/nrlab/wang04/ulyses_results_iteration/iteration_3_merge_below_3/cnn_model/cnn14/plasma_tp1_0.1x_model_C2/roc_curve_resnet34_tf_0.1_1/nested_cv_random/resnet34/repeat_10_fold_5_metrics.csv,8,3,resnet34,"(0.1, 1]",C2,AUROC,0.9979830576845504
/scratchc/nrlab/wang04/ulyses_results_iteration/iteration_3_merge_below_3/cnn_model/cnn14/plasma_tp1_0.1x_model_C2/roc_curve_resnet34_tf_0.1_1/nested_cv_random/resnet34/repeat_10_fold_5_metrics.csv,8,3,resnet34,"(0.1, 1]",C2,AUPRC,0.9966327566854924
/scratchc/nrlab/wang04/ulyses_results_iteration/iteration_3_merge_below_3/cnn_model/cnn14/plasma_tp1_0.1x_model_C2/roc_curve_resnet34_tf_0.1_1/nested_cv_random/resnet34/repeat_10_fold_5_metrics.csv,8,3,resnet34,"(0.1, 1]",C2,Sensitivity at 99% Specificity,0.945945945945946
/scratchc/nrlab/wang04/ulyses_results_iteration/iteration_3_merge_below_3/cnn_model/cnn14/plasma_tp1_0.1x_model_C2/roc_curve_resnet34_tf_0.1_1/nested_cv_random/resnet34/repeat_10_fold_5_metrics.csv,8,3,resnet34,"(0.1, 1]",C2,PPV at 99% Specificity,1
/scratchc/nrlab/wang04/ulyses_results_iteration/iteration_3_merge_below_3/cnn_model/cnn14/plasma_tp1_0.1x_model_C2/roc_curve_resnet34_tf_0.1_1/nested_cv_random/resnet34/repeat_10_fold_5_metrics.csv,8,3,resnet34,"(0.1, 1]",C2,Accuracy at 99% Specificity,0.9679729729729728
/scratchc/nrlab/wang04/ulyses_results_iteration/iteration_3_merge_below_3/cnn_model/cnn14/plasma_tp1_0.1x_model_C2/roc_curve_resnet34_tf_0.1_1/nested_cv_random/resnet34/repeat_10_fold_5_metrics.csv,8,3,resnet34,"(0.1, 1]",C2,F1 at 99% Specificity,0.9722222222222222
/scratchc/nrlab/wang04/ulyses_results_iteration/iteration_3_merge_below_3/cnn_model/cnn14/plasma_tp1_0.1x_model_C2/roc_curve_resnet34_tf_0.1_1/nested_cv_random/resnet34/repeat_10_fold_5_metrics.csv,8,3,resnet34,"(0.1, 1]",C2,Sensitivity at 98% Specificity,0.945945945945946
/scratchc/nrlab/wang04/ulyses_results_iteration/iteration_3_merge_below_3/cnn_model/cnn14/plasma_tp1_0.1x_model_C2/roc_curve_resnet34_tf_0.1_1/nested_cv_random/resnet34/repeat_10_fold_5_metrics.csv,8,3,resnet34,"(0.1, 1]",C2,PPV at 98% Specificity,1
/scratchc/nrlab/wang04/ulyses_results_iteration/iteration_3_merge_below_3/cnn_model/cnn14/plasma_tp1_0.1x_model_C2/roc_curve_resnet34_tf_0.1_1/nested_cv_random/resnet34/repeat_10_fold_5_metrics.csv,8,3,resnet34,"(0.1, 1]",C2,Accuracy at 98% Specificity,0.962972972972973
/scratchc/nrlab/wang04/ulyses_results_iteration/iteration_3_merge_below_3/cnn_model/cnn14/plasma_tp1_0.1x_model_C2/roc_curve_resnet34_tf_0.1_1/nested_cv_random/resnet34/repeat_10_fold_5_metrics.csv,8,3,resnet34,"(0.1, 1]",C2,F1 at 98% Specificity,0.9722222222222222
/scratchc/nrlab/wang04/ulyses_results_iteration/iteration_3_merge_below_3/cnn_model/cnn14/plasma_tp1_0.1x_model_C2/roc_curve_resnet34_tf_0.1_1/nested_cv_random/resnet34/repeat_10_fold_5_metrics.csv,8,3,resnet34,"(0.1, 1]",C2,Sensitivity at 95% Specificity,0.972972972972973
/scratchc/nrlab/wang04/ulyses_results_iteration/iteration_3_merge_below_3/cnn_model/cnn14/plasma_tp1_0.1x_model_C2/roc_curve_resnet34_tf_0.1_1/nested_cv_random/resnet34/repeat_10_fold_5_metrics.csv,8,3,resnet34,"(0.1, 1]",C2,PPV at 95% Specificity,0.9230769230769232
/scratchc/nrlab/wang04/ulyses_results_iteration/iteration_3_merge_below_3/cnn_model/cnn14/plasma_tp1_0.1x_model_C2/roc_curve_resnet34_tf_0.1_1/nested_cv_random/resnet34/repeat_10_fold_5_metrics.csv,8,3,resnet34,"(0.1, 1]",C2,Accuracy at 95% Specificity,0.9402178297700684
/scratchc/nrlab/wang04/ulyses_results_iteration/iteration_3_merge_below_3/cnn_model/cnn14/plasma_tp1_0.1x_model_C2/roc_curve_resnet34_tf_0.1_1/nested_cv_random/resnet34/repeat_10_fold_5_metrics.csv,8,3,resnet34,"(0.1, 1]",C2,F1 at 95% Specificity,0.9473684210526316
/scratchc/nrlab/wang04/ulyses_results_iteration/iteration_3_merge_below_3/cnn_model/cnn14/plasma_tp1_0.1x_model_C2/roc_curve_resnet34_tf_0.1_1/nested_cv_random/resnet34/repeat_10_fold_5_metrics.csv,8,4,resnet34,"(0.1, 1]",C2,AUROC,0.9988385598141696
/scratchc/nrlab/wang04/ulyses_results_iteration/iteration_3_merge_below_3/cnn_model/cnn14/plasma_tp1_0.1x_model_C2/roc_curve_resnet34_tf_0.1_1/nested_cv_random/resnet34/repeat_10_fold_5_metrics.csv,8,4,resnet34,"(0.1, 1]",C2,AUPRC,0.9982146398119036
/scratchc/nrlab/wang04/ulyses_results_iteration/iteration_3_merge_below_3/cnn_model/cnn14/plasma_tp1_0.1x_model_C2/roc_curve_resnet34_tf_0.1_1/nested_cv_random/resnet34/repeat_10_fold_5_metrics.csv,8,4,resnet34,"(0.1, 1]",C2,Sensitivity at 99% Specificity,0.926829268292683
/scratchc/nrlab/wang04/ulyses_results_iteration/iteration_3_merge_below_3/cnn_model/cnn14/plasma_tp1_0.1x_model_C2/roc_curve_resnet34_tf_0.1_1/nested_cv_random/resnet34/repeat_10_fold_5_metrics.csv,8,4,resnet34,"(0.1, 1]",C2,PPV at 99% Specificity,1
/scratchc/nrlab/wang04/ulyses_results_iteration/iteration_3_merge_below_3/cnn_model/cnn14/plasma_tp1_0.1x_model_C2/roc_curve_resnet34_tf_0.1_1/nested_cv_random/resnet34/repeat_10_fold_5_metrics.csv,8,4,resnet34,"(0.1, 1]",C2,Accuracy at 99% Specificity,0.9584146341463416
/scratchc/nrlab/wang04/ulyses_results_iteration/iteration_3_merge_below_3/cnn_model/cnn14/plasma_tp1_0.1x_model_C2/roc_curve_resnet34_tf_0.1_1/nested_cv_random/resnet34/repeat_10_fold_5_metrics.csv,8,4,resnet34,"(0.1, 1]",C2,F1 at 99% Specificity,0.9620253164556962
/scratchc/nrlab/wang04/ulyses_results_iteration/iteration_3_merge_below_3/cnn_model/cnn14/plasma_tp1_0.1x_model_C2/roc_curve_resnet34_tf_0.1_1/nested_cv_random/resnet34/repeat_10_fold_5_metrics.csv,8,4,resnet34,"(0.1, 1]",C2,Sensitivity at 98% Specificity,0.926829268292683
/scratchc/nrlab/wang04/ulyses_results_iteration/iteration_3_merge_below_3/cnn_model/cnn14/plasma_tp1_0.1x_model_C2/roc_curve_resnet34_tf_0.1_1/nested_cv_random/resnet34/repeat_10_fold_5_metrics.csv,8,4,resnet34,"(0.1, 1]",C2,PPV at 98% Specificity,1
/scratchc/nrlab/wang04/ulyses_results_iteration/iteration_3_merge_below_3/cnn_model/cnn14/plasma_tp1_0.1x_model_C2/roc_curve_resnet34_tf_0.1_1/nested_cv_random/resnet34/repeat_10_fold_5_metrics.csv,8,4,resnet34,"(0.1, 1]",C2,Accuracy at 98% Specificity,0.9534146341463414
/scratchc/nrlab/wang04/ulyses_results_iteration/iteration_3_merge_below_3/cnn_model/cnn14/plasma_tp1_0.1x_model_C2/roc_curve_resnet34_tf_0.1_1/nested_cv_random/resnet34/repeat_10_fold_5_metrics.csv,8,4,resnet34,"(0.1, 1]",C2,F1 at 98% Specificity,0.9620253164556962
/scratchc/nrlab/wang04/ulyses_results_iteration/iteration_3_merge_below_3/cnn_model/cnn14/plasma_tp1_0.1x_model_C2/roc_curve_resnet34_tf_0.1_1/nested_cv_random/resnet34/repeat_10_fold_5_metrics.csv,8,4,resnet34,"(0.1, 1]",C2,Sensitivity at 95% Specificity,0.926829268292683
/scratchc/nrlab/wang04/ulyses_results_iteration/iteration_3_merge_below_3/cnn_model/cnn14/plasma_tp1_0.1x_model_C2/roc_curve_resnet34_tf_0.1_1/nested_cv_random/resnet34/repeat_10_fold_5_metrics.csv,8,4,resnet34,"(0.1, 1]",C2,PPV at 95% Specificity,1
/scratchc/nrlab/wang04/ulyses_results_iteration/iteration_3_merge_below_3/cnn_model/cnn14/plasma_tp1_0.1x_model_C2/roc_curve_resnet34_tf_0.1_1/nested_cv_random/resnet34/repeat_10_fold_5_metrics.csv,8,4,resnet34,"(0.1, 1]",C2,Accuracy at 95% Specificity,0.9384146341463416
/scratchc/nrlab/wang04/ulyses_results_iteration/iteration_3_merge_below_3/cnn_model/cnn14/plasma_tp1_0.1x_model_C2/roc_curve_resnet34_tf_0.1_1/nested_cv_random/resnet34/repeat_10_fold_5_metrics.csv,8,4,resnet34,"(0.1, 1]",C2,F1 at 95% Specificity,0.9620253164556962
/scratchc/nrlab/wang04/ulyses_results_iteration/iteration_3_merge_below_3/cnn_model/cnn14/plasma_tp1_0.1x_model_C2/roc_curve_resnet34_tf_0.1_1/nested_cv_random/resnet34/repeat_10_fold_5_metrics.csv,9,5,resnet34,"(0.1, 1]",C2,AUROC,0.9996012759170654
/scratchc/nrlab/wang04/ulyses_results_iteration/iteration_3_merge_below_3/cnn_model/cnn14/plasma_tp1_0.1x_model_C2/roc_curve_resnet34_tf_0.1_1/nested_cv_random/resnet34/repeat_10_fold_5_metrics.csv,9,5,resnet34,"(0.1, 1]",C2,AUPRC,0.9993252361673416
/scratchc/nrlab/wang04/ulyses_results_iteration/iteration_3_merge_below_3/cnn_model/cnn14/plasma_tp1_0.1x_model_C2/roc_curve_resnet34_tf_0.1_1/nested_cv_random/resnet34/repeat_10_fold_5_metrics.csv,9,5,resnet34,"(0.1, 1]",C2,Sensitivity at 99% Specificity,0.9736842105263158
/scratchc/nrlab/wang04/ulyses_results_iteration/iteration_3_merge_below_3/cnn_model/cnn14/plasma_tp1_0.1x_model_C2/roc_curve_resnet34_tf_0.1_1/nested_cv_random/resnet34/repeat_10_fold_5_metrics.csv,9,5,resnet34,"(0.1, 1]",C2,PPV at 99% Specificity,1
/scratchc/nrlab/wang04/ulyses_results_iteration/iteration_3_merge_below_3/cnn_model/cnn14/plasma_tp1_0.1x_model_C2/roc_curve_resnet34_tf_0.1_1/nested_cv_random/resnet34/repeat_10_fold_5_metrics.csv,9,5,resnet34,"(0.1, 1]",C2,Accuracy at 99% Specificity,0.9818421052631578
/scratchc/nrlab/wang04/ulyses_results_iteration/iteration_3_merge_below_3/cnn_model/cnn14/plasma_tp1_0.1x_model_C2/roc_curve_resnet34_tf_0.1_1/nested_cv_random/resnet34/repeat_10_fold_5_metrics.csv,9,5,resnet34,"(0.1, 1]",C2,F1 at 99% Specificity,0.9866666666666668
/scratchc/nrlab/wang04/ulyses_results_iteration/iteration_3_merge_below_3/cnn_model/cnn14/plasma_tp1_0.1x_model_C2/roc_curve_resnet34_tf_0.1_1/nested_cv_random/resnet34/repeat_10_fold_5_metrics.csv,9,5,resnet34,"(0.1, 1]",C2,Sensitivity at 98% Specificity,0.9736842105263158
/scratchc/nrlab/wang04/ulyses_results_iteration/iteration_3_merge_below_3/cnn_model/cnn14/plasma_tp1_0.1x_model_C2/roc_curve_resnet34_tf_0.1_1/nested_cv_random/resnet34/repeat_10_fold_5_metrics.csv,9,5,resnet34,"(0.1, 1]",C2,PPV at 98% Specificity,1
/scratchc/nrlab/wang04/ulyses_results_iteration/iteration_3_merge_below_3/cnn_model/cnn14/plasma_tp1_0.1x_model_C2/roc_curve_resnet34_tf_0.1_1/nested_cv_random/resnet34/repeat_10_fold_5_metrics.csv,9,5,resnet34,"(0.1, 1]",C2,Accuracy at 98% Specificity,0.976842105263158
/scratchc/nrlab/wang04/ulyses_results_iteration/iteration_3_merge_below_3/cnn_model/cnn14/plasma_tp1_0.1x_model_C2/roc_curve_resnet34_tf_0.1_1/nested_cv_random/resnet34/repeat_10_fold_5_metrics.csv,9,5,resnet34,"(0.1, 1]",C2,F1 at 98% Specificity,0.9866666666666668
/scratchc/nrlab/wang04/ulyses_results_iteration/iteration_3_merge_below_3/cnn_model/cnn14/plasma_tp1_0.1x_model_C2/roc_curve_resnet34_tf_0.1_1/nested_cv_random/resnet34/repeat_10_fold_5_metrics.csv,9,5,resnet34,"(0.1, 1]",C2,Sensitivity at 95% Specificity,0.9736842105263158
/scratchc/nrlab/wang04/ulyses_results_iteration/iteration_3_merge_below_3/cnn_model/cnn14/plasma_tp1_0.1x_model_C2/roc_curve_resnet34_tf_0.1_1/nested_cv_random/resnet34/repeat_10_fold_5_metrics.csv,9,5,resnet34,"(0.1, 1]",C2,PPV at 95% Specificity,1
/scratchc/nrlab/wang04/ulyses_results_iteration/iteration_3_merge_below_3/cnn_model/cnn14/plasma_tp1_0.1x_model_C2/roc_curve_resnet34_tf_0.1_1/nested_cv_random/resnet34/repeat_10_fold_5_metrics.csv,9,5,resnet34,"(0.1, 1]",C2,Accuracy at 95% Specificity,0.9618421052631578
/scratchc/nrlab/wang04/ulyses_results_iteration/iteration_3_merge_below_3/cnn_model/cnn14/plasma_tp1_0.1x_model_C2/roc_curve_resnet34_tf_0.1_1/nested_cv_random/resnet34/repeat_10_fold_5_metrics.csv,9,5,resnet34,"(0.1, 1]",C2,F1 at 95% Specificity,0.9866666666666668
/scratchc/nrlab/wang04/ulyses_results_iteration/iteration_3_merge_below_3/cnn_model/cnn14/plasma_tp1_0.1x_model_C2/roc_curve_resnet34_tf_0.1_1/nested_cv_random/resnet34/repeat_10_fold_5_metrics.csv,10,2,resnet34,"(0.1, 1]",C2,AUROC,0.9996055226824458
/scratchc/nrlab/wang04/ulyses_results_iteration/iteration_3_merge_below_3/cnn_model/cnn14/plasma_tp1_0.1x_model_C2/roc_curve_resnet34_tf_0.1_1/nested_cv_random/resnet34/repeat_10_fold_5_metrics.csv,10,2,resnet34,"(0.1, 1]",C2,AUPRC,0.9993589743589744
/scratchc/nrlab/wang04/ulyses_results_iteration/iteration_3_merge_below_3/cnn_model/cnn14/plasma_tp1_0.1x_model_C2/roc_curve_resnet34_tf_0.1_1/nested_cv_random/resnet34/repeat_10_fold_5_metrics.csv,10,2,resnet34,"(0.1, 1]",C2,Sensitivity at 99% Specificity,0.97435897435897445
/scratchc/nrlab/wang04/ulyses_results_iteration/iteration_3_merge_below_3/cnn_model/cnn14/plasma_tp1_0.1x_model_C2/roc_curve_resnet34_tf_0.1_1/nested_cv_random/resnet34/repeat_10_fold_5_metrics.csv,10,2,resnet34,"(0.1, 1]",C2,PPV at 99% Specificity,1
/scratchc/nrlab/wang04/ulyses_results_iteration/iteration_3_merge_below_3/cnn_model/cnn14/plasma_tp1_0.1x_model_C2/roc_curve_resnet34_tf_0.1_1/nested_cv_random/resnet34/repeat_10_fold_5_metrics.csv,10,2,resnet34,"(0.1, 1]",C2,Accuracy at 99% Specificity,0.9821794871794872
/scratchc/nrlab/wang04/ulyses_results_iteration/iteration_3_merge_below_3/cnn_model/cnn14/plasma_tp1_0.1x_model_C2/roc_curve_resnet34_tf_0.1_1/nested_cv_random/resnet34/repeat_10_fold_5_metrics.csv,10,2,resnet34,"(0.1, 1]",C2,F1 at 99% Specificity,0.987012987012987
/scratchc/nrlab/wang04/ulyses_results_iteration/iteration_3_merge_below_3/cnn_model/cnn14/plasma_tp1_0.1x_model_C2/roc_curve_resnet34_tf_0.1_1/nested_cv_random/resnet34/repeat_10_fold_5_metrics.csv,10,2,resnet34,"(0.1, 1]",C2,Sensitivity at 98% Specificity,0.97435897435897445
/scratchc/nrlab/wang04/ulyses_results_iteration/iteration_3_merge_below_3/cnn_model/cnn14/plasma_tp1_0.1x_model_C2/roc_curve_resnet34_tf_0.1_1/nested_cv_random/resnet34/repeat_10_fold_5_metrics.csv,10,2,resnet34,"(0.1, 1]",C2,PPV at 98% Specificity,1
/scratchc/nrlab/wang04/ulyses_results_iteration/iteration_3_merge_below_3/cnn_model/cnn14/plasma_tp1_0.1x_model_C2/roc_curve_resnet34_tf_0.1_1/nested_cv_random/resnet34/repeat_10_fold_5_metrics.csv,10,2,resnet34,"(0.1, 1]",C2,Accuracy at 98% Specificity,0.9771794871794872
/scratchc/nrlab/wang04/ulyses_results_iteration/iteration_3_merge_below_3/cnn_model/cnn14/plasma_tp1_0.1x_model_C2/roc_curve_resnet34_tf_0.1_1/nested_cv_random/resnet34/repeat_10_fold_5_metrics.csv,10,2,resnet34,"(0.1, 1]",C2,F1 at 98% Specificity,0.987012987012987
/scratchc/nrlab/wang04/ulyses_results_iteration/iteration_3_merge_below_3/cnn_model/cnn14/plasma_tp1_0.1x_model_C2/roc_curve_resnet34_tf_0.1_1/nested_cv_random/resnet34/repeat_10_fold_5_metrics.csv,10,2,resnet34,"(0.1, 1]",C2,Sensitivity at 95% Specificity,0.97435897435897445
/scratchc/nrlab/wang04/ulyses_results_iteration/iteration_3_merge_below_3/cnn_model/cnn14/plasma_tp1_0.1x_model_C2/roc_curve_resnet34_tf_0.1_1/nested_cv_random/resnet34/repeat_10_fold_5_metrics.csv,10,2,resnet34,"(0.1, 1]",C2,PPV at 95% Specificity,1
/scratchc/nrlab/wang04/ulyses_results_iteration/iteration_3_merge_below_3/cnn_model/cnn14/plasma_tp1_0.1x_model_C2/roc_curve_resnet34_tf_0.1_1/nested_cv_random/resnet34/repeat_10_fold_5_metrics.csv,10,2,resnet34,"(0.1, 1]",C2,Accuracy at 95% Specificity,0.9621794871794872
/scratchc/nrlab/wang04/ulyses_results_iteration/iteration_3_merge_below_3/cnn_model/cnn14/plasma_tp1_0.1x_model_C2/roc_curve_resnet34_tf_0.1_1/nested_cv_random/resnet34/repeat_10_fold_5_metrics.csv,10,2,resnet34,"(0.1, 1]",C2,F1 at 95% Specificity,0.987012987012987
/scratchc/nrlab/wang04/ulyses_results_iteration/iteration_3_merge_below_3/cnn_model/cnn14/plasma_tp1_0.1x_model_C3/roc_curve_resnet18_tf_0_0.03/nested_cv_random/resnet18/repeat_10_fold_5_metrics.csv,1,1,resnet18,"[0, 0.03]",C3,AUROC,0.9154565061107116
/scratchc/nrlab/wang04/ulyses_results_iteration/iteration_3_merge_below_3/cnn_model/cnn14/plasma_tp1_0.1x_model_C3/roc_curve_resnet18_tf_0_0.03/nested_cv_random/resnet18/repeat_10_fold_5_metrics.csv,1,1,resnet18,"[0, 0.03]",C3,AUPRC,0.9408192887977992
/scratchc/nrlab/wang04/ulyses_results_iteration/iteration_3_merge_below_3/cnn_model/cnn14/plasma_tp1_0.1x_model_C3/roc_curve_resnet18_tf_0_0.03/nested_cv_random/resnet18/repeat_10_fold_5_metrics.csv,1,1,resnet18,"[0, 0.03]",C3,Sensitivity at 99% Specificity,0.102803738317757
/scratchc/nrlab/wang04/ulyses_results_iteration/iteration_3_merge_below_3/cnn_model/cnn14/plasma_tp1_0.1x_model_C3/roc_curve_resnet18_tf_0_0.03/nested_cv_random/resnet18/repeat_10_fold_5_metrics.csv,1,1,resnet18,"[0, 0.03]",C3,PPV at 99% Specificity,1
/scratchc/nrlab/wang04/ulyses_results_iteration/iteration_3_merge_below_3/cnn_model/cnn14/plasma_tp1_0.1x_model_C3/roc_curve_resnet18_tf_0_0.03/nested_cv_random/resnet18/repeat_10_fold_5_metrics.csv,1,1,resnet18,"[0, 0.03]",C3,Accuracy at 99% Specificity,0.5464018691588785
/scratchc/nrlab/wang04/ulyses_results_iteration/iteration_3_merge_below_3/cnn_model/cnn14/plasma_tp1_0.1x_model_C3/roc_curve_resnet18_tf_0_0.03/nested_cv_random/resnet18/repeat_10_fold_5_metrics.csv,1,1,resnet18,"[0, 0.03]",C3,F1 at 99% Specificity,0.1864406779661017
/scratchc/nrlab/wang04/ulyses_results_iteration/iteration_3_merge_below_3/cnn_model/cnn14/plasma_tp1_0.1x_model_C3/roc_curve_resnet18_tf_0_0.03/nested_cv_random/resnet18/repeat_10_fold_5_metrics.csv,1,1,resnet18,"[0, 0.03]",C3,Sensitivity at 98% Specificity,0.102803738317757
/scratchc/nrlab/wang04/ulyses_results_iteration/iteration_3_merge_below_3/cnn_model/cnn14/plasma_tp1_0.1x_model_C3/roc_curve_resnet18_tf_0_0.03/nested_cv_random/resnet18/repeat_10_fold_5_metrics.csv,1,1,resnet18,"[0, 0.03]",C3,PPV at 98% Specificity,1
/scratchc/nrlab/wang04/ulyses_results_iteration/iteration_3_merge_below_3/cnn_model/cnn14/plasma_tp1_0.1x_model_C3/roc_curve_resnet18_tf_0_0.03/nested_cv_random/resnet18/repeat_10_fold_5_metrics.csv,1,1,resnet18,"[0, 0.03]",C3,Accuracy at 98% Specificity,0.5414018691588784
/scratchc/nrlab/wang04/ulyses_results_iteration/iteration_3_merge_below_3/cnn_model/cnn14/plasma_tp1_0.1x_model_C3/roc_curve_resnet18_tf_0_0.03/nested_cv_random/resnet18/repeat_10_fold_5_metrics.csv,1,1,resnet18,"[0, 0.03]",C3,F1 at 98% Specificity,0.1864406779661017
/scratchc/nrlab/wang04/ulyses_results_iteration/iteration_3_merge_below_3/cnn_model/cnn14/plasma_tp1_0.1x_model_C3/roc_curve_resnet18_tf_0_0.03/nested_cv_random/resnet18/repeat_10_fold_5_metrics.csv,1,1,resnet18,"[0, 0.03]",C3,Sensitivity at 95% Specificity,0.6448598130841121
/scratchc/nrlab/wang04/ulyses_results_iteration/iteration_3_merge_below_3/cnn_model/cnn14/plasma_tp1_0.1x_model_C3/roc_curve_resnet18_tf_0_0.03/nested_cv_random/resnet18/repeat_10_fold_5_metrics.csv,1,1,resnet18,"[0, 0.03]",C3,PPV at 95% Specificity,0.971830985915493
/scratchc/nrlab/wang04/ulyses_results_iteration/iteration_3_merge_below_3/cnn_model/cnn14/plasma_tp1_0.1x_model_C3/roc_curve_resnet18_tf_0_0.03/nested_cv_random/resnet18/repeat_10_fold_5_metrics.csv,1,1,resnet18,"[0, 0.03]",C3,Accuracy at 95% Specificity,0.7828145219266713
/scratchc/nrlab/wang04/ulyses_results_iteration/iteration_3_merge_below_3/cnn_model/cnn14/plasma_tp1_0.1x_model_C3/roc_curve_resnet18_tf_0_0.03/nested_cv_random/resnet18/repeat_10_fold_5_metrics.csv,1,1,resnet18,"[0, 0.03]",C3,F1 at 95% Specificity,0.7752808988764045
/scratchc/nrlab/wang04/ulyses_results_iteration/iteration_3_merge_below_3/cnn_model/cnn14/plasma_tp1_0.1x_model_C3/roc_curve_resnet18_tf_0_0.03/nested_cv_random/resnet18/repeat_10_fold_5_metrics.csv,1,2,resnet18,"[0, 0.03]",C3,AUROC,0.9091168091168093
/scratchc/nrlab/wang04/ulyses_results_iteration/iteration_3_merge_below_3/cnn_model/cnn14/plasma_tp1_0.1x_model_C3/roc_curve_resnet18_tf_0_0.03/nested_cv_random/resnet18/repeat_10_fold_5_metrics.csv,1,2,resnet18,"[0, 0.03]",C3,AUPRC,0.9430390887837148
/scratchc/nrlab/wang04/ulyses_results_iteration/iteration_3_merge_below_3/cnn_model/cnn14/plasma_tp1_0.1x_model_C3/roc_curve_resnet18_tf_0_0.03/nested_cv_random/resnet18/repeat_10_fold_5_metrics.csv,1,2,resnet18,"[0, 0.03]",C3,Sensitivity at 99% Specificity,0.2962962962962963
/scratchc/nrlab/wang04/ulyses_results_iteration/iteration_3_merge_below_3/cnn_model/cnn14/plasma_tp1_0.1x_model_C3/roc_curve_resnet18_tf_0_0.03/nested_cv_random/resnet18/repeat_10_fold_5_metrics.csv,1,2,resnet18,"[0, 0.03]",C3,PPV at 99% Specificity,1
/scratchc/nrlab/wang04/ulyses_results_iteration/iteration_3_merge_below_3/cnn_model/cnn14/plasma_tp1_0.1x_model_C3/roc_curve_resnet18_tf_0_0.03/nested_cv_random/resnet18/repeat_10_fold_5_metrics.csv,1,2,resnet18,"[0, 0.03]",C3,Accuracy at 99% Specificity,0.6431481481481481
/scratchc/nrlab/wang04/ulyses_results_iteration/iteration_3_merge_below_3/cnn_model/cnn14/plasma_tp1_0.1x_model_C3/roc_curve_resnet18_tf_0_0.03/nested_cv_random/resnet18/repeat_10_fold_5_metrics.csv,1,2,resnet18,"[0, 0.03]",C3,F1 at 99% Specificity,0.45714285714285713
/scratchc/nrlab/wang04/ulyses_results_iteration/iteration_3_merge_below_3/cnn_model/cnn14/plasma_tp1_0.1x_model_C3/roc_curve_resnet18_tf_0_0.03/nested_cv_random/resnet18/repeat_10_fold_5_metrics.csv,1,2,resnet18,"[0, 0.03]",C3,Sensitivity at 98% Specificity,0.2962962962962963
/scratchc/nrlab/wang04/ulyses_results_iteration/iteration_3_merge_below_3/cnn_model/cnn14/plasma_tp1_0.1x_model_C3/roc_curve_resnet18_tf_0_0.03/nested_cv_random/resnet18/repeat_10_fold_5_metrics.csv,1,2,resnet18,"[0, 0.03]",C3,PPV at 98% Specificity,1
/scratchc/nrlab/wang04/ulyses_results_iteration/iteration_3_merge_below_3/cnn_model/cnn14/plasma_tp1_0.1x_model_C3/roc_curve_resnet18_tf_0_0.03/nested_cv_random/resnet18/repeat_10_fold_5_metrics.csv,1,2,resnet18,"[0, 0.03]",C3,Accuracy at 98% Specificity,0.6381481481481481
/scratchc/nrlab/wang04/ulyses_results_iteration/iteration_3_merge_below_3/cnn_model/cnn14/plasma_tp1_0.1x_model_C3/roc_curve_resnet18_tf_0_0.03/nested_cv_random/resnet18/repeat_10_fold_5_metrics.csv,1,2,resnet18,"[0, 0.03]",C3,F1 at 98% Specificity,0.45714285714285713
/scratchc/nrlab/wang04/ulyses_results_iteration/iteration_3_merge_below_3/cnn_model/cnn14/plasma_tp1_0.1x_model_C3/roc_curve_resnet18_tf_0_0.03/nested_cv_random/resnet18/repeat_10_fold_5_metrics.csv,1,2,resnet18,"[0, 0.03]",C3,Sensitivity at 95% Specificity,0.5277777777777778
/scratchc/nrlab/wang04/ulyses_results_iteration/iteration_3_merge_below_3/cnn_model/cnn14/plasma_tp1_0.1x_model_C3/roc_curve_resnet18_tf_0_0.03/nested_cv_random/resnet18/repeat_10_fold_5_metrics.csv,1,2,resnet18,"[0, 0.03]",C3,PPV at 95% Specificity,0.9661016949152542
/scratchc/nrlab/wang04/ulyses_results_iteration/iteration_3_merge_below_3/cnn_model/cnn14/plasma_tp1_0.1x_model_C3/roc_curve_resnet18_tf_0_0.03/nested_cv_random/resnet18/repeat_10_fold_5_metrics.csv,1,2,resnet18,"[0, 0.03]",C3,Accuracy at 95% Specificity,0.7242735042735042
/scratchc/nrlab/wang04/ulyses_results_iteration/iteration_3_merge_below_3/cnn_model/cnn14/plasma_tp1_0.1x_model_C3/roc_curve_resnet18_tf_0_0.03/nested_cv_random/resnet18/repeat_10_fold_5_metrics.csv,1,2,resnet18,"[0, 0.03]",C3,F1 at 95% Specificity,0.6826347305389222
/scratchc/nrlab/wang04/ulyses_results_iteration/iteration_3_merge_below_3/cnn_model/cnn14/plasma_tp1_0.1x_model_C3/roc_curve_resnet18_tf_0_0.03/nested_cv_random/resnet18/repeat_10_fold_5_metrics.csv,1,3,resnet18,"[0, 0.03]",C3,AUROC,0.8466579292267367
/scratchc/nrlab/wang04/ulyses_results_iteration/iteration_3_merge_below_3/cnn_model/cnn14/plasma_tp1_0.1x_model_C3/roc_curve_resnet18_tf_0_0.03/nested_cv_random/resnet18/repeat_10_fold_5_metrics.csv,1,3,resnet18,"[0, 0.03]",C3,AUPRC,0.8971870153369549
/scratchc/nrlab/wang04/ulyses_results_iteration/iteration_3_merge_below_3/cnn_model/cnn14/plasma_tp1_0.1x_model_C3/roc_curve_resnet18_tf_0_0.03/nested_cv_random/resnet18/repeat_10_fold_5_metrics.csv,1,3,resnet18,"[0, 0.03]",C3,Sensitivity at 99% Specificity,0.1651376146788991
/scratchc/nrlab/wang04/ulyses_results_iteration/iteration_3_merge_below_3/cnn_model/cnn14/plasma_tp1_0.1x_model_C3/roc_curve_resnet18_tf_0_0.03/nested_cv_random/resnet18/repeat_10_fold_5_metrics.csv,1,3,resnet18,"[0, 0.03]",C3,PPV at 99% Specificity,1
/scratchc/nrlab/wang04/ulyses_results_iteration/iteration_3_merge_below_3/cnn_model/cnn14/plasma_tp1_0.1x_model_C3/roc_curve_resnet18_tf_0_0.03/nested_cv_random/resnet18/repeat_10_fold_5_metrics.csv,1,3,resnet18,"[0, 0.03]",C3,Accuracy at 99% Specificity,0.5775688073394496
/scratchc/nrlab/wang04/ulyses_results_iteration/iteration_3_merge_below_3/cnn_model/cnn14/plasma_tp1_0.1x_model_C3/roc_curve_resnet18_tf_0_0.03/nested_cv_random/resnet18/repeat_10_fold_5_metrics.csv,1,3,resnet18,"[0, 0.03]",C3,F1 at 99% Specificity,0.28346456692913385
/scratchc/nrlab/wang04/ulyses_results_iteration/iteration_3_merge_below_3/cnn_model/cnn14/plasma_tp1_0.1x_model_C3/roc_curve_resnet18_tf_0_0.03/nested_cv_random/resnet18/repeat_10_fold_5_metrics.csv,1,3,resnet18,"[0, 0.03]",C3,Sensitivity at 98% Specificity,0.1651376146788991
/scratchc/nrlab/wang04/ulyses_results_iteration/iteration_3_merge_below_3/cnn_model/cnn14/plasma_tp1_0.1x_model_C3/roc_curve_resnet18_tf_0_0.03/nested_cv_random/resnet18/repeat_10_fold_5_metrics.csv,1,3,resnet18,"[0, 0.03]",C3,PPV at 98% Specificity,1
/scratchc/nrlab/wang04/ulyses_results_iteration/iteration_3_merge_below_3/cnn_model/cnn14/plasma_tp1_0.1x_model_C3/roc_curve_resnet18_tf_0_0.03/nested_cv_random/resnet18/repeat_10_fold_5_metrics.csv,1,3,resnet18,"[0, 0.03]",C3,Accuracy at 98% Specificity,0.5725688073394495
/scratchc/nrlab/wang04/ulyses_results_iteration/iteration_3_merge_below_3/cnn_model/cnn14/plasma_tp1_0.1x_model_C3/roc_curve_resnet18_tf_0_0.03/nested_cv_random/resnet18/repeat_10_fold_5_metrics.csv,1,3,resnet18,"[0, 0.03]",C3,F1 at 98% Specificity,0.28346456692913385
/scratchc/nrlab/wang04/ulyses_results_iteration/iteration_3_merge_below_3/cnn_model/cnn14/plasma_tp1_0.1x_model_C3/roc_curve_resnet18_tf_0_0.03/nested_cv_random/resnet18/repeat_10_fold_5_metrics.csv,1,3,resnet18,"[0, 0.03]",C3,Sensitivity at 95% Specificity,0.3119266055045872
/scratchc/nrlab/wang04/ulyses_results_iteration/iteration_3_merge_below_3/cnn_model/cnn14/plasma_tp1_0.1x_model_C3/roc_curve_resnet18_tf_0_0.03/nested_cv_random/resnet18/repeat_10_fold_5_metrics.csv,1,3,resnet18,"[0, 0.03]",C3,PPV at 95% Specificity,0.9444444444444444
/scratchc/nrlab/wang04/ulyses_results_iteration/iteration_3_merge_below_3/cnn_model/cnn14/plasma_tp1_0.1x_model_C3/roc_curve_resnet18_tf_0_0.03/nested_cv_random/resnet18/repeat_10_fold_5_metrics.csv,1,3,resnet18,"[0, 0.03]",C3,Accuracy at 95% Specificity,0.6158839376729285
/scratchc/nrlab/wang04/ulyses_results_iteration/iteration_3_merge_below_3/cnn_model/cnn14/plasma_tp1_0.1x_model_C3/roc_curve_resnet18_tf_0_0.03/nested_cv_random/resnet18/repeat_10_fold_5_metrics.csv,1,3,resnet18,"[0, 0.03]",C3,F1 at 95% Specificity,0.4689655172413793
/scratchc/nrlab/wang04/ulyses_results_iteration/iteration_3_merge_below_3/cnn_model/cnn14/plasma_tp1_0.1x_model_C3/roc_curve_resnet18_tf_0_0.03/nested_cv_random/resnet18/repeat_10_fold_5_metrics.csv,1,4,resnet18,"[0, 0.03]",C3,AUROC,0.8982275586049172
/scratchc/nrlab/wang04/ulyses_results_iteration/iteration_3_merge_below_3/cnn_model/cnn14/plasma_tp1_0.1x_model_C3/roc_curve_resnet18_tf_0_0.03/nested_cv_random/resnet18/repeat_10_fold_5_metrics.csv,1,4,resnet18,"[0, 0.03]",C3,AUPRC,0.9344696499129352
/scratchc/nrlab/wang04/ulyses_results_iteration/iteration_3_merge_below_3/cnn_model/cnn14/plasma_tp1_0.1x_model_C3/roc_curve_resnet18_tf_0_0.03/nested_cv_random/resnet18/repeat_10_fold_5_metrics.csv,1,4,resnet18,"[0, 0.03]",C3,Sensitivity at 99% Specificity,0.14150943396226415
/scratchc/nrlab/wang04/ulyses_results_iteration/iteration_3_merge_below_3/cnn_model/cnn14/plasma_tp1_0.1x_model_C3/roc_curve_resnet18_tf_0_0.03/nested_cv_random/resnet18/repeat_10_fold_5_metrics.csv,1,4,resnet18,"[0, 0.03]",C3,PPV at 99% Specificity,1
/scratchc/nrlab/wang04/ulyses_results_iteration/iteration_3_merge_below_3/cnn_model/cnn14/plasma_tp1_0.1x_model_C3/roc_curve_resnet18_tf_0_0.03/nested_cv_random/resnet18/repeat_10_fold_5_metrics.csv,1,4,resnet18,"[0, 0.03]",C3,Accuracy at 99% Specificity,0.5657547169811321
/scratchc/nrlab/wang04/ulyses_results_iteration/iteration_3_merge_below_3/cnn_model/cnn14/plasma_tp1_0.1x_model_C3/roc_curve_resnet18_tf_0_0.03/nested_cv_random/resnet18/repeat_10_fold_5_metrics.csv,1,4,resnet18,"[0, 0.03]",C3,F1 at 99% Specificity,0.24793388429752067
/scratchc/nrlab/wang04/ulyses_results_iteration/iteration_3_merge_below_3/cnn_model/cnn14/plasma_tp1_0.1x_model_C3/roc_curve_resnet18_tf_0_0.03/nested_cv_random/resnet18/repeat_10_fold_5_metrics.csv,1,4,resnet18,"[0, 0.03]",C3,Sensitivity at 98% Specificity,0.14150943396226415
/scratchc/nrlab/wang04/ulyses_results_iteration/iteration_3_merge_below_3/cnn_model/cnn14/plasma_tp1_0.1x_model_C3/roc_curve_resnet18_tf_0_0.03/nested_cv_random/resnet18/repeat_10_fold_5_metrics.csv,1,4,resnet18,"[0, 0.03]",C3,PPV at 98% Specificity,1
/scratchc/nrlab/wang04/ulyses_results_iteration/iteration_3_merge_below_3/cnn_model/cnn14/plasma_tp1_0.1x_model_C3/roc_curve_resnet18_tf_0_0.03/nested_cv_random/resnet18/repeat_10_fold_5_metrics.csv,1,4,resnet18,"[0, 0.03]",C3,Accuracy at 98% Specificity,0.5607547169811321
/scratchc/nrlab/wang04/ulyses_results_iteration/iteration_3_merge_below_3/cnn_model/cnn14/plasma_tp1_0.1x_model_C3/roc_curve_resnet18_tf_0_0.03/nested_cv_random/resnet18/repeat_10_fold_5_metrics.csv,1,4,resnet18,"[0, 0.03]",C3,F1 at 98% Specificity,0.24793388429752067
/scratchc/nrlab/wang04/ulyses_results_iteration/iteration_3_merge_below_3/cnn_model/cnn14/plasma_tp1_0.1x_model_C3/roc_curve_resnet18_tf_0_0.03/nested_cv_random/resnet18/repeat_10_fold_5_metrics.csv,1,4,resnet18,"[0, 0.03]",C3,Sensitivity at 95% Specificity,0.6320754716981132
/scratchc/nrlab/wang04/ulyses_results_iteration/iteration_3_merge_below_3/cnn_model/cnn14/plasma_tp1_0.1x_model_C3/roc_curve_resnet18_tf_0_0.03/nested_cv_random/resnet18/repeat_10_fold_5_metrics.csv,1,4,resnet18,"[0, 0.03]",C3,PPV at 95% Specificity,0.9710144927536232
/scratchc/nrlab/wang04/ulyses_results_iteration/iteration_3_merge_below_3/cnn_model/cnn14/plasma_tp1_0.1x_model_C3/roc_curve_resnet18_tf_0_0.03/nested_cv_random/resnet18/repeat_10_fold_5_metrics.csv,1,4,resnet18,"[0, 0.03]",C3,Accuracy at 95% Specificity,0.7766437964551172
/scratchc/nrlab/wang04/ulyses_results_iteration/iteration_3_merge_below_3/cnn_model/cnn14/plasma_tp1_0.1x_model_C3/roc_curve_resnet18_tf_0_0.03/nested_cv_random/resnet18/repeat_10_fold_5_metrics.csv,1,4,resnet18,"[0, 0.03]",C3,F1 at 95% Specificity,0.7657142857142857
/scratchc/nrlab/wang04/ulyses_results_iteration/iteration_3_merge_below_3/cnn_model/cnn14/plasma_tp1_0.1x_model_C3/roc_curve_resnet18_tf_0_0.03/nested_cv_random/resnet18/repeat_10_fold_5_metrics.csv,1,5,resnet18,"[0, 0.03]",C3,AUROC,0.8775014293882217
/scratchc/nrlab/wang04/ulyses_results_iteration/iteration_3_merge_below_3/cnn_model/cnn14/plasma_tp1_0.1x_model_C3/roc_curve_resnet18_tf_0_0.03/nested_cv_random/resnet18/repeat_10_fold_5_metrics.csv,1,5,resnet18,"[0, 0.03]",C3,AUPRC,0.9215466847086068
/scratchc/nrlab/wang04/ulyses_results_iteration/iteration_3_merge_below_3/cnn_model/cnn14/plasma_tp1_0.1x_model_C3/roc_curve_resnet18_tf_0_0.03/nested_cv_random/resnet18/repeat_10_fold_5_metrics.csv,1,5,resnet18,"[0, 0.03]",C3,Sensitivity at 99% Specificity,0.3018867924528302
/scratchc/nrlab/wang04/ulyses_results_iteration/iteration_3_merge_below_3/cnn_model/cnn14/plasma_tp1_0.1x_model_C3/roc_curve_resnet18_tf_0_0.03/nested_cv_random/resnet18/repeat_10_fold_5_metrics.csv,1,5,resnet18,"[0, 0.03]",C3,PPV at 99% Specificity,1
/scratchc/nrlab/wang04/ulyses_results_iteration/iteration_3_merge_below_3/cnn_model/cnn14/plasma_tp1_0.1x_model_C3/roc_curve_resnet18_tf_0_0.03/nested_cv_random/resnet18/repeat_10_fold_5_metrics.csv,1,5,resnet18,"[0, 0.03]",C3,Accuracy at 99% Specificity,0.6459433962264151
/scratchc/nrlab/wang04/ulyses_results_iteration/iteration_3_merge_below_3/cnn_model/cnn14/plasma_tp1_0.1x_model_C3/roc_curve_resnet18_tf_0_0.03/nested_cv_random/resnet18/repeat_10_fold_5_metrics.csv,1,5,resnet18,"[0, 0.03]",C3,F1 at 99% Specificity,0.463768115942029
/scratchc/nrlab/wang04/ulyses_results_iteration/iteration_3_merge_below_3/cnn_model/cnn14/plasma_tp1_0.1x_model_C3/roc_curve_resnet18_tf_0_0.03/nested_cv_random/resnet18/repeat_10_fold_5_metrics.csv,1,5,resnet18,"[0, 0.03]",C3,Sensitivity at 98% Specificity,0.3018867924528302
/scratchc/nrlab/wang04/ulyses_results_iteration/iteration_3_merge_below_3/cnn_model/cnn14/plasma_tp1_0.1x_model_C3/roc_curve_resnet18_tf_0_0.03/nested_cv_random/resnet18/repeat_10_fold_5_metrics.csv,1,5,resnet18,"[0, 0.03]",C3,PPV at 98% Specificity,1
/scratchc/nrlab/wang04/ulyses_results_iteration/iteration_3_merge_below_3/cnn_model/cnn14/plasma_tp1_0.1x_model_C3/roc_curve_resnet18_tf_0_0.03/nested_cv_random/resnet18/repeat_10_fold_5_metrics.csv,1,5,resnet18,"[0, 0.03]",C3,Accuracy at 98% Specificity,0.640943396226415
/scratchc/nrlab/wang04/ulyses_results_iteration/iteration_3_merge_below_3/cnn_model/cnn14/plasma_tp1_0.1x_model_C3/roc_curve_resnet18_tf_0_0.03/nested_cv_random/resnet18/repeat_10_fold_5_metrics.csv,1,5,resnet18,"[0, 0.03]",C3,F1 at 98% Specificity,0.463768115942029
/scratchc/nrlab/wang04/ulyses_results_iteration/iteration_3_merge_below_3/cnn_model/cnn14/plasma_tp1_0.1x_model_C3/roc_curve_resnet18_tf_0_0.03/nested_cv_random/resnet18/repeat_10_fold_5_metrics.csv,1,5,resnet18,"[0, 0.03]",C3,Sensitivity at 95% Specificity,0.5
/scratchc/nrlab/wang04/ulyses_results_iteration/iteration_3_merge_below_3/cnn_model/cnn14/plasma_tp1_0.1x_model_C3/roc_curve_resnet18_tf_0_0.03/nested_cv_random/resnet18/repeat_10_fold_5_metrics.csv,1,5,resnet18,"[0, 0.03]",C3,PPV at 95% Specificity,0.9636363636363636
/scratchc/nrlab/wang04/ulyses_results_iteration/iteration_3_merge_below_3/cnn_model/cnn14/plasma_tp1_0.1x_model_C3/roc_curve_resnet18_tf_0_0.03/nested_cv_random/resnet18/repeat_10_fold_5_metrics.csv,1,5,resnet18,"[0, 0.03]",C3,Accuracy at 95% Specificity,0.7106060606060606
/scratchc/nrlab/wang04/ulyses_results_iteration/iteration_3_merge_below_3/cnn_model/cnn14/plasma_tp1_0.1x_model_C3/roc_curve_resnet18_tf_0_0.03/nested_cv_random/resnet18/repeat_10_fold_5_metrics.csv,1,5,resnet18,"[0, 0.03]",C3,F1 at 95% Specificity,0.6583850931677019
/scratchc/nrlab/wang04/ulyses_results_iteration/iteration_3_merge_below_3/cnn_model/cnn14/plasma_tp1_0.1x_model_C3/roc_curve_resnet18_tf_0_0.03/nested_cv_random/resnet18/repeat_10_fold_5_metrics.csv,2,1,resnet18,"[0, 0.03]",C3,AUROC,0.8658137882018478
/scratchc/nrlab/wang04/ulyses_results_iteration/iteration_3_merge_below_3/cnn_model/cnn14/plasma_tp1_0.1x_model_C3/roc_curve_resnet18_tf_0_0.03/nested_cv_random/resnet18/repeat_10_fold_5_metrics.csv,2,1,resnet18,"[0, 0.03]",C3,AUPRC,0.9075531685426196
/scratchc/nrlab/wang04/ulyses_results_iteration/iteration_3_merge_below_3/cnn_model/cnn14/plasma_tp1_0.1x_model_C3/roc_curve_resnet18_tf_0_0.03/nested_cv_random/resnet18/repeat_10_fold_5_metrics.csv,2,1,resnet18,"[0, 0.03]",C3,Sensitivity at 99% Specificity,0.1523809523809524
/scratchc/nrlab/wang04/ulyses_results_iteration/iteration_3_merge_below_3/cnn_model/cnn14/plasma_tp1_0.1x_model_C3/roc_curve_resnet18_tf_0_0.03/nested_cv_random/resnet18/repeat_10_fold_5_metrics.csv,2,1,resnet18,"[0, 0.03]",C3,PPV at 99% Specificity,1
/scratchc/nrlab/wang04/ulyses_results_iteration/iteration_3_merge_below_3/cnn_model/cnn14/plasma_tp1_0.1x_model_C3/roc_curve_resnet18_tf_0_0.03/nested_cv_random/resnet18/repeat_10_fold_5_metrics.csv,2,1,resnet18,"[0, 0.03]",C3,Accuracy at 99% Specificity,0.5711904761904762
/scratchc/nrlab/wang04/ulyses_results_iteration/iteration_3_merge_below_3/cnn_model/cnn14/plasma_tp1_0.1x_model_C3/roc_curve_resnet18_tf_0_0.03/nested_cv_random/resnet18/repeat_10_fold_5_metrics.csv,2,1,resnet18,"[0, 0.03]",C3,F1 at 99% Specificity,0.2644628099173554
/scratchc/nrlab/wang04/ulyses_results_iteration/iteration_3_merge_below_3/cnn_model/cnn14/plasma_tp1_0.1x_model_C3/roc_curve_resnet18_tf_0_0.03/nested_cv_random/resnet18/repeat_10_fold_5_metrics.csv,2,1,resnet18,"[0, 0.03]",C3,Sensitivity at 98% Specificity,0.1523809523809524
/scratchc/nrlab/wang04/ulyses_results_iteration/iteration_3_merge_below_3/cnn_model/cnn14/plasma_tp1_0.1x_model_C3/roc_curve_resnet18_tf_0_0.03/nested_cv_random/resnet18/repeat_10_fold_5_metrics.csv,2,1,resnet18,"[0, 0.03]",C3,PPV at 98% Specificity,1
/scratchc/nrlab/wang04/ulyses_results_iteration/iteration_3_merge_below_3/cnn_model/cnn14/plasma_tp1_0.1x_model_C3/roc_curve_resnet18_tf_0_0.03/nested_cv_random/resnet18/repeat_10_fold_5_metrics.csv,2,1,resnet18,"[0, 0.03]",C3,Accuracy at 98% Specificity,0.5661904761904761
/scratchc/nrlab/wang04/ulyses_results_iteration/iteration_3_merge_below_3/cnn_model/cnn14/plasma_tp1_0.1x_model_C3/roc_curve_resnet18_tf_0_0.03/nested_cv_random/resnet18/repeat_10_fold_5_metrics.csv,2,1,resnet18,"[0, 0.03]",C3,F1 at 98% Specificity,0.2644628099173554
/scratchc/nrlab/wang04/ulyses_results_iteration/iteration_3_merge_below_3/cnn_model/cnn14/plasma_tp1_0.1x_model_C3/roc_curve_resnet18_tf_0_0.03/nested_cv_random/resnet18/repeat_10_fold_5_metrics.csv,2,1,resnet18,"[0, 0.03]",C3,Sensitivity at 95% Specificity,0.47619047619047616
/scratchc/nrlab/wang04/ulyses_results_iteration/iteration_3_merge_below_3/cnn_model/cnn14/plasma_tp1_0.1x_model_C3/roc_curve_resnet18_tf_0_0.03/nested_cv_random/resnet18/repeat_10_fold_5_metrics.csv,2,1,resnet18,"[0, 0.03]",C3,PPV at 95% Specificity,0.9615384615384616
/scratchc/nrlab/wang04/ulyses_results_iteration/iteration_3_merge_below_3/cnn_model/cnn14/plasma_tp1_0.1x_model_C3/roc_curve_resnet18_tf_0_0.03/nested_cv_random/resnet18/repeat_10_fold_5_metrics.csv,2,1,resnet18,"[0, 0.03]",C3,Accuracy at 95% Specificity,0.6989161336176262
/scratchc/nrlab/wang04/ulyses_results_iteration/iteration_3_merge_below_3/cnn_model/cnn14/plasma_tp1_0.1x_model_C3/roc_curve_resnet18_tf_0_0.03/nested_cv_random/resnet18/repeat_10_fold_5_metrics.csv,2,1,resnet18,"[0, 0.03]",C3,F1 at 95% Specificity,0.6369426751592356
/scratchc/nrlab/wang04/ulyses_results_iteration/iteration_3_merge_below_3/cnn_model/cnn14/plasma_tp1_0.1x_model_C3/roc_curve_resnet18_tf_0_0.03/nested_cv_random/resnet18/repeat_10_fold_5_metrics.csv,2,2,resnet18,"[0, 0.03]",C3,AUROC,0.8903659233847914
/scratchc/nrlab/wang04/ulyses_results_iteration/iteration_3_merge_below_3/cnn_model/cnn14/plasma_tp1_0.1x_model_C3/roc_curve_resnet18_tf_0_0.03/nested_cv_random/resnet18/repeat_10_fold_5_metrics.csv,2,2,resnet18,"[0, 0.03]",C3,AUPRC,0.9270723912481658
/scratchc/nrlab/wang04/ulyses_results_iteration/iteration_3_merge_below_3/cnn_model/cnn14/plasma_tp1_0.1x_model_C3/roc_curve_resnet18_tf_0_0.03/nested_cv_random/resnet18/repeat_10_fold_5_metrics.csv,2,2,resnet18,"[0, 0.03]",C3,Sensitivity at 99% Specificity,0.19811320754716985
/scratchc/nrlab/wang04/ulyses_results_iteration/iteration_3_merge_below_3/cnn_model/cnn14/plasma_tp1_0.1x_model_C3/roc_curve_resnet18_tf_0_0.03/nested_cv_random/resnet18/repeat_10_fold_5_metrics.csv,2,2,resnet18,"[0, 0.03]",C3,PPV at 99% Specificity,1
/scratchc/nrlab/wang04/ulyses_results_iteration/iteration_3_merge_below_3/cnn_model/cnn14/plasma_tp1_0.1x_model_C3/roc_curve_resnet18_tf_0_0.03/nested_cv_random/resnet18/repeat_10_fold_5_metrics.csv,2,2,resnet18,"[0, 0.03]",C3,Accuracy at 99% Specificity,0.5940566037735849
/scratchc/nrlab/wang04/ulyses_results_iteration/iteration_3_merge_below_3/cnn_model/cnn14/plasma_tp1_0.1x_model_C3/roc_curve_resnet18_tf_0_0.03/nested_cv_random/resnet18/repeat_10_fold_5_metrics.csv,2,2,resnet18,"[0, 0.03]",C3,F1 at 99% Specificity,0.33070866141732286
/scratchc/nrlab/wang04/ulyses_results_iteration/iteration_3_merge_below_3/cnn_model/cnn14/plasma_tp1_0.1x_model_C3/roc_curve_resnet18_tf_0_0.03/nested_cv_random/resnet18/repeat_10_fold_5_metrics.csv,2,2,resnet18,"[0, 0.03]",C3,Sensitivity at 98% Specificity,0.19811320754716985
/scratchc/nrlab/wang04/ulyses_results_iteration/iteration_3_merge_below_3/cnn_model/cnn14/plasma_tp1_0.1x_model_C3/roc_curve_resnet18_tf_0_0.03/nested_cv_random/resnet18/repeat_10_fold_5_metrics.csv,2,2,resnet18,"[0, 0.03]",C3,PPV at 98% Specificity,1
/scratchc/nrlab/wang04/ulyses_results_iteration/iteration_3_merge_below_3/cnn_model/cnn14/plasma_tp1_0.1x_model_C3/roc_curve_resnet18_tf_0_0.03/nested_cv_random/resnet18/repeat_10_fold_5_metrics.csv,2,2,resnet18,"[0, 0.03]",C3,Accuracy at 98% Specificity,0.5890566037735849
/scratchc/nrlab/wang04/ulyses_results_iteration/iteration_3_merge_below_3/cnn_model/cnn14/plasma_tp1_0.1x_model_C3/roc_curve_resnet18_tf_0_0.03/nested_cv_random/resnet18/repeat_10_fold_5_metrics.csv,2,2,resnet18,"[0, 0.03]",C3,F1 at 98% Specificity,0.33070866141732286
/scratchc/nrlab/wang04/ulyses_results_iteration/iteration_3_merge_below_3/cnn_model/cnn14/plasma_tp1_0.1x_model_C3/roc_curve_resnet18_tf_0_0.03/nested_cv_random/resnet18/repeat_10_fold_5_metrics.csv,2,2,resnet18,"[0, 0.03]",C3,Sensitivity at 95% Specificity,0.5
/scratchc/nrlab/wang04/ulyses_results_iteration/iteration_3_merge_below_3/cnn_model/cnn14/plasma_tp1_0.1x_model_C3/roc_curve_resnet18_tf_0_0.03/nested_cv_random/resnet18/repeat_10_fold_5_metrics.csv,2,2,resnet18,"[0, 0.03]",C3,PPV at 95% Specificity,0.9636363636363636
/scratchc/nrlab/wang04/ulyses_results_iteration/iteration_3_merge_below_3/cnn_model/cnn14/plasma_tp1_0.1x_model_C3/roc_curve_resnet18_tf_0_0.03/nested_cv_random/resnet18/repeat_10_fold_5_metrics.csv,2,2,resnet18,"[0, 0.03]",C3,Accuracy at 95% Specificity,0.7106060606060606
/scratchc/nrlab/wang04/ulyses_results_iteration/iteration_3_merge_below_3/cnn_model/cnn14/plasma_tp1_0.1x_model_C3/roc_curve_resnet18_tf_0_0.03/nested_cv_random/resnet18/repeat_10_fold_5_metrics.csv,2,2,resnet18,"[0, 0.03]",C3,F1 at 95% Specificity,0.6583850931677019
/scratchc/nrlab/wang04/ulyses_results_iteration/iteration_3_merge_below_3/cnn_model/cnn14/plasma_tp1_0.1x_model_C3/roc_curve_resnet18_tf_0_0.03/nested_cv_random/resnet18/repeat_10_fold_5_metrics.csv,2,3,resnet18,"[0, 0.03]",C3,AUROC,0.8913690476190477
/scratchc/nrlab/wang04/ulyses_results_iteration/iteration_3_merge_below_3/cnn_model/cnn14/plasma_tp1_0.1x_model_C3/roc_curve_resnet18_tf_0_0.03/nested_cv_random/resnet18/repeat_10_fold_5_metrics.csv,2,3,resnet18,"[0, 0.03]",C3,AUPRC,0.9170300377442108
/scratchc/nrlab/wang04/ulyses_results_iteration/iteration_3_merge_below_3/cnn_model/cnn14/plasma_tp1_0.1x_model_C3/roc_curve_resnet18_tf_0_0.03/nested_cv_random/resnet18/repeat_10_fold_5_metrics.csv,2,3,resnet18,"[0, 0.03]",C3,Sensitivity at 99% Specificity,0.04464285714285714
/scratchc/nrlab/wang04/ulyses_results_iteration/iteration_3_merge_below_3/cnn_model/cnn14/plasma_tp1_0.1x_model_C3/roc_curve_resnet18_tf_0_0.03/nested_cv_random/resnet18/repeat_10_fold_5_metrics.csv,2,3,resnet18,"[0, 0.03]",C3,PPV at 99% Specificity,1
/scratchc/nrlab/wang04/ulyses_results_iteration/iteration_3_merge_below_3/cnn_model/cnn14/plasma_tp1_0.1x_model_C3/roc_curve_resnet18_tf_0_0.03/nested_cv_random/resnet18/repeat_10_fold_5_metrics.csv,2,3,resnet18,"[0, 0.03]",C3,Accuracy at 99% Specificity,0.5173214285714286
/scratchc/nrlab/wang04/ulyses_results_iteration/iteration_3_merge_below_3/cnn_model/cnn14/plasma_tp1_0.1x_model_C3/roc_curve_resnet18_tf_0_0.03/nested_cv_random/resnet18/repeat_10_fold_5_metrics.csv,2,3,resnet18,"[0, 0.03]",C3,F1 at 99% Specificity,0.08547008547008547
/scratchc/nrlab/wang04/ulyses_results_iteration/iteration_3_merge_below_3/cnn_model/cnn14/plasma_tp1_0.1x_model_C3/roc_curve_resnet18_tf_0_0.03/nested_cv_random/resnet18/repeat_10_fold_5_metrics.csv,2,3,resnet18,"[0, 0.03]",C3,Sensitivity at 98% Specificity,0.04464285714285714
/scratchc/nrlab/wang04/ulyses_results_iteration/iteration_3_merge_below_3/cnn_model/cnn14/plasma_tp1_0.1x_model_C3/roc_curve_resnet18_tf_0_0.03/nested_cv_random/resnet18/repeat_10_fold_5_metrics.csv,2,3,resnet18,"[0, 0.03]",C3,PPV at 98% Specificity,1
/scratchc/nrlab/wang04/ulyses_results_iteration/iteration_3_merge_below_3/cnn_model/cnn14/plasma_tp1_0.1x_model_C3/roc_curve_resnet18_tf_0_0.03/nested_cv_random/resnet18/repeat_10_fold_5_metrics.csv,2,3,resnet18,"[0, 0.03]",C3,Accuracy at 98% Specificity,0.5123214285714286
/scratchc/nrlab/wang04/ulyses_results_iteration/iteration_3_merge_below_3/cnn_model/cnn14/plasma_tp1_0.1x_model_C3/roc_curve_resnet18_tf_0_0.03/nested_cv_random/resnet18/repeat_10_fold_5_metrics.csv,2,3,resnet18,"[0, 0.03]",C3,F1 at 98% Specificity,0.08547008547008547
/scratchc/nrlab/wang04/ulyses_results_iteration/iteration_3_merge_below_3/cnn_model/cnn14/plasma_tp1_0.1x_model_C3/roc_curve_resnet18_tf_0_0.03/nested_cv_random/resnet18/repeat_10_fold_5_metrics.csv,2,3,resnet18,"[0, 0.03]",C3,Sensitivity at 95% Specificity,0.5625
/scratchc/nrlab/wang04/ulyses_results_iteration/iteration_3_merge_below_3/cnn_model/cnn14/plasma_tp1_0.1x_model_C3/roc_curve_resnet18_tf_0_0.03/nested_cv_random/resnet18/repeat_10_fold_5_metrics.csv,2,3,resnet18,"[0, 0.03]",C3,PPV at 95% Specificity,0.9692307692307692
/scratchc/nrlab/wang04/ulyses_results_iteration/iteration_3_merge_below_3/cnn_model/cnn14/plasma_tp1_0.1x_model_C3/roc_curve_resnet18_tf_0_0.03/nested_cv_random/resnet18/repeat_10_fold_5_metrics.csv,2,3,resnet18,"[0, 0.03]",C3,Accuracy at 95% Specificity,0.7404166666666667
/scratchc/nrlab/wang04/ulyses_results_iteration/iteration_3_merge_below_3/cnn_model/cnn14/plasma_tp1_0.1x_model_C3/roc_curve_resnet18_tf_0_0.03/nested_cv_random/resnet18/repeat_10_fold_5_metrics.csv,2,3,resnet18,"[0, 0.03]",C3,F1 at 95% Specificity,0.711864406779661
/scratchc/nrlab/wang04/ulyses_results_iteration/iteration_3_merge_below_3/cnn_model/cnn14/plasma_tp1_0.1x_model_C3/roc_curve_resnet18_tf_0_0.03/nested_cv_random/resnet18/repeat_10_fold_5_metrics.csv,2,4,resnet18,"[0, 0.03]",C3,AUROC,0.8867002156721784
/scratchc/nrlab/wang04/ulyses_results_iteration/iteration_3_merge_below_3/cnn_model/cnn14/plasma_tp1_0.1x_model_C3/roc_curve_resnet18_tf_0_0.03/nested_cv_random/resnet18/repeat_10_fold_5_metrics.csv,2,4,resnet18,"[0, 0.03]",C3,AUPRC,0.9229674713423096
/scratchc/nrlab/wang04/ulyses_results_iteration/iteration_3_merge_below_3/cnn_model/cnn14/plasma_tp1_0.1x_model_C3/roc_curve_resnet18_tf_0_0.03/nested_cv_random/resnet18/repeat_10_fold_5_metrics.csv,2,4,resnet18,"[0, 0.03]",C3,Sensitivity at 99% Specificity,0.2523364485981308
/scratchc/nrlab/wang04/ulyses_results_iteration/iteration_3_merge_below_3/cnn_model/cnn14/plasma_tp1_0.1x_model_C3/roc_curve_resnet18_tf_0_0.03/nested_cv_random/resnet18/repeat_10_fold_5_metrics.csv,2,4,resnet18,"[0, 0.03]",C3,PPV at 99% Specificity,1
/scratchc/nrlab/wang04/ulyses_results_iteration/iteration_3_merge_below_3/cnn_model/cnn14/plasma_tp1_0.1x_model_C3/roc_curve_resnet18_tf_0_0.03/nested_cv_random/resnet18/repeat_10_fold_5_metrics.csv,2,4,resnet18,"[0, 0.03]",C3,Accuracy at 99% Specificity,0.6211682242990654
/scratchc/nrlab/wang04/ulyses_results_iteration/iteration_3_merge_below_3/cnn_model/cnn14/plasma_tp1_0.1x_model_C3/roc_curve_resnet18_tf_0_0.03/nested_cv_random/resnet18/repeat_10_fold_5_metrics.csv,2,4,resnet18,"[0, 0.03]",C3,F1 at 99% Specificity,0.40298507462686567
/scratchc/nrlab/wang04/ulyses_results_iteration/iteration_3_merge_below_3/cnn_model/cnn14/plasma_tp1_0.1x_model_C3/roc_curve_resnet18_tf_0_0.03/nested_cv_random/resnet18/repeat_10_fold_5_metrics.csv,2,4,resnet18,"[0, 0.03]",C3,Sensitivity at 98% Specificity,0.2523364485981308
/scratchc/nrlab/wang04/ulyses_results_iteration/iteration_3_merge_below_3/cnn_model/cnn14/plasma_tp1_0.1x_model_C3/roc_curve_resnet18_tf_0_0.03/nested_cv_random/resnet18/repeat_10_fold_5_metrics.csv,2,4,resnet18,"[0, 0.03]",C3,PPV at 98% Specificity,1
/scratchc/nrlab/wang04/ulyses_results_iteration/iteration_3_merge_below_3/cnn_model/cnn14/plasma_tp1_0.1x_model_C3/roc_curve_resnet18_tf_0_0.03/nested_cv_random/resnet18/repeat_10_fold_5_metrics.csv,2,4,resnet18,"[0, 0.03]",C3,Accuracy at 98% Specificity,0.6161682242990654
/scratchc/nrlab/wang04/ulyses_results_iteration/iteration_3_merge_below_3/cnn_model/cnn14/plasma_tp1_0.1x_model_C3/roc_curve_resnet18_tf_0_0.03/nested_cv_random/resnet18/repeat_10_fold_5_metrics.csv,2,4,resnet18,"[0, 0.03]",C3,F1 at 98% Specificity,0.40298507462686567
/scratchc/nrlab/wang04/ulyses_results_iteration/iteration_3_merge_below_3/cnn_model/cnn14/plasma_tp1_0.1x_model_C3/roc_curve_resnet18_tf_0_0.03/nested_cv_random/resnet18/repeat_10_fold_5_metrics.csv,2,4,resnet18,"[0, 0.03]",C3,Sensitivity at 95% Specificity,0.4299065420560747
/scratchc/nrlab/wang04/ulyses_results_iteration/iteration_3_merge_below_3/cnn_model/cnn14/plasma_tp1_0.1x_model_C3/roc_curve_resnet18_tf_0_0.03/nested_cv_random/resnet18/repeat_10_fold_5_metrics.csv,2,4,resnet18,"[0, 0.03]",C3,PPV at 95% Specificity,0.9583333333333334
/scratchc/nrlab/wang04/ulyses_results_iteration/iteration_3_merge_below_3/cnn_model/cnn14/plasma_tp1_0.1x_model_C3/roc_curve_resnet18_tf_0_0.03/nested_cv_random/resnet18/repeat_10_fold_5_metrics.csv,2,4,resnet18,"[0, 0.03]",C3,Accuracy at 95% Specificity,0.6753378864126527
/scratchc/nrlab/wang04/ulyses_results_iteration/iteration_3_merge_below_3/cnn_model/cnn14/plasma_tp1_0.1x_model_C3/roc_curve_resnet18_tf_0_0.03/nested_cv_random/resnet18/repeat_10_fold_5_metrics.csv,2,4,resnet18,"[0, 0.03]",C3,F1 at 95% Specificity,0.5935483870967742
/scratchc/nrlab/wang04/ulyses_results_iteration/iteration_3_merge_below_3/cnn_model/cnn14/plasma_tp1_0.1x_model_C3/roc_curve_resnet18_tf_0_0.03/nested_cv_random/resnet18/repeat_10_fold_5_metrics.csv,2,5,resnet18,"[0, 0.03]",C3,AUROC,0.8649676147564066
/scratchc/nrlab/wang04/ulyses_results_iteration/iteration_3_merge_below_3/cnn_model/cnn14/plasma_tp1_0.1x_model_C3/roc_curve_resnet18_tf_0_0.03/nested_cv_random/resnet18/repeat_10_fold_5_metrics.csv,2,5,resnet18,"[0, 0.03]",C3,AUPRC,0.9063060080805514
/scratchc/nrlab/wang04/ulyses_results_iteration/iteration_3_merge_below_3/cnn_model/cnn14/plasma_tp1_0.1x_model_C3/roc_curve_resnet18_tf_0_0.03/nested_cv_random/resnet18/repeat_10_fold_5_metrics.csv,2,5,resnet18,"[0, 0.03]",C3,Sensitivity at 99% Specificity,0.11320754716981132
/scratchc/nrlab/wang04/ulyses_results_iteration/iteration_3_merge_below_3/cnn_model/cnn14/plasma_tp1_0.1x_model_C3/roc_curve_resnet18_tf_0_0.03/nested_cv_random/resnet18/repeat_10_fold_5_metrics.csv,2,5,resnet18,"[0, 0.03]",C3,PPV at 99% Specificity,1
/scratchc/nrlab/wang04/ulyses_results_iteration/iteration_3_merge_below_3/cnn_model/cnn14/plasma_tp1_0.1x_model_C3/roc_curve_resnet18_tf_0_0.03/nested_cv_random/resnet18/repeat_10_fold_5_metrics.csv,2,5,resnet18,"[0, 0.03]",C3,Accuracy at 99% Specificity,0.5516037735849056
/scratchc/nrlab/wang04/ulyses_results_iteration/iteration_3_merge_below_3/cnn_model/cnn14/plasma_tp1_0.1x_model_C3/roc_curve_resnet18_tf_0_0.03/nested_cv_random/resnet18/repeat_10_fold_5_metrics.csv,2,5,resnet18,"[0, 0.03]",C3,F1 at 99% Specificity,0.2033898305084746
/scratchc/nrlab/wang04/ulyses_results_iteration/iteration_3_merge_below_3/cnn_model/cnn14/plasma_tp1_0.1x_model_C3/roc_curve_resnet18_tf_0_0.03/nested_cv_random/resnet18/repeat_10_fold_5_metrics.csv,2,5,resnet18,"[0, 0.03]",C3,Sensitivity at 98% Specificity,0.11320754716981132
/scratchc/nrlab/wang04/ulyses_results_iteration/iteration_3_merge_below_3/cnn_model/cnn14/plasma_tp1_0.1x_model_C3/roc_curve_resnet18_tf_0_0.03/nested_cv_random/resnet18/repeat_10_fold_5_metrics.csv,2,5,resnet18,"[0, 0.03]",C3,PPV at 98% Specificity,1
/scratchc/nrlab/wang04/ulyses_results_iteration/iteration_3_merge_below_3/cnn_model/cnn14/plasma_tp1_0.1x_model_C3/roc_curve_resnet18_tf_0_0.03/nested_cv_random/resnet18/repeat_10_fold_5_metrics.csv,2,5,resnet18,"[0, 0.03]",C3,Accuracy at 98% Specificity,0.5466037735849056
/scratchc/nrlab/wang04/ulyses_results_iteration/iteration_3_merge_below_3/cnn_model/cnn14/plasma_tp1_0.1x_model_C3/roc_curve_resnet18_tf_0_0.03/nested_cv_random/resnet18/repeat_10_fold_5_metrics.csv,2,5,resnet18,"[0, 0.03]",C3,F1 at 98% Specificity,0.2033898305084746
/scratchc/nrlab/wang04/ulyses_results_iteration/iteration_3_merge_below_3/cnn_model/cnn14/plasma_tp1_0.1x_model_C3/roc_curve_resnet18_tf_0_0.03/nested_cv_random/resnet18/repeat_10_fold_5_metrics.csv,2,5,resnet18,"[0, 0.03]",C3,Sensitivity at 95% Specificity,0.42452830188679247
/scratchc/nrlab/wang04/ulyses_results_iteration/iteration_3_merge_below_3/cnn_model/cnn14/plasma_tp1_0.1x_model_C3/roc_curve_resnet18_tf_0_0.03/nested_cv_random/resnet18/repeat_10_fold_5_metrics.csv,2,5,resnet18,"[0, 0.03]",C3,PPV at 95% Specificity,0.9574468085106383
/scratchc/nrlab/wang04/ulyses_results_iteration/iteration_3_merge_below_3/cnn_model/cnn14/plasma_tp1_0.1x_model_C3/roc_curve_resnet18_tf_0_0.03/nested_cv_random/resnet18/repeat_10_fold_5_metrics.csv,2,5,resnet18,"[0, 0.03]",C3,Accuracy at 95% Specificity,0.6730850464657843
/scratchc/nrlab/wang04/ulyses_results_iteration/iteration_3_merge_below_3/cnn_model/cnn14/plasma_tp1_0.1x_model_C3/roc_curve_resnet18_tf_0_0.03/nested_cv_random/resnet18/repeat_10_fold_5_metrics.csv,2,5,resnet18,"[0, 0.03]",C3,F1 at 95% Specificity,0.5882352941176471
/scratchc/nrlab/wang04/ulyses_results_iteration/iteration_3_merge_below_3/cnn_model/cnn14/plasma_tp1_0.1x_model_C3/roc_curve_resnet18_tf_0_0.03/nested_cv_random/resnet18/repeat_10_fold_5_metrics.csv,3,1,resnet18,"[0, 0.03]",C3,AUROC,0.9220183486238532
/scratchc/nrlab/wang04/ulyses_results_iteration/iteration_3_merge_below_3/cnn_model/cnn14/plasma_tp1_0.1x_model_C3/roc_curve_resnet18_tf_0_0.03/nested_cv_random/resnet18/repeat_10_fold_5_metrics.csv,3,1,resnet18,"[0, 0.03]",C3,AUPRC,0.957652771038828
/scratchc/nrlab/wang04/ulyses_results_iteration/iteration_3_merge_below_3/cnn_model/cnn14/plasma_tp1_0.1x_model_C3/roc_curve_resnet18_tf_0_0.03/nested_cv_random/resnet18/repeat_10_fold_5_metrics.csv,3,1,resnet18,"[0, 0.03]",C3,Sensitivity at 99% Specificity,0.5596330275229358
/scratchc/nrlab/wang04/ulyses_results_iteration/iteration_3_merge_below_3/cnn_model/cnn14/plasma_tp1_0.1x_model_C3/roc_curve_resnet18_tf_0_0.03/nested_cv_random/resnet18/repeat_10_fold_5_metrics.csv,3,1,resnet18,"[0, 0.03]",C3,PPV at 99% Specificity,1
/scratchc/nrlab/wang04/ulyses_results_iteration/iteration_3_merge_below_3/cnn_model/cnn14/plasma_tp1_0.1x_model_C3/roc_curve_resnet18_tf_0_0.03/nested_cv_random/resnet18/repeat_10_fold_5_metrics.csv,3,1,resnet18,"[0, 0.03]",C3,Accuracy at 99% Specificity,0.7748165137614679
/scratchc/nrlab/wang04/ulyses_results_iteration/iteration_3_merge_below_3/cnn_model/cnn14/plasma_tp1_0.1x_model_C3/roc_curve_resnet18_tf_0_0.03/nested_cv_random/resnet18/repeat_10_fold_5_metrics.csv,3,1,resnet18,"[0, 0.03]",C3,F1 at 99% Specificity,0.7176470588235294
/scratchc/nrlab/wang04/ulyses_results_iteration/iteration_3_merge_below_3/cnn_model/cnn14/plasma_tp1_0.1x_model_C3/roc_curve_resnet18_tf_0_0.03/nested_cv_random/resnet18/repeat_10_fold_5_metrics.csv,3,1,resnet18,"[0, 0.03]",C3,Sensitivity at 98% Specificity,0.5596330275229358
/scratchc/nrlab/wang04/ulyses_results_iteration/iteration_3_merge_below_3/cnn_model/cnn14/plasma_tp1_0.1x_model_C3/roc_curve_resnet18_tf_0_0.03/nested_cv_random/resnet18/repeat_10_fold_5_metrics.csv,3,1,resnet18,"[0, 0.03]",C3,PPV at 98% Specificity,1
/scratchc/nrlab/wang04/ulyses_results_iteration/iteration_3_merge_below_3/cnn_model/cnn14/plasma_tp1_0.1x_model_C3/roc_curve_resnet18_tf_0_0.03/nested_cv_random/resnet18/repeat_10_fold_5_metrics.csv,3,1,resnet18,"[0, 0.03]",C3,Accuracy at 98% Specificity,0.7698165137614679
/scratchc/nrlab/wang04/ulyses_results_iteration/iteration_3_merge_below_3/cnn_model/cnn14/plasma_tp1_0.1x_model_C3/roc_curve_resnet18_tf_0_0.03/nested_cv_random/resnet18/repeat_10_fold_5_metrics.csv,3,1,resnet18,"[0, 0.03]",C3,F1 at 98% Specificity,0.7176470588235294
/scratchc/nrlab/wang04/ulyses_results_iteration/iteration_3_merge_below_3/cnn_model/cnn14/plasma_tp1_0.1x_model_C3/roc_curve_resnet18_tf_0_0.03/nested_cv_random/resnet18/repeat_10_fold_5_metrics.csv,3,1,resnet18,"[0, 0.03]",C3,Sensitivity at 95% Specificity,0.7064220183486238
/scratchc/nrlab/wang04/ulyses_results_iteration/iteration_3_merge_below_3/cnn_model/cnn14/plasma_tp1_0.1x_model_C3/roc_curve_resnet18_tf_0_0.03/nested_cv_random/resnet18/repeat_10_fold_5_metrics.csv,3,1,resnet18,"[0, 0.03]",C3,PPV at 95% Specificity,0.9625
/scratchc/nrlab/wang04/ulyses_results_iteration/iteration_3_merge_below_3/cnn_model/cnn14/plasma_tp1_0.1x_model_C3/roc_curve_resnet18_tf_0_0.03/nested_cv_random/resnet18/repeat_10_fold_5_metrics.csv,3,1,resnet18,"[0, 0.03]",C3,Accuracy at 95% Specificity,0.8059453841743118
/scratchc/nrlab/wang04/ulyses_results_iteration/iteration_3_merge_below_3/cnn_model/cnn14/plasma_tp1_0.1x_model_C3/roc_curve_resnet18_tf_0_0.03/nested_cv_random/resnet18/repeat_10_fold_5_metrics.csv,3,1,resnet18,"[0, 0.03]",C3,F1 at 95% Specificity,0.8148148148148148
/scratchc/nrlab/wang04/ulyses_results_iteration/iteration_3_merge_below_3/cnn_model/cnn14/plasma_tp1_0.1x_model_C3/roc_curve_resnet18_tf_0_0.03/nested_cv_random/resnet18/repeat_10_fold_5_metrics.csv,3,2,resnet18,"[0, 0.03]",C3,AUROC,0.94881221719457
/scratchc/nrlab/wang04/ulyses_results_iteration/iteration_3_merge_below_3/cnn_model/cnn14/plasma_tp1_0.1x_model_C3/roc_curve_resnet18_tf_0_0.03/nested_cv_random/resnet18/repeat_10_fold_5_metrics.csv,3,2,resnet18,"[0, 0.03]",C3,AUPRC,0.9705735944825448
/scratchc/nrlab/wang04/ulyses_results_iteration/iteration_3_merge_below_3/cnn_model/cnn14/plasma_tp1_0.1x_model_C3/roc_curve_resnet18_tf_0_0.03/nested_cv_random/resnet18/repeat_10_fold_5_metrics.csv,3,2,resnet18,"[0, 0.03]",C3,Sensitivity at 99% Specificity,0.6923076923076923
/scratchc/nrlab/wang04/ulyses_results_iteration/iteration_3_merge_below_3/cnn_model/cnn14/plasma_tp1_0.1x_model_C3/roc_curve_resnet18_tf_0_0.03/nested_cv_random/resnet18/repeat_10_fold_5_metrics.csv,3,2,resnet18,"[0, 0.03]",C3,PPV at 99% Specificity,1
/scratchc/nrlab/wang04/ulyses_results_iteration/iteration_3_merge_below_3/cnn_model/cnn14/plasma_tp1_0.1x_model_C3/roc_curve_resnet18_tf_0_0.03/nested_cv_random/resnet18/repeat_10_fold_5_metrics.csv,3,2,resnet18,"[0, 0.03]",C3,Accuracy at 99% Specificity,0.8411538461538461
/scratchc/nrlab/wang04/ulyses_results_iteration/iteration_3_merge_below_3/cnn_model/cnn14/plasma_tp1_0.1x_model_C3/roc_curve_resnet18_tf_0_0.03/nested_cv_random/resnet18/repeat_10_fold_5_metrics.csv,3,2,resnet18,"[0, 0.03]",C3,F1 at 99% Specificity,0.8181818181818182
/scratchc/nrlab/wang04/ulyses_results_iteration/iteration_3_merge_below_3/cnn_model/cnn14/plasma_tp1_0.1x_model_C3/roc_curve_resnet18_tf_0_0.03/nested_cv_random/resnet18/repeat_10_fold_5_metrics.csv,3,2,resnet18,"[0, 0.03]",C3,Sensitivity at 98% Specificity,0.6923076923076923
/scratchc/nrlab/wang04/ulyses_results_iteration/iteration_3_merge_below_3/cnn_model/cnn14/plasma_tp1_0.1x_model_C3/roc_curve_resnet18_tf_0_0.03/nested_cv_random/resnet18/repeat_10_fold_5_metrics.csv,3,2,resnet18,"[0, 0.03]",C3,PPV at 98% Specificity,1
/scratchc/nrlab/wang04/ulyses_results_iteration/iteration_3_merge_below_3/cnn_model/cnn14/plasma_tp1_0.1x_model_C3/roc_curve_resnet18_tf_0_0.03/nested_cv_random/resnet18/repeat_10_fold_5_metrics.csv,3,2,resnet18,"[0, 0.03]",C3,Accuracy at 98% Specificity,0.8361538461538461
/scratchc/nrlab/wang04/ulyses_results_iteration/iteration_3_merge_below_3/cnn_model/cnn14/plasma_tp1_0.1x_model_C3/roc_curve_resnet18_tf_0_0.03/nested_cv_random/resnet18/repeat_10_fold_5_metrics.csv,3,2,resnet18,"[0, 0.03]",C3,F1 at 98% Specificity,0.8181818181818182
/scratchc/nrlab/wang04/ulyses_results_iteration/iteration_3_merge_below_3/cnn_model/cnn14/plasma_tp1_0.1x_model_C3/roc_curve_resnet18_tf_0_0.03/nested_cv_random/resnet18/repeat_10_fold_5_metrics.csv,3,2,resnet18,"[0, 0.03]",C3,Sensitivity at 95% Specificity,0.7307692307692307
/scratchc/nrlab/wang04/ulyses_results_iteration/iteration_3_merge_below_3/cnn_model/cnn14/plasma_tp1_0.1x_model_C3/roc_curve_resnet18_tf_0_0.03/nested_cv_random/resnet18/repeat_10_fold_5_metrics.csv,3,2,resnet18,"[0, 0.03]",C3,PPV at 95% Specificity,0.97435897435897445
/scratchc/nrlab/wang04/ulyses_results_iteration/iteration_3_merge_below_3/cnn_model/cnn14/plasma_tp1_0.1x_model_C3/roc_curve_resnet18_tf_0_0.03/nested_cv_random/resnet18/repeat_10_fold_5_metrics.csv,3,2,resnet18,"[0, 0.03]",C3,Accuracy at 95% Specificity,0.8264140271493212
/scratchc/nrlab/wang04/ulyses_results_iteration/iteration_3_merge_below_3/cnn_model/cnn14/plasma_tp1_0.1x_model_C3/roc_curve_resnet18_tf_0_0.03/nested_cv_random/resnet18/repeat_10_fold_5_metrics.csv,3,2,resnet18,"[0, 0.03]",C3,F1 at 95% Specificity,0.8351648351648352
/scratchc/nrlab/wang04/ulyses_results_iteration/iteration_3_merge_below_3/cnn_model/cnn14/plasma_tp1_0.1x_model_C3/roc_curve_resnet18_tf_0_0.03/nested_cv_random/resnet18/repeat_10_fold_5_metrics.csv,3,3,resnet18,"[0, 0.03]",C3,AUROC,0.9249131944444444
/scratchc/nrlab/wang04/ulyses_results_iteration/iteration_3_merge_below_3/cnn_model/cnn14/plasma_tp1_0.1x_model_C3/roc_curve_resnet18_tf_0_0.03/nested_cv_random/resnet18/repeat_10_fold_5_metrics.csv,3,3,resnet18,"[0, 0.03]",C3,AUPRC,0.9511335540053272
/scratchc/nrlab/wang04/ulyses_results_iteration/iteration_3_merge_below_3/cnn_model/cnn14/plasma_tp1_0.1x_model_C3/roc_curve_resnet18_tf_0_0.03/nested_cv_random/resnet18/repeat_10_fold_5_metrics.csv,3,3,resnet18,"[0, 0.03]",C3,Sensitivity at 99% Specificity,0.19444444444444445
/scratchc/nrlab/wang04/ulyses_results_iteration/iteration_3_merge_below_3/cnn_model/cnn14/plasma_tp1_0.1x_model_C3/roc_curve_resnet18_tf_0_0.03/nested_cv_random/resnet18/repeat_10_fold_5_metrics.csv,3,3,resnet18,"[0, 0.03]",C3,PPV at 99% Specificity,1
/scratchc/nrlab/wang04/ulyses_results_iteration/iteration_3_merge_below_3/cnn_model/cnn14/plasma_tp1_0.1x_model_C3/roc_curve_resnet18_tf_0_0.03/nested_cv_random/resnet18/repeat_10_fold_5_metrics.csv,3,3,resnet18,"[0, 0.03]",C3,Accuracy at 99% Specificity,0.5922222222222222
/scratchc/nrlab/wang04/ulyses_results_iteration/iteration_3_merge_below_3/cnn_model/cnn14/plasma_tp1_0.1x_model_C3/roc_curve_resnet18_tf_0_0.03/nested_cv_random/resnet18/repeat_10_fold_5_metrics.csv,3,3,resnet18,"[0, 0.03]",C3,F1 at 99% Specificity,0.32558139534883723
/scratchc/nrlab/wang04/ulyses_results_iteration/iteration_3_merge_below_3/cnn_model/cnn14/plasma_tp1_0.1x_model_C3/roc_curve_resnet18_tf_0_0.03/nested_cv_random/resnet18/repeat_10_fold_5_metrics.csv,3,3,resnet18,"[0, 0.03]",C3,Sensitivity at 98% Specificity,0.19444444444444445
/scratchc/nrlab/wang04/ulyses_results_iteration/iteration_3_merge_below_3/cnn_model/cnn14/plasma_tp1_0.1x_model_C3/roc_curve_resnet18_tf_0_0.03/nested_cv_random/resnet18/repeat_10_fold_5_metrics.csv,3,3,resnet18,"[0, 0.03]",C3,PPV at 98% Specificity,1
/scratchc/nrlab/wang04/ulyses_results_iteration/iteration_3_merge_below_3/cnn_model/cnn14/plasma_tp1_0.1x_model_C3/roc_curve_resnet18_tf_0_0.03/nested_cv_random/resnet18/repeat_10_fold_5_metrics.csv,3,3,resnet18,"[0, 0.03]",C3,Accuracy at 98% Specificity,0.5872222222222222
/scratchc/nrlab/wang04/ulyses_results_iteration/iteration_3_merge_below_3/cnn_model/cnn14/plasma_tp1_0.1x_model_C3/roc_curve_resnet18_tf_0_0.03/nested_cv_random/resnet18/repeat_10_fold_5_metrics.csv,3,3,resnet18,"[0, 0.03]",C3,F1 at 98% Specificity,0.32558139534883723
/scratchc/nrlab/wang04/ulyses_results_iteration/iteration_3_merge_below_3/cnn_model/cnn14/plasma_tp1_0.1x_model_C3/roc_curve_resnet18_tf_0_0.03/nested_cv_random/resnet18/repeat_10_fold_5_metrics.csv,3,3,resnet18,"[0, 0.03]",C3,Sensitivity at 95% Specificity,0.5462962962962963
/scratchc/nrlab/wang04/ulyses_results_iteration/iteration_3_merge_below_3/cnn_model/cnn14/plasma_tp1_0.1x_model_C3/roc_curve_resnet18_tf_0_0.03/nested_cv_random/resnet18/repeat_10_fold_5_metrics.csv,3,3,resnet18,"[0, 0.03]",C3,PPV at 95% Specificity,0.9672131147540984
/scratchc/nrlab/wang04/ulyses_results_iteration/iteration_3_merge_below_3/cnn_model/cnn14/plasma_tp1_0.1x_model_C3/roc_curve_resnet18_tf_0_0.03/nested_cv_random/resnet18/repeat_10_fold_5_metrics.csv,3,3,resnet18,"[0, 0.03]",C3,Accuracy at 95% Specificity,0.7333043981481482
/scratchc/nrlab/wang04/ulyses_results_iteration/iteration_3_merge_below_3/cnn_model/cnn14/plasma_tp1_0.1x_model_C3/roc_curve_resnet18_tf_0_0.03/nested_cv_random/resnet18/repeat_10_fold_5_metrics.csv,3,3,resnet18,"[0, 0.03]",C3,F1 at 95% Specificity,0.6982248520710059
/scratchc/nrlab/wang04/ulyses_results_iteration/iteration_3_merge_below_3/cnn_model/cnn14/plasma_tp1_0.1x_model_C3/roc_curve_resnet18_tf_0_0.03/nested_cv_random/resnet18/repeat_10_fold_5_metrics.csv,3,4,resnet18,"[0, 0.03]",C3,AUROC,0.8726096333572968
/scratchc/nrlab/wang04/ulyses_results_iteration/iteration_3_merge_below_3/cnn_model/cnn14/plasma_tp1_0.1x_model_C3/roc_curve_resnet18_tf_0_0.03/nested_cv_random/resnet18/repeat_10_fold_5_metrics.csv,3,4,resnet18,"[0, 0.03]",C3,AUPRC,0.9217906430210804
/scratchc/nrlab/wang04/ulyses_results_iteration/iteration_3_merge_below_3/cnn_model/cnn14/plasma_tp1_0.1x_model_C3/roc_curve_resnet18_tf_0_0.03/nested_cv_random/resnet18/repeat_10_fold_5_metrics.csv,3,4,resnet18,"[0, 0.03]",C3,Sensitivity at 99% Specificity,0.32710280373831774
/scratchc/nrlab/wang04/ulyses_results_iteration/iteration_3_merge_below_3/cnn_model/cnn14/plasma_tp1_0.1x_model_C3/roc_curve_resnet18_tf_0_0.03/nested_cv_random/resnet18/repeat_10_fold_5_metrics.csv,3,4,resnet18,"[0, 0.03]",C3,PPV at 99% Specificity,1
/scratchc/nrlab/wang04/ulyses_results_iteration/iteration_3_merge_below_3/cnn_model/cnn14/plasma_tp1_0.1x_model_C3/roc_curve_resnet18_tf_0_0.03/nested_cv_random/resnet18/repeat_10_fold_5_metrics.csv,3,4,resnet18,"[0, 0.03]",C3,Accuracy at 99% Specificity,0.6585514018691588
/scratchc/nrlab/wang04/ulyses_results_iteration/iteration_3_merge_below_3/cnn_model/cnn14/plasma_tp1_0.1x_model_C3/roc_curve_resnet18_tf_0_0.03/nested_cv_random/resnet18/repeat_10_fold_5_metrics.csv,3,4,resnet18,"[0, 0.03]",C3,F1 at 99% Specificity,0.4929577464788733
/scratchc/nrlab/wang04/ulyses_results_iteration/iteration_3_merge_below_3/cnn_model/cnn14/plasma_tp1_0.1x_model_C3/roc_curve_resnet18_tf_0_0.03/nested_cv_random/resnet18/repeat_10_fold_5_metrics.csv,3,4,resnet18,"[0, 0.03]",C3,Sensitivity at 98% Specificity,0.32710280373831774
/scratchc/nrlab/wang04/ulyses_results_iteration/iteration_3_merge_below_3/cnn_model/cnn14/plasma_tp1_0.1x_model_C3/roc_curve_resnet18_tf_0_0.03/nested_cv_random/resnet18/repeat_10_fold_5_metrics.csv,3,4,resnet18,"[0, 0.03]",C3,PPV at 98% Specificity,1
/scratchc/nrlab/wang04/ulyses_results_iteration/iteration_3_merge_below_3/cnn_model/cnn14/plasma_tp1_0.1x_model_C3/roc_curve_resnet18_tf_0_0.03/nested_cv_random/resnet18/repeat_10_fold_5_metrics.csv,3,4,resnet18,"[0, 0.03]",C3,Accuracy at 98% Specificity,0.6535514018691588
/scratchc/nrlab/wang04/ulyses_results_iteration/iteration_3_merge_below_3/cnn_model/cnn14/plasma_tp1_0.1x_model_C3/roc_curve_resnet18_tf_0_0.03/nested_cv_random/resnet18/repeat_10_fold_5_metrics.csv,3,4,resnet18,"[0, 0.03]",C3,F1 at 98% Specificity,0.4929577464788733
/scratchc/nrlab/wang04/ulyses_results_iteration/iteration_3_merge_below_3/cnn_model/cnn14/plasma_tp1_0.1x_model_C3/roc_curve_resnet18_tf_0_0.03/nested_cv_random/resnet18/repeat_10_fold_5_metrics.csv,3,4,resnet18,"[0, 0.03]",C3,Sensitivity at 95% Specificity,0.4953271028037383
/scratchc/nrlab/wang04/ulyses_results_iteration/iteration_3_merge_below_3/cnn_model/cnn14/plasma_tp1_0.1x_model_C3/roc_curve_resnet18_tf_0_0.03/nested_cv_random/resnet18/repeat_10_fold_5_metrics.csv,3,4,resnet18,"[0, 0.03]",C3,PPV at 95% Specificity,0.9636363636363636
/scratchc/nrlab/wang04/ulyses_results_iteration/iteration_3_merge_below_3/cnn_model/cnn14/plasma_tp1_0.1x_model_C3/roc_curve_resnet18_tf_0_0.03/nested_cv_random/resnet18/repeat_10_fold_5_metrics.csv,3,4,resnet18,"[0, 0.03]",C3,Accuracy at 95% Specificity,0.7080481667864845
/scratchc/nrlab/wang04/ulyses_results_iteration/iteration_3_merge_below_3/cnn_model/cnn14/plasma_tp1_0.1x_model_C3/roc_curve_resnet18_tf_0_0.03/nested_cv_random/resnet18/repeat_10_fold_5_metrics.csv,3,4,resnet18,"[0, 0.03]",C3,F1 at 95% Specificity,0.654320987654321
/scratchc/nrlab/wang04/ulyses_results_iteration/iteration_3_merge_below_3/cnn_model/cnn14/plasma_tp1_0.1x_model_C3/roc_curve_resnet18_tf_0_0.03/nested_cv_random/resnet18/repeat_10_fold_5_metrics.csv,3,5,resnet18,"[0, 0.03]",C3,AUROC,0.8755787037037037
/scratchc/nrlab/wang04/ulyses_results_iteration/iteration_3_merge_below_3/cnn_model/cnn14/plasma_tp1_0.1x_model_C3/roc_curve_resnet18_tf_0_0.03/nested_cv_random/resnet18/repeat_10_fold_5_metrics.csv,3,5,resnet18,"[0, 0.03]",C3,AUPRC,0.9225160578742952
/scratchc/nrlab/wang04/ulyses_results_iteration/iteration_3_merge_below_3/cnn_model/cnn14/plasma_tp1_0.1x_model_C3/roc_curve_resnet18_tf_0_0.03/nested_cv_random/resnet18/repeat_10_fold_5_metrics.csv,3,5,resnet18,"[0, 0.03]",C3,Sensitivity at 99% Specificity,0.17592592592592593
/scratchc/nrlab/wang04/ulyses_results_iteration/iteration_3_merge_below_3/cnn_model/cnn14/plasma_tp1_0.1x_model_C3/roc_curve_resnet18_tf_0_0.03/nested_cv_random/resnet18/repeat_10_fold_5_metrics.csv,3,5,resnet18,"[0, 0.03]",C3,PPV at 99% Specificity,1
/scratchc/nrlab/wang04/ulyses_results_iteration/iteration_3_merge_below_3/cnn_model/cnn14/plasma_tp1_0.1x_model_C3/roc_curve_resnet18_tf_0_0.03/nested_cv_random/resnet18/repeat_10_fold_5_metrics.csv,3,5,resnet18,"[0, 0.03]",C3,Accuracy at 99% Specificity,0.5829629629629629
/scratchc/nrlab/wang04/ulyses_results_iteration/iteration_3_merge_below_3/cnn_model/cnn14/plasma_tp1_0.1x_model_C3/roc_curve_resnet18_tf_0_0.03/nested_cv_random/resnet18/repeat_10_fold_5_metrics.csv,3,5,resnet18,"[0, 0.03]",C3,F1 at 99% Specificity,0.2992125984251969
/scratchc/nrlab/wang04/ulyses_results_iteration/iteration_3_merge_below_3/cnn_model/cnn14/plasma_tp1_0.1x_model_C3/roc_curve_resnet18_tf_0_0.03/nested_cv_random/resnet18/repeat_10_fold_5_metrics.csv,3,5,resnet18,"[0, 0.03]",C3,Sensitivity at 98% Specificity,0.17592592592592593
/scratchc/nrlab/wang04/ulyses_results_iteration/iteration_3_merge_below_3/cnn_model/cnn14/plasma_tp1_0.1x_model_C3/roc_curve_resnet18_tf_0_0.03/nested_cv_random/resnet18/repeat_10_fold_5_metrics.csv,3,5,resnet18,"[0, 0.03]",C3,PPV at 98% Specificity,1
/scratchc/nrlab/wang04/ulyses_results_iteration/iteration_3_merge_below_3/cnn_model/cnn14/plasma_tp1_0.1x_model_C3/roc_curve_resnet18_tf_0_0.03/nested_cv_random/resnet18/repeat_10_fold_5_metrics.csv,3,5,resnet18,"[0, 0.03]",C3,Accuracy at 98% Specificity,0.577962962962963
/scratchc/nrlab/wang04/ulyses_results_iteration/iteration_3_merge_below_3/cnn_model/cnn14/plasma_tp1_0.1x_model_C3/roc_curve_resnet18_tf_0_0.03/nested_cv_random/resnet18/repeat_10_fold_5_metrics.csv,3,5,resnet18,"[0, 0.03]",C3,F1 at 98% Specificity,0.2992125984251969
/scratchc/nrlab/wang04/ulyses_results_iteration/iteration_3_merge_below_3/cnn_model/cnn14/plasma_tp1_0.1x_model_C3/roc_curve_resnet18_tf_0_0.03/nested_cv_random/resnet18/repeat_10_fold_5_metrics.csv,3,5,resnet18,"[0, 0.03]",C3,Sensitivity at 95% Specificity,0.5462962962962963
/scratchc/nrlab/wang04/ulyses_results_iteration/iteration_3_merge_below_3/cnn_model/cnn14/plasma_tp1_0.1x_model_C3/roc_curve_resnet18_tf_0_0.03/nested_cv_random/resnet18/repeat_10_fold_5_metrics.csv,3,5,resnet18,"[0, 0.03]",C3,PPV at 95% Specificity,0.9672131147540984
/scratchc/nrlab/wang04/ulyses_results_iteration/iteration_3_merge_below_3/cnn_model/cnn14/plasma_tp1_0.1x_model_C3/roc_curve_resnet18_tf_0_0.03/nested_cv_random/resnet18/repeat_10_fold_5_metrics.csv,3,5,resnet18,"[0, 0.03]",C3,Accuracy at 95% Specificity,0.7333043981481482
/scratchc/nrlab/wang04/ulyses_results_iteration/iteration_3_merge_below_3/cnn_model/cnn14/plasma_tp1_0.1x_model_C3/roc_curve_resnet18_tf_0_0.03/nested_cv_random/resnet18/repeat_10_fold_5_metrics.csv,3,5,resnet18,"[0, 0.03]",C3,F1 at 95% Specificity,0.6982248520710059
/scratchc/nrlab/wang04/ulyses_results_iteration/iteration_3_merge_below_3/cnn_model/cnn14/plasma_tp1_0.1x_model_C3/roc_curve_resnet18_tf_0_0.03/nested_cv_random/resnet18/repeat_10_fold_5_metrics.csv,4,1,resnet18,"[0, 0.03]",C3,AUROC,0.9010416666666666
/scratchc/nrlab/wang04/ulyses_results_iteration/iteration_3_merge_below_3/cnn_model/cnn14/plasma_tp1_0.1x_model_C3/roc_curve_resnet18_tf_0_0.03/nested_cv_random/resnet18/repeat_10_fold_5_metrics.csv,4,1,resnet18,"[0, 0.03]",C3,AUPRC,0.94772408746848
/scratchc/nrlab/wang04/ulyses_results_iteration/iteration_3_merge_below_3/cnn_model/cnn14/plasma_tp1_0.1x_model_C3/roc_curve_resnet18_tf_0_0.03/nested_cv_random/resnet18/repeat_10_fold_5_metrics.csv,4,1,resnet18,"[0, 0.03]",C3,Sensitivity at 99% Specificity,0.5370370370370371
/scratchc/nrlab/wang04/ulyses_results_iteration/iteration_3_merge_below_3/cnn_model/cnn14/plasma_tp1_0.1x_model_C3/roc_curve_resnet18_tf_0_0.03/nested_cv_random/resnet18/repeat_10_fold_5_metrics.csv,4,1,resnet18,"[0, 0.03]",C3,PPV at 99% Specificity,1
/scratchc/nrlab/wang04/ulyses_results_iteration/iteration_3_merge_below_3/cnn_model/cnn14/plasma_tp1_0.1x_model_C3/roc_curve_resnet18_tf_0_0.03/nested_cv_random/resnet18/repeat_10_fold_5_metrics.csv,4,1,resnet18,"[0, 0.03]",C3,Accuracy at 99% Specificity,0.7635185185185185
/scratchc/nrlab/wang04/ulyses_results_iteration/iteration_3_merge_below_3/cnn_model/cnn14/plasma_tp1_0.1x_model_C3/roc_curve_resnet18_tf_0_0.03/nested_cv_random/resnet18/repeat_10_fold_5_metrics.csv,4,1,resnet18,"[0, 0.03]",C3,F1 at 99% Specificity,0.6987951807228916
/scratchc/nrlab/wang04/ulyses_results_iteration/iteration_3_merge_below_3/cnn_model/cnn14/plasma_tp1_0.1x_model_C3/roc_curve_resnet18_tf_0_0.03/nested_cv_random/resnet18/repeat_10_fold_5_metrics.csv,4,1,resnet18,"[0, 0.03]",C3,Sensitivity at 98% Specificity,0.5370370370370371
/scratchc/nrlab/wang04/ulyses_results_iteration/iteration_3_merge_below_3/cnn_model/cnn14/plasma_tp1_0.1x_model_C3/roc_curve_resnet18_tf_0_0.03/nested_cv_random/resnet18/repeat_10_fold_5_metrics.csv,4,1,resnet18,"[0, 0.03]",C3,PPV at 98% Specificity,1
/scratchc/nrlab/wang04/ulyses_results_iteration/iteration_3_merge_below_3/cnn_model/cnn14/plasma_tp1_0.1x_model_C3/roc_curve_resnet18_tf_0_0.03/nested_cv_random/resnet18/repeat_10_fold_5_metrics.csv,4,1,resnet18,"[0, 0.03]",C3,Accuracy at 98% Specificity,0.7585185185185186
/scratchc/nrlab/wang04/ulyses_results_iteration/iteration_3_merge_below_3/cnn_model/cnn14/plasma_tp1_0.1x_model_C3/roc_curve_resnet18_tf_0_0.03/nested_cv_random/resnet18/repeat_10_fold_5_metrics.csv,4,1,resnet18,"[0, 0.03]",C3,F1 at 98% Specificity,0.6987951807228916
/scratchc/nrlab/wang04/ulyses_results_iteration/iteration_3_merge_below_3/cnn_model/cnn14/plasma_tp1_0.1x_model_C3/roc_curve_resnet18_tf_0_0.03/nested_cv_random/resnet18/repeat_10_fold_5_metrics.csv,4,1,resnet18,"[0, 0.03]",C3,Sensitivity at 95% Specificity,0.6851851851851852
/scratchc/nrlab/wang04/ulyses_results_iteration/iteration_3_merge_below_3/cnn_model/cnn14/plasma_tp1_0.1x_model_C3/roc_curve_resnet18_tf_0_0.03/nested_cv_random/resnet18/repeat_10_fold_5_metrics.csv,4,1,resnet18,"[0, 0.03]",C3,PPV at 95% Specificity,0.9736842105263158
/scratchc/nrlab/wang04/ulyses_results_iteration/iteration_3_merge_below_3/cnn_model/cnn14/plasma_tp1_0.1x_model_C3/roc_curve_resnet18_tf_0_0.03/nested_cv_random/resnet18/repeat_10_fold_5_metrics.csv,4,1,resnet18,"[0, 0.03]",C3,Accuracy at 95% Specificity,0.8027488425925926
/scratchc/nrlab/wang04/ulyses_results_iteration/iteration_3_merge_below_3/cnn_model/cnn14/plasma_tp1_0.1x_model_C3/roc_curve_resnet18_tf_0_0.03/nested_cv_random/resnet18/repeat_10_fold_5_metrics.csv,4,1,resnet18,"[0, 0.03]",C3,F1 at 95% Specificity,0.8043478260869565
/scratchc/nrlab/wang04/ulyses_results_iteration/iteration_3_merge_below_3/cnn_model/cnn14/plasma_tp1_0.1x_model_C3/roc_curve_resnet18_tf_0_0.03/nested_cv_random/resnet18/repeat_10_fold_5_metrics.csv,4,2,resnet18,"[0, 0.03]",C3,AUROC,0.923308486238532
/scratchc/nrlab/wang04/ulyses_results_iteration/iteration_3_merge_below_3/cnn_model/cnn14/plasma_tp1_0.1x_model_C3/roc_curve_resnet18_tf_0_0.03/nested_cv_random/resnet18/repeat_10_fold_5_metrics.csv,4,2,resnet18,"[0, 0.03]",C3,AUPRC,0.9494566128103212
/scratchc/nrlab/wang04/ulyses_results_iteration/iteration_3_merge_below_3/cnn_model/cnn14/plasma_tp1_0.1x_model_C3/roc_curve_resnet18_tf_0_0.03/nested_cv_random/resnet18/repeat_10_fold_5_metrics.csv,4,2,resnet18,"[0, 0.03]",C3,Sensitivity at 99% Specificity,0.13761467889908258
/scratchc/nrlab/wang04/ulyses_results_iteration/iteration_3_merge_below_3/cnn_model/cnn14/plasma_tp1_0.1x_model_C3/roc_curve_resnet18_tf_0_0.03/nested_cv_random/resnet18/repeat_10_fold_5_metrics.csv,4,2,resnet18,"[0, 0.03]",C3,PPV at 99% Specificity,1
/scratchc/nrlab/wang04/ulyses_results_iteration/iteration_3_merge_below_3/cnn_model/cnn14/plasma_tp1_0.1x_model_C3/roc_curve_resnet18_tf_0_0.03/nested_cv_random/resnet18/repeat_10_fold_5_metrics.csv,4,2,resnet18,"[0, 0.03]",C3,Accuracy at 99% Specificity,0.5638073394495413
/scratchc/nrlab/wang04/ulyses_results_iteration/iteration_3_merge_below_3/cnn_model/cnn14/plasma_tp1_0.1x_model_C3/roc_curve_resnet18_tf_0_0.03/nested_cv_random/resnet18/repeat_10_fold_5_metrics.csv,4,2,resnet18,"[0, 0.03]",C3,F1 at 99% Specificity,0.24193548387096775
/scratchc/nrlab/wang04/ulyses_results_iteration/iteration_3_merge_below_3/cnn_model/cnn14/plasma_tp1_0.1x_model_C3/roc_curve_resnet18_tf_0_0.03/nested_cv_random/resnet18/repeat_10_fold_5_metrics.csv,4,2,resnet18,"[0, 0.03]",C3,Sensitivity at 98% Specificity,0.13761467889908258
/scratchc/nrlab/wang04/ulyses_results_iteration/iteration_3_merge_below_3/cnn_model/cnn14/plasma_tp1_0.1x_model_C3/roc_curve_resnet18_tf_0_0.03/nested_cv_random/resnet18/repeat_10_fold_5_metrics.csv,4,2,resnet18,"[0, 0.03]",C3,PPV at 98% Specificity,1
/scratchc/nrlab/wang04/ulyses_results_iteration/iteration_3_merge_below_3/cnn_model/cnn14/plasma_tp1_0.1x_model_C3/roc_curve_resnet18_tf_0_0.03/nested_cv_random/resnet18/repeat_10_fold_5_metrics.csv,4,2,resnet18,"[0, 0.03]",C3,Accuracy at 98% Specificity,0.5588073394495413
/scratchc/nrlab/wang04/ulyses_results_iteration/iteration_3_merge_below_3/cnn_model/cnn14/plasma_tp1_0.1x_model_C3/roc_curve_resnet18_tf_0_0.03/nested_cv_random/resnet18/repeat_10_fold_5_metrics.csv,4,2,resnet18,"[0, 0.03]",C3,F1 at 98% Specificity,0.24193548387096775
/scratchc/nrlab/wang04/ulyses_results_iteration/iteration_3_merge_below_3/cnn_model/cnn14/plasma_tp1_0.1x_model_C3/roc_curve_resnet18_tf_0_0.03/nested_cv_random/resnet18/repeat_10_fold_5_metrics.csv,4,2,resnet18,"[0, 0.03]",C3,Sensitivity at 95% Specificity,0.6605504587155964
/scratchc/nrlab/wang04/ulyses_results_iteration/iteration_3_merge_below_3/cnn_model/cnn14/plasma_tp1_0.1x_model_C3/roc_curve_resnet18_tf_0_0.03/nested_cv_random/resnet18/repeat_10_fold_5_metrics.csv,4,2,resnet18,"[0, 0.03]",C3,PPV at 95% Specificity,0.972972972972973
/scratchc/nrlab/wang04/ulyses_results_iteration/iteration_3_merge_below_3/cnn_model/cnn14/plasma_tp1_0.1x_model_C3/roc_curve_resnet18_tf_0_0.03/nested_cv_random/resnet18/repeat_10_fold_5_metrics.csv,4,2,resnet18,"[0, 0.03]",C3,Accuracy at 95% Specificity,0.7904314793577982
/scratchc/nrlab/wang04/ulyses_results_iteration/iteration_3_merge_below_3/cnn_model/cnn14/plasma_tp1_0.1x_model_C3/roc_curve_resnet18_tf_0_0.03/nested_cv_random/resnet18/repeat_10_fold_5_metrics.csv,4,2,resnet18,"[0, 0.03]",C3,F1 at 95% Specificity,0.7868852459016393
/scratchc/nrlab/wang04/ulyses_results_iteration/iteration_3_merge_below_3/cnn_model/cnn14/plasma_tp1_0.1x_model_C3/roc_curve_resnet18_tf_0_0.03/nested_cv_random/resnet18/repeat_10_fold_5_metrics.csv,4,3,resnet18,"[0, 0.03]",C3,AUROC,0.892451473759885
/scratchc/nrlab/wang04/ulyses_results_iteration/iteration_3_merge_below_3/cnn_model/cnn14/plasma_tp1_0.1x_model_C3/roc_curve_resnet18_tf_0_0.03/nested_cv_random/resnet18/repeat_10_fold_5_metrics.csv,4,3,resnet18,"[0, 0.03]",C3,AUPRC,0.925235890912356
/scratchc/nrlab/wang04/ulyses_results_iteration/iteration_3_merge_below_3/cnn_model/cnn14/plasma_tp1_0.1x_model_C3/roc_curve_resnet18_tf_0_0.03/nested_cv_random/resnet18/repeat_10_fold_5_metrics.csv,4,3,resnet18,"[0, 0.03]",C3,Sensitivity at 99% Specificity,0.11214953271028036
/scratchc/nrlab/wang04/ulyses_results_iteration/iteration_3_merge_below_3/cnn_model/cnn14/plasma_tp1_0.1x_model_C3/roc_curve_resnet18_tf_0_0.03/nested_cv_random/resnet18/repeat_10_fold_5_metrics.csv,4,3,resnet18,"[0, 0.03]",C3,PPV at 99% Specificity,1
/scratchc/nrlab/wang04/ulyses_results_iteration/iteration_3_merge_below_3/cnn_model/cnn14/plasma_tp1_0.1x_model_C3/roc_curve_resnet18_tf_0_0.03/nested_cv_random/resnet18/repeat_10_fold_5_metrics.csv,4,3,resnet18,"[0, 0.03]",C3,Accuracy at 99% Specificity,0.5510747663551402
/scratchc/nrlab/wang04/ulyses_results_iteration/iteration_3_merge_below_3/cnn_model/cnn14/plasma_tp1_0.1x_model_C3/roc_curve_resnet18_tf_0_0.03/nested_cv_random/resnet18/repeat_10_fold_5_metrics.csv,4,3,resnet18,"[0, 0.03]",C3,F1 at 99% Specificity,0.20168067226890757
/scratchc/nrlab/wang04/ulyses_results_iteration/iteration_3_merge_below_3/cnn_model/cnn14/plasma_tp1_0.1x_model_C3/roc_curve_resnet18_tf_0_0.03/nested_cv_random/resnet18/repeat_10_fold_5_metrics.csv,4,3,resnet18,"[0, 0.03]",C3,Sensitivity at 98% Specificity,0.11214953271028036
/scratchc/nrlab/wang04/ulyses_results_iteration/iteration_3_merge_below_3/cnn_model/cnn14/plasma_tp1_0.1x_model_C3/roc_curve_resnet18_tf_0_0.03/nested_cv_random/resnet18/repeat_10_fold_5_metrics.csv,4,3,resnet18,"[0, 0.03]",C3,PPV at 98% Specificity,1
/scratchc/nrlab/wang04/ulyses_results_iteration/iteration_3_merge_below_3/cnn_model/cnn14/plasma_tp1_0.1x_model_C3/roc_curve_resnet18_tf_0_0.03/nested_cv_random/resnet18/repeat_10_fold_5_metrics.csv,4,3,resnet18,"[0, 0.03]",C3,Accuracy at 98% Specificity,0.5460747663551402
/scratchc/nrlab/wang04/ulyses_results_iteration/iteration_3_merge_below_3/cnn_model/cnn14/plasma_tp1_0.1x_model_C3/roc_curve_resnet18_tf_0_0.03/nested_cv_random/resnet18/repeat_10_fold_5_metrics.csv,4,3,resnet18,"[0, 0.03]",C3,F1 at 98% Specificity,0.20168067226890757
/scratchc/nrlab/wang04/ulyses_results_iteration/iteration_3_merge_below_3/cnn_model/cnn14/plasma_tp1_0.1x_model_C3/roc_curve_resnet18_tf_0_0.03/nested_cv_random/resnet18/repeat_10_fold_5_metrics.csv,4,3,resnet18,"[0, 0.03]",C3,Sensitivity at 95% Specificity,0.5327102803738317
/scratchc/nrlab/wang04/ulyses_results_iteration/iteration_3_merge_below_3/cnn_model/cnn14/plasma_tp1_0.1x_model_C3/roc_curve_resnet18_tf_0_0.03/nested_cv_random/resnet18/repeat_10_fold_5_metrics.csv,4,3,resnet18,"[0, 0.03]",C3,PPV at 95% Specificity,0.9661016949152542
/scratchc/nrlab/wang04/ulyses_results_iteration/iteration_3_merge_below_3/cnn_model/cnn14/plasma_tp1_0.1x_model_C3/roc_curve_resnet18_tf_0_0.03/nested_cv_random/resnet18/repeat_10_fold_5_metrics.csv,4,3,resnet18,"[0, 0.03]",C3,Accuracy at 95% Specificity,0.7267397555715311
/scratchc/nrlab/wang04/ulyses_results_iteration/iteration_3_merge_below_3/cnn_model/cnn14/plasma_tp1_0.1x_model_C3/roc_curve_resnet18_tf_0_0.03/nested_cv_random/resnet18/repeat_10_fold_5_metrics.csv,4,3,resnet18,"[0, 0.03]",C3,F1 at 95% Specificity,0.6867469879518072
/scratchc/nrlab/wang04/ulyses_results_iteration/iteration_3_merge_below_3/cnn_model/cnn14/plasma_tp1_0.1x_model_C3/roc_curve_resnet18_tf_0_0.03/nested_cv_random/resnet18/repeat_10_fold_5_metrics.csv,4,4,resnet18,"[0, 0.03]",C3,AUROC,0.9262401150251618
/scratchc/nrlab/wang04/ulyses_results_iteration/iteration_3_merge_below_3/cnn_model/cnn14/plasma_tp1_0.1x_model_C3/roc_curve_resnet18_tf_0_0.03/nested_cv_random/resnet18/repeat_10_fold_5_metrics.csv,4,4,resnet18,"[0, 0.03]",C3,AUPRC,0.9552114278821262
/scratchc/nrlab/wang04/ulyses_results_iteration/iteration_3_merge_below_3/cnn_model/cnn14/plasma_tp1_0.1x_model_C3/roc_curve_resnet18_tf_0_0.03/nested_cv_random/resnet18/repeat_10_fold_5_metrics.csv,4,4,resnet18,"[0, 0.03]",C3,Sensitivity at 99% Specificity,0.5607476635514018
/scratchc/nrlab/wang04/ulyses_results_iteration/iteration_3_merge_below_3/cnn_model/cnn14/plasma_tp1_0.1x_model_C3/roc_curve_resnet18_tf_0_0.03/nested_cv_random/resnet18/repeat_10_fold_5_metrics.csv,4,4,resnet18,"[0, 0.03]",C3,PPV at 99% Specificity,1
/scratchc/nrlab/wang04/ulyses_results_iteration/iteration_3_merge_below_3/cnn_model/cnn14/plasma_tp1_0.1x_model_C3/roc_curve_resnet18_tf_0_0.03/nested_cv_random/resnet18/repeat_10_fold_5_metrics.csv,4,4,resnet18,"[0, 0.03]",C3,Accuracy at 99% Specificity,0.7753738317757009
/scratchc/nrlab/wang04/ulyses_results_iteration/iteration_3_merge_below_3/cnn_model/cnn14/plasma_tp1_0.1x_model_C3/roc_curve_resnet18_tf_0_0.03/nested_cv_random/resnet18/repeat_10_fold_5_metrics.csv,4,4,resnet18,"[0, 0.03]",C3,F1 at 99% Specificity,0.718562874251497
/scratchc/nrlab/wang04/ulyses_results_iteration/iteration_3_merge_below_3/cnn_model/cnn14/plasma_tp1_0.1x_model_C3/roc_curve_resnet18_tf_0_0.03/nested_cv_random/resnet18/repeat_10_fold_5_metrics.csv,4,4,resnet18,"[0, 0.03]",C3,Sensitivity at 98% Specificity,0.5607476635514018
/scratchc/nrlab/wang04/ulyses_results_iteration/iteration_3_merge_below_3/cnn_model/cnn14/plasma_tp1_0.1x_model_C3/roc_curve_resnet18_tf_0_0.03/nested_cv_random/resnet18/repeat_10_fold_5_metrics.csv,4,4,resnet18,"[0, 0.03]",C3,PPV at 98% Specificity,1
/scratchc/nrlab/wang04/ulyses_results_iteration/iteration_3_merge_below_3/cnn_model/cnn14/plasma_tp1_0.1x_model_C3/roc_curve_resnet18_tf_0_0.03/nested_cv_random/resnet18/repeat_10_fold_5_metrics.csv,4,4,resnet18,"[0, 0.03]",C3,Accuracy at 98% Specificity,0.770373831775701
/scratchc/nrlab/wang04/ulyses_results_iteration/iteration_3_merge_below_3/cnn_model/cnn14/plasma_tp1_0.1x_model_C3/roc_curve_resnet18_tf_0_0.03/nested_cv_random/resnet18/repeat_10_fold_5_metrics.csv,4,4,resnet18,"[0, 0.03]",C3,F1 at 98% Specificity,0.718562874251497
/scratchc/nrlab/wang04/ulyses_results_iteration/iteration_3_merge_below_3/cnn_model/cnn14/plasma_tp1_0.1x_model_C3/roc_curve_resnet18_tf_0_0.03/nested_cv_random/resnet18/repeat_10_fold_5_metrics.csv,4,4,resnet18,"[0, 0.03]",C3,Sensitivity at 95% Specificity,0.5700934579439252
/scratchc/nrlab/wang04/ulyses_results_iteration/iteration_3_merge_below_3/cnn_model/cnn14/plasma_tp1_0.1x_model_C3/roc_curve_resnet18_tf_0_0.03/nested_cv_random/resnet18/repeat_10_fold_5_metrics.csv,4,4,resnet18,"[0, 0.03]",C3,PPV at 95% Specificity,0.9682539682539684
/scratchc/nrlab/wang04/ulyses_results_iteration/iteration_3_merge_below_3/cnn_model/cnn14/plasma_tp1_0.1x_model_C3/roc_curve_resnet18_tf_0_0.03/nested_cv_random/resnet18/repeat_10_fold_5_metrics.csv,4,4,resnet18,"[0, 0.03]",C3,Accuracy at 95% Specificity,0.7454313443565779
/scratchc/nrlab/wang04/ulyses_results_iteration/iteration_3_merge_below_3/cnn_model/cnn14/plasma_tp1_0.1x_model_C3/roc_curve_resnet18_tf_0_0.03/nested_cv_random/resnet18/repeat_10_fold_5_metrics.csv,4,4,resnet18,"[0, 0.03]",C3,F1 at 95% Specificity,0.7176470588235294
/scratchc/nrlab/wang04/ulyses_results_iteration/iteration_3_merge_below_3/cnn_model/cnn14/plasma_tp1_0.1x_model_C3/roc_curve_resnet18_tf_0_0.03/nested_cv_random/resnet18/repeat_10_fold_5_metrics.csv,4,5,resnet18,"[0, 0.03]",C3,AUROC,0.9122956645344704
/scratchc/nrlab/wang04/ulyses_results_iteration/iteration_3_merge_below_3/cnn_model/cnn14/plasma_tp1_0.1x_model_C3/roc_curve_resnet18_tf_0_0.03/nested_cv_random/resnet18/repeat_10_fold_5_metrics.csv,4,5,resnet18,"[0, 0.03]",C3,AUPRC,0.947166495500965
/scratchc/nrlab/wang04/ulyses_results_iteration/iteration_3_merge_below_3/cnn_model/cnn14/plasma_tp1_0.1x_model_C3/roc_curve_resnet18_tf_0_0.03/nested_cv_random/resnet18/repeat_10_fold_5_metrics.csv,4,5,resnet18,"[0, 0.03]",C3,Sensitivity at 99% Specificity,0.4380952380952381
/scratchc/nrlab/wang04/ulyses_results_iteration/iteration_3_merge_below_3/cnn_model/cnn14/plasma_tp1_0.1x_model_C3/roc_curve_resnet18_tf_0_0.03/nested_cv_random/resnet18/repeat_10_fold_5_metrics.csv,4,5,resnet18,"[0, 0.03]",C3,PPV at 99% Specificity,1
/scratchc/nrlab/wang04/ulyses_results_iteration/iteration_3_merge_below_3/cnn_model/cnn14/plasma_tp1_0.1x_model_C3/roc_curve_resnet18_tf_0_0.03/nested_cv_random/resnet18/repeat_10_fold_5_metrics.csv,4,5,resnet18,"[0, 0.03]",C3,Accuracy at 99% Specificity,0.714047619047619
/scratchc/nrlab/wang04/ulyses_results_iteration/iteration_3_merge_below_3/cnn_model/cnn14/plasma_tp1_0.1x_model_C3/roc_curve_resnet18_tf_0_0.03/nested_cv_random/resnet18/repeat_10_fold_5_metrics.csv,4,5,resnet18,"[0, 0.03]",C3,F1 at 99% Specificity,0.609271523178808
/scratchc/nrlab/wang04/ulyses_results_iteration/iteration_3_merge_below_3/cnn_model/cnn14/plasma_tp1_0.1x_model_C3/roc_curve_resnet18_tf_0_0.03/nested_cv_random/resnet18/repeat_10_fold_5_metrics.csv,4,5,resnet18,"[0, 0.03]",C3,Sensitivity at 98% Specificity,0.4380952380952381
/scratchc/nrlab/wang04/ulyses_results_iteration/iteration_3_merge_below_3/cnn_model/cnn14/plasma_tp1_0.1x_model_C3/roc_curve_resnet18_tf_0_0.03/nested_cv_random/resnet18/repeat_10_fold_5_metrics.csv,4,5,resnet18,"[0, 0.03]",C3,PPV at 98% Specificity,1
/scratchc/nrlab/wang04/ulyses_results_iteration/iteration_3_merge_below_3/cnn_model/cnn14/plasma_tp1_0.1x_model_C3/roc_curve_resnet18_tf_0_0.03/nested_cv_random/resnet18/repeat_10_fold_5_metrics.csv,4,5,resnet18,"[0, 0.03]",C3,Accuracy at 98% Specificity,0.709047619047619
/scratchc/nrlab/wang04/ulyses_results_iteration/iteration_3_merge_below_3/cnn_model/cnn14/plasma_tp1_0.1x_model_C3/roc_curve_resnet18_tf_0_0.03/nested_cv_random/resnet18/repeat_10_fold_5_metrics.csv,4,5,resnet18,"[0, 0.03]",C3,F1 at 98% Specificity,0.609271523178808
/scratchc/nrlab/wang04/ulyses_results_iteration/iteration_3_merge_below_3/cnn_model/cnn14/plasma_tp1_0.1x_model_C3/roc_curve_resnet18_tf_0_0.03/nested_cv_random/resnet18/repeat_10_fold_5_metrics.csv,4,5,resnet18,"[0, 0.03]",C3,Sensitivity at 95% Specificity,0.6285714285714286
/scratchc/nrlab/wang04/ulyses_results_iteration/iteration_3_merge_below_3/cnn_model/cnn14/plasma_tp1_0.1x_model_C3/roc_curve_resnet18_tf_0_0.03/nested_cv_random/resnet18/repeat_10_fold_5_metrics.csv,4,5,resnet18,"[0, 0.03]",C3,PPV at 95% Specificity,0.9850746268656716
/scratchc/nrlab/wang04/ulyses_results_iteration/iteration_3_merge_below_3/cnn_model/cnn14/plasma_tp1_0.1x_model_C3/roc_curve_resnet18_tf_0_0.03/nested_cv_random/resnet18/repeat_10_fold_5_metrics.csv,4,5,resnet18,"[0, 0.03]",C3,Accuracy at 95% Specificity,0.7821961620469082
/scratchc/nrlab/wang04/ulyses_results_iteration/iteration_3_merge_below_3/cnn_model/cnn14/plasma_tp1_0.1x_model_C3/roc_curve_resnet18_tf_0_0.03/nested_cv_random/resnet18/repeat_10_fold_5_metrics.csv,4,5,resnet18,"[0, 0.03]",C3,F1 at 95% Specificity,0.7674418604651163
/scratchc/nrlab/wang04/ulyses_results_iteration/iteration_3_merge_below_3/cnn_model/cnn14/plasma_tp1_0.1x_model_C3/roc_curve_resnet18_tf_0_0.03/nested_cv_random/resnet18/repeat_10_fold_5_metrics.csv,5,1,resnet18,"[0, 0.03]",C3,AUROC,0.8919687277896233
/scratchc/nrlab/wang04/ulyses_results_iteration/iteration_3_merge_below_3/cnn_model/cnn14/plasma_tp1_0.1x_model_C3/roc_curve_resnet18_tf_0_0.03/nested_cv_random/resnet18/repeat_10_fold_5_metrics.csv,5,1,resnet18,"[0, 0.03]",C3,AUPRC,0.9182286920427338
/scratchc/nrlab/wang04/ulyses_results_iteration/iteration_3_merge_below_3/cnn_model/cnn14/plasma_tp1_0.1x_model_C3/roc_curve_resnet18_tf_0_0.03/nested_cv_random/resnet18/repeat_10_fold_5_metrics.csv,5,1,resnet18,"[0, 0.03]",C3,Sensitivity at 99% Specificity,0.08571428571428572
/scratchc/nrlab/wang04/ulyses_results_iteration/iteration_3_merge_below_3/cnn_model/cnn14/plasma_tp1_0.1x_model_C3/roc_curve_resnet18_tf_0_0.03/nested_cv_random/resnet18/repeat_10_fold_5_metrics.csv,5,1,resnet18,"[0, 0.03]",C3,PPV at 99% Specificity,1
/scratchc/nrlab/wang04/ulyses_results_iteration/iteration_3_merge_below_3/cnn_model/cnn14/plasma_tp1_0.1x_model_C3/roc_curve_resnet18_tf_0_0.03/nested_cv_random/resnet18/repeat_10_fold_5_metrics.csv,5,1,resnet18,"[0, 0.03]",C3,Accuracy at 99% Specificity,0.5378571428571428
/scratchc/nrlab/wang04/ulyses_results_iteration/iteration_3_merge_below_3/cnn_model/cnn14/plasma_tp1_0.1x_model_C3/roc_curve_resnet18_tf_0_0.03/nested_cv_random/resnet18/repeat_10_fold_5_metrics.csv,5,1,resnet18,"[0, 0.03]",C3,F1 at 99% Specificity,0.15789473684210523
/scratchc/nrlab/wang04/ulyses_results_iteration/iteration_3_merge_below_3/cnn_model/cnn14/plasma_tp1_0.1x_model_C3/roc_curve_resnet18_tf_0_0.03/nested_cv_random/resnet18/repeat_10_fold_5_metrics.csv,5,1,resnet18,"[0, 0.03]",C3,Sensitivity at 98% Specificity,0.08571428571428572
/scratchc/nrlab/wang04/ulyses_results_iteration/iteration_3_merge_below_3/cnn_model/cnn14/plasma_tp1_0.1x_model_C3/roc_curve_resnet18_tf_0_0.03/nested_cv_random/resnet18/repeat_10_fold_5_metrics.csv,5,1,resnet18,"[0, 0.03]",C3,PPV at 98% Specificity,1
/scratchc/nrlab/wang04/ulyses_results_iteration/iteration_3_merge_below_3/cnn_model/cnn14/plasma_tp1_0.1x_model_C3/roc_curve_resnet18_tf_0_0.03/nested_cv_random/resnet18/repeat_10_fold_5_metrics.csv,5,1,resnet18,"[0, 0.03]",C3,Accuracy at 98% Specificity,0.5328571428571428
/scratchc/nrlab/wang04/ulyses_results_iteration/iteration_3_merge_below_3/cnn_model/cnn14/plasma_tp1_0.1x_model_C3/roc_curve_resnet18_tf_0_0.03/nested_cv_random/resnet18/repeat_10_fold_5_metrics.csv,5,1,resnet18,"[0, 0.03]",C3,F1 at 98% Specificity,0.15789473684210523
/scratchc/nrlab/wang04/ulyses_results_iteration/iteration_3_merge_below_3/cnn_model/cnn14/plasma_tp1_0.1x_model_C3/roc_curve_resnet18_tf_0_0.03/nested_cv_random/resnet18/repeat_10_fold_5_metrics.csv,5,1,resnet18,"[0, 0.03]",C3,Sensitivity at 95% Specificity,0.47619047619047616
/scratchc/nrlab/wang04/ulyses_results_iteration/iteration_3_merge_below_3/cnn_model/cnn14/plasma_tp1_0.1x_model_C3/roc_curve_resnet18_tf_0_0.03/nested_cv_random/resnet18/repeat_10_fold_5_metrics.csv,5,1,resnet18,"[0, 0.03]",C3,PPV at 95% Specificity,0.9615384615384616
/scratchc/nrlab/wang04/ulyses_results_iteration/iteration_3_merge_below_3/cnn_model/cnn14/plasma_tp1_0.1x_model_C3/roc_curve_resnet18_tf_0_0.03/nested_cv_random/resnet18/repeat_10_fold_5_metrics.csv,5,1,resnet18,"[0, 0.03]",C3,Accuracy at 95% Specificity,0.6989161336176262
/scratchc/nrlab/wang04/ulyses_results_iteration/iteration_3_merge_below_3/cnn_model/cnn14/plasma_tp1_0.1x_model_C3/roc_curve_resnet18_tf_0_0.03/nested_cv_random/resnet18/repeat_10_fold_5_metrics.csv,5,1,resnet18,"[0, 0.03]",C3,F1 at 95% Specificity,0.6369426751592356
/scratchc/nrlab/wang04/ulyses_results_iteration/iteration_3_merge_below_3/cnn_model/cnn14/plasma_tp1_0.1x_model_C3/roc_curve_resnet18_tf_0_0.03/nested_cv_random/resnet18/repeat_10_fold_5_metrics.csv,5,2,resnet18,"[0, 0.03]",C3,AUROC,0.890335648148148
/scratchc/nrlab/wang04/ulyses_results_iteration/iteration_3_merge_below_3/cnn_model/cnn14/plasma_tp1_0.1x_model_C3/roc_curve_resnet18_tf_0_0.03/nested_cv_random/resnet18/repeat_10_fold_5_metrics.csv,5,2,resnet18,"[0, 0.03]",C3,AUPRC,0.9310228128653726
/scratchc/nrlab/wang04/ulyses_results_iteration/iteration_3_merge_below_3/cnn_model/cnn14/plasma_tp1_0.1x_model_C3/roc_curve_resnet18_tf_0_0.03/nested_cv_random/resnet18/repeat_10_fold_5_metrics.csv,5,2,resnet18,"[0, 0.03]",C3,Sensitivity at 99% Specificity,0.18518518518518515
/scratchc/nrlab/wang04/ulyses_results_iteration/iteration_3_merge_below_3/cnn_model/cnn14/plasma_tp1_0.1x_model_C3/roc_curve_resnet18_tf_0_0.03/nested_cv_random/resnet18/repeat_10_fold_5_metrics.csv,5,2,resnet18,"[0, 0.03]",C3,PPV at 99% Specificity,1
/scratchc/nrlab/wang04/ulyses_results_iteration/iteration_3_merge_below_3/cnn_model/cnn14/plasma_tp1_0.1x_model_C3/roc_curve_resnet18_tf_0_0.03/nested_cv_random/resnet18/repeat_10_fold_5_metrics.csv,5,2,resnet18,"[0, 0.03]",C3,Accuracy at 99% Specificity,0.5875925925925926
/scratchc/nrlab/wang04/ulyses_results_iteration/iteration_3_merge_below_3/cnn_model/cnn14/plasma_tp1_0.1x_model_C3/roc_curve_resnet18_tf_0_0.03/nested_cv_random/resnet18/repeat_10_fold_5_metrics.csv,5,2,resnet18,"[0, 0.03]",C3,F1 at 99% Specificity,0.3125
/scratchc/nrlab/wang04/ulyses_results_iteration/iteration_3_merge_below_3/cnn_model/cnn14/plasma_tp1_0.1x_model_C3/roc_curve_resnet18_tf_0_0.03/nested_cv_random/resnet18/repeat_10_fold_5_metrics.csv,5,2,resnet18,"[0, 0.03]",C3,Sensitivity at 98% Specificity,0.18518518518518515
/scratchc/nrlab/wang04/ulyses_results_iteration/iteration_3_merge_below_3/cnn_model/cnn14/plasma_tp1_0.1x_model_C3/roc_curve_resnet18_tf_0_0.03/nested_cv_random/resnet18/repeat_10_fold_5_metrics.csv,5,2,resnet18,"[0, 0.03]",C3,PPV at 98% Specificity,1
/scratchc/nrlab/wang04/ulyses_results_iteration/iteration_3_merge_below_3/cnn_model/cnn14/plasma_tp1_0.1x_model_C3/roc_curve_resnet18_tf_0_0.03/nested_cv_random/resnet18/repeat_10_fold_5_metrics.csv,5,2,resnet18,"[0, 0.03]",C3,Accuracy at 98% Specificity,0.5825925925925926
/scratchc/nrlab/wang04/ulyses_results_iteration/iteration_3_merge_below_3/cnn_model/cnn14/plasma_tp1_0.1x_model_C3/roc_curve_resnet18_tf_0_0.03/nested_cv_random/resnet18/repeat_10_fold_5_metrics.csv,5,2,resnet18,"[0, 0.03]",C3,F1 at 98% Specificity,0.3125
/scratchc/nrlab/wang04/ulyses_results_iteration/iteration_3_merge_below_3/cnn_model/cnn14/plasma_tp1_0.1x_model_C3/roc_curve_resnet18_tf_0_0.03/nested_cv_random/resnet18/repeat_10_fold_5_metrics.csv,5,2,resnet18,"[0, 0.03]",C3,Sensitivity at 95% Specificity,0.5
/scratchc/nrlab/wang04/ulyses_results_iteration/iteration_3_merge_below_3/cnn_model/cnn14/plasma_tp1_0.1x_model_C3/roc_curve_resnet18_tf_0_0.03/nested_cv_random/resnet18/repeat_10_fold_5_metrics.csv,5,2,resnet18,"[0, 0.03]",C3,PPV at 95% Specificity,0.9642857142857144
/scratchc/nrlab/wang04/ulyses_results_iteration/iteration_3_merge_below_3/cnn_model/cnn14/plasma_tp1_0.1x_model_C3/roc_curve_resnet18_tf_0_0.03/nested_cv_random/resnet18/repeat_10_fold_5_metrics.csv,5,2,resnet18,"[0, 0.03]",C3,Accuracy at 95% Specificity,0.71015625
/scratchc/nrlab/wang04/ulyses_results_iteration/iteration_3_merge_below_3/cnn_model/cnn14/plasma_tp1_0.1x_model_C3/roc_curve_resnet18_tf_0_0.03/nested_cv_random/resnet18/repeat_10_fold_5_metrics.csv,5,2,resnet18,"[0, 0.03]",C3,F1 at 95% Specificity,0.6585365853658537
/scratchc/nrlab/wang04/ulyses_results_iteration/iteration_3_merge_below_3/cnn_model/cnn14/plasma_tp1_0.1x_model_C3/roc_curve_resnet18_tf_0_0.03/nested_cv_random/resnet18/repeat_10_fold_5_metrics.csv,5,3,resnet18,"[0, 0.03]",C3,AUROC,0.9225280326197758
/scratchc/nrlab/wang04/ulyses_results_iteration/iteration_3_merge_below_3/cnn_model/cnn14/plasma_tp1_0.1x_model_C3/roc_curve_resnet18_tf_0_0.03/nested_cv_random/resnet18/repeat_10_fold_5_metrics.csv,5,3,resnet18,"[0, 0.03]",C3,AUPRC,0.9562198733497084
/scratchc/nrlab/wang04/ulyses_results_iteration/iteration_3_merge_below_3/cnn_model/cnn14/plasma_tp1_0.1x_model_C3/roc_curve_resnet18_tf_0_0.03/nested_cv_random/resnet18/repeat_10_fold_5_metrics.csv,5,3,resnet18,"[0, 0.03]",C3,Sensitivity at 99% Specificity,0.5321100917431193
/scratchc/nrlab/wang04/ulyses_results_iteration/iteration_3_merge_below_3/cnn_model/cnn14/plasma_tp1_0.1x_model_C3/roc_curve_resnet18_tf_0_0.03/nested_cv_random/resnet18/repeat_10_fold_5_metrics.csv,5,3,resnet18,"[0, 0.03]",C3,PPV at 99% Specificity,1
/scratchc/nrlab/wang04/ulyses_results_iteration/iteration_3_merge_below_3/cnn_model/cnn14/plasma_tp1_0.1x_model_C3/roc_curve_resnet18_tf_0_0.03/nested_cv_random/resnet18/repeat_10_fold_5_metrics.csv,5,3,resnet18,"[0, 0.03]",C3,Accuracy at 99% Specificity,0.7610550458715597
/scratchc/nrlab/wang04/ulyses_results_iteration/iteration_3_merge_below_3/cnn_model/cnn14/plasma_tp1_0.1x_model_C3/roc_curve_resnet18_tf_0_0.03/nested_cv_random/resnet18/repeat_10_fold_5_metrics.csv,5,3,resnet18,"[0, 0.03]",C3,F1 at 99% Specificity,0.6946107784431138
/scratchc/nrlab/wang04/ulyses_results_iteration/iteration_3_merge_below_3/cnn_model/cnn14/plasma_tp1_0.1x_model_C3/roc_curve_resnet18_tf_0_0.03/nested_cv_random/resnet18/repeat_10_fold_5_metrics.csv,5,3,resnet18,"[0, 0.03]",C3,Sensitivity at 98% Specificity,0.5321100917431193
/scratchc/nrlab/wang04/ulyses_results_iteration/iteration_3_merge_below_3/cnn_model/cnn14/plasma_tp1_0.1x_model_C3/roc_curve_resnet18_tf_0_0.03/nested_cv_random/resnet18/repeat_10_fold_5_metrics.csv,5,3,resnet18,"[0, 0.03]",C3,PPV at 98% Specificity,1
/scratchc/nrlab/wang04/ulyses_results_iteration/iteration_3_merge_below_3/cnn_model/cnn14/plasma_tp1_0.1x_model_C3/roc_curve_resnet18_tf_0_0.03/nested_cv_random/resnet18/repeat_10_fold_5_metrics.csv,5,3,resnet18,"[0, 0.03]",C3,Accuracy at 98% Specificity,0.7560550458715596
/scratchc/nrlab/wang04/ulyses_results_iteration/iteration_3_merge_below_3/cnn_model/cnn14/plasma_tp1_0.1x_model_C3/roc_curve_resnet18_tf_0_0.03/nested_cv_random/resnet18/repeat_10_fold_5_metrics.csv,5,3,resnet18,"[0, 0.03]",C3,F1 at 98% Specificity,0.6946107784431138
/scratchc/nrlab/wang04/ulyses_results_iteration/iteration_3_merge_below_3/cnn_model/cnn14/plasma_tp1_0.1x_model_C3/roc_curve_resnet18_tf_0_0.03/nested_cv_random/resnet18/repeat_10_fold_5_metrics.csv,5,3,resnet18,"[0, 0.03]",C3,Sensitivity at 95% Specificity,0.6422018348623854
/scratchc/nrlab/wang04/ulyses_results_iteration/iteration_3_merge_below_3/cnn_model/cnn14/plasma_tp1_0.1x_model_C3/roc_curve_resnet18_tf_0_0.03/nested_cv_random/resnet18/repeat_10_fold_5_metrics.csv,5,3,resnet18,"[0, 0.03]",C3,PPV at 95% Specificity,0.9722222222222222
/scratchc/nrlab/wang04/ulyses_results_iteration/iteration_3_merge_below_3/cnn_model/cnn14/plasma_tp1_0.1x_model_C3/roc_curve_resnet18_tf_0_0.03/nested_cv_random/resnet18/repeat_10_fold_5_metrics.csv,5,3,resnet18,"[0, 0.03]",C3,Accuracy at 95% Specificity,0.7810215523518276
/scratchc/nrlab/wang04/ulyses_results_iteration/iteration_3_merge_below_3/cnn_model/cnn14/plasma_tp1_0.1x_model_C3/roc_curve_resnet18_tf_0_0.03/nested_cv_random/resnet18/repeat_10_fold_5_metrics.csv,5,3,resnet18,"[0, 0.03]",C3,F1 at 95% Specificity,0.7734806629834254
/scratchc/nrlab/wang04/ulyses_results_iteration/iteration_3_merge_below_3/cnn_model/cnn14/plasma_tp1_0.1x_model_C3/roc_curve_resnet18_tf_0_0.03/nested_cv_random/resnet18/repeat_10_fold_5_metrics.csv,5,4,resnet18,"[0, 0.03]",C3,AUROC,0.8949254587155964
/scratchc/nrlab/wang04/ulyses_results_iteration/iteration_3_merge_below_3/cnn_model/cnn14/plasma_tp1_0.1x_model_C3/roc_curve_resnet18_tf_0_0.03/nested_cv_random/resnet18/repeat_10_fold_5_metrics.csv,5,4,resnet18,"[0, 0.03]",C3,AUPRC,0.9354312933301464
/scratchc/nrlab/wang04/ulyses_results_iteration/iteration_3_merge_below_3/cnn_model/cnn14/plasma_tp1_0.1x_model_C3/roc_curve_resnet18_tf_0_0.03/nested_cv_random/resnet18/repeat_10_fold_5_metrics.csv,5,4,resnet18,"[0, 0.03]",C3,Sensitivity at 99% Specificity,0.28440366972477066
/scratchc/nrlab/wang04/ulyses_results_iteration/iteration_3_merge_below_3/cnn_model/cnn14/plasma_tp1_0.1x_model_C3/roc_curve_resnet18_tf_0_0.03/nested_cv_random/resnet18/repeat_10_fold_5_metrics.csv,5,4,resnet18,"[0, 0.03]",C3,PPV at 99% Specificity,1
/scratchc/nrlab/wang04/ulyses_results_iteration/iteration_3_merge_below_3/cnn_model/cnn14/plasma_tp1_0.1x_model_C3/roc_curve_resnet18_tf_0_0.03/nested_cv_random/resnet18/repeat_10_fold_5_metrics.csv,5,4,resnet18,"[0, 0.03]",C3,Accuracy at 99% Specificity,0.6372018348623854
/scratchc/nrlab/wang04/ulyses_results_iteration/iteration_3_merge_below_3/cnn_model/cnn14/plasma_tp1_0.1x_model_C3/roc_curve_resnet18_tf_0_0.03/nested_cv_random/resnet18/repeat_10_fold_5_metrics.csv,5,4,resnet18,"[0, 0.03]",C3,F1 at 99% Specificity,0.4428571428571429
/scratchc/nrlab/wang04/ulyses_results_iteration/iteration_3_merge_below_3/cnn_model/cnn14/plasma_tp1_0.1x_model_C3/roc_curve_resnet18_tf_0_0.03/nested_cv_random/resnet18/repeat_10_fold_5_metrics.csv,5,4,resnet18,"[0, 0.03]",C3,Sensitivity at 98% Specificity,0.28440366972477066
/scratchc/nrlab/wang04/ulyses_results_iteration/iteration_3_merge_below_3/cnn_model/cnn14/plasma_tp1_0.1x_model_C3/roc_curve_resnet18_tf_0_0.03/nested_cv_random/resnet18/repeat_10_fold_5_metrics.csv,5,4,resnet18,"[0, 0.03]",C3,PPV at 98% Specificity,1
/scratchc/nrlab/wang04/ulyses_results_iteration/iteration_3_merge_below_3/cnn_model/cnn14/plasma_tp1_0.1x_model_C3/roc_curve_resnet18_tf_0_0.03/nested_cv_random/resnet18/repeat_10_fold_5_metrics.csv,5,4,resnet18,"[0, 0.03]",C3,Accuracy at 98% Specificity,0.6322018348623853
/scratchc/nrlab/wang04/ulyses_results_iteration/iteration_3_merge_below_3/cnn_model/cnn14/plasma_tp1_0.1x_model_C3/roc_curve_resnet18_tf_0_0.03/nested_cv_random/resnet18/repeat_10_fold_5_metrics.csv,5,4,resnet18,"[0, 0.03]",C3,F1 at 98% Specificity,0.4428571428571429
/scratchc/nrlab/wang04/ulyses_results_iteration/iteration_3_merge_below_3/cnn_model/cnn14/plasma_tp1_0.1x_model_C3/roc_curve_resnet18_tf_0_0.03/nested_cv_random/resnet18/repeat_10_fold_5_metrics.csv,5,4,resnet18,"[0, 0.03]",C3,Sensitivity at 95% Specificity,0.5229357798165137
/scratchc/nrlab/wang04/ulyses_results_iteration/iteration_3_merge_below_3/cnn_model/cnn14/plasma_tp1_0.1x_model_C3/roc_curve_resnet18_tf_0_0.03/nested_cv_random/resnet18/repeat_10_fold_5_metrics.csv,5,4,resnet18,"[0, 0.03]",C3,PPV at 95% Specificity,0.9661016949152542
/scratchc/nrlab/wang04/ulyses_results_iteration/iteration_3_merge_below_3/cnn_model/cnn14/plasma_tp1_0.1x_model_C3/roc_curve_resnet18_tf_0_0.03/nested_cv_random/resnet18/repeat_10_fold_5_metrics.csv,5,4,resnet18,"[0, 0.03]",C3,Accuracy at 95% Specificity,0.7216241399082568
/scratchc/nrlab/wang04/ulyses_results_iteration/iteration_3_merge_below_3/cnn_model/cnn14/plasma_tp1_0.1x_model_C3/roc_curve_resnet18_tf_0_0.03/nested_cv_random/resnet18/repeat_10_fold_5_metrics.csv,5,4,resnet18,"[0, 0.03]",C3,F1 at 95% Specificity,0.6785714285714286
/scratchc/nrlab/wang04/ulyses_results_iteration/iteration_3_merge_below_3/cnn_model/cnn14/plasma_tp1_0.1x_model_C3/roc_curve_resnet18_tf_0_0.03/nested_cv_random/resnet18/repeat_10_fold_5_metrics.csv,5,5,resnet18,"[0, 0.03]",C3,AUROC,0.946410803127221
/scratchc/nrlab/wang04/ulyses_results_iteration/iteration_3_merge_below_3/cnn_model/cnn14/plasma_tp1_0.1x_model_C3/roc_curve_resnet18_tf_0_0.03/nested_cv_random/resnet18/repeat_10_fold_5_metrics.csv,5,5,resnet18,"[0, 0.03]",C3,AUPRC,0.9647389599500906
/scratchc/nrlab/wang04/ulyses_results_iteration/iteration_3_merge_below_3/cnn_model/cnn14/plasma_tp1_0.1x_model_C3/roc_curve_resnet18_tf_0_0.03/nested_cv_random/resnet18/repeat_10_fold_5_metrics.csv,5,5,resnet18,"[0, 0.03]",C3,Sensitivity at 99% Specificity,0.45714285714285713
/scratchc/nrlab/wang04/ulyses_results_iteration/iteration_3_merge_below_3/cnn_model/cnn14/plasma_tp1_0.1x_model_C3/roc_curve_resnet18_tf_0_0.03/nested_cv_random/resnet18/repeat_10_fold_5_metrics.csv,5,5,resnet18,"[0, 0.03]",C3,PPV at 99% Specificity,1
/scratchc/nrlab/wang04/ulyses_results_iteration/iteration_3_merge_below_3/cnn_model/cnn14/plasma_tp1_0.1x_model_C3/roc_curve_resnet18_tf_0_0.03/nested_cv_random/resnet18/repeat_10_fold_5_metrics.csv,5,5,resnet18,"[0, 0.03]",C3,Accuracy at 99% Specificity,0.7235714285714285
/scratchc/nrlab/wang04/ulyses_results_iteration/iteration_3_merge_below_3/cnn_model/cnn14/plasma_tp1_0.1x_model_C3/roc_curve_resnet18_tf_0_0.03/nested_cv_random/resnet18/repeat_10_fold_5_metrics.csv,5,5,resnet18,"[0, 0.03]",C3,F1 at 99% Specificity,0.6274509803921569
/scratchc/nrlab/wang04/ulyses_results_iteration/iteration_3_merge_below_3/cnn_model/cnn14/plasma_tp1_0.1x_model_C3/roc_curve_resnet18_tf_0_0.03/nested_cv_random/resnet18/repeat_10_fold_5_metrics.csv,5,5,resnet18,"[0, 0.03]",C3,Sensitivity at 98% Specificity,0.45714285714285713
/scratchc/nrlab/wang04/ulyses_results_iteration/iteration_3_merge_below_3/cnn_model/cnn14/plasma_tp1_0.1x_model_C3/roc_curve_resnet18_tf_0_0.03/nested_cv_random/resnet18/repeat_10_fold_5_metrics.csv,5,5,resnet18,"[0, 0.03]",C3,PPV at 98% Specificity,1
/scratchc/nrlab/wang04/ulyses_results_iteration/iteration_3_merge_below_3/cnn_model/cnn14/plasma_tp1_0.1x_model_C3/roc_curve_resnet18_tf_0_0.03/nested_cv_random/resnet18/repeat_10_fold_5_metrics.csv,5,5,resnet18,"[0, 0.03]",C3,Accuracy at 98% Specificity,0.7185714285714285
/scratchc/nrlab/wang04/ulyses_results_iteration/iteration_3_merge_below_3/cnn_model/cnn14/plasma_tp1_0.1x_model_C3/roc_curve_resnet18_tf_0_0.03/nested_cv_random/resnet18/repeat_10_fold_5_metrics.csv,5,5,resnet18,"[0, 0.03]",C3,F1 at 98% Specificity,0.6274509803921569
/scratchc/nrlab/wang04/ulyses_results_iteration/iteration_3_merge_below_3/cnn_model/cnn14/plasma_tp1_0.1x_model_C3/roc_curve_resnet18_tf_0_0.03/nested_cv_random/resnet18/repeat_10_fold_5_metrics.csv,5,5,resnet18,"[0, 0.03]",C3,Sensitivity at 95% Specificity,0.6666666666666666
/scratchc/nrlab/wang04/ulyses_results_iteration/iteration_3_merge_below_3/cnn_model/cnn14/plasma_tp1_0.1x_model_C3/roc_curve_resnet18_tf_0_0.03/nested_cv_random/resnet18/repeat_10_fold_5_metrics.csv,5,5,resnet18,"[0, 0.03]",C3,PPV at 95% Specificity,0.9722222222222222
/scratchc/nrlab/wang04/ulyses_results_iteration/iteration_3_merge_below_3/cnn_model/cnn14/plasma_tp1_0.1x_model_C3/roc_curve_resnet18_tf_0_0.03/nested_cv_random/resnet18/repeat_10_fold_5_metrics.csv,5,5,resnet18,"[0, 0.03]",C3,Accuracy at 95% Specificity,0.7941542288557213
/scratchc/nrlab/wang04/ulyses_results_iteration/iteration_3_merge_below_3/cnn_model/cnn14/plasma_tp1_0.1x_model_C3/roc_curve_resnet18_tf_0_0.03/nested_cv_random/resnet18/repeat_10_fold_5_metrics.csv,5,5,resnet18,"[0, 0.03]",C3,F1 at 95% Specificity,0.7909604519774012
/scratchc/nrlab/wang04/ulyses_results_iteration/iteration_3_merge_below_3/cnn_model/cnn14/plasma_tp1_0.1x_model_C3/roc_curve_resnet18_tf_0_0.03/nested_cv_random/resnet18/repeat_10_fold_5_metrics.csv,6,1,resnet18,"[0, 0.03]",C3,AUROC,0.9109162895927602
/scratchc/nrlab/wang04/ulyses_results_iteration/iteration_3_merge_below_3/cnn_model/cnn14/plasma_tp1_0.1x_model_C3/roc_curve_resnet18_tf_0_0.03/nested_cv_random/resnet18/repeat_10_fold_5_metrics.csv,6,1,resnet18,"[0, 0.03]",C3,AUPRC,0.9406169319416098
/scratchc/nrlab/wang04/ulyses_results_iteration/iteration_3_merge_below_3/cnn_model/cnn14/plasma_tp1_0.1x_model_C3/roc_curve_resnet18_tf_0_0.03/nested_cv_random/resnet18/repeat_10_fold_5_metrics.csv,6,1,resnet18,"[0, 0.03]",C3,Sensitivity at 99% Specificity,0.2307692307692308
/scratchc/nrlab/wang04/ulyses_results_iteration/iteration_3_merge_below_3/cnn_model/cnn14/plasma_tp1_0.1x_model_C3/roc_curve_resnet18_tf_0_0.03/nested_cv_random/resnet18/repeat_10_fold_5_metrics.csv,6,1,resnet18,"[0, 0.03]",C3,PPV at 99% Specificity,1
/scratchc/nrlab/wang04/ulyses_results_iteration/iteration_3_merge_below_3/cnn_model/cnn14/plasma_tp1_0.1x_model_C3/roc_curve_resnet18_tf_0_0.03/nested_cv_random/resnet18/repeat_10_fold_5_metrics.csv,6,1,resnet18,"[0, 0.03]",C3,Accuracy at 99% Specificity,0.6103846153846154
/scratchc/nrlab/wang04/ulyses_results_iteration/iteration_3_merge_below_3/cnn_model/cnn14/plasma_tp1_0.1x_model_C3/roc_curve_resnet18_tf_0_0.03/nested_cv_random/resnet18/repeat_10_fold_5_metrics.csv,6,1,resnet18,"[0, 0.03]",C3,F1 at 99% Specificity,0.375
/scratchc/nrlab/wang04/ulyses_results_iteration/iteration_3_merge_below_3/cnn_model/cnn14/plasma_tp1_0.1x_model_C3/roc_curve_resnet18_tf_0_0.03/nested_cv_random/resnet18/repeat_10_fold_5_metrics.csv,6,1,resnet18,"[0, 0.03]",C3,Sensitivity at 98% Specificity,0.2307692307692308
/scratchc/nrlab/wang04/ulyses_results_iteration/iteration_3_merge_below_3/cnn_model/cnn14/plasma_tp1_0.1x_model_C3/roc_curve_resnet18_tf_0_0.03/nested_cv_random/resnet18/repeat_10_fold_5_metrics.csv,6,1,resnet18,"[0, 0.03]",C3,PPV at 98% Specificity,1
/scratchc/nrlab/wang04/ulyses_results_iteration/iteration_3_merge_below_3/cnn_model/cnn14/plasma_tp1_0.1x_model_C3/roc_curve_resnet18_tf_0_0.03/nested_cv_random/resnet18/repeat_10_fold_5_metrics.csv,6,1,resnet18,"[0, 0.03]",C3,Accuracy at 98% Specificity,0.6053846153846154
/scratchc/nrlab/wang04/ulyses_results_iteration/iteration_3_merge_below_3/cnn_model/cnn14/plasma_tp1_0.1x_model_C3/roc_curve_resnet18_tf_0_0.03/nested_cv_random/resnet18/repeat_10_fold_5_metrics.csv,6,1,resnet18,"[0, 0.03]",C3,F1 at 98% Specificity,0.375
/scratchc/nrlab/wang04/ulyses_results_iteration/iteration_3_merge_below_3/cnn_model/cnn14/plasma_tp1_0.1x_model_C3/roc_curve_resnet18_tf_0_0.03/nested_cv_random/resnet18/repeat_10_fold_5_metrics.csv,6,1,resnet18,"[0, 0.03]",C3,Sensitivity at 95% Specificity,0.6826923076923077
/scratchc/nrlab/wang04/ulyses_results_iteration/iteration_3_merge_below_3/cnn_model/cnn14/plasma_tp1_0.1x_model_C3/roc_curve_resnet18_tf_0_0.03/nested_cv_random/resnet18/repeat_10_fold_5_metrics.csv,6,1,resnet18,"[0, 0.03]",C3,PPV at 95% Specificity,0.9726027397260274
/scratchc/nrlab/wang04/ulyses_results_iteration/iteration_3_merge_below_3/cnn_model/cnn14/plasma_tp1_0.1x_model_C3/roc_curve_resnet18_tf_0_0.03/nested_cv_random/resnet18/repeat_10_fold_5_metrics.csv,6,1,resnet18,"[0, 0.03]",C3,Accuracy at 95% Specificity,0.8023755656108598
/scratchc/nrlab/wang04/ulyses_results_iteration/iteration_3_merge_below_3/cnn_model/cnn14/plasma_tp1_0.1x_model_C3/roc_curve_resnet18_tf_0_0.03/nested_cv_random/resnet18/repeat_10_fold_5_metrics.csv,6,1,resnet18,"[0, 0.03]",C3,F1 at 95% Specificity,0.8022598870056498
/scratchc/nrlab/wang04/ulyses_results_iteration/iteration_3_merge_below_3/cnn_model/cnn14/plasma_tp1_0.1x_model_C3/roc_curve_resnet18_tf_0_0.03/nested_cv_random/resnet18/repeat_10_fold_5_metrics.csv,6,2,resnet18,"[0, 0.03]",C3,AUROC,0.9249266862170088
/scratchc/nrlab/wang04/ulyses_results_iteration/iteration_3_merge_below_3/cnn_model/cnn14/plasma_tp1_0.1x_model_C3/roc_curve_resnet18_tf_0_0.03/nested_cv_random/resnet18/repeat_10_fold_5_metrics.csv,6,2,resnet18,"[0, 0.03]",C3,AUPRC,0.9610254671851536
/scratchc/nrlab/wang04/ulyses_results_iteration/iteration_3_merge_below_3/cnn_model/cnn14/plasma_tp1_0.1x_model_C3/roc_curve_resnet18_tf_0_0.03/nested_cv_random/resnet18/repeat_10_fold_5_metrics.csv,6,2,resnet18,"[0, 0.03]",C3,Sensitivity at 99% Specificity,0.5636363636363636
/scratchc/nrlab/wang04/ulyses_results_iteration/iteration_3_merge_below_3/cnn_model/cnn14/plasma_tp1_0.1x_model_C3/roc_curve_resnet18_tf_0_0.03/nested_cv_random/resnet18/repeat_10_fold_5_metrics.csv,6,2,resnet18,"[0, 0.03]",C3,PPV at 99% Specificity,1
/scratchc/nrlab/wang04/ulyses_results_iteration/iteration_3_merge_below_3/cnn_model/cnn14/plasma_tp1_0.1x_model_C3/roc_curve_resnet18_tf_0_0.03/nested_cv_random/resnet18/repeat_10_fold_5_metrics.csv,6,2,resnet18,"[0, 0.03]",C3,Accuracy at 99% Specificity,0.7768181818181819
/scratchc/nrlab/wang04/ulyses_results_iteration/iteration_3_merge_below_3/cnn_model/cnn14/plasma_tp1_0.1x_model_C3/roc_curve_resnet18_tf_0_0.03/nested_cv_random/resnet18/repeat_10_fold_5_metrics.csv,6,2,resnet18,"[0, 0.03]",C3,F1 at 99% Specificity,0.7209302325581395
/scratchc/nrlab/wang04/ulyses_results_iteration/iteration_3_merge_below_3/cnn_model/cnn14/plasma_tp1_0.1x_model_C3/roc_curve_resnet18_tf_0_0.03/nested_cv_random/resnet18/repeat_10_fold_5_metrics.csv,6,2,resnet18,"[0, 0.03]",C3,Sensitivity at 98% Specificity,0.5636363636363636
/scratchc/nrlab/wang04/ulyses_results_iteration/iteration_3_merge_below_3/cnn_model/cnn14/plasma_tp1_0.1x_model_C3/roc_curve_resnet18_tf_0_0.03/nested_cv_random/resnet18/repeat_10_fold_5_metrics.csv,6,2,resnet18,"[0, 0.03]",C3,PPV at 98% Specificity,1
/scratchc/nrlab/wang04/ulyses_results_iteration/iteration_3_merge_below_3/cnn_model/cnn14/plasma_tp1_0.1x_model_C3/roc_curve_resnet18_tf_0_0.03/nested_cv_random/resnet18/repeat_10_fold_5_metrics.csv,6,2,resnet18,"[0, 0.03]",C3,Accuracy at 98% Specificity,0.7718181818181817
/scratchc/nrlab/wang04/ulyses_results_iteration/iteration_3_merge_below_3/cnn_model/cnn14/plasma_tp1_0.1x_model_C3/roc_curve_resnet18_tf_0_0.03/nested_cv_random/resnet18/repeat_10_fold_5_metrics.csv,6,2,resnet18,"[0, 0.03]",C3,F1 at 98% Specificity,0.7209302325581395
/scratchc/nrlab/wang04/ulyses_results_iteration/iteration_3_merge_below_3/cnn_model/cnn14/plasma_tp1_0.1x_model_C3/roc_curve_resnet18_tf_0_0.03/nested_cv_random/resnet18/repeat_10_fold_5_metrics.csv,6,2,resnet18,"[0, 0.03]",C3,Sensitivity at 95% Specificity,0.6636363636363637
/scratchc/nrlab/wang04/ulyses_results_iteration/iteration_3_merge_below_3/cnn_model/cnn14/plasma_tp1_0.1x_model_C3/roc_curve_resnet18_tf_0_0.03/nested_cv_random/resnet18/repeat_10_fold_5_metrics.csv,6,2,resnet18,"[0, 0.03]",C3,PPV at 95% Specificity,0.9733333333333334
/scratchc/nrlab/wang04/ulyses_results_iteration/iteration_3_merge_below_3/cnn_model/cnn14/plasma_tp1_0.1x_model_C3/roc_curve_resnet18_tf_0_0.03/nested_cv_random/resnet18/repeat_10_fold_5_metrics.csv,6,2,resnet18,"[0, 0.03]",C3,Accuracy at 95% Specificity,0.7914956011730205
/scratchc/nrlab/wang04/ulyses_results_iteration/iteration_3_merge_below_3/cnn_model/cnn14/plasma_tp1_0.1x_model_C3/roc_curve_resnet18_tf_0_0.03/nested_cv_random/resnet18/repeat_10_fold_5_metrics.csv,6,2,resnet18,"[0, 0.03]",C3,F1 at 95% Specificity,0.7891891891891892
/scratchc/nrlab/wang04/ulyses_results_iteration/iteration_3_merge_below_3/cnn_model/cnn14/plasma_tp1_0.1x_model_C3/roc_curve_resnet18_tf_0_0.03/nested_cv_random/resnet18/repeat_10_fold_5_metrics.csv,6,3,resnet18,"[0, 0.03]",C3,AUROC,0.8819554277498203
/scratchc/nrlab/wang04/ulyses_results_iteration/iteration_3_merge_below_3/cnn_model/cnn14/plasma_tp1_0.1x_model_C3/roc_curve_resnet18_tf_0_0.03/nested_cv_random/resnet18/repeat_10_fold_5_metrics.csv,6,3,resnet18,"[0, 0.03]",C3,AUPRC,0.9272467219975332
/scratchc/nrlab/wang04/ulyses_results_iteration/iteration_3_merge_below_3/cnn_model/cnn14/plasma_tp1_0.1x_model_C3/roc_curve_resnet18_tf_0_0.03/nested_cv_random/resnet18/repeat_10_fold_5_metrics.csv,6,3,resnet18,"[0, 0.03]",C3,Sensitivity at 99% Specificity,0.3644859813084112
/scratchc/nrlab/wang04/ulyses_results_iteration/iteration_3_merge_below_3/cnn_model/cnn14/plasma_tp1_0.1x_model_C3/roc_curve_resnet18_tf_0_0.03/nested_cv_random/resnet18/repeat_10_fold_5_metrics.csv,6,3,resnet18,"[0, 0.03]",C3,PPV at 99% Specificity,1
/scratchc/nrlab/wang04/ulyses_results_iteration/iteration_3_merge_below_3/cnn_model/cnn14/plasma_tp1_0.1x_model_C3/roc_curve_resnet18_tf_0_0.03/nested_cv_random/resnet18/repeat_10_fold_5_metrics.csv,6,3,resnet18,"[0, 0.03]",C3,Accuracy at 99% Specificity,0.6772429906542056
/scratchc/nrlab/wang04/ulyses_results_iteration/iteration_3_merge_below_3/cnn_model/cnn14/plasma_tp1_0.1x_model_C3/roc_curve_resnet18_tf_0_0.03/nested_cv_random/resnet18/repeat_10_fold_5_metrics.csv,6,3,resnet18,"[0, 0.03]",C3,F1 at 99% Specificity,0.5342465753424658
/scratchc/nrlab/wang04/ulyses_results_iteration/iteration_3_merge_below_3/cnn_model/cnn14/plasma_tp1_0.1x_model_C3/roc_curve_resnet18_tf_0_0.03/nested_cv_random/resnet18/repeat_10_fold_5_metrics.csv,6,3,resnet18,"[0, 0.03]",C3,Sensitivity at 98% Specificity,0.3644859813084112
/scratchc/nrlab/wang04/ulyses_results_iteration/iteration_3_merge_below_3/cnn_model/cnn14/plasma_tp1_0.1x_model_C3/roc_curve_resnet18_tf_0_0.03/nested_cv_random/resnet18/repeat_10_fold_5_metrics.csv,6,3,resnet18,"[0, 0.03]",C3,PPV at 98% Specificity,1
/scratchc/nrlab/wang04/ulyses_results_iteration/iteration_3_merge_below_3/cnn_model/cnn14/plasma_tp1_0.1x_model_C3/roc_curve_resnet18_tf_0_0.03/nested_cv_random/resnet18/repeat_10_fold_5_metrics.csv,6,3,resnet18,"[0, 0.03]",C3,Accuracy at 98% Specificity,0.6722429906542056
/scratchc/nrlab/wang04/ulyses_results_iteration/iteration_3_merge_below_3/cnn_model/cnn14/plasma_tp1_0.1x_model_C3/roc_curve_resnet18_tf_0_0.03/nested_cv_random/resnet18/repeat_10_fold_5_metrics.csv,6,3,resnet18,"[0, 0.03]",C3,F1 at 98% Specificity,0.5342465753424658
/scratchc/nrlab/wang04/ulyses_results_iteration/iteration_3_merge_below_3/cnn_model/cnn14/plasma_tp1_0.1x_model_C3/roc_curve_resnet18_tf_0_0.03/nested_cv_random/resnet18/repeat_10_fold_5_metrics.csv,6,3,resnet18,"[0, 0.03]",C3,Sensitivity at 95% Specificity,0.4205607476635514
/scratchc/nrlab/wang04/ulyses_results_iteration/iteration_3_merge_below_3/cnn_model/cnn14/plasma_tp1_0.1x_model_C3/roc_curve_resnet18_tf_0_0.03/nested_cv_random/resnet18/repeat_10_fold_5_metrics.csv,6,3,resnet18,"[0, 0.03]",C3,PPV at 95% Specificity,0.9574468085106383
/scratchc/nrlab/wang04/ulyses_results_iteration/iteration_3_merge_below_3/cnn_model/cnn14/plasma_tp1_0.1x_model_C3/roc_curve_resnet18_tf_0_0.03/nested_cv_random/resnet18/repeat_10_fold_5_metrics.csv,6,3,resnet18,"[0, 0.03]",C3,Accuracy at 95% Specificity,0.6706649892163911
/scratchc/nrlab/wang04/ulyses_results_iteration/iteration_3_merge_below_3/cnn_model/cnn14/plasma_tp1_0.1x_model_C3/roc_curve_resnet18_tf_0_0.03/nested_cv_random/resnet18/repeat_10_fold_5_metrics.csv,6,3,resnet18,"[0, 0.03]",C3,F1 at 95% Specificity,0.5844155844155844
/scratchc/nrlab/wang04/ulyses_results_iteration/iteration_3_merge_below_3/cnn_model/cnn14/plasma_tp1_0.1x_model_C3/roc_curve_resnet18_tf_0_0.03/nested_cv_random/resnet18/repeat_10_fold_5_metrics.csv,6,4,resnet18,"[0, 0.03]",C3,AUROC,0.857368119266055
/scratchc/nrlab/wang04/ulyses_results_iteration/iteration_3_merge_below_3/cnn_model/cnn14/plasma_tp1_0.1x_model_C3/roc_curve_resnet18_tf_0_0.03/nested_cv_random/resnet18/repeat_10_fold_5_metrics.csv,6,4,resnet18,"[0, 0.03]",C3,AUPRC,0.9050847463642648
/scratchc/nrlab/wang04/ulyses_results_iteration/iteration_3_merge_below_3/cnn_model/cnn14/plasma_tp1_0.1x_model_C3/roc_curve_resnet18_tf_0_0.03/nested_cv_random/resnet18/repeat_10_fold_5_metrics.csv,6,4,resnet18,"[0, 0.03]",C3,Sensitivity at 99% Specificity,0.1834862385321101
/scratchc/nrlab/wang04/ulyses_results_iteration/iteration_3_merge_below_3/cnn_model/cnn14/plasma_tp1_0.1x_model_C3/roc_curve_resnet18_tf_0_0.03/nested_cv_random/resnet18/repeat_10_fold_5_metrics.csv,6,4,resnet18,"[0, 0.03]",C3,PPV at 99% Specificity,1
/scratchc/nrlab/wang04/ulyses_results_iteration/iteration_3_merge_below_3/cnn_model/cnn14/plasma_tp1_0.1x_model_C3/roc_curve_resnet18_tf_0_0.03/nested_cv_random/resnet18/repeat_10_fold_5_metrics.csv,6,4,resnet18,"[0, 0.03]",C3,Accuracy at 99% Specificity,0.586743119266055
/scratchc/nrlab/wang04/ulyses_results_iteration/iteration_3_merge_below_3/cnn_model/cnn14/plasma_tp1_0.1x_model_C3/roc_curve_resnet18_tf_0_0.03/nested_cv_random/resnet18/repeat_10_fold_5_metrics.csv,6,4,resnet18,"[0, 0.03]",C3,F1 at 99% Specificity,0.31007751937984496
/scratchc/nrlab/wang04/ulyses_results_iteration/iteration_3_merge_below_3/cnn_model/cnn14/plasma_tp1_0.1x_model_C3/roc_curve_resnet18_tf_0_0.03/nested_cv_random/resnet18/repeat_10_fold_5_metrics.csv,6,4,resnet18,"[0, 0.03]",C3,Sensitivity at 98% Specificity,0.1834862385321101
/scratchc/nrlab/wang04/ulyses_results_iteration/iteration_3_merge_below_3/cnn_model/cnn14/plasma_tp1_0.1x_model_C3/roc_curve_resnet18_tf_0_0.03/nested_cv_random/resnet18/repeat_10_fold_5_metrics.csv,6,4,resnet18,"[0, 0.03]",C3,PPV at 98% Specificity,1
/scratchc/nrlab/wang04/ulyses_results_iteration/iteration_3_merge_below_3/cnn_model/cnn14/plasma_tp1_0.1x_model_C3/roc_curve_resnet18_tf_0_0.03/nested_cv_random/resnet18/repeat_10_fold_5_metrics.csv,6,4,resnet18,"[0, 0.03]",C3,Accuracy at 98% Specificity,0.581743119266055
/scratchc/nrlab/wang04/ulyses_results_iteration/iteration_3_merge_below_3/cnn_model/cnn14/plasma_tp1_0.1x_model_C3/roc_curve_resnet18_tf_0_0.03/nested_cv_random/resnet18/repeat_10_fold_5_metrics.csv,6,4,resnet18,"[0, 0.03]",C3,F1 at 98% Specificity,0.31007751937984496
/scratchc/nrlab/wang04/ulyses_results_iteration/iteration_3_merge_below_3/cnn_model/cnn14/plasma_tp1_0.1x_model_C3/roc_curve_resnet18_tf_0_0.03/nested_cv_random/resnet18/repeat_10_fold_5_metrics.csv,6,4,resnet18,"[0, 0.03]",C3,Sensitivity at 95% Specificity,0.4220183486238532
/scratchc/nrlab/wang04/ulyses_results_iteration/iteration_3_merge_below_3/cnn_model/cnn14/plasma_tp1_0.1x_model_C3/roc_curve_resnet18_tf_0_0.03/nested_cv_random/resnet18/repeat_10_fold_5_metrics.csv,6,4,resnet18,"[0, 0.03]",C3,PPV at 95% Specificity,0.9583333333333334
/scratchc/nrlab/wang04/ulyses_results_iteration/iteration_3_merge_below_3/cnn_model/cnn14/plasma_tp1_0.1x_model_C3/roc_curve_resnet18_tf_0_0.03/nested_cv_random/resnet18/repeat_10_fold_5_metrics.csv,6,4,resnet18,"[0, 0.03]",C3,Accuracy at 95% Specificity,0.6711654243119266
/scratchc/nrlab/wang04/ulyses_results_iteration/iteration_3_merge_below_3/cnn_model/cnn14/plasma_tp1_0.1x_model_C3/roc_curve_resnet18_tf_0_0.03/nested_cv_random/resnet18/repeat_10_fold_5_metrics.csv,6,4,resnet18,"[0, 0.03]",C3,F1 at 95% Specificity,0.5859872611464968
/scratchc/nrlab/wang04/ulyses_results_iteration/iteration_3_merge_below_3/cnn_model/cnn14/plasma_tp1_0.1x_model_C3/roc_curve_resnet18_tf_0_0.03/nested_cv_random/resnet18/repeat_10_fold_5_metrics.csv,6,5,resnet18,"[0, 0.03]",C3,AUROC,0.8910806174957118
/scratchc/nrlab/wang04/ulyses_results_iteration/iteration_3_merge_below_3/cnn_model/cnn14/plasma_tp1_0.1x_model_C3/roc_curve_resnet18_tf_0_0.03/nested_cv_random/resnet18/repeat_10_fold_5_metrics.csv,6,5,resnet18,"[0, 0.03]",C3,AUPRC,0.9332706029294072
/scratchc/nrlab/wang04/ulyses_results_iteration/iteration_3_merge_below_3/cnn_model/cnn14/plasma_tp1_0.1x_model_C3/roc_curve_resnet18_tf_0_0.03/nested_cv_random/resnet18/repeat_10_fold_5_metrics.csv,6,5,resnet18,"[0, 0.03]",C3,Sensitivity at 99% Specificity,0.3679245283018868
/scratchc/nrlab/wang04/ulyses_results_iteration/iteration_3_merge_below_3/cnn_model/cnn14/plasma_tp1_0.1x_model_C3/roc_curve_resnet18_tf_0_0.03/nested_cv_random/resnet18/repeat_10_fold_5_metrics.csv,6,5,resnet18,"[0, 0.03]",C3,PPV at 99% Specificity,1
/scratchc/nrlab/wang04/ulyses_results_iteration/iteration_3_merge_below_3/cnn_model/cnn14/plasma_tp1_0.1x_model_C3/roc_curve_resnet18_tf_0_0.03/nested_cv_random/resnet18/repeat_10_fold_5_metrics.csv,6,5,resnet18,"[0, 0.03]",C3,Accuracy at 99% Specificity,0.6789622641509434
/scratchc/nrlab/wang04/ulyses_results_iteration/iteration_3_merge_below_3/cnn_model/cnn14/plasma_tp1_0.1x_model_C3/roc_curve_resnet18_tf_0_0.03/nested_cv_random/resnet18/repeat_10_fold_5_metrics.csv,6,5,resnet18,"[0, 0.03]",C3,F1 at 99% Specificity,0.5379310344827586
/scratchc/nrlab/wang04/ulyses_results_iteration/iteration_3_merge_below_3/cnn_model/cnn14/plasma_tp1_0.1x_model_C3/roc_curve_resnet18_tf_0_0.03/nested_cv_random/resnet18/repeat_10_fold_5_metrics.csv,6,5,resnet18,"[0, 0.03]",C3,Sensitivity at 98% Specificity,0.3679245283018868
/scratchc/nrlab/wang04/ulyses_results_iteration/iteration_3_merge_below_3/cnn_model/cnn14/plasma_tp1_0.1x_model_C3/roc_curve_resnet18_tf_0_0.03/nested_cv_random/resnet18/repeat_10_fold_5_metrics.csv,6,5,resnet18,"[0, 0.03]",C3,PPV at 98% Specificity,1
/scratchc/nrlab/wang04/ulyses_results_iteration/iteration_3_merge_below_3/cnn_model/cnn14/plasma_tp1_0.1x_model_C3/roc_curve_resnet18_tf_0_0.03/nested_cv_random/resnet18/repeat_10_fold_5_metrics.csv,6,5,resnet18,"[0, 0.03]",C3,Accuracy at 98% Specificity,0.6739622641509434
/scratchc/nrlab/wang04/ulyses_results_iteration/iteration_3_merge_below_3/cnn_model/cnn14/plasma_tp1_0.1x_model_C3/roc_curve_resnet18_tf_0_0.03/nested_cv_random/resnet18/repeat_10_fold_5_metrics.csv,6,5,resnet18,"[0, 0.03]",C3,F1 at 98% Specificity,0.5379310344827586
/scratchc/nrlab/wang04/ulyses_results_iteration/iteration_3_merge_below_3/cnn_model/cnn14/plasma_tp1_0.1x_model_C3/roc_curve_resnet18_tf_0_0.03/nested_cv_random/resnet18/repeat_10_fold_5_metrics.csv,6,5,resnet18,"[0, 0.03]",C3,Sensitivity at 95% Specificity,0.5094339622641509
/scratchc/nrlab/wang04/ulyses_results_iteration/iteration_3_merge_below_3/cnn_model/cnn14/plasma_tp1_0.1x_model_C3/roc_curve_resnet18_tf_0_0.03/nested_cv_random/resnet18/repeat_10_fold_5_metrics.csv,6,5,resnet18,"[0, 0.03]",C3,PPV at 95% Specificity,0.9642857142857144
/scratchc/nrlab/wang04/ulyses_results_iteration/iteration_3_merge_below_3/cnn_model/cnn14/plasma_tp1_0.1x_model_C3/roc_curve_resnet18_tf_0_0.03/nested_cv_random/resnet18/repeat_10_fold_5_metrics.csv,6,5,resnet18,"[0, 0.03]",C3,Accuracy at 95% Specificity,0.715323041738136
/scratchc/nrlab/wang04/ulyses_results_iteration/iteration_3_merge_below_3/cnn_model/cnn14/plasma_tp1_0.1x_model_C3/roc_curve_resnet18_tf_0_0.03/nested_cv_random/resnet18/repeat_10_fold_5_metrics.csv,6,5,resnet18,"[0, 0.03]",C3,F1 at 95% Specificity,0.6666666666666666
/scratchc/nrlab/wang04/ulyses_results_iteration/iteration_3_merge_below_3/cnn_model/cnn14/plasma_tp1_0.1x_model_C3/roc_curve_resnet18_tf_0_0.03/nested_cv_random/resnet18/repeat_10_fold_5_metrics.csv,7,1,resnet18,"[0, 0.03]",C3,AUROC,0.9275341480948958
/scratchc/nrlab/wang04/ulyses_results_iteration/iteration_3_merge_below_3/cnn_model/cnn14/plasma_tp1_0.1x_model_C3/roc_curve_resnet18_tf_0_0.03/nested_cv_random/resnet18/repeat_10_fold_5_metrics.csv,7,1,resnet18,"[0, 0.03]",C3,AUPRC,0.9533875308056564
/scratchc/nrlab/wang04/ulyses_results_iteration/iteration_3_merge_below_3/cnn_model/cnn14/plasma_tp1_0.1x_model_C3/roc_curve_resnet18_tf_0_0.03/nested_cv_random/resnet18/repeat_10_fold_5_metrics.csv,7,1,resnet18,"[0, 0.03]",C3,Sensitivity at 99% Specificity,0.3644859813084112
/scratchc/nrlab/wang04/ulyses_results_iteration/iteration_3_merge_below_3/cnn_model/cnn14/plasma_tp1_0.1x_model_C3/roc_curve_resnet18_tf_0_0.03/nested_cv_random/resnet18/repeat_10_fold_5_metrics.csv,7,1,resnet18,"[0, 0.03]",C3,PPV at 99% Specificity,1
/scratchc/nrlab/wang04/ulyses_results_iteration/iteration_3_merge_below_3/cnn_model/cnn14/plasma_tp1_0.1x_model_C3/roc_curve_resnet18_tf_0_0.03/nested_cv_random/resnet18/repeat_10_fold_5_metrics.csv,7,1,resnet18,"[0, 0.03]",C3,Accuracy at 99% Specificity,0.6772429906542056
/scratchc/nrlab/wang04/ulyses_results_iteration/iteration_3_merge_below_3/cnn_model/cnn14/plasma_tp1_0.1x_model_C3/roc_curve_resnet18_tf_0_0.03/nested_cv_random/resnet18/repeat_10_fold_5_metrics.csv,7,1,resnet18,"[0, 0.03]",C3,F1 at 99% Specificity,0.5342465753424658
/scratchc/nrlab/wang04/ulyses_results_iteration/iteration_3_merge_below_3/cnn_model/cnn14/plasma_tp1_0.1x_model_C3/roc_curve_resnet18_tf_0_0.03/nested_cv_random/resnet18/repeat_10_fold_5_metrics.csv,7,1,resnet18,"[0, 0.03]",C3,Sensitivity at 98% Specificity,0.3644859813084112
/scratchc/nrlab/wang04/ulyses_results_iteration/iteration_3_merge_below_3/cnn_model/cnn14/plasma_tp1_0.1x_model_C3/roc_curve_resnet18_tf_0_0.03/nested_cv_random/resnet18/repeat_10_fold_5_metrics.csv,7,1,resnet18,"[0, 0.03]",C3,PPV at 98% Specificity,1
/scratchc/nrlab/wang04/ulyses_results_iteration/iteration_3_merge_below_3/cnn_model/cnn14/plasma_tp1_0.1x_model_C3/roc_curve_resnet18_tf_0_0.03/nested_cv_random/resnet18/repeat_10_fold_5_metrics.csv,7,1,resnet18,"[0, 0.03]",C3,Accuracy at 98% Specificity,0.6722429906542056
/scratchc/nrlab/wang04/ulyses_results_iteration/iteration_3_merge_below_3/cnn_model/cnn14/plasma_tp1_0.1x_model_C3/roc_curve_resnet18_tf_0_0.03/nested_cv_random/resnet18/repeat_10_fold_5_metrics.csv,7,1,resnet18,"[0, 0.03]",C3,F1 at 98% Specificity,0.5342465753424658
/scratchc/nrlab/wang04/ulyses_results_iteration/iteration_3_merge_below_3/cnn_model/cnn14/plasma_tp1_0.1x_model_C3/roc_curve_resnet18_tf_0_0.03/nested_cv_random/resnet18/repeat_10_fold_5_metrics.csv,7,1,resnet18,"[0, 0.03]",C3,Sensitivity at 95% Specificity,0.6074766355140186
/scratchc/nrlab/wang04/ulyses_results_iteration/iteration_3_merge_below_3/cnn_model/cnn14/plasma_tp1_0.1x_model_C3/roc_curve_resnet18_tf_0_0.03/nested_cv_random/resnet18/repeat_10_fold_5_metrics.csv,7,1,resnet18,"[0, 0.03]",C3,PPV at 95% Specificity,0.9701492537313432
/scratchc/nrlab/wang04/ulyses_results_iteration/iteration_3_merge_below_3/cnn_model/cnn14/plasma_tp1_0.1x_model_C3/roc_curve_resnet18_tf_0_0.03/nested_cv_random/resnet18/repeat_10_fold_5_metrics.csv,7,1,resnet18,"[0, 0.03]",C3,Accuracy at 95% Specificity,0.7641229331416246
/scratchc/nrlab/wang04/ulyses_results_iteration/iteration_3_merge_below_3/cnn_model/cnn14/plasma_tp1_0.1x_model_C3/roc_curve_resnet18_tf_0_0.03/nested_cv_random/resnet18/repeat_10_fold_5_metrics.csv,7,1,resnet18,"[0, 0.03]",C3,F1 at 95% Specificity,0.7471264367816092
/scratchc/nrlab/wang04/ulyses_results_iteration/iteration_3_merge_below_3/cnn_model/cnn14/plasma_tp1_0.1x_model_C3/roc_curve_resnet18_tf_0_0.03/nested_cv_random/resnet18/repeat_10_fold_5_metrics.csv,7,2,resnet18,"[0, 0.03]",C3,AUROC,0.93453401943968
/scratchc/nrlab/wang04/ulyses_results_iteration/iteration_3_merge_below_3/cnn_model/cnn14/plasma_tp1_0.1x_model_C3/roc_curve_resnet18_tf_0_0.03/nested_cv_random/resnet18/repeat_10_fold_5_metrics.csv,7,2,resnet18,"[0, 0.03]",C3,AUPRC,0.960354307541928
/scratchc/nrlab/wang04/ulyses_results_iteration/iteration_3_merge_below_3/cnn_model/cnn14/plasma_tp1_0.1x_model_C3/roc_curve_resnet18_tf_0_0.03/nested_cv_random/resnet18/repeat_10_fold_5_metrics.csv,7,2,resnet18,"[0, 0.03]",C3,Sensitivity at 99% Specificity,0.46226415094339623
/scratchc/nrlab/wang04/ulyses_results_iteration/iteration_3_merge_below_3/cnn_model/cnn14/plasma_tp1_0.1x_model_C3/roc_curve_resnet18_tf_0_0.03/nested_cv_random/resnet18/repeat_10_fold_5_metrics.csv,7,2,resnet18,"[0, 0.03]",C3,PPV at 99% Specificity,1
/scratchc/nrlab/wang04/ulyses_results_iteration/iteration_3_merge_below_3/cnn_model/cnn14/plasma_tp1_0.1x_model_C3/roc_curve_resnet18_tf_0_0.03/nested_cv_random/resnet18/repeat_10_fold_5_metrics.csv,7,2,resnet18,"[0, 0.03]",C3,Accuracy at 99% Specificity,0.7261320754716981
/scratchc/nrlab/wang04/ulyses_results_iteration/iteration_3_merge_below_3/cnn_model/cnn14/plasma_tp1_0.1x_model_C3/roc_curve_resnet18_tf_0_0.03/nested_cv_random/resnet18/repeat_10_fold_5_metrics.csv,7,2,resnet18,"[0, 0.03]",C3,F1 at 99% Specificity,0.632258064516129
/scratchc/nrlab/wang04/ulyses_results_iteration/iteration_3_merge_below_3/cnn_model/cnn14/plasma_tp1_0.1x_model_C3/roc_curve_resnet18_tf_0_0.03/nested_cv_random/resnet18/repeat_10_fold_5_metrics.csv,7,2,resnet18,"[0, 0.03]",C3,Sensitivity at 98% Specificity,0.46226415094339623
/scratchc/nrlab/wang04/ulyses_results_iteration/iteration_3_merge_below_3/cnn_model/cnn14/plasma_tp1_0.1x_model_C3/roc_curve_resnet18_tf_0_0.03/nested_cv_random/resnet18/repeat_10_fold_5_metrics.csv,7,2,resnet18,"[0, 0.03]",C3,PPV at 98% Specificity,1
/scratchc/nrlab/wang04/ulyses_results_iteration/iteration_3_merge_below_3/cnn_model/cnn14/plasma_tp1_0.1x_model_C3/roc_curve_resnet18_tf_0_0.03/nested_cv_random/resnet18/repeat_10_fold_5_metrics.csv,7,2,resnet18,"[0, 0.03]",C3,Accuracy at 98% Specificity,0.7211320754716981
/scratchc/nrlab/wang04/ulyses_results_iteration/iteration_3_merge_below_3/cnn_model/cnn14/plasma_tp1_0.1x_model_C3/roc_curve_resnet18_tf_0_0.03/nested_cv_random/resnet18/repeat_10_fold_5_metrics.csv,7,2,resnet18,"[0, 0.03]",C3,F1 at 98% Specificity,0.632258064516129
/scratchc/nrlab/wang04/ulyses_results_iteration/iteration_3_merge_below_3/cnn_model/cnn14/plasma_tp1_0.1x_model_C3/roc_curve_resnet18_tf_0_0.03/nested_cv_random/resnet18/repeat_10_fold_5_metrics.csv,7,2,resnet18,"[0, 0.03]",C3,Sensitivity at 95% Specificity,0.6886792452830188
/scratchc/nrlab/wang04/ulyses_results_iteration/iteration_3_merge_below_3/cnn_model/cnn14/plasma_tp1_0.1x_model_C3/roc_curve_resnet18_tf_0_0.03/nested_cv_random/resnet18/repeat_10_fold_5_metrics.csv,7,2,resnet18,"[0, 0.03]",C3,PPV at 95% Specificity,0.9733333333333334
/scratchc/nrlab/wang04/ulyses_results_iteration/iteration_3_merge_below_3/cnn_model/cnn14/plasma_tp1_0.1x_model_C3/roc_curve_resnet18_tf_0_0.03/nested_cv_random/resnet18/repeat_10_fold_5_metrics.csv,7,2,resnet18,"[0, 0.03]",C3,Accuracy at 95% Specificity,0.80494568324757
/scratchc/nrlab/wang04/ulyses_results_iteration/iteration_3_merge_below_3/cnn_model/cnn14/plasma_tp1_0.1x_model_C3/roc_curve_resnet18_tf_0_0.03/nested_cv_random/resnet18/repeat_10_fold_5_metrics.csv,7,2,resnet18,"[0, 0.03]",C3,F1 at 95% Specificity,0.8066298342541437
/scratchc/nrlab/wang04/ulyses_results_iteration/iteration_3_merge_below_3/cnn_model/cnn14/plasma_tp1_0.1x_model_C3/roc_curve_resnet18_tf_0_0.03/nested_cv_random/resnet18/repeat_10_fold_5_metrics.csv,7,3,resnet18,"[0, 0.03]",C3,AUROC,0.8982231698649609
/scratchc/nrlab/wang04/ulyses_results_iteration/iteration_3_merge_below_3/cnn_model/cnn14/plasma_tp1_0.1x_model_C3/roc_curve_resnet18_tf_0_0.03/nested_cv_random/resnet18/repeat_10_fold_5_metrics.csv,7,3,resnet18,"[0, 0.03]",C3,AUPRC,0.9321544841775636
/scratchc/nrlab/wang04/ulyses_results_iteration/iteration_3_merge_below_3/cnn_model/cnn14/plasma_tp1_0.1x_model_C3/roc_curve_resnet18_tf_0_0.03/nested_cv_random/resnet18/repeat_10_fold_5_metrics.csv,7,3,resnet18,"[0, 0.03]",C3,Sensitivity at 99% Specificity,0.3333333333333333
/scratchc/nrlab/wang04/ulyses_results_iteration/iteration_3_merge_below_3/cnn_model/cnn14/plasma_tp1_0.1x_model_C3/roc_curve_resnet18_tf_0_0.03/nested_cv_random/resnet18/repeat_10_fold_5_metrics.csv,7,3,resnet18,"[0, 0.03]",C3,PPV at 99% Specificity,1
/scratchc/nrlab/wang04/ulyses_results_iteration/iteration_3_merge_below_3/cnn_model/cnn14/plasma_tp1_0.1x_model_C3/roc_curve_resnet18_tf_0_0.03/nested_cv_random/resnet18/repeat_10_fold_5_metrics.csv,7,3,resnet18,"[0, 0.03]",C3,Accuracy at 99% Specificity,0.6616666666666666
/scratchc/nrlab/wang04/ulyses_results_iteration/iteration_3_merge_below_3/cnn_model/cnn14/plasma_tp1_0.1x_model_C3/roc_curve_resnet18_tf_0_0.03/nested_cv_random/resnet18/repeat_10_fold_5_metrics.csv,7,3,resnet18,"[0, 0.03]",C3,F1 at 99% Specificity,0.5
/scratchc/nrlab/wang04/ulyses_results_iteration/iteration_3_merge_below_3/cnn_model/cnn14/plasma_tp1_0.1x_model_C3/roc_curve_resnet18_tf_0_0.03/nested_cv_random/resnet18/repeat_10_fold_5_metrics.csv,7,3,resnet18,"[0, 0.03]",C3,Sensitivity at 98% Specificity,0.3333333333333333
/scratchc/nrlab/wang04/ulyses_results_iteration/iteration_3_merge_below_3/cnn_model/cnn14/plasma_tp1_0.1x_model_C3/roc_curve_resnet18_tf_0_0.03/nested_cv_random/resnet18/repeat_10_fold_5_metrics.csv,7,3,resnet18,"[0, 0.03]",C3,PPV at 98% Specificity,1
/scratchc/nrlab/wang04/ulyses_results_iteration/iteration_3_merge_below_3/cnn_model/cnn14/plasma_tp1_0.1x_model_C3/roc_curve_resnet18_tf_0_0.03/nested_cv_random/resnet18/repeat_10_fold_5_metrics.csv,7,3,resnet18,"[0, 0.03]",C3,Accuracy at 98% Specificity,0.6566666666666666
/scratchc/nrlab/wang04/ulyses_results_iteration/iteration_3_merge_below_3/cnn_model/cnn14/plasma_tp1_0.1x_model_C3/roc_curve_resnet18_tf_0_0.03/nested_cv_random/resnet18/repeat_10_fold_5_metrics.csv,7,3,resnet18,"[0, 0.03]",C3,F1 at 98% Specificity,0.5
/scratchc/nrlab/wang04/ulyses_results_iteration/iteration_3_merge_below_3/cnn_model/cnn14/plasma_tp1_0.1x_model_C3/roc_curve_resnet18_tf_0_0.03/nested_cv_random/resnet18/repeat_10_fold_5_metrics.csv,7,3,resnet18,"[0, 0.03]",C3,Sensitivity at 95% Specificity,0.5238095238095238
/scratchc/nrlab/wang04/ulyses_results_iteration/iteration_3_merge_below_3/cnn_model/cnn14/plasma_tp1_0.1x_model_C3/roc_curve_resnet18_tf_0_0.03/nested_cv_random/resnet18/repeat_10_fold_5_metrics.csv,7,3,resnet18,"[0, 0.03]",C3,PPV at 95% Specificity,0.9649122807017544
/scratchc/nrlab/wang04/ulyses_results_iteration/iteration_3_merge_below_3/cnn_model/cnn14/plasma_tp1_0.1x_model_C3/roc_curve_resnet18_tf_0_0.03/nested_cv_random/resnet18/repeat_10_fold_5_metrics.csv,7,3,resnet18,"[0, 0.03]",C3,Accuracy at 95% Specificity,0.7227256574271499
/scratchc/nrlab/wang04/ulyses_results_iteration/iteration_3_merge_below_3/cnn_model/cnn14/plasma_tp1_0.1x_model_C3/roc_curve_resnet18_tf_0_0.03/nested_cv_random/resnet18/repeat_10_fold_5_metrics.csv,7,3,resnet18,"[0, 0.03]",C3,F1 at 95% Specificity,0.6790123456790124
/scratchc/nrlab/wang04/ulyses_results_iteration/iteration_3_merge_below_3/cnn_model/cnn14/plasma_tp1_0.1x_model_C3/roc_curve_resnet18_tf_0_0.03/nested_cv_random/resnet18/repeat_10_fold_5_metrics.csv,7,4,resnet18,"[0, 0.03]",C3,AUROC,0.9135607798165138
/scratchc/nrlab/wang04/ulyses_results_iteration/iteration_3_merge_below_3/cnn_model/cnn14/plasma_tp1_0.1x_model_C3/roc_curve_resnet18_tf_0_0.03/nested_cv_random/resnet18/repeat_10_fold_5_metrics.csv,7,4,resnet18,"[0, 0.03]",C3,AUPRC,0.94636259063199
/scratchc/nrlab/wang04/ulyses_results_iteration/iteration_3_merge_below_3/cnn_model/cnn14/plasma_tp1_0.1x_model_C3/roc_curve_resnet18_tf_0_0.03/nested_cv_random/resnet18/repeat_10_fold_5_metrics.csv,7,4,resnet18,"[0, 0.03]",C3,Sensitivity at 99% Specificity,0.1834862385321101
/scratchc/nrlab/wang04/ulyses_results_iteration/iteration_3_merge_below_3/cnn_model/cnn14/plasma_tp1_0.1x_model_C3/roc_curve_resnet18_tf_0_0.03/nested_cv_random/resnet18/repeat_10_fold_5_metrics.csv,7,4,resnet18,"[0, 0.03]",C3,PPV at 99% Specificity,1
/scratchc/nrlab/wang04/ulyses_results_iteration/iteration_3_merge_below_3/cnn_model/cnn14/plasma_tp1_0.1x_model_C3/roc_curve_resnet18_tf_0_0.03/nested_cv_random/resnet18/repeat_10_fold_5_metrics.csv,7,4,resnet18,"[0, 0.03]",C3,Accuracy at 99% Specificity,0.586743119266055
/scratchc/nrlab/wang04/ulyses_results_iteration/iteration_3_merge_below_3/cnn_model/cnn14/plasma_tp1_0.1x_model_C3/roc_curve_resnet18_tf_0_0.03/nested_cv_random/resnet18/repeat_10_fold_5_metrics.csv,7,4,resnet18,"[0, 0.03]",C3,F1 at 99% Specificity,0.31007751937984496
/scratchc/nrlab/wang04/ulyses_results_iteration/iteration_3_merge_below_3/cnn_model/cnn14/plasma_tp1_0.1x_model_C3/roc_curve_resnet18_tf_0_0.03/nested_cv_random/resnet18/repeat_10_fold_5_metrics.csv,7,4,resnet18,"[0, 0.03]",C3,Sensitivity at 98% Specificity,0.1834862385321101
/scratchc/nrlab/wang04/ulyses_results_iteration/iteration_3_merge_below_3/cnn_model/cnn14/plasma_tp1_0.1x_model_C3/roc_curve_resnet18_tf_0_0.03/nested_cv_random/resnet18/repeat_10_fold_5_metrics.csv,7,4,resnet18,"[0, 0.03]",C3,PPV at 98% Specificity,1
/scratchc/nrlab/wang04/ulyses_results_iteration/iteration_3_merge_below_3/cnn_model/cnn14/plasma_tp1_0.1x_model_C3/roc_curve_resnet18_tf_0_0.03/nested_cv_random/resnet18/repeat_10_fold_5_metrics.csv,7,4,resnet18,"[0, 0.03]",C3,Accuracy at 98% Specificity,0.581743119266055
/scratchc/nrlab/wang04/ulyses_results_iteration/iteration_3_merge_below_3/cnn_model/cnn14/plasma_tp1_0.1x_model_C3/roc_curve_resnet18_tf_0_0.03/nested_cv_random/resnet18/repeat_10_fold_5_metrics.csv,7,4,resnet18,"[0, 0.03]",C3,F1 at 98% Specificity,0.31007751937984496
/scratchc/nrlab/wang04/ulyses_results_iteration/iteration_3_merge_below_3/cnn_model/cnn14/plasma_tp1_0.1x_model_C3/roc_curve_resnet18_tf_0_0.03/nested_cv_random/resnet18/repeat_10_fold_5_metrics.csv,7,4,resnet18,"[0, 0.03]",C3,Sensitivity at 95% Specificity,0.6330275229357798
/scratchc/nrlab/wang04/ulyses_results_iteration/iteration_3_merge_below_3/cnn_model/cnn14/plasma_tp1_0.1x_model_C3/roc_curve_resnet18_tf_0_0.03/nested_cv_random/resnet18/repeat_10_fold_5_metrics.csv,7,4,resnet18,"[0, 0.03]",C3,PPV at 95% Specificity,0.971830985915493
/scratchc/nrlab/wang04/ulyses_results_iteration/iteration_3_merge_below_3/cnn_model/cnn14/plasma_tp1_0.1x_model_C3/roc_curve_resnet18_tf_0_0.03/nested_cv_random/resnet18/repeat_10_fold_5_metrics.csv,7,4,resnet18,"[0, 0.03]",C3,Accuracy at 95% Specificity,0.7766700114678899
/scratchc/nrlab/wang04/ulyses_results_iteration/iteration_3_merge_below_3/cnn_model/cnn14/plasma_tp1_0.1x_model_C3/roc_curve_resnet18_tf_0_0.03/nested_cv_random/resnet18/repeat_10_fold_5_metrics.csv,7,4,resnet18,"[0, 0.03]",C3,F1 at 95% Specificity,0.7666666666666667
/scratchc/nrlab/wang04/ulyses_results_iteration/iteration_3_merge_below_3/cnn_model/cnn14/plasma_tp1_0.1x_model_C3/roc_curve_resnet18_tf_0_0.03/nested_cv_random/resnet18/repeat_10_fold_5_metrics.csv,7,5,resnet18,"[0, 0.03]",C3,AUROC,0.9314110965487112
/scratchc/nrlab/wang04/ulyses_results_iteration/iteration_3_merge_below_3/cnn_model/cnn14/plasma_tp1_0.1x_model_C3/roc_curve_resnet18_tf_0_0.03/nested_cv_random/resnet18/repeat_10_fold_5_metrics.csv,7,5,resnet18,"[0, 0.03]",C3,AUPRC,0.9629611711162732
/scratchc/nrlab/wang04/ulyses_results_iteration/iteration_3_merge_below_3/cnn_model/cnn14/plasma_tp1_0.1x_model_C3/roc_curve_resnet18_tf_0_0.03/nested_cv_random/resnet18/repeat_10_fold_5_metrics.csv,7,5,resnet18,"[0, 0.03]",C3,Sensitivity at 99% Specificity,0.48623853211009177
/scratchc/nrlab/wang04/ulyses_results_iteration/iteration_3_merge_below_3/cnn_model/cnn14/plasma_tp1_0.1x_model_C3/roc_curve_resnet18_tf_0_0.03/nested_cv_random/resnet18/repeat_10_fold_5_metrics.csv,7,5,resnet18,"[0, 0.03]",C3,PPV at 99% Specificity,1
/scratchc/nrlab/wang04/ulyses_results_iteration/iteration_3_merge_below_3/cnn_model/cnn14/plasma_tp1_0.1x_model_C3/roc_curve_resnet18_tf_0_0.03/nested_cv_random/resnet18/repeat_10_fold_5_metrics.csv,7,5,resnet18,"[0, 0.03]",C3,Accuracy at 99% Specificity,0.7381192660550459
/scratchc/nrlab/wang04/ulyses_results_iteration/iteration_3_merge_below_3/cnn_model/cnn14/plasma_tp1_0.1x_model_C3/roc_curve_resnet18_tf_0_0.03/nested_cv_random/resnet18/repeat_10_fold_5_metrics.csv,7,5,resnet18,"[0, 0.03]",C3,F1 at 99% Specificity,0.654320987654321
/scratchc/nrlab/wang04/ulyses_results_iteration/iteration_3_merge_below_3/cnn_model/cnn14/plasma_tp1_0.1x_model_C3/roc_curve_resnet18_tf_0_0.03/nested_cv_random/resnet18/repeat_10_fold_5_metrics.csv,7,5,resnet18,"[0, 0.03]",C3,Sensitivity at 98% Specificity,0.48623853211009177
/scratchc/nrlab/wang04/ulyses_results_iteration/iteration_3_merge_below_3/cnn_model/cnn14/plasma_tp1_0.1x_model_C3/roc_curve_resnet18_tf_0_0.03/nested_cv_random/resnet18/repeat_10_fold_5_metrics.csv,7,5,resnet18,"[0, 0.03]",C3,PPV at 98% Specificity,1
/scratchc/nrlab/wang04/ulyses_results_iteration/iteration_3_merge_below_3/cnn_model/cnn14/plasma_tp1_0.1x_model_C3/roc_curve_resnet18_tf_0_0.03/nested_cv_random/resnet18/repeat_10_fold_5_metrics.csv,7,5,resnet18,"[0, 0.03]",C3,Accuracy at 98% Specificity,0.7331192660550458
/scratchc/nrlab/wang04/ulyses_results_iteration/iteration_3_merge_below_3/cnn_model/cnn14/plasma_tp1_0.1x_model_C3/roc_curve_resnet18_tf_0_0.03/nested_cv_random/resnet18/repeat_10_fold_5_metrics.csv,7,5,resnet18,"[0, 0.03]",C3,F1 at 98% Specificity,0.654320987654321
/scratchc/nrlab/wang04/ulyses_results_iteration/iteration_3_merge_below_3/cnn_model/cnn14/plasma_tp1_0.1x_model_C3/roc_curve_resnet18_tf_0_0.03/nested_cv_random/resnet18/repeat_10_fold_5_metrics.csv,7,5,resnet18,"[0, 0.03]",C3,Sensitivity at 95% Specificity,0.7247706422018348
/scratchc/nrlab/wang04/ulyses_results_iteration/iteration_3_merge_below_3/cnn_model/cnn14/plasma_tp1_0.1x_model_C3/roc_curve_resnet18_tf_0_0.03/nested_cv_random/resnet18/repeat_10_fold_5_metrics.csv,7,5,resnet18,"[0, 0.03]",C3,PPV at 95% Specificity,0.9753086419753086
/scratchc/nrlab/wang04/ulyses_results_iteration/iteration_3_merge_below_3/cnn_model/cnn14/plasma_tp1_0.1x_model_C3/roc_curve_resnet18_tf_0_0.03/nested_cv_random/resnet18/repeat_10_fold_5_metrics.csv,7,5,resnet18,"[0, 0.03]",C3,Accuracy at 95% Specificity,0.8223059560215523
/scratchc/nrlab/wang04/ulyses_results_iteration/iteration_3_merge_below_3/cnn_model/cnn14/plasma_tp1_0.1x_model_C3/roc_curve_resnet18_tf_0_0.03/nested_cv_random/resnet18/repeat_10_fold_5_metrics.csv,7,5,resnet18,"[0, 0.03]",C3,F1 at 95% Specificity,0.8315789473684211
/scratchc/nrlab/wang04/ulyses_results_iteration/iteration_3_merge_below_3/cnn_model/cnn14/plasma_tp1_0.1x_model_C3/roc_curve_resnet18_tf_0_0.03/nested_cv_random/resnet18/repeat_10_fold_5_metrics.csv,8,1,resnet18,"[0, 0.03]",C3,AUROC,0.8826210826210825
/scratchc/nrlab/wang04/ulyses_results_iteration/iteration_3_merge_below_3/cnn_model/cnn14/plasma_tp1_0.1x_model_C3/roc_curve_resnet18_tf_0_0.03/nested_cv_random/resnet18/repeat_10_fold_5_metrics.csv,8,1,resnet18,"[0, 0.03]",C3,AUPRC,0.9217733302378228
/scratchc/nrlab/wang04/ulyses_results_iteration/iteration_3_merge_below_3/cnn_model/cnn14/plasma_tp1_0.1x_model_C3/roc_curve_resnet18_tf_0_0.03/nested_cv_random/resnet18/repeat_10_fold_5_metrics.csv,8,1,resnet18,"[0, 0.03]",C3,Sensitivity at 99% Specificity,0.17592592592592593
/scratchc/nrlab/wang04/ulyses_results_iteration/iteration_3_merge_below_3/cnn_model/cnn14/plasma_tp1_0.1x_model_C3/roc_curve_resnet18_tf_0_0.03/nested_cv_random/resnet18/repeat_10_fold_5_metrics.csv,8,1,resnet18,"[0, 0.03]",C3,PPV at 99% Specificity,1
/scratchc/nrlab/wang04/ulyses_results_iteration/iteration_3_merge_below_3/cnn_model/cnn14/plasma_tp1_0.1x_model_C3/roc_curve_resnet18_tf_0_0.03/nested_cv_random/resnet18/repeat_10_fold_5_metrics.csv,8,1,resnet18,"[0, 0.03]",C3,Accuracy at 99% Specificity,0.5829629629629629
/scratchc/nrlab/wang04/ulyses_results_iteration/iteration_3_merge_below_3/cnn_model/cnn14/plasma_tp1_0.1x_model_C3/roc_curve_resnet18_tf_0_0.03/nested_cv_random/resnet18/repeat_10_fold_5_metrics.csv,8,1,resnet18,"[0, 0.03]",C3,F1 at 99% Specificity,0.2992125984251969
/scratchc/nrlab/wang04/ulyses_results_iteration/iteration_3_merge_below_3/cnn_model/cnn14/plasma_tp1_0.1x_model_C3/roc_curve_resnet18_tf_0_0.03/nested_cv_random/resnet18/repeat_10_fold_5_metrics.csv,8,1,resnet18,"[0, 0.03]",C3,Sensitivity at 98% Specificity,0.17592592592592593
/scratchc/nrlab/wang04/ulyses_results_iteration/iteration_3_merge_below_3/cnn_model/cnn14/plasma_tp1_0.1x_model_C3/roc_curve_resnet18_tf_0_0.03/nested_cv_random/resnet18/repeat_10_fold_5_metrics.csv,8,1,resnet18,"[0, 0.03]",C3,PPV at 98% Specificity,1
/scratchc/nrlab/wang04/ulyses_results_iteration/iteration_3_merge_below_3/cnn_model/cnn14/plasma_tp1_0.1x_model_C3/roc_curve_resnet18_tf_0_0.03/nested_cv_random/resnet18/repeat_10_fold_5_metrics.csv,8,1,resnet18,"[0, 0.03]",C3,Accuracy at 98% Specificity,0.577962962962963
/scratchc/nrlab/wang04/ulyses_results_iteration/iteration_3_merge_below_3/cnn_model/cnn14/plasma_tp1_0.1x_model_C3/roc_curve_resnet18_tf_0_0.03/nested_cv_random/resnet18/repeat_10_fold_5_metrics.csv,8,1,resnet18,"[0, 0.03]",C3,F1 at 98% Specificity,0.2992125984251969
/scratchc/nrlab/wang04/ulyses_results_iteration/iteration_3_merge_below_3/cnn_model/cnn14/plasma_tp1_0.1x_model_C3/roc_curve_resnet18_tf_0_0.03/nested_cv_random/resnet18/repeat_10_fold_5_metrics.csv,8,1,resnet18,"[0, 0.03]",C3,Sensitivity at 95% Specificity,0.4351851851851852
/scratchc/nrlab/wang04/ulyses_results_iteration/iteration_3_merge_below_3/cnn_model/cnn14/plasma_tp1_0.1x_model_C3/roc_curve_resnet18_tf_0_0.03/nested_cv_random/resnet18/repeat_10_fold_5_metrics.csv,8,1,resnet18,"[0, 0.03]",C3,PPV at 95% Specificity,0.9591836734693876
/scratchc/nrlab/wang04/ulyses_results_iteration/iteration_3_merge_below_3/cnn_model/cnn14/plasma_tp1_0.1x_model_C3/roc_curve_resnet18_tf_0_0.03/nested_cv_random/resnet18/repeat_10_fold_5_metrics.csv,8,1,resnet18,"[0, 0.03]",C3,Accuracy at 95% Specificity,0.677977207977208
/scratchc/nrlab/wang04/ulyses_results_iteration/iteration_3_merge_below_3/cnn_model/cnn14/plasma_tp1_0.1x_model_C3/roc_curve_resnet18_tf_0_0.03/nested_cv_random/resnet18/repeat_10_fold_5_metrics.csv,8,1,resnet18,"[0, 0.03]",C3,F1 at 95% Specificity,0.5987261146496815
/scratchc/nrlab/wang04/ulyses_results_iteration/iteration_3_merge_below_3/cnn_model/cnn14/plasma_tp1_0.1x_model_C3/roc_curve_resnet18_tf_0_0.03/nested_cv_random/resnet18/repeat_10_fold_5_metrics.csv,8,2,resnet18,"[0, 0.03]",C3,AUROC,0.8447684391080618
/scratchc/nrlab/wang04/ulyses_results_iteration/iteration_3_merge_below_3/cnn_model/cnn14/plasma_tp1_0.1x_model_C3/roc_curve_resnet18_tf_0_0.03/nested_cv_random/resnet18/repeat_10_fold_5_metrics.csv,8,2,resnet18,"[0, 0.03]",C3,AUPRC,0.8693702264718594
/scratchc/nrlab/wang04/ulyses_results_iteration/iteration_3_merge_below_3/cnn_model/cnn14/plasma_tp1_0.1x_model_C3/roc_curve_resnet18_tf_0_0.03/nested_cv_random/resnet18/repeat_10_fold_5_metrics.csv,8,2,resnet18,"[0, 0.03]",C3,Sensitivity at 99% Specificity,0.00943396226415094
/scratchc/nrlab/wang04/ulyses_results_iteration/iteration_3_merge_below_3/cnn_model/cnn14/plasma_tp1_0.1x_model_C3/roc_curve_resnet18_tf_0_0.03/nested_cv_random/resnet18/repeat_10_fold_5_metrics.csv,8,2,resnet18,"[0, 0.03]",C3,PPV at 99% Specificity,1
/scratchc/nrlab/wang04/ulyses_results_iteration/iteration_3_merge_below_3/cnn_model/cnn14/plasma_tp1_0.1x_model_C3/roc_curve_resnet18_tf_0_0.03/nested_cv_random/resnet18/repeat_10_fold_5_metrics.csv,8,2,resnet18,"[0, 0.03]",C3,Accuracy at 99% Specificity,0.49971698113207547
/scratchc/nrlab/wang04/ulyses_results_iteration/iteration_3_merge_below_3/cnn_model/cnn14/plasma_tp1_0.1x_model_C3/roc_curve_resnet18_tf_0_0.03/nested_cv_random/resnet18/repeat_10_fold_5_metrics.csv,8,2,resnet18,"[0, 0.03]",C3,F1 at 99% Specificity,0.01869158878504672
/scratchc/nrlab/wang04/ulyses_results_iteration/iteration_3_merge_below_3/cnn_model/cnn14/plasma_tp1_0.1x_model_C3/roc_curve_resnet18_tf_0_0.03/nested_cv_random/resnet18/repeat_10_fold_5_metrics.csv,8,2,resnet18,"[0, 0.03]",C3,Sensitivity at 98% Specificity,0.00943396226415094
/scratchc/nrlab/wang04/ulyses_results_iteration/iteration_3_merge_below_3/cnn_model/cnn14/plasma_tp1_0.1x_model_C3/roc_curve_resnet18_tf_0_0.03/nested_cv_random/resnet18/repeat_10_fold_5_metrics.csv,8,2,resnet18,"[0, 0.03]",C3,PPV at 98% Specificity,1
/scratchc/nrlab/wang04/ulyses_results_iteration/iteration_3_merge_below_3/cnn_model/cnn14/plasma_tp1_0.1x_model_C3/roc_curve_resnet18_tf_0_0.03/nested_cv_random/resnet18/repeat_10_fold_5_metrics.csv,8,2,resnet18,"[0, 0.03]",C3,Accuracy at 98% Specificity,0.49471698113207546
/scratchc/nrlab/wang04/ulyses_results_iteration/iteration_3_merge_below_3/cnn_model/cnn14/plasma_tp1_0.1x_model_C3/roc_curve_resnet18_tf_0_0.03/nested_cv_random/resnet18/repeat_10_fold_5_metrics.csv,8,2,resnet18,"[0, 0.03]",C3,F1 at 98% Specificity,0.01869158878504672
/scratchc/nrlab/wang04/ulyses_results_iteration/iteration_3_merge_below_3/cnn_model/cnn14/plasma_tp1_0.1x_model_C3/roc_curve_resnet18_tf_0_0.03/nested_cv_random/resnet18/repeat_10_fold_5_metrics.csv,8,2,resnet18,"[0, 0.03]",C3,Sensitivity at 95% Specificity,0.3018867924528302
/scratchc/nrlab/wang04/ulyses_results_iteration/iteration_3_merge_below_3/cnn_model/cnn14/plasma_tp1_0.1x_model_C3/roc_curve_resnet18_tf_0_0.03/nested_cv_random/resnet18/repeat_10_fold_5_metrics.csv,8,2,resnet18,"[0, 0.03]",C3,PPV at 95% Specificity,0.9411764705882352
/scratchc/nrlab/wang04/ulyses_results_iteration/iteration_3_merge_below_3/cnn_model/cnn14/plasma_tp1_0.1x_model_C3/roc_curve_resnet18_tf_0_0.03/nested_cv_random/resnet18/repeat_10_fold_5_metrics.csv,8,2,resnet18,"[0, 0.03]",C3,Accuracy at 95% Specificity,0.6115494568324756
/scratchc/nrlab/wang04/ulyses_results_iteration/iteration_3_merge_below_3/cnn_model/cnn14/plasma_tp1_0.1x_model_C3/roc_curve_resnet18_tf_0_0.03/nested_cv_random/resnet18/repeat_10_fold_5_metrics.csv,8,2,resnet18,"[0, 0.03]",C3,F1 at 95% Specificity,0.45714285714285713
/scratchc/nrlab/wang04/ulyses_results_iteration/iteration_3_merge_below_3/cnn_model/cnn14/plasma_tp1_0.1x_model_C3/roc_curve_resnet18_tf_0_0.03/nested_cv_random/resnet18/repeat_10_fold_5_metrics.csv,8,3,resnet18,"[0, 0.03]",C3,AUROC,0.8941768511861969
/scratchc/nrlab/wang04/ulyses_results_iteration/iteration_3_merge_below_3/cnn_model/cnn14/plasma_tp1_0.1x_model_C3/roc_curve_resnet18_tf_0_0.03/nested_cv_random/resnet18/repeat_10_fold_5_metrics.csv,8,3,resnet18,"[0, 0.03]",C3,AUPRC,0.931879692066783
/scratchc/nrlab/wang04/ulyses_results_iteration/iteration_3_merge_below_3/cnn_model/cnn14/plasma_tp1_0.1x_model_C3/roc_curve_resnet18_tf_0_0.03/nested_cv_random/resnet18/repeat_10_fold_5_metrics.csv,8,3,resnet18,"[0, 0.03]",C3,Sensitivity at 99% Specificity,0.27102803738317754
/scratchc/nrlab/wang04/ulyses_results_iteration/iteration_3_merge_below_3/cnn_model/cnn14/plasma_tp1_0.1x_model_C3/roc_curve_resnet18_tf_0_0.03/nested_cv_random/resnet18/repeat_10_fold_5_metrics.csv,8,3,resnet18,"[0, 0.03]",C3,PPV at 99% Specificity,1
/scratchc/nrlab/wang04/ulyses_results_iteration/iteration_3_merge_below_3/cnn_model/cnn14/plasma_tp1_0.1x_model_C3/roc_curve_resnet18_tf_0_0.03/nested_cv_random/resnet18/repeat_10_fold_5_metrics.csv,8,3,resnet18,"[0, 0.03]",C3,Accuracy at 99% Specificity,0.6305140186915887
/scratchc/nrlab/wang04/ulyses_results_iteration/iteration_3_merge_below_3/cnn_model/cnn14/plasma_tp1_0.1x_model_C3/roc_curve_resnet18_tf_0_0.03/nested_cv_random/resnet18/repeat_10_fold_5_metrics.csv,8,3,resnet18,"[0, 0.03]",C3,F1 at 99% Specificity,0.4264705882352941
/scratchc/nrlab/wang04/ulyses_results_iteration/iteration_3_merge_below_3/cnn_model/cnn14/plasma_tp1_0.1x_model_C3/roc_curve_resnet18_tf_0_0.03/nested_cv_random/resnet18/repeat_10_fold_5_metrics.csv,8,3,resnet18,"[0, 0.03]",C3,Sensitivity at 98% Specificity,0.27102803738317754
/scratchc/nrlab/wang04/ulyses_results_iteration/iteration_3_merge_below_3/cnn_model/cnn14/plasma_tp1_0.1x_model_C3/roc_curve_resnet18_tf_0_0.03/nested_cv_random/resnet18/repeat_10_fold_5_metrics.csv,8,3,resnet18,"[0, 0.03]",C3,PPV at 98% Specificity,1
/scratchc/nrlab/wang04/ulyses_results_iteration/iteration_3_merge_below_3/cnn_model/cnn14/plasma_tp1_0.1x_model_C3/roc_curve_resnet18_tf_0_0.03/nested_cv_random/resnet18/repeat_10_fold_5_metrics.csv,8,3,resnet18,"[0, 0.03]",C3,Accuracy at 98% Specificity,0.6255140186915887
/scratchc/nrlab/wang04/ulyses_results_iteration/iteration_3_merge_below_3/cnn_model/cnn14/plasma_tp1_0.1x_model_C3/roc_curve_resnet18_tf_0_0.03/nested_cv_random/resnet18/repeat_10_fold_5_metrics.csv,8,3,resnet18,"[0, 0.03]",C3,F1 at 98% Specificity,0.4264705882352941
/scratchc/nrlab/wang04/ulyses_results_iteration/iteration_3_merge_below_3/cnn_model/cnn14/plasma_tp1_0.1x_model_C3/roc_curve_resnet18_tf_0_0.03/nested_cv_random/resnet18/repeat_10_fold_5_metrics.csv,8,3,resnet18,"[0, 0.03]",C3,Sensitivity at 95% Specificity,0.5046728971962616
/scratchc/nrlab/wang04/ulyses_results_iteration/iteration_3_merge_below_3/cnn_model/cnn14/plasma_tp1_0.1x_model_C3/roc_curve_resnet18_tf_0_0.03/nested_cv_random/resnet18/repeat_10_fold_5_metrics.csv,8,3,resnet18,"[0, 0.03]",C3,PPV at 95% Specificity,0.9642857142857144
/scratchc/nrlab/wang04/ulyses_results_iteration/iteration_3_merge_below_3/cnn_model/cnn14/plasma_tp1_0.1x_model_C3/roc_curve_resnet18_tf_0_0.03/nested_cv_random/resnet18/repeat_10_fold_5_metrics.csv,8,3,resnet18,"[0, 0.03]",C3,Accuracy at 95% Specificity,0.7127210639827462
/scratchc/nrlab/wang04/ulyses_results_iteration/iteration_3_merge_below_3/cnn_model/cnn14/plasma_tp1_0.1x_model_C3/roc_curve_resnet18_tf_0_0.03/nested_cv_random/resnet18/repeat_10_fold_5_metrics.csv,8,3,resnet18,"[0, 0.03]",C3,F1 at 95% Specificity,0.6625766871165644
/scratchc/nrlab/wang04/ulyses_results_iteration/iteration_3_merge_below_3/cnn_model/cnn14/plasma_tp1_0.1x_model_C3/roc_curve_resnet18_tf_0_0.03/nested_cv_random/resnet18/repeat_10_fold_5_metrics.csv,8,4,resnet18,"[0, 0.03]",C3,AUROC,0.8760127314814814
/scratchc/nrlab/wang04/ulyses_results_iteration/iteration_3_merge_below_3/cnn_model/cnn14/plasma_tp1_0.1x_model_C3/roc_curve_resnet18_tf_0_0.03/nested_cv_random/resnet18/repeat_10_fold_5_metrics.csv,8,4,resnet18,"[0, 0.03]",C3,AUPRC,0.9222282337034258
/scratchc/nrlab/wang04/ulyses_results_iteration/iteration_3_merge_below_3/cnn_model/cnn14/plasma_tp1_0.1x_model_C3/roc_curve_resnet18_tf_0_0.03/nested_cv_random/resnet18/repeat_10_fold_5_metrics.csv,8,4,resnet18,"[0, 0.03]",C3,Sensitivity at 99% Specificity,0.25
/scratchc/nrlab/wang04/ulyses_results_iteration/iteration_3_merge_below_3/cnn_model/cnn14/plasma_tp1_0.1x_model_C3/roc_curve_resnet18_tf_0_0.03/nested_cv_random/resnet18/repeat_10_fold_5_metrics.csv,8,4,resnet18,"[0, 0.03]",C3,PPV at 99% Specificity,1
/scratchc/nrlab/wang04/ulyses_results_iteration/iteration_3_merge_below_3/cnn_model/cnn14/plasma_tp1_0.1x_model_C3/roc_curve_resnet18_tf_0_0.03/nested_cv_random/resnet18/repeat_10_fold_5_metrics.csv,8,4,resnet18,"[0, 0.03]",C3,Accuracy at 99% Specificity,0.62
/scratchc/nrlab/wang04/ulyses_results_iteration/iteration_3_merge_below_3/cnn_model/cnn14/plasma_tp1_0.1x_model_C3/roc_curve_resnet18_tf_0_0.03/nested_cv_random/resnet18/repeat_10_fold_5_metrics.csv,8,4,resnet18,"[0, 0.03]",C3,F1 at 99% Specificity,0.4
/scratchc/nrlab/wang04/ulyses_results_iteration/iteration_3_merge_below_3/cnn_model/cnn14/plasma_tp1_0.1x_model_C3/roc_curve_resnet18_tf_0_0.03/nested_cv_random/resnet18/repeat_10_fold_5_metrics.csv,8,4,resnet18,"[0, 0.03]",C3,Sensitivity at 98% Specificity,0.25
/scratchc/nrlab/wang04/ulyses_results_iteration/iteration_3_merge_below_3/cnn_model/cnn14/plasma_tp1_0.1x_model_C3/roc_curve_resnet18_tf_0_0.03/nested_cv_random/resnet18/repeat_10_fold_5_metrics.csv,8,4,resnet18,"[0, 0.03]",C3,PPV at 98% Specificity,1
/scratchc/nrlab/wang04/ulyses_results_iteration/iteration_3_merge_below_3/cnn_model/cnn14/plasma_tp1_0.1x_model_C3/roc_curve_resnet18_tf_0_0.03/nested_cv_random/resnet18/repeat_10_fold_5_metrics.csv,8,4,resnet18,"[0, 0.03]",C3,Accuracy at 98% Specificity,0.615
/scratchc/nrlab/wang04/ulyses_results_iteration/iteration_3_merge_below_3/cnn_model/cnn14/plasma_tp1_0.1x_model_C3/roc_curve_resnet18_tf_0_0.03/nested_cv_random/resnet18/repeat_10_fold_5_metrics.csv,8,4,resnet18,"[0, 0.03]",C3,F1 at 98% Specificity,0.4
/scratchc/nrlab/wang04/ulyses_results_iteration/iteration_3_merge_below_3/cnn_model/cnn14/plasma_tp1_0.1x_model_C3/roc_curve_resnet18_tf_0_0.03/nested_cv_random/resnet18/repeat_10_fold_5_metrics.csv,8,4,resnet18,"[0, 0.03]",C3,Sensitivity at 95% Specificity,0.4907407407407408
/scratchc/nrlab/wang04/ulyses_results_iteration/iteration_3_merge_below_3/cnn_model/cnn14/plasma_tp1_0.1x_model_C3/roc_curve_resnet18_tf_0_0.03/nested_cv_random/resnet18/repeat_10_fold_5_metrics.csv,8,4,resnet18,"[0, 0.03]",C3,PPV at 95% Specificity,0.9636363636363636
/scratchc/nrlab/wang04/ulyses_results_iteration/iteration_3_merge_below_3/cnn_model/cnn14/plasma_tp1_0.1x_model_C3/roc_curve_resnet18_tf_0_0.03/nested_cv_random/resnet18/repeat_10_fold_5_metrics.csv,8,4,resnet18,"[0, 0.03]",C3,Accuracy at 95% Specificity,0.7055266203703704
/scratchc/nrlab/wang04/ulyses_results_iteration/iteration_3_merge_below_3/cnn_model/cnn14/plasma_tp1_0.1x_model_C3/roc_curve_resnet18_tf_0_0.03/nested_cv_random/resnet18/repeat_10_fold_5_metrics.csv,8,4,resnet18,"[0, 0.03]",C3,F1 at 95% Specificity,0.6503067484662577
/scratchc/nrlab/wang04/ulyses_results_iteration/iteration_3_merge_below_3/cnn_model/cnn14/plasma_tp1_0.1x_model_C3/roc_curve_resnet18_tf_0_0.03/nested_cv_random/resnet18/repeat_10_fold_5_metrics.csv,8,5,resnet18,"[0, 0.03]",C3,AUROC,0.8439971243709562
/scratchc/nrlab/wang04/ulyses_results_iteration/iteration_3_merge_below_3/cnn_model/cnn14/plasma_tp1_0.1x_model_C3/roc_curve_resnet18_tf_0_0.03/nested_cv_random/resnet18/repeat_10_fold_5_metrics.csv,8,5,resnet18,"[0, 0.03]",C3,AUPRC,0.9024669627036096
/scratchc/nrlab/wang04/ulyses_results_iteration/iteration_3_merge_below_3/cnn_model/cnn14/plasma_tp1_0.1x_model_C3/roc_curve_resnet18_tf_0_0.03/nested_cv_random/resnet18/repeat_10_fold_5_metrics.csv,8,5,resnet18,"[0, 0.03]",C3,Sensitivity at 99% Specificity,0.27102803738317754
/scratchc/nrlab/wang04/ulyses_results_iteration/iteration_3_merge_below_3/cnn_model/cnn14/plasma_tp1_0.1x_model_C3/roc_curve_resnet18_tf_0_0.03/nested_cv_random/resnet18/repeat_10_fold_5_metrics.csv,8,5,resnet18,"[0, 0.03]",C3,PPV at 99% Specificity,1
/scratchc/nrlab/wang04/ulyses_results_iteration/iteration_3_merge_below_3/cnn_model/cnn14/plasma_tp1_0.1x_model_C3/roc_curve_resnet18_tf_0_0.03/nested_cv_random/resnet18/repeat_10_fold_5_metrics.csv,8,5,resnet18,"[0, 0.03]",C3,Accuracy at 99% Specificity,0.6305140186915887
/scratchc/nrlab/wang04/ulyses_results_iteration/iteration_3_merge_below_3/cnn_model/cnn14/plasma_tp1_0.1x_model_C3/roc_curve_resnet18_tf_0_0.03/nested_cv_random/resnet18/repeat_10_fold_5_metrics.csv,8,5,resnet18,"[0, 0.03]",C3,F1 at 99% Specificity,0.4264705882352941
/scratchc/nrlab/wang04/ulyses_results_iteration/iteration_3_merge_below_3/cnn_model/cnn14/plasma_tp1_0.1x_model_C3/roc_curve_resnet18_tf_0_0.03/nested_cv_random/resnet18/repeat_10_fold_5_metrics.csv,8,5,resnet18,"[0, 0.03]",C3,Sensitivity at 98% Specificity,0.27102803738317754
/scratchc/nrlab/wang04/ulyses_results_iteration/iteration_3_merge_below_3/cnn_model/cnn14/plasma_tp1_0.1x_model_C3/roc_curve_resnet18_tf_0_0.03/nested_cv_random/resnet18/repeat_10_fold_5_metrics.csv,8,5,resnet18,"[0, 0.03]",C3,PPV at 98% Specificity,1
/scratchc/nrlab/wang04/ulyses_results_iteration/iteration_3_merge_below_3/cnn_model/cnn14/plasma_tp1_0.1x_model_C3/roc_curve_resnet18_tf_0_0.03/nested_cv_random/resnet18/repeat_10_fold_5_metrics.csv,8,5,resnet18,"[0, 0.03]",C3,Accuracy at 98% Specificity,0.6255140186915887
/scratchc/nrlab/wang04/ulyses_results_iteration/iteration_3_merge_below_3/cnn_model/cnn14/plasma_tp1_0.1x_model_C3/roc_curve_resnet18_tf_0_0.03/nested_cv_random/resnet18/repeat_10_fold_5_metrics.csv,8,5,resnet18,"[0, 0.03]",C3,F1 at 98% Specificity,0.4264705882352941
/scratchc/nrlab/wang04/ulyses_results_iteration/iteration_3_merge_below_3/cnn_model/cnn14/plasma_tp1_0.1x_model_C3/roc_curve_resnet18_tf_0_0.03/nested_cv_random/resnet18/repeat_10_fold_5_metrics.csv,8,5,resnet18,"[0, 0.03]",C3,Sensitivity at 95% Specificity,0.4205607476635514
/scratchc/nrlab/wang04/ulyses_results_iteration/iteration_3_merge_below_3/cnn_model/cnn14/plasma_tp1_0.1x_model_C3/roc_curve_resnet18_tf_0_0.03/nested_cv_random/resnet18/repeat_10_fold_5_metrics.csv,8,5,resnet18,"[0, 0.03]",C3,PPV at 95% Specificity,0.9574468085106383
/scratchc/nrlab/wang04/ulyses_results_iteration/iteration_3_merge_below_3/cnn_model/cnn14/plasma_tp1_0.1x_model_C3/roc_curve_resnet18_tf_0_0.03/nested_cv_random/resnet18/repeat_10_fold_5_metrics.csv,8,5,resnet18,"[0, 0.03]",C3,Accuracy at 95% Specificity,0.6706649892163911
/scratchc/nrlab/wang04/ulyses_results_iteration/iteration_3_merge_below_3/cnn_model/cnn14/plasma_tp1_0.1x_model_C3/roc_curve_resnet18_tf_0_0.03/nested_cv_random/resnet18/repeat_10_fold_5_metrics.csv,8,5,resnet18,"[0, 0.03]",C3,F1 at 95% Specificity,0.5844155844155844
/scratchc/nrlab/wang04/ulyses_results_iteration/iteration_3_merge_below_3/cnn_model/cnn14/plasma_tp1_0.1x_model_C3/roc_curve_resnet18_tf_0_0.03/nested_cv_random/resnet18/repeat_10_fold_5_metrics.csv,9,1,resnet18,"[0, 0.03]",C3,AUROC,0.8885995370370371
/scratchc/nrlab/wang04/ulyses_results_iteration/iteration_3_merge_below_3/cnn_model/cnn14/plasma_tp1_0.1x_model_C3/roc_curve_resnet18_tf_0_0.03/nested_cv_random/resnet18/repeat_10_fold_5_metrics.csv,9,1,resnet18,"[0, 0.03]",C3,AUPRC,0.9295554610326427
/scratchc/nrlab/wang04/ulyses_results_iteration/iteration_3_merge_below_3/cnn_model/cnn14/plasma_tp1_0.1x_model_C3/roc_curve_resnet18_tf_0_0.03/nested_cv_random/resnet18/repeat_10_fold_5_metrics.csv,9,1,resnet18,"[0, 0.03]",C3,Sensitivity at 99% Specificity,0.3055555555555556
/scratchc/nrlab/wang04/ulyses_results_iteration/iteration_3_merge_below_3/cnn_model/cnn14/plasma_tp1_0.1x_model_C3/roc_curve_resnet18_tf_0_0.03/nested_cv_random/resnet18/repeat_10_fold_5_metrics.csv,9,1,resnet18,"[0, 0.03]",C3,PPV at 99% Specificity,1
/scratchc/nrlab/wang04/ulyses_results_iteration/iteration_3_merge_below_3/cnn_model/cnn14/plasma_tp1_0.1x_model_C3/roc_curve_resnet18_tf_0_0.03/nested_cv_random/resnet18/repeat_10_fold_5_metrics.csv,9,1,resnet18,"[0, 0.03]",C3,Accuracy at 99% Specificity,0.6477777777777778
/scratchc/nrlab/wang04/ulyses_results_iteration/iteration_3_merge_below_3/cnn_model/cnn14/plasma_tp1_0.1x_model_C3/roc_curve_resnet18_tf_0_0.03/nested_cv_random/resnet18/repeat_10_fold_5_metrics.csv,9,1,resnet18,"[0, 0.03]",C3,F1 at 99% Specificity,0.46808510638297873
/scratchc/nrlab/wang04/ulyses_results_iteration/iteration_3_merge_below_3/cnn_model/cnn14/plasma_tp1_0.1x_model_C3/roc_curve_resnet18_tf_0_0.03/nested_cv_random/resnet18/repeat_10_fold_5_metrics.csv,9,1,resnet18,"[0, 0.03]",C3,Sensitivity at 98% Specificity,0.3055555555555556
/scratchc/nrlab/wang04/ulyses_results_iteration/iteration_3_merge_below_3/cnn_model/cnn14/plasma_tp1_0.1x_model_C3/roc_curve_resnet18_tf_0_0.03/nested_cv_random/resnet18/repeat_10_fold_5_metrics.csv,9,1,resnet18,"[0, 0.03]",C3,PPV at 98% Specificity,1
/scratchc/nrlab/wang04/ulyses_results_iteration/iteration_3_merge_below_3/cnn_model/cnn14/plasma_tp1_0.1x_model_C3/roc_curve_resnet18_tf_0_0.03/nested_cv_random/resnet18/repeat_10_fold_5_metrics.csv,9,1,resnet18,"[0, 0.03]",C3,Accuracy at 98% Specificity,0.6427777777777778
/scratchc/nrlab/wang04/ulyses_results_iteration/iteration_3_merge_below_3/cnn_model/cnn14/plasma_tp1_0.1x_model_C3/roc_curve_resnet18_tf_0_0.03/nested_cv_random/resnet18/repeat_10_fold_5_metrics.csv,9,1,resnet18,"[0, 0.03]",C3,F1 at 98% Specificity,0.46808510638297873
/scratchc/nrlab/wang04/ulyses_results_iteration/iteration_3_merge_below_3/cnn_model/cnn14/plasma_tp1_0.1x_model_C3/roc_curve_resnet18_tf_0_0.03/nested_cv_random/resnet18/repeat_10_fold_5_metrics.csv,9,1,resnet18,"[0, 0.03]",C3,Sensitivity at 95% Specificity,0.4444444444444444
/scratchc/nrlab/wang04/ulyses_results_iteration/iteration_3_merge_below_3/cnn_model/cnn14/plasma_tp1_0.1x_model_C3/roc_curve_resnet18_tf_0_0.03/nested_cv_random/resnet18/repeat_10_fold_5_metrics.csv,9,1,resnet18,"[0, 0.03]",C3,PPV at 95% Specificity,0.96
/scratchc/nrlab/wang04/ulyses_results_iteration/iteration_3_merge_below_3/cnn_model/cnn14/plasma_tp1_0.1x_model_C3/roc_curve_resnet18_tf_0_0.03/nested_cv_random/resnet18/repeat_10_fold_5_metrics.csv,9,1,resnet18,"[0, 0.03]",C3,Accuracy at 95% Specificity,0.6823784722222221
/scratchc/nrlab/wang04/ulyses_results_iteration/iteration_3_merge_below_3/cnn_model/cnn14/plasma_tp1_0.1x_model_C3/roc_curve_resnet18_tf_0_0.03/nested_cv_random/resnet18/repeat_10_fold_5_metrics.csv,9,1,resnet18,"[0, 0.03]",C3,F1 at 95% Specificity,0.6075949367088608
/scratchc/nrlab/wang04/ulyses_results_iteration/iteration_3_merge_below_3/cnn_model/cnn14/plasma_tp1_0.1x_model_C3/roc_curve_resnet18_tf_0_0.03/nested_cv_random/resnet18/repeat_10_fold_5_metrics.csv,9,2,resnet18,"[0, 0.03]",C3,AUROC,0.888507718696398
/scratchc/nrlab/wang04/ulyses_results_iteration/iteration_3_merge_below_3/cnn_model/cnn14/plasma_tp1_0.1x_model_C3/roc_curve_resnet18_tf_0_0.03/nested_cv_random/resnet18/repeat_10_fold_5_metrics.csv,9,2,resnet18,"[0, 0.03]",C3,AUPRC,0.914492008196947
/scratchc/nrlab/wang04/ulyses_results_iteration/iteration_3_merge_below_3/cnn_model/cnn14/plasma_tp1_0.1x_model_C3/roc_curve_resnet18_tf_0_0.03/nested_cv_random/resnet18/repeat_10_fold_5_metrics.csv,9,2,resnet18,"[0, 0.03]",C3,Sensitivity at 99% Specificity,0.19811320754716985
/scratchc/nrlab/wang04/ulyses_results_iteration/iteration_3_merge_below_3/cnn_model/cnn14/plasma_tp1_0.1x_model_C3/roc_curve_resnet18_tf_0_0.03/nested_cv_random/resnet18/repeat_10_fold_5_metrics.csv,9,2,resnet18,"[0, 0.03]",C3,PPV at 99% Specificity,1
/scratchc/nrlab/wang04/ulyses_results_iteration/iteration_3_merge_below_3/cnn_model/cnn14/plasma_tp1_0.1x_model_C3/roc_curve_resnet18_tf_0_0.03/nested_cv_random/resnet18/repeat_10_fold_5_metrics.csv,9,2,resnet18,"[0, 0.03]",C3,Accuracy at 99% Specificity,0.5940566037735849
/scratchc/nrlab/wang04/ulyses_results_iteration/iteration_3_merge_below_3/cnn_model/cnn14/plasma_tp1_0.1x_model_C3/roc_curve_resnet18_tf_0_0.03/nested_cv_random/resnet18/repeat_10_fold_5_metrics.csv,9,2,resnet18,"[0, 0.03]",C3,F1 at 99% Specificity,0.33070866141732286
/scratchc/nrlab/wang04/ulyses_results_iteration/iteration_3_merge_below_3/cnn_model/cnn14/plasma_tp1_0.1x_model_C3/roc_curve_resnet18_tf_0_0.03/nested_cv_random/resnet18/repeat_10_fold_5_metrics.csv,9,2,resnet18,"[0, 0.03]",C3,Sensitivity at 98% Specificity,0.19811320754716985
/scratchc/nrlab/wang04/ulyses_results_iteration/iteration_3_merge_below_3/cnn_model/cnn14/plasma_tp1_0.1x_model_C3/roc_curve_resnet18_tf_0_0.03/nested_cv_random/resnet18/repeat_10_fold_5_metrics.csv,9,2,resnet18,"[0, 0.03]",C3,PPV at 98% Specificity,1
/scratchc/nrlab/wang04/ulyses_results_iteration/iteration_3_merge_below_3/cnn_model/cnn14/plasma_tp1_0.1x_model_C3/roc_curve_resnet18_tf_0_0.03/nested_cv_random/resnet18/repeat_10_fold_5_metrics.csv,9,2,resnet18,"[0, 0.03]",C3,Accuracy at 98% Specificity,0.5890566037735849
/scratchc/nrlab/wang04/ulyses_results_iteration/iteration_3_merge_below_3/cnn_model/cnn14/plasma_tp1_0.1x_model_C3/roc_curve_resnet18_tf_0_0.03/nested_cv_random/resnet18/repeat_10_fold_5_metrics.csv,9,2,resnet18,"[0, 0.03]",C3,F1 at 98% Specificity,0.33070866141732286
/scratchc/nrlab/wang04/ulyses_results_iteration/iteration_3_merge_below_3/cnn_model/cnn14/plasma_tp1_0.1x_model_C3/roc_curve_resnet18_tf_0_0.03/nested_cv_random/resnet18/repeat_10_fold_5_metrics.csv,9,2,resnet18,"[0, 0.03]",C3,Sensitivity at 95% Specificity,0.27358490566037735
/scratchc/nrlab/wang04/ulyses_results_iteration/iteration_3_merge_below_3/cnn_model/cnn14/plasma_tp1_0.1x_model_C3/roc_curve_resnet18_tf_0_0.03/nested_cv_random/resnet18/repeat_10_fold_5_metrics.csv,9,2,resnet18,"[0, 0.03]",C3,PPV at 95% Specificity,0.935483870967742
/scratchc/nrlab/wang04/ulyses_results_iteration/iteration_3_merge_below_3/cnn_model/cnn14/plasma_tp1_0.1x_model_C3/roc_curve_resnet18_tf_0_0.03/nested_cv_random/resnet18/repeat_10_fold_5_metrics.csv,9,2,resnet18,"[0, 0.03]",C3,Accuracy at 95% Specificity,0.5973985134362493
/scratchc/nrlab/wang04/ulyses_results_iteration/iteration_3_merge_below_3/cnn_model/cnn14/plasma_tp1_0.1x_model_C3/roc_curve_resnet18_tf_0_0.03/nested_cv_random/resnet18/repeat_10_fold_5_metrics.csv,9,2,resnet18,"[0, 0.03]",C3,F1 at 95% Specificity,0.4233576642335766
/scratchc/nrlab/wang04/ulyses_results_iteration/iteration_3_merge_below_3/cnn_model/cnn14/plasma_tp1_0.1x_model_C3/roc_curve_resnet18_tf_0_0.03/nested_cv_random/resnet18/repeat_10_fold_5_metrics.csv,9,3,resnet18,"[0, 0.03]",C3,AUROC,0.9194699286442406
/scratchc/nrlab/wang04/ulyses_results_iteration/iteration_3_merge_below_3/cnn_model/cnn14/plasma_tp1_0.1x_model_C3/roc_curve_resnet18_tf_0_0.03/nested_cv_random/resnet18/repeat_10_fold_5_metrics.csv,9,3,resnet18,"[0, 0.03]",C3,AUPRC,0.9489789826343492
/scratchc/nrlab/wang04/ulyses_results_iteration/iteration_3_merge_below_3/cnn_model/cnn14/plasma_tp1_0.1x_model_C3/roc_curve_resnet18_tf_0_0.03/nested_cv_random/resnet18/repeat_10_fold_5_metrics.csv,9,3,resnet18,"[0, 0.03]",C3,Sensitivity at 99% Specificity,0.25688073394495414
/scratchc/nrlab/wang04/ulyses_results_iteration/iteration_3_merge_below_3/cnn_model/cnn14/plasma_tp1_0.1x_model_C3/roc_curve_resnet18_tf_0_0.03/nested_cv_random/resnet18/repeat_10_fold_5_metrics.csv,9,3,resnet18,"[0, 0.03]",C3,PPV at 99% Specificity,1
/scratchc/nrlab/wang04/ulyses_results_iteration/iteration_3_merge_below_3/cnn_model/cnn14/plasma_tp1_0.1x_model_C3/roc_curve_resnet18_tf_0_0.03/nested_cv_random/resnet18/repeat_10_fold_5_metrics.csv,9,3,resnet18,"[0, 0.03]",C3,Accuracy at 99% Specificity,0.6234403669724771
/scratchc/nrlab/wang04/ulyses_results_iteration/iteration_3_merge_below_3/cnn_model/cnn14/plasma_tp1_0.1x_model_C3/roc_curve_resnet18_tf_0_0.03/nested_cv_random/resnet18/repeat_10_fold_5_metrics.csv,9,3,resnet18,"[0, 0.03]",C3,F1 at 99% Specificity,0.4087591240875912
/scratchc/nrlab/wang04/ulyses_results_iteration/iteration_3_merge_below_3/cnn_model/cnn14/plasma_tp1_0.1x_model_C3/roc_curve_resnet18_tf_0_0.03/nested_cv_random/resnet18/repeat_10_fold_5_metrics.csv,9,3,resnet18,"[0, 0.03]",C3,Sensitivity at 98% Specificity,0.25688073394495414
/scratchc/nrlab/wang04/ulyses_results_iteration/iteration_3_merge_below_3/cnn_model/cnn14/plasma_tp1_0.1x_model_C3/roc_curve_resnet18_tf_0_0.03/nested_cv_random/resnet18/repeat_10_fold_5_metrics.csv,9,3,resnet18,"[0, 0.03]",C3,PPV at 98% Specificity,1
/scratchc/nrlab/wang04/ulyses_results_iteration/iteration_3_merge_below_3/cnn_model/cnn14/plasma_tp1_0.1x_model_C3/roc_curve_resnet18_tf_0_0.03/nested_cv_random/resnet18/repeat_10_fold_5_metrics.csv,9,3,resnet18,"[0, 0.03]",C3,Accuracy at 98% Specificity,0.6184403669724771
/scratchc/nrlab/wang04/ulyses_results_iteration/iteration_3_merge_below_3/cnn_model/cnn14/plasma_tp1_0.1x_model_C3/roc_curve_resnet18_tf_0_0.03/nested_cv_random/resnet18/repeat_10_fold_5_metrics.csv,9,3,resnet18,"[0, 0.03]",C3,F1 at 98% Specificity,0.4087591240875912
/scratchc/nrlab/wang04/ulyses_results_iteration/iteration_3_merge_below_3/cnn_model/cnn14/plasma_tp1_0.1x_model_C3/roc_curve_resnet18_tf_0_0.03/nested_cv_random/resnet18/repeat_10_fold_5_metrics.csv,9,3,resnet18,"[0, 0.03]",C3,Sensitivity at 95% Specificity,0.6146788990825688
/scratchc/nrlab/wang04/ulyses_results_iteration/iteration_3_merge_below_3/cnn_model/cnn14/plasma_tp1_0.1x_model_C3/roc_curve_resnet18_tf_0_0.03/nested_cv_random/resnet18/repeat_10_fold_5_metrics.csv,9,3,resnet18,"[0, 0.03]",C3,PPV at 95% Specificity,0.9571428571428572
/scratchc/nrlab/wang04/ulyses_results_iteration/iteration_3_merge_below_3/cnn_model/cnn14/plasma_tp1_0.1x_model_C3/roc_curve_resnet18_tf_0_0.03/nested_cv_random/resnet18/repeat_10_fold_5_metrics.csv,9,3,resnet18,"[0, 0.03]",C3,Accuracy at 95% Specificity,0.7597204019222368
/scratchc/nrlab/wang04/ulyses_results_iteration/iteration_3_merge_below_3/cnn_model/cnn14/plasma_tp1_0.1x_model_C3/roc_curve_resnet18_tf_0_0.03/nested_cv_random/resnet18/repeat_10_fold_5_metrics.csv,9,3,resnet18,"[0, 0.03]",C3,F1 at 95% Specificity,0.7486033519553073
/scratchc/nrlab/wang04/ulyses_results_iteration/iteration_3_merge_below_3/cnn_model/cnn14/plasma_tp1_0.1x_model_C3/roc_curve_resnet18_tf_0_0.03/nested_cv_random/resnet18/repeat_10_fold_5_metrics.csv,9,4,resnet18,"[0, 0.03]",C3,AUROC,0.8860884257955506
/scratchc/nrlab/wang04/ulyses_results_iteration/iteration_3_merge_below_3/cnn_model/cnn14/plasma_tp1_0.1x_model_C3/roc_curve_resnet18_tf_0_0.03/nested_cv_random/resnet18/repeat_10_fold_5_metrics.csv,9,4,resnet18,"[0, 0.03]",C3,AUPRC,0.9358921549264364
/scratchc/nrlab/wang04/ulyses_results_iteration/iteration_3_merge_below_3/cnn_model/cnn14/plasma_tp1_0.1x_model_C3/roc_curve_resnet18_tf_0_0.03/nested_cv_random/resnet18/repeat_10_fold_5_metrics.csv,9,4,resnet18,"[0, 0.03]",C3,Sensitivity at 99% Specificity,0.4811320754716981
/scratchc/nrlab/wang04/ulyses_results_iteration/iteration_3_merge_below_3/cnn_model/cnn14/plasma_tp1_0.1x_model_C3/roc_curve_resnet18_tf_0_0.03/nested_cv_random/resnet18/repeat_10_fold_5_metrics.csv,9,4,resnet18,"[0, 0.03]",C3,PPV at 99% Specificity,1
/scratchc/nrlab/wang04/ulyses_results_iteration/iteration_3_merge_below_3/cnn_model/cnn14/plasma_tp1_0.1x_model_C3/roc_curve_resnet18_tf_0_0.03/nested_cv_random/resnet18/repeat_10_fold_5_metrics.csv,9,4,resnet18,"[0, 0.03]",C3,Accuracy at 99% Specificity,0.735566037735849
/scratchc/nrlab/wang04/ulyses_results_iteration/iteration_3_merge_below_3/cnn_model/cnn14/plasma_tp1_0.1x_model_C3/roc_curve_resnet18_tf_0_0.03/nested_cv_random/resnet18/repeat_10_fold_5_metrics.csv,9,4,resnet18,"[0, 0.03]",C3,F1 at 99% Specificity,0.6496815286624203
/scratchc/nrlab/wang04/ulyses_results_iteration/iteration_3_merge_below_3/cnn_model/cnn14/plasma_tp1_0.1x_model_C3/roc_curve_resnet18_tf_0_0.03/nested_cv_random/resnet18/repeat_10_fold_5_metrics.csv,9,4,resnet18,"[0, 0.03]",C3,Sensitivity at 98% Specificity,0.4811320754716981
/scratchc/nrlab/wang04/ulyses_results_iteration/iteration_3_merge_below_3/cnn_model/cnn14/plasma_tp1_0.1x_model_C3/roc_curve_resnet18_tf_0_0.03/nested_cv_random/resnet18/repeat_10_fold_5_metrics.csv,9,4,resnet18,"[0, 0.03]",C3,PPV at 98% Specificity,1
/scratchc/nrlab/wang04/ulyses_results_iteration/iteration_3_merge_below_3/cnn_model/cnn14/plasma_tp1_0.1x_model_C3/roc_curve_resnet18_tf_0_0.03/nested_cv_random/resnet18/repeat_10_fold_5_metrics.csv,9,4,resnet18,"[0, 0.03]",C3,Accuracy at 98% Specificity,0.730566037735849
/scratchc/nrlab/wang04/ulyses_results_iteration/iteration_3_merge_below_3/cnn_model/cnn14/plasma_tp1_0.1x_model_C3/roc_curve_resnet18_tf_0_0.03/nested_cv_random/resnet18/repeat_10_fold_5_metrics.csv,9,4,resnet18,"[0, 0.03]",C3,F1 at 98% Specificity,0.6496815286624203
/scratchc/nrlab/wang04/ulyses_results_iteration/iteration_3_merge_below_3/cnn_model/cnn14/plasma_tp1_0.1x_model_C3/roc_curve_resnet18_tf_0_0.03/nested_cv_random/resnet18/repeat_10_fold_5_metrics.csv,9,4,resnet18,"[0, 0.03]",C3,Sensitivity at 95% Specificity,0.6037735849056604
/scratchc/nrlab/wang04/ulyses_results_iteration/iteration_3_merge_below_3/cnn_model/cnn14/plasma_tp1_0.1x_model_C3/roc_curve_resnet18_tf_0_0.03/nested_cv_random/resnet18/repeat_10_fold_5_metrics.csv,9,4,resnet18,"[0, 0.03]",C3,PPV at 95% Specificity,0.9696969696969696
/scratchc/nrlab/wang04/ulyses_results_iteration/iteration_3_merge_below_3/cnn_model/cnn14/plasma_tp1_0.1x_model_C3/roc_curve_resnet18_tf_0_0.03/nested_cv_random/resnet18/repeat_10_fold_5_metrics.csv,9,4,resnet18,"[0, 0.03]",C3,Accuracy at 95% Specificity,0.7627076879752182
/scratchc/nrlab/wang04/ulyses_results_iteration/iteration_3_merge_below_3/cnn_model/cnn14/plasma_tp1_0.1x_model_C3/roc_curve_resnet18_tf_0_0.03/nested_cv_random/resnet18/repeat_10_fold_5_metrics.csv,9,4,resnet18,"[0, 0.03]",C3,F1 at 95% Specificity,0.7441860465116279
/scratchc/nrlab/wang04/ulyses_results_iteration/iteration_3_merge_below_3/cnn_model/cnn14/plasma_tp1_0.1x_model_C3/roc_curve_resnet18_tf_0_0.03/nested_cv_random/resnet18/repeat_10_fold_5_metrics.csv,9,5,resnet18,"[0, 0.03]",C3,AUROC,0.8971962616822429
/scratchc/nrlab/wang04/ulyses_results_iteration/iteration_3_merge_below_3/cnn_model/cnn14/plasma_tp1_0.1x_model_C3/roc_curve_resnet18_tf_0_0.03/nested_cv_random/resnet18/repeat_10_fold_5_metrics.csv,9,5,resnet18,"[0, 0.03]",C3,AUPRC,0.9363601936839144
/scratchc/nrlab/wang04/ulyses_results_iteration/iteration_3_merge_below_3/cnn_model/cnn14/plasma_tp1_0.1x_model_C3/roc_curve_resnet18_tf_0_0.03/nested_cv_random/resnet18/repeat_10_fold_5_metrics.csv,9,5,resnet18,"[0, 0.03]",C3,Sensitivity at 99% Specificity,0.4953271028037383
/scratchc/nrlab/wang04/ulyses_results_iteration/iteration_3_merge_below_3/cnn_model/cnn14/plasma_tp1_0.1x_model_C3/roc_curve_resnet18_tf_0_0.03/nested_cv_random/resnet18/repeat_10_fold_5_metrics.csv,9,5,resnet18,"[0, 0.03]",C3,PPV at 99% Specificity,1
/scratchc/nrlab/wang04/ulyses_results_iteration/iteration_3_merge_below_3/cnn_model/cnn14/plasma_tp1_0.1x_model_C3/roc_curve_resnet18_tf_0_0.03/nested_cv_random/resnet18/repeat_10_fold_5_metrics.csv,9,5,resnet18,"[0, 0.03]",C3,Accuracy at 99% Specificity,0.7426635514018691
/scratchc/nrlab/wang04/ulyses_results_iteration/iteration_3_merge_below_3/cnn_model/cnn14/plasma_tp1_0.1x_model_C3/roc_curve_resnet18_tf_0_0.03/nested_cv_random/resnet18/repeat_10_fold_5_metrics.csv,9,5,resnet18,"[0, 0.03]",C3,F1 at 99% Specificity,0.6625
/scratchc/nrlab/wang04/ulyses_results_iteration/iteration_3_merge_below_3/cnn_model/cnn14/plasma_tp1_0.1x_model_C3/roc_curve_resnet18_tf_0_0.03/nested_cv_random/resnet18/repeat_10_fold_5_metrics.csv,9,5,resnet18,"[0, 0.03]",C3,Sensitivity at 98% Specificity,0.4953271028037383
/scratchc/nrlab/wang04/ulyses_results_iteration/iteration_3_merge_below_3/cnn_model/cnn14/plasma_tp1_0.1x_model_C3/roc_curve_resnet18_tf_0_0.03/nested_cv_random/resnet18/repeat_10_fold_5_metrics.csv,9,5,resnet18,"[0, 0.03]",C3,PPV at 98% Specificity,1
/scratchc/nrlab/wang04/ulyses_results_iteration/iteration_3_merge_below_3/cnn_model/cnn14/plasma_tp1_0.1x_model_C3/roc_curve_resnet18_tf_0_0.03/nested_cv_random/resnet18/repeat_10_fold_5_metrics.csv,9,5,resnet18,"[0, 0.03]",C3,Accuracy at 98% Specificity,0.7376635514018691
/scratchc/nrlab/wang04/ulyses_results_iteration/iteration_3_merge_below_3/cnn_model/cnn14/plasma_tp1_0.1x_model_C3/roc_curve_resnet18_tf_0_0.03/nested_cv_random/resnet18/repeat_10_fold_5_metrics.csv,9,5,resnet18,"[0, 0.03]",C3,F1 at 98% Specificity,0.6625
/scratchc/nrlab/wang04/ulyses_results_iteration/iteration_3_merge_below_3/cnn_model/cnn14/plasma_tp1_0.1x_model_C3/roc_curve_resnet18_tf_0_0.03/nested_cv_random/resnet18/repeat_10_fold_5_metrics.csv,9,5,resnet18,"[0, 0.03]",C3,Sensitivity at 95% Specificity,0.5233644859813084
/scratchc/nrlab/wang04/ulyses_results_iteration/iteration_3_merge_below_3/cnn_model/cnn14/plasma_tp1_0.1x_model_C3/roc_curve_resnet18_tf_0_0.03/nested_cv_random/resnet18/repeat_10_fold_5_metrics.csv,9,5,resnet18,"[0, 0.03]",C3,PPV at 95% Specificity,0.9655172413793104
/scratchc/nrlab/wang04/ulyses_results_iteration/iteration_3_merge_below_3/cnn_model/cnn14/plasma_tp1_0.1x_model_C3/roc_curve_resnet18_tf_0_0.03/nested_cv_random/resnet18/repeat_10_fold_5_metrics.csv,9,5,resnet18,"[0, 0.03]",C3,Accuracy at 95% Specificity,0.7220668583752695
/scratchc/nrlab/wang04/ulyses_results_iteration/iteration_3_merge_below_3/cnn_model/cnn14/plasma_tp1_0.1x_model_C3/roc_curve_resnet18_tf_0_0.03/nested_cv_random/resnet18/repeat_10_fold_5_metrics.csv,9,5,resnet18,"[0, 0.03]",C3,F1 at 95% Specificity,0.6787878787878788
/scratchc/nrlab/wang04/ulyses_results_iteration/iteration_3_merge_below_3/cnn_model/cnn14/plasma_tp1_0.1x_model_C3/roc_curve_resnet18_tf_0_0.03/nested_cv_random/resnet18/repeat_10_fold_5_metrics.csv,10,1,resnet18,"[0, 0.03]",C3,AUROC,0.8460100647016535
/scratchc/nrlab/wang04/ulyses_results_iteration/iteration_3_merge_below_3/cnn_model/cnn14/plasma_tp1_0.1x_model_C3/roc_curve_resnet18_tf_0_0.03/nested_cv_random/resnet18/repeat_10_fold_5_metrics.csv,10,1,resnet18,"[0, 0.03]",C3,AUPRC,0.8979666607131014
/scratchc/nrlab/wang04/ulyses_results_iteration/iteration_3_merge_below_3/cnn_model/cnn14/plasma_tp1_0.1x_model_C3/roc_curve_resnet18_tf_0_0.03/nested_cv_random/resnet18/repeat_10_fold_5_metrics.csv,10,1,resnet18,"[0, 0.03]",C3,Sensitivity at 99% Specificity,0.3644859813084112
/scratchc/nrlab/wang04/ulyses_results_iteration/iteration_3_merge_below_3/cnn_model/cnn14/plasma_tp1_0.1x_model_C3/roc_curve_resnet18_tf_0_0.03/nested_cv_random/resnet18/repeat_10_fold_5_metrics.csv,10,1,resnet18,"[0, 0.03]",C3,PPV at 99% Specificity,1
/scratchc/nrlab/wang04/ulyses_results_iteration/iteration_3_merge_below_3/cnn_model/cnn14/plasma_tp1_0.1x_model_C3/roc_curve_resnet18_tf_0_0.03/nested_cv_random/resnet18/repeat_10_fold_5_metrics.csv,10,1,resnet18,"[0, 0.03]",C3,Accuracy at 99% Specificity,0.6772429906542056
/scratchc/nrlab/wang04/ulyses_results_iteration/iteration_3_merge_below_3/cnn_model/cnn14/plasma_tp1_0.1x_model_C3/roc_curve_resnet18_tf_0_0.03/nested_cv_random/resnet18/repeat_10_fold_5_metrics.csv,10,1,resnet18,"[0, 0.03]",C3,F1 at 99% Specificity,0.5342465753424658
/scratchc/nrlab/wang04/ulyses_results_iteration/iteration_3_merge_below_3/cnn_model/cnn14/plasma_tp1_0.1x_model_C3/roc_curve_resnet18_tf_0_0.03/nested_cv_random/resnet18/repeat_10_fold_5_metrics.csv,10,1,resnet18,"[0, 0.03]",C3,Sensitivity at 98% Specificity,0.3644859813084112
/scratchc/nrlab/wang04/ulyses_results_iteration/iteration_3_merge_below_3/cnn_model/cnn14/plasma_tp1_0.1x_model_C3/roc_curve_resnet18_tf_0_0.03/nested_cv_random/resnet18/repeat_10_fold_5_metrics.csv,10,1,resnet18,"[0, 0.03]",C3,PPV at 98% Specificity,1
/scratchc/nrlab/wang04/ulyses_results_iteration/iteration_3_merge_below_3/cnn_model/cnn14/plasma_tp1_0.1x_model_C3/roc_curve_resnet18_tf_0_0.03/nested_cv_random/resnet18/repeat_10_fold_5_metrics.csv,10,1,resnet18,"[0, 0.03]",C3,Accuracy at 98% Specificity,0.6722429906542056
/scratchc/nrlab/wang04/ulyses_results_iteration/iteration_3_merge_below_3/cnn_model/cnn14/plasma_tp1_0.1x_model_C3/roc_curve_resnet18_tf_0_0.03/nested_cv_random/resnet18/repeat_10_fold_5_metrics.csv,10,1,resnet18,"[0, 0.03]",C3,F1 at 98% Specificity,0.5342465753424658
/scratchc/nrlab/wang04/ulyses_results_iteration/iteration_3_merge_below_3/cnn_model/cnn14/plasma_tp1_0.1x_model_C3/roc_curve_resnet18_tf_0_0.03/nested_cv_random/resnet18/repeat_10_fold_5_metrics.csv,10,1,resnet18,"[0, 0.03]",C3,Sensitivity at 95% Specificity,0.37383177570093457
/scratchc/nrlab/wang04/ulyses_results_iteration/iteration_3_merge_below_3/cnn_model/cnn14/plasma_tp1_0.1x_model_C3/roc_curve_resnet18_tf_0_0.03/nested_cv_random/resnet18/repeat_10_fold_5_metrics.csv,10,1,resnet18,"[0, 0.03]",C3,PPV at 95% Specificity,0.9302325581395348
/scratchc/nrlab/wang04/ulyses_results_iteration/iteration_3_merge_below_3/cnn_model/cnn14/plasma_tp1_0.1x_model_C3/roc_curve_resnet18_tf_0_0.03/nested_cv_random/resnet18/repeat_10_fold_5_metrics.csv,10,1,resnet18,"[0, 0.03]",C3,Accuracy at 95% Specificity,0.6399928109273904
/scratchc/nrlab/wang04/ulyses_results_iteration/iteration_3_merge_below_3/cnn_model/cnn14/plasma_tp1_0.1x_model_C3/roc_curve_resnet18_tf_0_0.03/nested_cv_random/resnet18/repeat_10_fold_5_metrics.csv,10,1,resnet18,"[0, 0.03]",C3,F1 at 95% Specificity,0.5333333333333333
/scratchc/nrlab/wang04/ulyses_results_iteration/iteration_3_merge_below_3/cnn_model/cnn14/plasma_tp1_0.1x_model_C3/roc_curve_resnet18_tf_0_0.03/nested_cv_random/resnet18/repeat_10_fold_5_metrics.csv,10,2,resnet18,"[0, 0.03]",C3,AUROC,0.928352992573176
/scratchc/nrlab/wang04/ulyses_results_iteration/iteration_3_merge_below_3/cnn_model/cnn14/plasma_tp1_0.1x_model_C3/roc_curve_resnet18_tf_0_0.03/nested_cv_random/resnet18/repeat_10_fold_5_metrics.csv,10,2,resnet18,"[0, 0.03]",C3,AUPRC,0.959568189283109
/scratchc/nrlab/wang04/ulyses_results_iteration/iteration_3_merge_below_3/cnn_model/cnn14/plasma_tp1_0.1x_model_C3/roc_curve_resnet18_tf_0_0.03/nested_cv_random/resnet18/repeat_10_fold_5_metrics.csv,10,2,resnet18,"[0, 0.03]",C3,Sensitivity at 99% Specificity,0.5871559633027523
/scratchc/nrlab/wang04/ulyses_results_iteration/iteration_3_merge_below_3/cnn_model/cnn14/plasma_tp1_0.1x_model_C3/roc_curve_resnet18_tf_0_0.03/nested_cv_random/resnet18/repeat_10_fold_5_metrics.csv,10,2,resnet18,"[0, 0.03]",C3,PPV at 99% Specificity,1
/scratchc/nrlab/wang04/ulyses_results_iteration/iteration_3_merge_below_3/cnn_model/cnn14/plasma_tp1_0.1x_model_C3/roc_curve_resnet18_tf_0_0.03/nested_cv_random/resnet18/repeat_10_fold_5_metrics.csv,10,2,resnet18,"[0, 0.03]",C3,Accuracy at 99% Specificity,0.7885779816513762
/scratchc/nrlab/wang04/ulyses_results_iteration/iteration_3_merge_below_3/cnn_model/cnn14/plasma_tp1_0.1x_model_C3/roc_curve_resnet18_tf_0_0.03/nested_cv_random/resnet18/repeat_10_fold_5_metrics.csv,10,2,resnet18,"[0, 0.03]",C3,F1 at 99% Specificity,0.7398843930635838
/scratchc/nrlab/wang04/ulyses_results_iteration/iteration_3_merge_below_3/cnn_model/cnn14/plasma_tp1_0.1x_model_C3/roc_curve_resnet18_tf_0_0.03/nested_cv_random/resnet18/repeat_10_fold_5_metrics.csv,10,2,resnet18,"[0, 0.03]",C3,Sensitivity at 98% Specificity,0.5871559633027523
/scratchc/nrlab/wang04/ulyses_results_iteration/iteration_3_merge_below_3/cnn_model/cnn14/plasma_tp1_0.1x_model_C3/roc_curve_resnet18_tf_0_0.03/nested_cv_random/resnet18/repeat_10_fold_5_metrics.csv,10,2,resnet18,"[0, 0.03]",C3,PPV at 98% Specificity,1
/scratchc/nrlab/wang04/ulyses_results_iteration/iteration_3_merge_below_3/cnn_model/cnn14/plasma_tp1_0.1x_model_C3/roc_curve_resnet18_tf_0_0.03/nested_cv_random/resnet18/repeat_10_fold_5_metrics.csv,10,2,resnet18,"[0, 0.03]",C3,Accuracy at 98% Specificity,0.7835779816513762
/scratchc/nrlab/wang04/ulyses_results_iteration/iteration_3_merge_below_3/cnn_model/cnn14/plasma_tp1_0.1x_model_C3/roc_curve_resnet18_tf_0_0.03/nested_cv_random/resnet18/repeat_10_fold_5_metrics.csv,10,2,resnet18,"[0, 0.03]",C3,F1 at 98% Specificity,0.7398843930635838
/scratchc/nrlab/wang04/ulyses_results_iteration/iteration_3_merge_below_3/cnn_model/cnn14/plasma_tp1_0.1x_model_C3/roc_curve_resnet18_tf_0_0.03/nested_cv_random/resnet18/repeat_10_fold_5_metrics.csv,10,2,resnet18,"[0, 0.03]",C3,Sensitivity at 95% Specificity,0.6330275229357798
/scratchc/nrlab/wang04/ulyses_results_iteration/iteration_3_merge_below_3/cnn_model/cnn14/plasma_tp1_0.1x_model_C3/roc_curve_resnet18_tf_0_0.03/nested_cv_random/resnet18/repeat_10_fold_5_metrics.csv,10,2,resnet18,"[0, 0.03]",C3,PPV at 95% Specificity,0.9583333333333334
/scratchc/nrlab/wang04/ulyses_results_iteration/iteration_3_merge_below_3/cnn_model/cnn14/plasma_tp1_0.1x_model_C3/roc_curve_resnet18_tf_0_0.03/nested_cv_random/resnet18/repeat_10_fold_5_metrics.csv,10,2,resnet18,"[0, 0.03]",C3,Accuracy at 95% Specificity,0.7688947138488422
/scratchc/nrlab/wang04/ulyses_results_iteration/iteration_3_merge_below_3/cnn_model/cnn14/plasma_tp1_0.1x_model_C3/roc_curve_resnet18_tf_0_0.03/nested_cv_random/resnet18/repeat_10_fold_5_metrics.csv,10,2,resnet18,"[0, 0.03]",C3,F1 at 95% Specificity,0.7624309392265194
/scratchc/nrlab/wang04/ulyses_results_iteration/iteration_3_merge_below_3/cnn_model/cnn14/plasma_tp1_0.1x_model_C3/roc_curve_resnet18_tf_0_0.03/nested_cv_random/resnet18/repeat_10_fold_5_metrics.csv,10,3,resnet18,"[0, 0.03]",C3,AUROC,0.8784900284900284
/scratchc/nrlab/wang04/ulyses_results_iteration/iteration_3_merge_below_3/cnn_model/cnn14/plasma_tp1_0.1x_model_C3/roc_curve_resnet18_tf_0_0.03/nested_cv_random/resnet18/repeat_10_fold_5_metrics.csv,10,3,resnet18,"[0, 0.03]",C3,AUPRC,0.9003500258039209
/scratchc/nrlab/wang04/ulyses_results_iteration/iteration_3_merge_below_3/cnn_model/cnn14/plasma_tp1_0.1x_model_C3/roc_curve_resnet18_tf_0_0.03/nested_cv_random/resnet18/repeat_10_fold_5_metrics.csv,10,3,resnet18,"[0, 0.03]",C3,Sensitivity at 99% Specificity,0
/scratchc/nrlab/wang04/ulyses_results_iteration/iteration_3_merge_below_3/cnn_model/cnn14/plasma_tp1_0.1x_model_C3/roc_curve_resnet18_tf_0_0.03/nested_cv_random/resnet18/repeat_10_fold_5_metrics.csv,10,3,resnet18,"[0, 0.03]",C3,PPV at 99% Specificity,0
/scratchc/nrlab/wang04/ulyses_results_iteration/iteration_3_merge_below_3/cnn_model/cnn14/plasma_tp1_0.1x_model_C3/roc_curve_resnet18_tf_0_0.03/nested_cv_random/resnet18/repeat_10_fold_5_metrics.csv,10,3,resnet18,"[0, 0.03]",C3,Accuracy at 99% Specificity,0.495
/scratchc/nrlab/wang04/ulyses_results_iteration/iteration_3_merge_below_3/cnn_model/cnn14/plasma_tp1_0.1x_model_C3/roc_curve_resnet18_tf_0_0.03/nested_cv_random/resnet18/repeat_10_fold_5_metrics.csv,10,3,resnet18,"[0, 0.03]",C3,F1 at 99% Specificity,0
/scratchc/nrlab/wang04/ulyses_results_iteration/iteration_3_merge_below_3/cnn_model/cnn14/plasma_tp1_0.1x_model_C3/roc_curve_resnet18_tf_0_0.03/nested_cv_random/resnet18/repeat_10_fold_5_metrics.csv,10,3,resnet18,"[0, 0.03]",C3,Sensitivity at 98% Specificity,0
/scratchc/nrlab/wang04/ulyses_results_iteration/iteration_3_merge_below_3/cnn_model/cnn14/plasma_tp1_0.1x_model_C3/roc_curve_resnet18_tf_0_0.03/nested_cv_random/resnet18/repeat_10_fold_5_metrics.csv,10,3,resnet18,"[0, 0.03]",C3,PPV at 98% Specificity,0
/scratchc/nrlab/wang04/ulyses_results_iteration/iteration_3_merge_below_3/cnn_model/cnn14/plasma_tp1_0.1x_model_C3/roc_curve_resnet18_tf_0_0.03/nested_cv_random/resnet18/repeat_10_fold_5_metrics.csv,10,3,resnet18,"[0, 0.03]",C3,Accuracy at 98% Specificity,0.49
/scratchc/nrlab/wang04/ulyses_results_iteration/iteration_3_merge_below_3/cnn_model/cnn14/plasma_tp1_0.1x_model_C3/roc_curve_resnet18_tf_0_0.03/nested_cv_random/resnet18/repeat_10_fold_5_metrics.csv,10,3,resnet18,"[0, 0.03]",C3,F1 at 98% Specificity,0
/scratchc/nrlab/wang04/ulyses_results_iteration/iteration_3_merge_below_3/cnn_model/cnn14/plasma_tp1_0.1x_model_C3/roc_curve_resnet18_tf_0_0.03/nested_cv_random/resnet18/repeat_10_fold_5_metrics.csv,10,3,resnet18,"[0, 0.03]",C3,Sensitivity at 95% Specificity,0.5
/scratchc/nrlab/wang04/ulyses_results_iteration/iteration_3_merge_below_3/cnn_model/cnn14/plasma_tp1_0.1x_model_C3/roc_curve_resnet18_tf_0_0.03/nested_cv_random/resnet18/repeat_10_fold_5_metrics.csv,10,3,resnet18,"[0, 0.03]",C3,PPV at 95% Specificity,0.9642857142857144
/scratchc/nrlab/wang04/ulyses_results_iteration/iteration_3_merge_below_3/cnn_model/cnn14/plasma_tp1_0.1x_model_C3/roc_curve_resnet18_tf_0_0.03/nested_cv_random/resnet18/repeat_10_fold_5_metrics.csv,10,3,resnet18,"[0, 0.03]",C3,Accuracy at 95% Specificity,0.7103846153846154
/scratchc/nrlab/wang04/ulyses_results_iteration/iteration_3_merge_below_3/cnn_model/cnn14/plasma_tp1_0.1x_model_C3/roc_curve_resnet18_tf_0_0.03/nested_cv_random/resnet18/repeat_10_fold_5_metrics.csv,10,3,resnet18,"[0, 0.03]",C3,F1 at 95% Specificity,0.6585365853658537
/scratchc/nrlab/wang04/ulyses_results_iteration/iteration_3_merge_below_3/cnn_model/cnn14/plasma_tp1_0.1x_model_C3/roc_curve_resnet18_tf_0_0.03/nested_cv_random/resnet18/repeat_10_fold_5_metrics.csv,10,4,resnet18,"[0, 0.03]",C3,AUROC,0.8377644368210407
/scratchc/nrlab/wang04/ulyses_results_iteration/iteration_3_merge_below_3/cnn_model/cnn14/plasma_tp1_0.1x_model_C3/roc_curve_resnet18_tf_0_0.03/nested_cv_random/resnet18/repeat_10_fold_5_metrics.csv,10,4,resnet18,"[0, 0.03]",C3,AUPRC,0.9006673877028856
/scratchc/nrlab/wang04/ulyses_results_iteration/iteration_3_merge_below_3/cnn_model/cnn14/plasma_tp1_0.1x_model_C3/roc_curve_resnet18_tf_0_0.03/nested_cv_random/resnet18/repeat_10_fold_5_metrics.csv,10,4,resnet18,"[0, 0.03]",C3,Sensitivity at 99% Specificity,0.33962264150943394
/scratchc/nrlab/wang04/ulyses_results_iteration/iteration_3_merge_below_3/cnn_model/cnn14/plasma_tp1_0.1x_model_C3/roc_curve_resnet18_tf_0_0.03/nested_cv_random/resnet18/repeat_10_fold_5_metrics.csv,10,4,resnet18,"[0, 0.03]",C3,PPV at 99% Specificity,1
/scratchc/nrlab/wang04/ulyses_results_iteration/iteration_3_merge_below_3/cnn_model/cnn14/plasma_tp1_0.1x_model_C3/roc_curve_resnet18_tf_0_0.03/nested_cv_random/resnet18/repeat_10_fold_5_metrics.csv,10,4,resnet18,"[0, 0.03]",C3,Accuracy at 99% Specificity,0.6648113207547169
/scratchc/nrlab/wang04/ulyses_results_iteration/iteration_3_merge_below_3/cnn_model/cnn14/plasma_tp1_0.1x_model_C3/roc_curve_resnet18_tf_0_0.03/nested_cv_random/resnet18/repeat_10_fold_5_metrics.csv,10,4,resnet18,"[0, 0.03]",C3,F1 at 99% Specificity,0.5070422535211268
/scratchc/nrlab/wang04/ulyses_results_iteration/iteration_3_merge_below_3/cnn_model/cnn14/plasma_tp1_0.1x_model_C3/roc_curve_resnet18_tf_0_0.03/nested_cv_random/resnet18/repeat_10_fold_5_metrics.csv,10,4,resnet18,"[0, 0.03]",C3,Sensitivity at 98% Specificity,0.33962264150943394
/scratchc/nrlab/wang04/ulyses_results_iteration/iteration_3_merge_below_3/cnn_model/cnn14/plasma_tp1_0.1x_model_C3/roc_curve_resnet18_tf_0_0.03/nested_cv_random/resnet18/repeat_10_fold_5_metrics.csv,10,4,resnet18,"[0, 0.03]",C3,PPV at 98% Specificity,1
/scratchc/nrlab/wang04/ulyses_results_iteration/iteration_3_merge_below_3/cnn_model/cnn14/plasma_tp1_0.1x_model_C3/roc_curve_resnet18_tf_0_0.03/nested_cv_random/resnet18/repeat_10_fold_5_metrics.csv,10,4,resnet18,"[0, 0.03]",C3,Accuracy at 98% Specificity,0.6598113207547169
/scratchc/nrlab/wang04/ulyses_results_iteration/iteration_3_merge_below_3/cnn_model/cnn14/plasma_tp1_0.1x_model_C3/roc_curve_resnet18_tf_0_0.03/nested_cv_random/resnet18/repeat_10_fold_5_metrics.csv,10,4,resnet18,"[0, 0.03]",C3,F1 at 98% Specificity,0.5070422535211268
/scratchc/nrlab/wang04/ulyses_results_iteration/iteration_3_merge_below_3/cnn_model/cnn14/plasma_tp1_0.1x_model_C3/roc_curve_resnet18_tf_0_0.03/nested_cv_random/resnet18/repeat_10_fold_5_metrics.csv,10,4,resnet18,"[0, 0.03]",C3,Sensitivity at 95% Specificity,0.41509433962264153
/scratchc/nrlab/wang04/ulyses_results_iteration/iteration_3_merge_below_3/cnn_model/cnn14/plasma_tp1_0.1x_model_C3/roc_curve_resnet18_tf_0_0.03/nested_cv_random/resnet18/repeat_10_fold_5_metrics.csv,10,4,resnet18,"[0, 0.03]",C3,PPV at 95% Specificity,0.9565217391304348
/scratchc/nrlab/wang04/ulyses_results_iteration/iteration_3_merge_below_3/cnn_model/cnn14/plasma_tp1_0.1x_model_C3/roc_curve_resnet18_tf_0_0.03/nested_cv_random/resnet18/repeat_10_fold_5_metrics.csv,10,4,resnet18,"[0, 0.03]",C3,Accuracy at 95% Specificity,0.6681532304173814
/scratchc/nrlab/wang04/ulyses_results_iteration/iteration_3_merge_below_3/cnn_model/cnn14/plasma_tp1_0.1x_model_C3/roc_curve_resnet18_tf_0_0.03/nested_cv_random/resnet18/repeat_10_fold_5_metrics.csv,10,4,resnet18,"[0, 0.03]",C3,F1 at 95% Specificity,0.5789473684210527
/scratchc/nrlab/wang04/ulyses_results_iteration/iteration_3_merge_below_3/cnn_model/cnn14/plasma_tp1_0.1x_model_C3/roc_curve_resnet18_tf_0_0.03/nested_cv_random/resnet18/repeat_10_fold_5_metrics.csv,10,5,resnet18,"[0, 0.03]",C3,AUROC,0.9178101772441396
/scratchc/nrlab/wang04/ulyses_results_iteration/iteration_3_merge_below_3/cnn_model/cnn14/plasma_tp1_0.1x_model_C3/roc_curve_resnet18_tf_0_0.03/nested_cv_random/resnet18/repeat_10_fold_5_metrics.csv,10,5,resnet18,"[0, 0.03]",C3,AUPRC,0.9490669861074572
/scratchc/nrlab/wang04/ulyses_results_iteration/iteration_3_merge_below_3/cnn_model/cnn14/plasma_tp1_0.1x_model_C3/roc_curve_resnet18_tf_0_0.03/nested_cv_random/resnet18/repeat_10_fold_5_metrics.csv,10,5,resnet18,"[0, 0.03]",C3,Sensitivity at 99% Specificity,0.4528301886792453
/scratchc/nrlab/wang04/ulyses_results_iteration/iteration_3_merge_below_3/cnn_model/cnn14/plasma_tp1_0.1x_model_C3/roc_curve_resnet18_tf_0_0.03/nested_cv_random/resnet18/repeat_10_fold_5_metrics.csv,10,5,resnet18,"[0, 0.03]",C3,PPV at 99% Specificity,1
/scratchc/nrlab/wang04/ulyses_results_iteration/iteration_3_merge_below_3/cnn_model/cnn14/plasma_tp1_0.1x_model_C3/roc_curve_resnet18_tf_0_0.03/nested_cv_random/resnet18/repeat_10_fold_5_metrics.csv,10,5,resnet18,"[0, 0.03]",C3,Accuracy at 99% Specificity,0.7214150943396227
/scratchc/nrlab/wang04/ulyses_results_iteration/iteration_3_merge_below_3/cnn_model/cnn14/plasma_tp1_0.1x_model_C3/roc_curve_resnet18_tf_0_0.03/nested_cv_random/resnet18/repeat_10_fold_5_metrics.csv,10,5,resnet18,"[0, 0.03]",C3,F1 at 99% Specificity,0.6233766233766234
/scratchc/nrlab/wang04/ulyses_results_iteration/iteration_3_merge_below_3/cnn_model/cnn14/plasma_tp1_0.1x_model_C3/roc_curve_resnet18_tf_0_0.03/nested_cv_random/resnet18/repeat_10_fold_5_metrics.csv,10,5,resnet18,"[0, 0.03]",C3,Sensitivity at 98% Specificity,0.4528301886792453
/scratchc/nrlab/wang04/ulyses_results_iteration/iteration_3_merge_below_3/cnn_model/cnn14/plasma_tp1_0.1x_model_C3/roc_curve_resnet18_tf_0_0.03/nested_cv_random/resnet18/repeat_10_fold_5_metrics.csv,10,5,resnet18,"[0, 0.03]",C3,PPV at 98% Specificity,1
/scratchc/nrlab/wang04/ulyses_results_iteration/iteration_3_merge_below_3/cnn_model/cnn14/plasma_tp1_0.1x_model_C3/roc_curve_resnet18_tf_0_0.03/nested_cv_random/resnet18/repeat_10_fold_5_metrics.csv,10,5,resnet18,"[0, 0.03]",C3,Accuracy at 98% Specificity,0.7164150943396226
/scratchc/nrlab/wang04/ulyses_results_iteration/iteration_3_merge_below_3/cnn_model/cnn14/plasma_tp1_0.1x_model_C3/roc_curve_resnet18_tf_0_0.03/nested_cv_random/resnet18/repeat_10_fold_5_metrics.csv,10,5,resnet18,"[0, 0.03]",C3,F1 at 98% Specificity,0.6233766233766234
/scratchc/nrlab/wang04/ulyses_results_iteration/iteration_3_merge_below_3/cnn_model/cnn14/plasma_tp1_0.1x_model_C3/roc_curve_resnet18_tf_0_0.03/nested_cv_random/resnet18/repeat_10_fold_5_metrics.csv,10,5,resnet18,"[0, 0.03]",C3,Sensitivity at 95% Specificity,0.5566037735849056
/scratchc/nrlab/wang04/ulyses_results_iteration/iteration_3_merge_below_3/cnn_model/cnn14/plasma_tp1_0.1x_model_C3/roc_curve_resnet18_tf_0_0.03/nested_cv_random/resnet18/repeat_10_fold_5_metrics.csv,10,5,resnet18,"[0, 0.03]",C3,PPV at 95% Specificity,0.9672131147540984
/scratchc/nrlab/wang04/ulyses_results_iteration/iteration_3_merge_below_3/cnn_model/cnn14/plasma_tp1_0.1x_model_C3/roc_curve_resnet18_tf_0_0.03/nested_cv_random/resnet18/repeat_10_fold_5_metrics.csv,10,5,resnet18,"[0, 0.03]",C3,Accuracy at 95% Specificity,0.7389079473985134
/scratchc/nrlab/wang04/ulyses_results_iteration/iteration_3_merge_below_3/cnn_model/cnn14/plasma_tp1_0.1x_model_C3/roc_curve_resnet18_tf_0_0.03/nested_cv_random/resnet18/repeat_10_fold_5_metrics.csv,10,5,resnet18,"[0, 0.03]",C3,F1 at 95% Specificity,0.7065868263473054
/scratchc/nrlab/wang04/ulyses_results_iteration/iteration_3_merge_below_3/cnn_model/cnn14/plasma_tp1_0.1x_model_C3/roc_curve_resnet18_tf_0_1/nested_cv_random/resnet18/repeat_10_fold_5_metrics.csv,1,1,resnet18,all,C3,AUROC,0.9246742328709544
/scratchc/nrlab/wang04/ulyses_results_iteration/iteration_3_merge_below_3/cnn_model/cnn14/plasma_tp1_0.1x_model_C3/roc_curve_resnet18_tf_0_1/nested_cv_random/resnet18/repeat_10_fold_5_metrics.csv,1,1,resnet18,all,C3,AUPRC,0.97207151920808
/scratchc/nrlab/wang04/ulyses_results_iteration/iteration_3_merge_below_3/cnn_model/cnn14/plasma_tp1_0.1x_model_C3/roc_curve_resnet18_tf_0_1/nested_cv_random/resnet18/repeat_10_fold_5_metrics.csv,1,1,resnet18,all,C3,Sensitivity at 99% Specificity,0.4098360655737705
/scratchc/nrlab/wang04/ulyses_results_iteration/iteration_3_merge_below_3/cnn_model/cnn14/plasma_tp1_0.1x_model_C3/roc_curve_resnet18_tf_0_1/nested_cv_random/resnet18/repeat_10_fold_5_metrics.csv,1,1,resnet18,all,C3,PPV at 99% Specificity,1
/scratchc/nrlab/wang04/ulyses_results_iteration/iteration_3_merge_below_3/cnn_model/cnn14/plasma_tp1_0.1x_model_C3/roc_curve_resnet18_tf_0_1/nested_cv_random/resnet18/repeat_10_fold_5_metrics.csv,1,1,resnet18,all,C3,Accuracy at 99% Specificity,0.6999180327868852
/scratchc/nrlab/wang04/ulyses_results_iteration/iteration_3_merge_below_3/cnn_model/cnn14/plasma_tp1_0.1x_model_C3/roc_curve_resnet18_tf_0_1/nested_cv_random/resnet18/repeat_10_fold_5_metrics.csv,1,1,resnet18,all,C3,F1 at 99% Specificity,0.5813953488372093
/scratchc/nrlab/wang04/ulyses_results_iteration/iteration_3_merge_below_3/cnn_model/cnn14/plasma_tp1_0.1x_model_C3/roc_curve_resnet18_tf_0_1/nested_cv_random/resnet18/repeat_10_fold_5_metrics.csv,1,1,resnet18,all,C3,Sensitivity at 98% Specificity,0.4098360655737705
/scratchc/nrlab/wang04/ulyses_results_iteration/iteration_3_merge_below_3/cnn_model/cnn14/plasma_tp1_0.1x_model_C3/roc_curve_resnet18_tf_0_1/nested_cv_random/resnet18/repeat_10_fold_5_metrics.csv,1,1,resnet18,all,C3,PPV at 98% Specificity,1
/scratchc/nrlab/wang04/ulyses_results_iteration/iteration_3_merge_below_3/cnn_model/cnn14/plasma_tp1_0.1x_model_C3/roc_curve_resnet18_tf_0_1/nested_cv_random/resnet18/repeat_10_fold_5_metrics.csv,1,1,resnet18,all,C3,Accuracy at 98% Specificity,0.6949180327868852
/scratchc/nrlab/wang04/ulyses_results_iteration/iteration_3_merge_below_3/cnn_model/cnn14/plasma_tp1_0.1x_model_C3/roc_curve_resnet18_tf_0_1/nested_cv_random/resnet18/repeat_10_fold_5_metrics.csv,1,1,resnet18,all,C3,F1 at 98% Specificity,0.5813953488372093
/scratchc/nrlab/wang04/ulyses_results_iteration/iteration_3_merge_below_3/cnn_model/cnn14/plasma_tp1_0.1x_model_C3/roc_curve_resnet18_tf_0_1/nested_cv_random/resnet18/repeat_10_fold_5_metrics.csv,1,1,resnet18,all,C3,Sensitivity at 95% Specificity,0.6557377049180327
/scratchc/nrlab/wang04/ulyses_results_iteration/iteration_3_merge_below_3/cnn_model/cnn14/plasma_tp1_0.1x_model_C3/roc_curve_resnet18_tf_0_1/nested_cv_random/resnet18/repeat_10_fold_5_metrics.csv,1,1,resnet18,all,C3,PPV at 95% Specificity,0.9836065573770492
/scratchc/nrlab/wang04/ulyses_results_iteration/iteration_3_merge_below_3/cnn_model/cnn14/plasma_tp1_0.1x_model_C3/roc_curve_resnet18_tf_0_1/nested_cv_random/resnet18/repeat_10_fold_5_metrics.csv,1,1,resnet18,all,C3,Accuracy at 95% Specificity,0.7882534678436317
/scratchc/nrlab/wang04/ulyses_results_iteration/iteration_3_merge_below_3/cnn_model/cnn14/plasma_tp1_0.1x_model_C3/roc_curve_resnet18_tf_0_1/nested_cv_random/resnet18/repeat_10_fold_5_metrics.csv,1,1,resnet18,all,C3,F1 at 95% Specificity,0.7868852459016393
/scratchc/nrlab/wang04/ulyses_results_iteration/iteration_3_merge_below_3/cnn_model/cnn14/plasma_tp1_0.1x_model_C3/roc_curve_resnet18_tf_0_1/nested_cv_random/resnet18/repeat_10_fold_5_metrics.csv,1,2,resnet18,all,C3,AUROC,0.9373848987108656
/scratchc/nrlab/wang04/ulyses_results_iteration/iteration_3_merge_below_3/cnn_model/cnn14/plasma_tp1_0.1x_model_C3/roc_curve_resnet18_tf_0_1/nested_cv_random/resnet18/repeat_10_fold_5_metrics.csv,1,2,resnet18,all,C3,AUPRC,0.9763885662275348
/scratchc/nrlab/wang04/ulyses_results_iteration/iteration_3_merge_below_3/cnn_model/cnn14/plasma_tp1_0.1x_model_C3/roc_curve_resnet18_tf_0_1/nested_cv_random/resnet18/repeat_10_fold_5_metrics.csv,1,2,resnet18,all,C3,Sensitivity at 99% Specificity,0.40331491712707185
/scratchc/nrlab/wang04/ulyses_results_iteration/iteration_3_merge_below_3/cnn_model/cnn14/plasma_tp1_0.1x_model_C3/roc_curve_resnet18_tf_0_1/nested_cv_random/resnet18/repeat_10_fold_5_metrics.csv,1,2,resnet18,all,C3,PPV at 99% Specificity,1
/scratchc/nrlab/wang04/ulyses_results_iteration/iteration_3_merge_below_3/cnn_model/cnn14/plasma_tp1_0.1x_model_C3/roc_curve_resnet18_tf_0_1/nested_cv_random/resnet18/repeat_10_fold_5_metrics.csv,1,2,resnet18,all,C3,Accuracy at 99% Specificity,0.6966574585635359
/scratchc/nrlab/wang04/ulyses_results_iteration/iteration_3_merge_below_3/cnn_model/cnn14/plasma_tp1_0.1x_model_C3/roc_curve_resnet18_tf_0_1/nested_cv_random/resnet18/repeat_10_fold_5_metrics.csv,1,2,resnet18,all,C3,F1 at 99% Specificity,0.5748031496062992
/scratchc/nrlab/wang04/ulyses_results_iteration/iteration_3_merge_below_3/cnn_model/cnn14/plasma_tp1_0.1x_model_C3/roc_curve_resnet18_tf_0_1/nested_cv_random/resnet18/repeat_10_fold_5_metrics.csv,1,2,resnet18,all,C3,Sensitivity at 98% Specificity,0.40331491712707185
/scratchc/nrlab/wang04/ulyses_results_iteration/iteration_3_merge_below_3/cnn_model/cnn14/plasma_tp1_0.1x_model_C3/roc_curve_resnet18_tf_0_1/nested_cv_random/resnet18/repeat_10_fold_5_metrics.csv,1,2,resnet18,all,C3,PPV at 98% Specificity,1
/scratchc/nrlab/wang04/ulyses_results_iteration/iteration_3_merge_below_3/cnn_model/cnn14/plasma_tp1_0.1x_model_C3/roc_curve_resnet18_tf_0_1/nested_cv_random/resnet18/repeat_10_fold_5_metrics.csv,1,2,resnet18,all,C3,Accuracy at 98% Specificity,0.6916574585635359
/scratchc/nrlab/wang04/ulyses_results_iteration/iteration_3_merge_below_3/cnn_model/cnn14/plasma_tp1_0.1x_model_C3/roc_curve_resnet18_tf_0_1/nested_cv_random/resnet18/repeat_10_fold_5_metrics.csv,1,2,resnet18,all,C3,F1 at 98% Specificity,0.5748031496062992
/scratchc/nrlab/wang04/ulyses_results_iteration/iteration_3_merge_below_3/cnn_model/cnn14/plasma_tp1_0.1x_model_C3/roc_curve_resnet18_tf_0_1/nested_cv_random/resnet18/repeat_10_fold_5_metrics.csv,1,2,resnet18,all,C3,Sensitivity at 95% Specificity,0.7182320441988951
/scratchc/nrlab/wang04/ulyses_results_iteration/iteration_3_merge_below_3/cnn_model/cnn14/plasma_tp1_0.1x_model_C3/roc_curve_resnet18_tf_0_1/nested_cv_random/resnet18/repeat_10_fold_5_metrics.csv,1,2,resnet18,all,C3,PPV at 95% Specificity,0.9848484848484848
/scratchc/nrlab/wang04/ulyses_results_iteration/iteration_3_merge_below_3/cnn_model/cnn14/plasma_tp1_0.1x_model_C3/roc_curve_resnet18_tf_0_1/nested_cv_random/resnet18/repeat_10_fold_5_metrics.csv,1,2,resnet18,all,C3,Accuracy at 95% Specificity,0.8197220827055081
/scratchc/nrlab/wang04/ulyses_results_iteration/iteration_3_merge_below_3/cnn_model/cnn14/plasma_tp1_0.1x_model_C3/roc_curve_resnet18_tf_0_1/nested_cv_random/resnet18/repeat_10_fold_5_metrics.csv,1,2,resnet18,all,C3,F1 at 95% Specificity,0.8306709265175719
/scratchc/nrlab/wang04/ulyses_results_iteration/iteration_3_merge_below_3/cnn_model/cnn14/plasma_tp1_0.1x_model_C3/roc_curve_resnet18_tf_0_1/nested_cv_random/resnet18/repeat_10_fold_5_metrics.csv,1,3,resnet18,all,C3,AUROC,0.9440744535519126
/scratchc/nrlab/wang04/ulyses_results_iteration/iteration_3_merge_below_3/cnn_model/cnn14/plasma_tp1_0.1x_model_C3/roc_curve_resnet18_tf_0_1/nested_cv_random/resnet18/repeat_10_fold_5_metrics.csv,1,3,resnet18,all,C3,AUPRC,0.9798056454646134
/scratchc/nrlab/wang04/ulyses_results_iteration/iteration_3_merge_below_3/cnn_model/cnn14/plasma_tp1_0.1x_model_C3/roc_curve_resnet18_tf_0_1/nested_cv_random/resnet18/repeat_10_fold_5_metrics.csv,1,3,resnet18,all,C3,Sensitivity at 99% Specificity,0.5901639344262295
/scratchc/nrlab/wang04/ulyses_results_iteration/iteration_3_merge_below_3/cnn_model/cnn14/plasma_tp1_0.1x_model_C3/roc_curve_resnet18_tf_0_1/nested_cv_random/resnet18/repeat_10_fold_5_metrics.csv,1,3,resnet18,all,C3,PPV at 99% Specificity,1
/scratchc/nrlab/wang04/ulyses_results_iteration/iteration_3_merge_below_3/cnn_model/cnn14/plasma_tp1_0.1x_model_C3/roc_curve_resnet18_tf_0_1/nested_cv_random/resnet18/repeat_10_fold_5_metrics.csv,1,3,resnet18,all,C3,Accuracy at 99% Specificity,0.7900819672131147
/scratchc/nrlab/wang04/ulyses_results_iteration/iteration_3_merge_below_3/cnn_model/cnn14/plasma_tp1_0.1x_model_C3/roc_curve_resnet18_tf_0_1/nested_cv_random/resnet18/repeat_10_fold_5_metrics.csv,1,3,resnet18,all,C3,F1 at 99% Specificity,0.7422680412371134
/scratchc/nrlab/wang04/ulyses_results_iteration/iteration_3_merge_below_3/cnn_model/cnn14/plasma_tp1_0.1x_model_C3/roc_curve_resnet18_tf_0_1/nested_cv_random/resnet18/repeat_10_fold_5_metrics.csv,1,3,resnet18,all,C3,Sensitivity at 98% Specificity,0.5901639344262295
/scratchc/nrlab/wang04/ulyses_results_iteration/iteration_3_merge_below_3/cnn_model/cnn14/plasma_tp1_0.1x_model_C3/roc_curve_resnet18_tf_0_1/nested_cv_random/resnet18/repeat_10_fold_5_metrics.csv,1,3,resnet18,all,C3,PPV at 98% Specificity,1
/scratchc/nrlab/wang04/ulyses_results_iteration/iteration_3_merge_below_3/cnn_model/cnn14/plasma_tp1_0.1x_model_C3/roc_curve_resnet18_tf_0_1/nested_cv_random/resnet18/repeat_10_fold_5_metrics.csv,1,3,resnet18,all,C3,Accuracy at 98% Specificity,0.7850819672131147
/scratchc/nrlab/wang04/ulyses_results_iteration/iteration_3_merge_below_3/cnn_model/cnn14/plasma_tp1_0.1x_model_C3/roc_curve_resnet18_tf_0_1/nested_cv_random/resnet18/repeat_10_fold_5_metrics.csv,1,3,resnet18,all,C3,F1 at 98% Specificity,0.7422680412371134
/scratchc/nrlab/wang04/ulyses_results_iteration/iteration_3_merge_below_3/cnn_model/cnn14/plasma_tp1_0.1x_model_C3/roc_curve_resnet18_tf_0_1/nested_cv_random/resnet18/repeat_10_fold_5_metrics.csv,1,3,resnet18,all,C3,Sensitivity at 95% Specificity,0.6830601092896175
/scratchc/nrlab/wang04/ulyses_results_iteration/iteration_3_merge_below_3/cnn_model/cnn14/plasma_tp1_0.1x_model_C3/roc_curve_resnet18_tf_0_1/nested_cv_random/resnet18/repeat_10_fold_5_metrics.csv,1,3,resnet18,all,C3,PPV at 95% Specificity,0.984251968503937
/scratchc/nrlab/wang04/ulyses_results_iteration/iteration_3_merge_below_3/cnn_model/cnn14/plasma_tp1_0.1x_model_C3/roc_curve_resnet18_tf_0_1/nested_cv_random/resnet18/repeat_10_fold_5_metrics.csv,1,3,resnet18,all,C3,Accuracy at 95% Specificity,0.8016863046448087
/scratchc/nrlab/wang04/ulyses_results_iteration/iteration_3_merge_below_3/cnn_model/cnn14/plasma_tp1_0.1x_model_C3/roc_curve_resnet18_tf_0_1/nested_cv_random/resnet18/repeat_10_fold_5_metrics.csv,1,3,resnet18,all,C3,F1 at 95% Specificity,0.8064516129032258
/scratchc/nrlab/wang04/ulyses_results_iteration/iteration_3_merge_below_3/cnn_model/cnn14/plasma_tp1_0.1x_model_C3/roc_curve_resnet18_tf_0_1/nested_cv_random/resnet18/repeat_10_fold_5_metrics.csv,1,4,resnet18,all,C3,AUROC,0.9266735679779158
/scratchc/nrlab/wang04/ulyses_results_iteration/iteration_3_merge_below_3/cnn_model/cnn14/plasma_tp1_0.1x_model_C3/roc_curve_resnet18_tf_0_1/nested_cv_random/resnet18/repeat_10_fold_5_metrics.csv,1,4,resnet18,all,C3,AUPRC,0.9750291526654732
/scratchc/nrlab/wang04/ulyses_results_iteration/iteration_3_merge_below_3/cnn_model/cnn14/plasma_tp1_0.1x_model_C3/roc_curve_resnet18_tf_0_1/nested_cv_random/resnet18/repeat_10_fold_5_metrics.csv,1,4,resnet18,all,C3,Sensitivity at 99% Specificity,0.42934782608695654
/scratchc/nrlab/wang04/ulyses_results_iteration/iteration_3_merge_below_3/cnn_model/cnn14/plasma_tp1_0.1x_model_C3/roc_curve_resnet18_tf_0_1/nested_cv_random/resnet18/repeat_10_fold_5_metrics.csv,1,4,resnet18,all,C3,PPV at 99% Specificity,1
/scratchc/nrlab/wang04/ulyses_results_iteration/iteration_3_merge_below_3/cnn_model/cnn14/plasma_tp1_0.1x_model_C3/roc_curve_resnet18_tf_0_1/nested_cv_random/resnet18/repeat_10_fold_5_metrics.csv,1,4,resnet18,all,C3,Accuracy at 99% Specificity,0.7096739130434783
/scratchc/nrlab/wang04/ulyses_results_iteration/iteration_3_merge_below_3/cnn_model/cnn14/plasma_tp1_0.1x_model_C3/roc_curve_resnet18_tf_0_1/nested_cv_random/resnet18/repeat_10_fold_5_metrics.csv,1,4,resnet18,all,C3,F1 at 99% Specificity,0.6007604562737643
/scratchc/nrlab/wang04/ulyses_results_iteration/iteration_3_merge_below_3/cnn_model/cnn14/plasma_tp1_0.1x_model_C3/roc_curve_resnet18_tf_0_1/nested_cv_random/resnet18/repeat_10_fold_5_metrics.csv,1,4,resnet18,all,C3,Sensitivity at 98% Specificity,0.42934782608695654
/scratchc/nrlab/wang04/ulyses_results_iteration/iteration_3_merge_below_3/cnn_model/cnn14/plasma_tp1_0.1x_model_C3/roc_curve_resnet18_tf_0_1/nested_cv_random/resnet18/repeat_10_fold_5_metrics.csv,1,4,resnet18,all,C3,PPV at 98% Specificity,1
/scratchc/nrlab/wang04/ulyses_results_iteration/iteration_3_merge_below_3/cnn_model/cnn14/plasma_tp1_0.1x_model_C3/roc_curve_resnet18_tf_0_1/nested_cv_random/resnet18/repeat_10_fold_5_metrics.csv,1,4,resnet18,all,C3,Accuracy at 98% Specificity,0.7046739130434783
/scratchc/nrlab/wang04/ulyses_results_iteration/iteration_3_merge_below_3/cnn_model/cnn14/plasma_tp1_0.1x_model_C3/roc_curve_resnet18_tf_0_1/nested_cv_random/resnet18/repeat_10_fold_5_metrics.csv,1,4,resnet18,all,C3,F1 at 98% Specificity,0.6007604562737643
/scratchc/nrlab/wang04/ulyses_results_iteration/iteration_3_merge_below_3/cnn_model/cnn14/plasma_tp1_0.1x_model_C3/roc_curve_resnet18_tf_0_1/nested_cv_random/resnet18/repeat_10_fold_5_metrics.csv,1,4,resnet18,all,C3,Sensitivity at 95% Specificity,0.7608695652173914
/scratchc/nrlab/wang04/ulyses_results_iteration/iteration_3_merge_below_3/cnn_model/cnn14/plasma_tp1_0.1x_model_C3/roc_curve_resnet18_tf_0_1/nested_cv_random/resnet18/repeat_10_fold_5_metrics.csv,1,4,resnet18,all,C3,PPV at 95% Specificity,0.9859154929577464
/scratchc/nrlab/wang04/ulyses_results_iteration/iteration_3_merge_below_3/cnn_model/cnn14/plasma_tp1_0.1x_model_C3/roc_curve_resnet18_tf_0_1/nested_cv_random/resnet18/repeat_10_fold_5_metrics.csv,1,4,resnet18,all,C3,Accuracy at 95% Specificity,0.8403554175293306
/scratchc/nrlab/wang04/ulyses_results_iteration/iteration_3_merge_below_3/cnn_model/cnn14/plasma_tp1_0.1x_model_C3/roc_curve_resnet18_tf_0_1/nested_cv_random/resnet18/repeat_10_fold_5_metrics.csv,1,4,resnet18,all,C3,F1 at 95% Specificity,0.8588957055214724
/scratchc/nrlab/wang04/ulyses_results_iteration/iteration_3_merge_below_3/cnn_model/cnn14/plasma_tp1_0.1x_model_C3/roc_curve_resnet18_tf_0_1/nested_cv_random/resnet18/repeat_10_fold_5_metrics.csv,1,5,resnet18,all,C3,AUROC,0.9045518265028448
/scratchc/nrlab/wang04/ulyses_results_iteration/iteration_3_merge_below_3/cnn_model/cnn14/plasma_tp1_0.1x_model_C3/roc_curve_resnet18_tf_0_1/nested_cv_random/resnet18/repeat_10_fold_5_metrics.csv,1,5,resnet18,all,C3,AUPRC,0.962998468266206
/scratchc/nrlab/wang04/ulyses_results_iteration/iteration_3_merge_below_3/cnn_model/cnn14/plasma_tp1_0.1x_model_C3/roc_curve_resnet18_tf_0_1/nested_cv_random/resnet18/repeat_10_fold_5_metrics.csv,1,5,resnet18,all,C3,Sensitivity at 99% Specificity,0.35359116022099446
/scratchc/nrlab/wang04/ulyses_results_iteration/iteration_3_merge_below_3/cnn_model/cnn14/plasma_tp1_0.1x_model_C3/roc_curve_resnet18_tf_0_1/nested_cv_random/resnet18/repeat_10_fold_5_metrics.csv,1,5,resnet18,all,C3,PPV at 99% Specificity,1
/scratchc/nrlab/wang04/ulyses_results_iteration/iteration_3_merge_below_3/cnn_model/cnn14/plasma_tp1_0.1x_model_C3/roc_curve_resnet18_tf_0_1/nested_cv_random/resnet18/repeat_10_fold_5_metrics.csv,1,5,resnet18,all,C3,Accuracy at 99% Specificity,0.6717955801104972
/scratchc/nrlab/wang04/ulyses_results_iteration/iteration_3_merge_below_3/cnn_model/cnn14/plasma_tp1_0.1x_model_C3/roc_curve_resnet18_tf_0_1/nested_cv_random/resnet18/repeat_10_fold_5_metrics.csv,1,5,resnet18,all,C3,F1 at 99% Specificity,0.5224489795918368
/scratchc/nrlab/wang04/ulyses_results_iteration/iteration_3_merge_below_3/cnn_model/cnn14/plasma_tp1_0.1x_model_C3/roc_curve_resnet18_tf_0_1/nested_cv_random/resnet18/repeat_10_fold_5_metrics.csv,1,5,resnet18,all,C3,Sensitivity at 98% Specificity,0.35359116022099446
/scratchc/nrlab/wang04/ulyses_results_iteration/iteration_3_merge_below_3/cnn_model/cnn14/plasma_tp1_0.1x_model_C3/roc_curve_resnet18_tf_0_1/nested_cv_random/resnet18/repeat_10_fold_5_metrics.csv,1,5,resnet18,all,C3,PPV at 98% Specificity,1
/scratchc/nrlab/wang04/ulyses_results_iteration/iteration_3_merge_below_3/cnn_model/cnn14/plasma_tp1_0.1x_model_C3/roc_curve_resnet18_tf_0_1/nested_cv_random/resnet18/repeat_10_fold_5_metrics.csv,1,5,resnet18,all,C3,Accuracy at 98% Specificity,0.6667955801104972
/scratchc/nrlab/wang04/ulyses_results_iteration/iteration_3_merge_below_3/cnn_model/cnn14/plasma_tp1_0.1x_model_C3/roc_curve_resnet18_tf_0_1/nested_cv_random/resnet18/repeat_10_fold_5_metrics.csv,1,5,resnet18,all,C3,F1 at 98% Specificity,0.5224489795918368
/scratchc/nrlab/wang04/ulyses_results_iteration/iteration_3_merge_below_3/cnn_model/cnn14/plasma_tp1_0.1x_model_C3/roc_curve_resnet18_tf_0_1/nested_cv_random/resnet18/repeat_10_fold_5_metrics.csv,1,5,resnet18,all,C3,Sensitivity at 95% Specificity,0.5248618784530387
/scratchc/nrlab/wang04/ulyses_results_iteration/iteration_3_merge_below_3/cnn_model/cnn14/plasma_tp1_0.1x_model_C3/roc_curve_resnet18_tf_0_1/nested_cv_random/resnet18/repeat_10_fold_5_metrics.csv,1,5,resnet18,all,C3,PPV at 95% Specificity,0.979381443298969
/scratchc/nrlab/wang04/ulyses_results_iteration/iteration_3_merge_below_3/cnn_model/cnn14/plasma_tp1_0.1x_model_C3/roc_curve_resnet18_tf_0_1/nested_cv_random/resnet18/repeat_10_fold_5_metrics.csv,1,5,resnet18,all,C3,Accuracy at 95% Specificity,0.7232518347489074
/scratchc/nrlab/wang04/ulyses_results_iteration/iteration_3_merge_below_3/cnn_model/cnn14/plasma_tp1_0.1x_model_C3/roc_curve_resnet18_tf_0_1/nested_cv_random/resnet18/repeat_10_fold_5_metrics.csv,1,5,resnet18,all,C3,F1 at 95% Specificity,0.6834532374100719
/scratchc/nrlab/wang04/ulyses_results_iteration/iteration_3_merge_below_3/cnn_model/cnn14/plasma_tp1_0.1x_model_C3/roc_curve_resnet18_tf_0_1/nested_cv_random/resnet18/repeat_10_fold_5_metrics.csv,2,1,resnet18,all,C3,AUROC,0.9152514152514152
/scratchc/nrlab/wang04/ulyses_results_iteration/iteration_3_merge_below_3/cnn_model/cnn14/plasma_tp1_0.1x_model_C3/roc_curve_resnet18_tf_0_1/nested_cv_random/resnet18/repeat_10_fold_5_metrics.csv,2,1,resnet18,all,C3,AUPRC,0.9660114917029304
/scratchc/nrlab/wang04/ulyses_results_iteration/iteration_3_merge_below_3/cnn_model/cnn14/plasma_tp1_0.1x_model_C3/roc_curve_resnet18_tf_0_1/nested_cv_random/resnet18/repeat_10_fold_5_metrics.csv,2,1,resnet18,all,C3,Sensitivity at 99% Specificity,0.3626373626373626
/scratchc/nrlab/wang04/ulyses_results_iteration/iteration_3_merge_below_3/cnn_model/cnn14/plasma_tp1_0.1x_model_C3/roc_curve_resnet18_tf_0_1/nested_cv_random/resnet18/repeat_10_fold_5_metrics.csv,2,1,resnet18,all,C3,PPV at 99% Specificity,1
/scratchc/nrlab/wang04/ulyses_results_iteration/iteration_3_merge_below_3/cnn_model/cnn14/plasma_tp1_0.1x_model_C3/roc_curve_resnet18_tf_0_1/nested_cv_random/resnet18/repeat_10_fold_5_metrics.csv,2,1,resnet18,all,C3,Accuracy at 99% Specificity,0.6763186813186813
/scratchc/nrlab/wang04/ulyses_results_iteration/iteration_3_merge_below_3/cnn_model/cnn14/plasma_tp1_0.1x_model_C3/roc_curve_resnet18_tf_0_1/nested_cv_random/resnet18/repeat_10_fold_5_metrics.csv,2,1,resnet18,all,C3,F1 at 99% Specificity,0.532258064516129
/scratchc/nrlab/wang04/ulyses_results_iteration/iteration_3_merge_below_3/cnn_model/cnn14/plasma_tp1_0.1x_model_C3/roc_curve_resnet18_tf_0_1/nested_cv_random/resnet18/repeat_10_fold_5_metrics.csv,2,1,resnet18,all,C3,Sensitivity at 98% Specificity,0.3626373626373626
/scratchc/nrlab/wang04/ulyses_results_iteration/iteration_3_merge_below_3/cnn_model/cnn14/plasma_tp1_0.1x_model_C3/roc_curve_resnet18_tf_0_1/nested_cv_random/resnet18/repeat_10_fold_5_metrics.csv,2,1,resnet18,all,C3,PPV at 98% Specificity,1
/scratchc/nrlab/wang04/ulyses_results_iteration/iteration_3_merge_below_3/cnn_model/cnn14/plasma_tp1_0.1x_model_C3/roc_curve_resnet18_tf_0_1/nested_cv_random/resnet18/repeat_10_fold_5_metrics.csv,2,1,resnet18,all,C3,Accuracy at 98% Specificity,0.6713186813186813
/scratchc/nrlab/wang04/ulyses_results_iteration/iteration_3_merge_below_3/cnn_model/cnn14/plasma_tp1_0.1x_model_C3/roc_curve_resnet18_tf_0_1/nested_cv_random/resnet18/repeat_10_fold_5_metrics.csv,2,1,resnet18,all,C3,F1 at 98% Specificity,0.532258064516129
/scratchc/nrlab/wang04/ulyses_results_iteration/iteration_3_merge_below_3/cnn_model/cnn14/plasma_tp1_0.1x_model_C3/roc_curve_resnet18_tf_0_1/nested_cv_random/resnet18/repeat_10_fold_5_metrics.csv,2,1,resnet18,all,C3,Sensitivity at 95% Specificity,0.5604395604395604
/scratchc/nrlab/wang04/ulyses_results_iteration/iteration_3_merge_below_3/cnn_model/cnn14/plasma_tp1_0.1x_model_C3/roc_curve_resnet18_tf_0_1/nested_cv_random/resnet18/repeat_10_fold_5_metrics.csv,2,1,resnet18,all,C3,PPV at 95% Specificity,0.9807692307692308
/scratchc/nrlab/wang04/ulyses_results_iteration/iteration_3_merge_below_3/cnn_model/cnn14/plasma_tp1_0.1x_model_C3/roc_curve_resnet18_tf_0_1/nested_cv_random/resnet18/repeat_10_fold_5_metrics.csv,2,1,resnet18,all,C3,Accuracy at 95% Specificity,0.7408258408258408
/scratchc/nrlab/wang04/ulyses_results_iteration/iteration_3_merge_below_3/cnn_model/cnn14/plasma_tp1_0.1x_model_C3/roc_curve_resnet18_tf_0_1/nested_cv_random/resnet18/repeat_10_fold_5_metrics.csv,2,1,resnet18,all,C3,F1 at 95% Specificity,0.7132867132867133
/scratchc/nrlab/wang04/ulyses_results_iteration/iteration_3_merge_below_3/cnn_model/cnn14/plasma_tp1_0.1x_model_C3/roc_curve_resnet18_tf_0_1/nested_cv_random/resnet18/repeat_10_fold_5_metrics.csv,2,2,resnet18,all,C3,AUROC,0.9135812649459883
/scratchc/nrlab/wang04/ulyses_results_iteration/iteration_3_merge_below_3/cnn_model/cnn14/plasma_tp1_0.1x_model_C3/roc_curve_resnet18_tf_0_1/nested_cv_random/resnet18/repeat_10_fold_5_metrics.csv,2,2,resnet18,all,C3,AUPRC,0.9665295471064004
/scratchc/nrlab/wang04/ulyses_results_iteration/iteration_3_merge_below_3/cnn_model/cnn14/plasma_tp1_0.1x_model_C3/roc_curve_resnet18_tf_0_1/nested_cv_random/resnet18/repeat_10_fold_5_metrics.csv,2,2,resnet18,all,C3,Sensitivity at 99% Specificity,0.3867403314917127
/scratchc/nrlab/wang04/ulyses_results_iteration/iteration_3_merge_below_3/cnn_model/cnn14/plasma_tp1_0.1x_model_C3/roc_curve_resnet18_tf_0_1/nested_cv_random/resnet18/repeat_10_fold_5_metrics.csv,2,2,resnet18,all,C3,PPV at 99% Specificity,1
/scratchc/nrlab/wang04/ulyses_results_iteration/iteration_3_merge_below_3/cnn_model/cnn14/plasma_tp1_0.1x_model_C3/roc_curve_resnet18_tf_0_1/nested_cv_random/resnet18/repeat_10_fold_5_metrics.csv,2,2,resnet18,all,C3,Accuracy at 99% Specificity,0.6883701657458563
/scratchc/nrlab/wang04/ulyses_results_iteration/iteration_3_merge_below_3/cnn_model/cnn14/plasma_tp1_0.1x_model_C3/roc_curve_resnet18_tf_0_1/nested_cv_random/resnet18/repeat_10_fold_5_metrics.csv,2,2,resnet18,all,C3,F1 at 99% Specificity,0.5577689243027888
/scratchc/nrlab/wang04/ulyses_results_iteration/iteration_3_merge_below_3/cnn_model/cnn14/plasma_tp1_0.1x_model_C3/roc_curve_resnet18_tf_0_1/nested_cv_random/resnet18/repeat_10_fold_5_metrics.csv,2,2,resnet18,all,C3,Sensitivity at 98% Specificity,0.3867403314917127
/scratchc/nrlab/wang04/ulyses_results_iteration/iteration_3_merge_below_3/cnn_model/cnn14/plasma_tp1_0.1x_model_C3/roc_curve_resnet18_tf_0_1/nested_cv_random/resnet18/repeat_10_fold_5_metrics.csv,2,2,resnet18,all,C3,PPV at 98% Specificity,1
/scratchc/nrlab/wang04/ulyses_results_iteration/iteration_3_merge_below_3/cnn_model/cnn14/plasma_tp1_0.1x_model_C3/roc_curve_resnet18_tf_0_1/nested_cv_random/resnet18/repeat_10_fold_5_metrics.csv,2,2,resnet18,all,C3,Accuracy at 98% Specificity,0.6833701657458564
/scratchc/nrlab/wang04/ulyses_results_iteration/iteration_3_merge_below_3/cnn_model/cnn14/plasma_tp1_0.1x_model_C3/roc_curve_resnet18_tf_0_1/nested_cv_random/resnet18/repeat_10_fold_5_metrics.csv,2,2,resnet18,all,C3,F1 at 98% Specificity,0.5577689243027888
/scratchc/nrlab/wang04/ulyses_results_iteration/iteration_3_merge_below_3/cnn_model/cnn14/plasma_tp1_0.1x_model_C3/roc_curve_resnet18_tf_0_1/nested_cv_random/resnet18/repeat_10_fold_5_metrics.csv,2,2,resnet18,all,C3,Sensitivity at 95% Specificity,0.5359116022099447
/scratchc/nrlab/wang04/ulyses_results_iteration/iteration_3_merge_below_3/cnn_model/cnn14/plasma_tp1_0.1x_model_C3/roc_curve_resnet18_tf_0_1/nested_cv_random/resnet18/repeat_10_fold_5_metrics.csv,2,2,resnet18,all,C3,PPV at 95% Specificity,0.9797979797979798
/scratchc/nrlab/wang04/ulyses_results_iteration/iteration_3_merge_below_3/cnn_model/cnn14/plasma_tp1_0.1x_model_C3/roc_curve_resnet18_tf_0_1/nested_cv_random/resnet18/repeat_10_fold_5_metrics.csv,2,2,resnet18,all,C3,Accuracy at 95% Specificity,0.7287766966273603
/scratchc/nrlab/wang04/ulyses_results_iteration/iteration_3_merge_below_3/cnn_model/cnn14/plasma_tp1_0.1x_model_C3/roc_curve_resnet18_tf_0_1/nested_cv_random/resnet18/repeat_10_fold_5_metrics.csv,2,2,resnet18,all,C3,F1 at 95% Specificity,0.6928571428571428
/scratchc/nrlab/wang04/ulyses_results_iteration/iteration_3_merge_below_3/cnn_model/cnn14/plasma_tp1_0.1x_model_C3/roc_curve_resnet18_tf_0_1/nested_cv_random/resnet18/repeat_10_fold_5_metrics.csv,2,3,resnet18,all,C3,AUROC,0.8623737373737373
/scratchc/nrlab/wang04/ulyses_results_iteration/iteration_3_merge_below_3/cnn_model/cnn14/plasma_tp1_0.1x_model_C3/roc_curve_resnet18_tf_0_1/nested_cv_random/resnet18/repeat_10_fold_5_metrics.csv,2,3,resnet18,all,C3,AUPRC,0.9459895675943698
/scratchc/nrlab/wang04/ulyses_results_iteration/iteration_3_merge_below_3/cnn_model/cnn14/plasma_tp1_0.1x_model_C3/roc_curve_resnet18_tf_0_1/nested_cv_random/resnet18/repeat_10_fold_5_metrics.csv,2,3,resnet18,all,C3,Sensitivity at 99% Specificity,0.4166666666666667
/scratchc/nrlab/wang04/ulyses_results_iteration/iteration_3_merge_below_3/cnn_model/cnn14/plasma_tp1_0.1x_model_C3/roc_curve_resnet18_tf_0_1/nested_cv_random/resnet18/repeat_10_fold_5_metrics.csv,2,3,resnet18,all,C3,PPV at 99% Specificity,1
/scratchc/nrlab/wang04/ulyses_results_iteration/iteration_3_merge_below_3/cnn_model/cnn14/plasma_tp1_0.1x_model_C3/roc_curve_resnet18_tf_0_1/nested_cv_random/resnet18/repeat_10_fold_5_metrics.csv,2,3,resnet18,all,C3,Accuracy at 99% Specificity,0.7033333333333334
/scratchc/nrlab/wang04/ulyses_results_iteration/iteration_3_merge_below_3/cnn_model/cnn14/plasma_tp1_0.1x_model_C3/roc_curve_resnet18_tf_0_1/nested_cv_random/resnet18/repeat_10_fold_5_metrics.csv,2,3,resnet18,all,C3,F1 at 99% Specificity,0.5882352941176471
/scratchc/nrlab/wang04/ulyses_results_iteration/iteration_3_merge_below_3/cnn_model/cnn14/plasma_tp1_0.1x_model_C3/roc_curve_resnet18_tf_0_1/nested_cv_random/resnet18/repeat_10_fold_5_metrics.csv,2,3,resnet18,all,C3,Sensitivity at 98% Specificity,0.4166666666666667
/scratchc/nrlab/wang04/ulyses_results_iteration/iteration_3_merge_below_3/cnn_model/cnn14/plasma_tp1_0.1x_model_C3/roc_curve_resnet18_tf_0_1/nested_cv_random/resnet18/repeat_10_fold_5_metrics.csv,2,3,resnet18,all,C3,PPV at 98% Specificity,1
/scratchc/nrlab/wang04/ulyses_results_iteration/iteration_3_merge_below_3/cnn_model/cnn14/plasma_tp1_0.1x_model_C3/roc_curve_resnet18_tf_0_1/nested_cv_random/resnet18/repeat_10_fold_5_metrics.csv,2,3,resnet18,all,C3,Accuracy at 98% Specificity,0.6983333333333334
/scratchc/nrlab/wang04/ulyses_results_iteration/iteration_3_merge_below_3/cnn_model/cnn14/plasma_tp1_0.1x_model_C3/roc_curve_resnet18_tf_0_1/nested_cv_random/resnet18/repeat_10_fold_5_metrics.csv,2,3,resnet18,all,C3,F1 at 98% Specificity,0.5882352941176471
/scratchc/nrlab/wang04/ulyses_results_iteration/iteration_3_merge_below_3/cnn_model/cnn14/plasma_tp1_0.1x_model_C3/roc_curve_resnet18_tf_0_1/nested_cv_random/resnet18/repeat_10_fold_5_metrics.csv,2,3,resnet18,all,C3,Sensitivity at 95% Specificity,0.4444444444444444
/scratchc/nrlab/wang04/ulyses_results_iteration/iteration_3_merge_below_3/cnn_model/cnn14/plasma_tp1_0.1x_model_C3/roc_curve_resnet18_tf_0_1/nested_cv_random/resnet18/repeat_10_fold_5_metrics.csv,2,3,resnet18,all,C3,PPV at 95% Specificity,0.975609756097561
/scratchc/nrlab/wang04/ulyses_results_iteration/iteration_3_merge_below_3/cnn_model/cnn14/plasma_tp1_0.1x_model_C3/roc_curve_resnet18_tf_0_1/nested_cv_random/resnet18/repeat_10_fold_5_metrics.csv,2,3,resnet18,all,C3,Accuracy at 95% Specificity,0.6828282828282828
/scratchc/nrlab/wang04/ulyses_results_iteration/iteration_3_merge_below_3/cnn_model/cnn14/plasma_tp1_0.1x_model_C3/roc_curve_resnet18_tf_0_1/nested_cv_random/resnet18/repeat_10_fold_5_metrics.csv,2,3,resnet18,all,C3,F1 at 95% Specificity,0.6106870229007634
/scratchc/nrlab/wang04/ulyses_results_iteration/iteration_3_merge_below_3/cnn_model/cnn14/plasma_tp1_0.1x_model_C3/roc_curve_resnet18_tf_0_1/nested_cv_random/resnet18/repeat_10_fold_5_metrics.csv,2,4,resnet18,all,C3,AUROC,0.9236038848421784
/scratchc/nrlab/wang04/ulyses_results_iteration/iteration_3_merge_below_3/cnn_model/cnn14/plasma_tp1_0.1x_model_C3/roc_curve_resnet18_tf_0_1/nested_cv_random/resnet18/repeat_10_fold_5_metrics.csv,2,4,resnet18,all,C3,AUPRC,0.9691582270461166
/scratchc/nrlab/wang04/ulyses_results_iteration/iteration_3_merge_below_3/cnn_model/cnn14/plasma_tp1_0.1x_model_C3/roc_curve_resnet18_tf_0_1/nested_cv_random/resnet18/repeat_10_fold_5_metrics.csv,2,4,resnet18,all,C3,Sensitivity at 99% Specificity,0.13440860215053765
/scratchc/nrlab/wang04/ulyses_results_iteration/iteration_3_merge_below_3/cnn_model/cnn14/plasma_tp1_0.1x_model_C3/roc_curve_resnet18_tf_0_1/nested_cv_random/resnet18/repeat_10_fold_5_metrics.csv,2,4,resnet18,all,C3,PPV at 99% Specificity,1
/scratchc/nrlab/wang04/ulyses_results_iteration/iteration_3_merge_below_3/cnn_model/cnn14/plasma_tp1_0.1x_model_C3/roc_curve_resnet18_tf_0_1/nested_cv_random/resnet18/repeat_10_fold_5_metrics.csv,2,4,resnet18,all,C3,Accuracy at 99% Specificity,0.5622043010752689
/scratchc/nrlab/wang04/ulyses_results_iteration/iteration_3_merge_below_3/cnn_model/cnn14/plasma_tp1_0.1x_model_C3/roc_curve_resnet18_tf_0_1/nested_cv_random/resnet18/repeat_10_fold_5_metrics.csv,2,4,resnet18,all,C3,F1 at 99% Specificity,0.23696682464454977
/scratchc/nrlab/wang04/ulyses_results_iteration/iteration_3_merge_below_3/cnn_model/cnn14/plasma_tp1_0.1x_model_C3/roc_curve_resnet18_tf_0_1/nested_cv_random/resnet18/repeat_10_fold_5_metrics.csv,2,4,resnet18,all,C3,Sensitivity at 98% Specificity,0.13440860215053765
/scratchc/nrlab/wang04/ulyses_results_iteration/iteration_3_merge_below_3/cnn_model/cnn14/plasma_tp1_0.1x_model_C3/roc_curve_resnet18_tf_0_1/nested_cv_random/resnet18/repeat_10_fold_5_metrics.csv,2,4,resnet18,all,C3,PPV at 98% Specificity,1
/scratchc/nrlab/wang04/ulyses_results_iteration/iteration_3_merge_below_3/cnn_model/cnn14/plasma_tp1_0.1x_model_C3/roc_curve_resnet18_tf_0_1/nested_cv_random/resnet18/repeat_10_fold_5_metrics.csv,2,4,resnet18,all,C3,Accuracy at 98% Specificity,0.5572043010752687
/scratchc/nrlab/wang04/ulyses_results_iteration/iteration_3_merge_below_3/cnn_model/cnn14/plasma_tp1_0.1x_model_C3/roc_curve_resnet18_tf_0_1/nested_cv_random/resnet18/repeat_10_fold_5_metrics.csv,2,4,resnet18,all,C3,F1 at 98% Specificity,0.23696682464454977
/scratchc/nrlab/wang04/ulyses_results_iteration/iteration_3_merge_below_3/cnn_model/cnn14/plasma_tp1_0.1x_model_C3/roc_curve_resnet18_tf_0_1/nested_cv_random/resnet18/repeat_10_fold_5_metrics.csv,2,4,resnet18,all,C3,Sensitivity at 95% Specificity,0.6989247311827957
/scratchc/nrlab/wang04/ulyses_results_iteration/iteration_3_merge_below_3/cnn_model/cnn14/plasma_tp1_0.1x_model_C3/roc_curve_resnet18_tf_0_1/nested_cv_random/resnet18/repeat_10_fold_5_metrics.csv,2,4,resnet18,all,C3,PPV at 95% Specificity,0.9848484848484848
/scratchc/nrlab/wang04/ulyses_results_iteration/iteration_3_merge_below_3/cnn_model/cnn14/plasma_tp1_0.1x_model_C3/roc_curve_resnet18_tf_0_1/nested_cv_random/resnet18/repeat_10_fold_5_metrics.csv,2,4,resnet18,all,C3,Accuracy at 95% Specificity,0.8091397849462365
/scratchc/nrlab/wang04/ulyses_results_iteration/iteration_3_merge_below_3/cnn_model/cnn14/plasma_tp1_0.1x_model_C3/roc_curve_resnet18_tf_0_1/nested_cv_random/resnet18/repeat_10_fold_5_metrics.csv,2,4,resnet18,all,C3,F1 at 95% Specificity,0.8176100628930818
/scratchc/nrlab/wang04/ulyses_results_iteration/iteration_3_merge_below_3/cnn_model/cnn14/plasma_tp1_0.1x_model_C3/roc_curve_resnet18_tf_0_1/nested_cv_random/resnet18/repeat_10_fold_5_metrics.csv,2,5,resnet18,all,C3,AUROC,0.9084699453551912
/scratchc/nrlab/wang04/ulyses_results_iteration/iteration_3_merge_below_3/cnn_model/cnn14/plasma_tp1_0.1x_model_C3/roc_curve_resnet18_tf_0_1/nested_cv_random/resnet18/repeat_10_fold_5_metrics.csv,2,5,resnet18,all,C3,AUPRC,0.9686150117430204
/scratchc/nrlab/wang04/ulyses_results_iteration/iteration_3_merge_below_3/cnn_model/cnn14/plasma_tp1_0.1x_model_C3/roc_curve_resnet18_tf_0_1/nested_cv_random/resnet18/repeat_10_fold_5_metrics.csv,2,5,resnet18,all,C3,Sensitivity at 99% Specificity,0.5519125683060109
/scratchc/nrlab/wang04/ulyses_results_iteration/iteration_3_merge_below_3/cnn_model/cnn14/plasma_tp1_0.1x_model_C3/roc_curve_resnet18_tf_0_1/nested_cv_random/resnet18/repeat_10_fold_5_metrics.csv,2,5,resnet18,all,C3,PPV at 99% Specificity,1
/scratchc/nrlab/wang04/ulyses_results_iteration/iteration_3_merge_below_3/cnn_model/cnn14/plasma_tp1_0.1x_model_C3/roc_curve_resnet18_tf_0_1/nested_cv_random/resnet18/repeat_10_fold_5_metrics.csv,2,5,resnet18,all,C3,Accuracy at 99% Specificity,0.7709562841530054
/scratchc/nrlab/wang04/ulyses_results_iteration/iteration_3_merge_below_3/cnn_model/cnn14/plasma_tp1_0.1x_model_C3/roc_curve_resnet18_tf_0_1/nested_cv_random/resnet18/repeat_10_fold_5_metrics.csv,2,5,resnet18,all,C3,F1 at 99% Specificity,0.7112676056338029
/scratchc/nrlab/wang04/ulyses_results_iteration/iteration_3_merge_below_3/cnn_model/cnn14/plasma_tp1_0.1x_model_C3/roc_curve_resnet18_tf_0_1/nested_cv_random/resnet18/repeat_10_fold_5_metrics.csv,2,5,resnet18,all,C3,Sensitivity at 98% Specificity,0.5519125683060109
/scratchc/nrlab/wang04/ulyses_results_iteration/iteration_3_merge_below_3/cnn_model/cnn14/plasma_tp1_0.1x_model_C3/roc_curve_resnet18_tf_0_1/nested_cv_random/resnet18/repeat_10_fold_5_metrics.csv,2,5,resnet18,all,C3,PPV at 98% Specificity,1
/scratchc/nrlab/wang04/ulyses_results_iteration/iteration_3_merge_below_3/cnn_model/cnn14/plasma_tp1_0.1x_model_C3/roc_curve_resnet18_tf_0_1/nested_cv_random/resnet18/repeat_10_fold_5_metrics.csv,2,5,resnet18,all,C3,Accuracy at 98% Specificity,0.7659562841530054
/scratchc/nrlab/wang04/ulyses_results_iteration/iteration_3_merge_below_3/cnn_model/cnn14/plasma_tp1_0.1x_model_C3/roc_curve_resnet18_tf_0_1/nested_cv_random/resnet18/repeat_10_fold_5_metrics.csv,2,5,resnet18,all,C3,F1 at 98% Specificity,0.7112676056338029
/scratchc/nrlab/wang04/ulyses_results_iteration/iteration_3_merge_below_3/cnn_model/cnn14/plasma_tp1_0.1x_model_C3/roc_curve_resnet18_tf_0_1/nested_cv_random/resnet18/repeat_10_fold_5_metrics.csv,2,5,resnet18,all,C3,Sensitivity at 95% Specificity,0.6830601092896175
/scratchc/nrlab/wang04/ulyses_results_iteration/iteration_3_merge_below_3/cnn_model/cnn14/plasma_tp1_0.1x_model_C3/roc_curve_resnet18_tf_0_1/nested_cv_random/resnet18/repeat_10_fold_5_metrics.csv,2,5,resnet18,all,C3,PPV at 95% Specificity,0.9765625
/scratchc/nrlab/wang04/ulyses_results_iteration/iteration_3_merge_below_3/cnn_model/cnn14/plasma_tp1_0.1x_model_C3/roc_curve_resnet18_tf_0_1/nested_cv_random/resnet18/repeat_10_fold_5_metrics.csv,2,5,resnet18,all,C3,Accuracy at 95% Specificity,0.7942644296448087
/scratchc/nrlab/wang04/ulyses_results_iteration/iteration_3_merge_below_3/cnn_model/cnn14/plasma_tp1_0.1x_model_C3/roc_curve_resnet18_tf_0_1/nested_cv_random/resnet18/repeat_10_fold_5_metrics.csv,2,5,resnet18,all,C3,F1 at 95% Specificity,0.8038585209003215
/scratchc/nrlab/wang04/ulyses_results_iteration/iteration_3_merge_below_3/cnn_model/cnn14/plasma_tp1_0.1x_model_C3/roc_curve_resnet18_tf_0_1/nested_cv_random/resnet18/repeat_10_fold_5_metrics.csv,3,1,resnet18,all,C3,AUROC,0.9252359662195728
/scratchc/nrlab/wang04/ulyses_results_iteration/iteration_3_merge_below_3/cnn_model/cnn14/plasma_tp1_0.1x_model_C3/roc_curve_resnet18_tf_0_1/nested_cv_random/resnet18/repeat_10_fold_5_metrics.csv,3,1,resnet18,all,C3,AUPRC,0.9716131165258478
/scratchc/nrlab/wang04/ulyses_results_iteration/iteration_3_merge_below_3/cnn_model/cnn14/plasma_tp1_0.1x_model_C3/roc_curve_resnet18_tf_0_1/nested_cv_random/resnet18/repeat_10_fold_5_metrics.csv,3,1,resnet18,all,C3,Sensitivity at 99% Specificity,0.29508196721311475
/scratchc/nrlab/wang04/ulyses_results_iteration/iteration_3_merge_below_3/cnn_model/cnn14/plasma_tp1_0.1x_model_C3/roc_curve_resnet18_tf_0_1/nested_cv_random/resnet18/repeat_10_fold_5_metrics.csv,3,1,resnet18,all,C3,PPV at 99% Specificity,1
/scratchc/nrlab/wang04/ulyses_results_iteration/iteration_3_merge_below_3/cnn_model/cnn14/plasma_tp1_0.1x_model_C3/roc_curve_resnet18_tf_0_1/nested_cv_random/resnet18/repeat_10_fold_5_metrics.csv,3,1,resnet18,all,C3,Accuracy at 99% Specificity,0.6425409836065574
/scratchc/nrlab/wang04/ulyses_results_iteration/iteration_3_merge_below_3/cnn_model/cnn14/plasma_tp1_0.1x_model_C3/roc_curve_resnet18_tf_0_1/nested_cv_random/resnet18/repeat_10_fold_5_metrics.csv,3,1,resnet18,all,C3,F1 at 99% Specificity,0.4556962025316456
/scratchc/nrlab/wang04/ulyses_results_iteration/iteration_3_merge_below_3/cnn_model/cnn14/plasma_tp1_0.1x_model_C3/roc_curve_resnet18_tf_0_1/nested_cv_random/resnet18/repeat_10_fold_5_metrics.csv,3,1,resnet18,all,C3,Sensitivity at 98% Specificity,0.29508196721311475
/scratchc/nrlab/wang04/ulyses_results_iteration/iteration_3_merge_below_3/cnn_model/cnn14/plasma_tp1_0.1x_model_C3/roc_curve_resnet18_tf_0_1/nested_cv_random/resnet18/repeat_10_fold_5_metrics.csv,3,1,resnet18,all,C3,PPV at 98% Specificity,1
/scratchc/nrlab/wang04/ulyses_results_iteration/iteration_3_merge_below_3/cnn_model/cnn14/plasma_tp1_0.1x_model_C3/roc_curve_resnet18_tf_0_1/nested_cv_random/resnet18/repeat_10_fold_5_metrics.csv,3,1,resnet18,all,C3,Accuracy at 98% Specificity,0.6375409836065573
/scratchc/nrlab/wang04/ulyses_results_iteration/iteration_3_merge_below_3/cnn_model/cnn14/plasma_tp1_0.1x_model_C3/roc_curve_resnet18_tf_0_1/nested_cv_random/resnet18/repeat_10_fold_5_metrics.csv,3,1,resnet18,all,C3,F1 at 98% Specificity,0.4556962025316456
/scratchc/nrlab/wang04/ulyses_results_iteration/iteration_3_merge_below_3/cnn_model/cnn14/plasma_tp1_0.1x_model_C3/roc_curve_resnet18_tf_0_1/nested_cv_random/resnet18/repeat_10_fold_5_metrics.csv,3,1,resnet18,all,C3,Sensitivity at 95% Specificity,0.6721311475409836
/scratchc/nrlab/wang04/ulyses_results_iteration/iteration_3_merge_below_3/cnn_model/cnn14/plasma_tp1_0.1x_model_C3/roc_curve_resnet18_tf_0_1/nested_cv_random/resnet18/repeat_10_fold_5_metrics.csv,3,1,resnet18,all,C3,PPV at 95% Specificity,0.984
/scratchc/nrlab/wang04/ulyses_results_iteration/iteration_3_merge_below_3/cnn_model/cnn14/plasma_tp1_0.1x_model_C3/roc_curve_resnet18_tf_0_1/nested_cv_random/resnet18/repeat_10_fold_5_metrics.csv,3,1,resnet18,all,C3,Accuracy at 95% Specificity,0.7966716343765523
/scratchc/nrlab/wang04/ulyses_results_iteration/iteration_3_merge_below_3/cnn_model/cnn14/plasma_tp1_0.1x_model_C3/roc_curve_resnet18_tf_0_1/nested_cv_random/resnet18/repeat_10_fold_5_metrics.csv,3,1,resnet18,all,C3,F1 at 95% Specificity,0.7987012987012987
/scratchc/nrlab/wang04/ulyses_results_iteration/iteration_3_merge_below_3/cnn_model/cnn14/plasma_tp1_0.1x_model_C3/roc_curve_resnet18_tf_0_1/nested_cv_random/resnet18/repeat_10_fold_5_metrics.csv,3,2,resnet18,all,C3,AUROC,0.9247602441150828
/scratchc/nrlab/wang04/ulyses_results_iteration/iteration_3_merge_below_3/cnn_model/cnn14/plasma_tp1_0.1x_model_C3/roc_curve_resnet18_tf_0_1/nested_cv_random/resnet18/repeat_10_fold_5_metrics.csv,3,2,resnet18,all,C3,AUPRC,0.9673395957695528
/scratchc/nrlab/wang04/ulyses_results_iteration/iteration_3_merge_below_3/cnn_model/cnn14/plasma_tp1_0.1x_model_C3/roc_curve_resnet18_tf_0_1/nested_cv_random/resnet18/repeat_10_fold_5_metrics.csv,3,2,resnet18,all,C3,Sensitivity at 99% Specificity,0.10810810810810811
/scratchc/nrlab/wang04/ulyses_results_iteration/iteration_3_merge_below_3/cnn_model/cnn14/plasma_tp1_0.1x_model_C3/roc_curve_resnet18_tf_0_1/nested_cv_random/resnet18/repeat_10_fold_5_metrics.csv,3,2,resnet18,all,C3,PPV at 99% Specificity,1
/scratchc/nrlab/wang04/ulyses_results_iteration/iteration_3_merge_below_3/cnn_model/cnn14/plasma_tp1_0.1x_model_C3/roc_curve_resnet18_tf_0_1/nested_cv_random/resnet18/repeat_10_fold_5_metrics.csv,3,2,resnet18,all,C3,Accuracy at 99% Specificity,0.549054054054054
/scratchc/nrlab/wang04/ulyses_results_iteration/iteration_3_merge_below_3/cnn_model/cnn14/plasma_tp1_0.1x_model_C3/roc_curve_resnet18_tf_0_1/nested_cv_random/resnet18/repeat_10_fold_5_metrics.csv,3,2,resnet18,all,C3,F1 at 99% Specificity,0.1951219512195122
/scratchc/nrlab/wang04/ulyses_results_iteration/iteration_3_merge_below_3/cnn_model/cnn14/plasma_tp1_0.1x_model_C3/roc_curve_resnet18_tf_0_1/nested_cv_random/resnet18/repeat_10_fold_5_metrics.csv,3,2,resnet18,all,C3,Sensitivity at 98% Specificity,0.10810810810810811
/scratchc/nrlab/wang04/ulyses_results_iteration/iteration_3_merge_below_3/cnn_model/cnn14/plasma_tp1_0.1x_model_C3/roc_curve_resnet18_tf_0_1/nested_cv_random/resnet18/repeat_10_fold_5_metrics.csv,3,2,resnet18,all,C3,PPV at 98% Specificity,1
/scratchc/nrlab/wang04/ulyses_results_iteration/iteration_3_merge_below_3/cnn_model/cnn14/plasma_tp1_0.1x_model_C3/roc_curve_resnet18_tf_0_1/nested_cv_random/resnet18/repeat_10_fold_5_metrics.csv,3,2,resnet18,all,C3,Accuracy at 98% Specificity,0.544054054054054
/scratchc/nrlab/wang04/ulyses_results_iteration/iteration_3_merge_below_3/cnn_model/cnn14/plasma_tp1_0.1x_model_C3/roc_curve_resnet18_tf_0_1/nested_cv_random/resnet18/repeat_10_fold_5_metrics.csv,3,2,resnet18,all,C3,F1 at 98% Specificity,0.1951219512195122
/scratchc/nrlab/wang04/ulyses_results_iteration/iteration_3_merge_below_3/cnn_model/cnn14/plasma_tp1_0.1x_model_C3/roc_curve_resnet18_tf_0_1/nested_cv_random/resnet18/repeat_10_fold_5_metrics.csv,3,2,resnet18,all,C3,Sensitivity at 95% Specificity,0.6378378378378379
/scratchc/nrlab/wang04/ulyses_results_iteration/iteration_3_merge_below_3/cnn_model/cnn14/plasma_tp1_0.1x_model_C3/roc_curve_resnet18_tf_0_1/nested_cv_random/resnet18/repeat_10_fold_5_metrics.csv,3,2,resnet18,all,C3,PPV at 95% Specificity,0.9833333333333332
/scratchc/nrlab/wang04/ulyses_results_iteration/iteration_3_merge_below_3/cnn_model/cnn14/plasma_tp1_0.1x_model_C3/roc_curve_resnet18_tf_0_1/nested_cv_random/resnet18/repeat_10_fold_5_metrics.csv,3,2,resnet18,all,C3,Accuracy at 95% Specificity,0.7785963382737576
/scratchc/nrlab/wang04/ulyses_results_iteration/iteration_3_merge_below_3/cnn_model/cnn14/plasma_tp1_0.1x_model_C3/roc_curve_resnet18_tf_0_1/nested_cv_random/resnet18/repeat_10_fold_5_metrics.csv,3,2,resnet18,all,C3,F1 at 95% Specificity,0.7737704918032787
/scratchc/nrlab/wang04/ulyses_results_iteration/iteration_3_merge_below_3/cnn_model/cnn14/plasma_tp1_0.1x_model_C3/roc_curve_resnet18_tf_0_1/nested_cv_random/resnet18/repeat_10_fold_5_metrics.csv,3,3,resnet18,all,C3,AUROC,0.9349244505494504
/scratchc/nrlab/wang04/ulyses_results_iteration/iteration_3_merge_below_3/cnn_model/cnn14/plasma_tp1_0.1x_model_C3/roc_curve_resnet18_tf_0_1/nested_cv_random/resnet18/repeat_10_fold_5_metrics.csv,3,3,resnet18,all,C3,AUPRC,0.9768855016239856
/scratchc/nrlab/wang04/ulyses_results_iteration/iteration_3_merge_below_3/cnn_model/cnn14/plasma_tp1_0.1x_model_C3/roc_curve_resnet18_tf_0_1/nested_cv_random/resnet18/repeat_10_fold_5_metrics.csv,3,3,resnet18,all,C3,Sensitivity at 99% Specificity,0.45054945054945056
/scratchc/nrlab/wang04/ulyses_results_iteration/iteration_3_merge_below_3/cnn_model/cnn14/plasma_tp1_0.1x_model_C3/roc_curve_resnet18_tf_0_1/nested_cv_random/resnet18/repeat_10_fold_5_metrics.csv,3,3,resnet18,all,C3,PPV at 99% Specificity,1
/scratchc/nrlab/wang04/ulyses_results_iteration/iteration_3_merge_below_3/cnn_model/cnn14/plasma_tp1_0.1x_model_C3/roc_curve_resnet18_tf_0_1/nested_cv_random/resnet18/repeat_10_fold_5_metrics.csv,3,3,resnet18,all,C3,Accuracy at 99% Specificity,0.7202747252747252
/scratchc/nrlab/wang04/ulyses_results_iteration/iteration_3_merge_below_3/cnn_model/cnn14/plasma_tp1_0.1x_model_C3/roc_curve_resnet18_tf_0_1/nested_cv_random/resnet18/repeat_10_fold_5_metrics.csv,3,3,resnet18,all,C3,F1 at 99% Specificity,0.6212121212121212
/scratchc/nrlab/wang04/ulyses_results_iteration/iteration_3_merge_below_3/cnn_model/cnn14/plasma_tp1_0.1x_model_C3/roc_curve_resnet18_tf_0_1/nested_cv_random/resnet18/repeat_10_fold_5_metrics.csv,3,3,resnet18,all,C3,Sensitivity at 98% Specificity,0.45054945054945056
/scratchc/nrlab/wang04/ulyses_results_iteration/iteration_3_merge_below_3/cnn_model/cnn14/plasma_tp1_0.1x_model_C3/roc_curve_resnet18_tf_0_1/nested_cv_random/resnet18/repeat_10_fold_5_metrics.csv,3,3,resnet18,all,C3,PPV at 98% Specificity,1
/scratchc/nrlab/wang04/ulyses_results_iteration/iteration_3_merge_below_3/cnn_model/cnn14/plasma_tp1_0.1x_model_C3/roc_curve_resnet18_tf_0_1/nested_cv_random/resnet18/repeat_10_fold_5_metrics.csv,3,3,resnet18,all,C3,Accuracy at 98% Specificity,0.7152747252747252
/scratchc/nrlab/wang04/ulyses_results_iteration/iteration_3_merge_below_3/cnn_model/cnn14/plasma_tp1_0.1x_model_C3/roc_curve_resnet18_tf_0_1/nested_cv_random/resnet18/repeat_10_fold_5_metrics.csv,3,3,resnet18,all,C3,F1 at 98% Specificity,0.6212121212121212
/scratchc/nrlab/wang04/ulyses_results_iteration/iteration_3_merge_below_3/cnn_model/cnn14/plasma_tp1_0.1x_model_C3/roc_curve_resnet18_tf_0_1/nested_cv_random/resnet18/repeat_10_fold_5_metrics.csv,3,3,resnet18,all,C3,Sensitivity at 95% Specificity,0.6758241758241759
/scratchc/nrlab/wang04/ulyses_results_iteration/iteration_3_merge_below_3/cnn_model/cnn14/plasma_tp1_0.1x_model_C3/roc_curve_resnet18_tf_0_1/nested_cv_random/resnet18/repeat_10_fold_5_metrics.csv,3,3,resnet18,all,C3,PPV at 95% Specificity,0.984
/scratchc/nrlab/wang04/ulyses_results_iteration/iteration_3_merge_below_3/cnn_model/cnn14/plasma_tp1_0.1x_model_C3/roc_curve_resnet18_tf_0_1/nested_cv_random/resnet18/repeat_10_fold_5_metrics.csv,3,3,resnet18,all,C3,Accuracy at 95% Specificity,0.7980683379120879
/scratchc/nrlab/wang04/ulyses_results_iteration/iteration_3_merge_below_3/cnn_model/cnn14/plasma_tp1_0.1x_model_C3/roc_curve_resnet18_tf_0_1/nested_cv_random/resnet18/repeat_10_fold_5_metrics.csv,3,3,resnet18,all,C3,F1 at 95% Specificity,0.8013029315960912
/scratchc/nrlab/wang04/ulyses_results_iteration/iteration_3_merge_below_3/cnn_model/cnn14/plasma_tp1_0.1x_model_C3/roc_curve_resnet18_tf_0_1/nested_cv_random/resnet18/repeat_10_fold_5_metrics.csv,3,4,resnet18,all,C3,AUROC,0.9343421605716687
/scratchc/nrlab/wang04/ulyses_results_iteration/iteration_3_merge_below_3/cnn_model/cnn14/plasma_tp1_0.1x_model_C3/roc_curve_resnet18_tf_0_1/nested_cv_random/resnet18/repeat_10_fold_5_metrics.csv,3,4,resnet18,all,C3,AUPRC,0.97794337411892
/scratchc/nrlab/wang04/ulyses_results_iteration/iteration_3_merge_below_3/cnn_model/cnn14/plasma_tp1_0.1x_model_C3/roc_curve_resnet18_tf_0_1/nested_cv_random/resnet18/repeat_10_fold_5_metrics.csv,3,4,resnet18,all,C3,Sensitivity at 99% Specificity,0.7049180327868853
/scratchc/nrlab/wang04/ulyses_results_iteration/iteration_3_merge_below_3/cnn_model/cnn14/plasma_tp1_0.1x_model_C3/roc_curve_resnet18_tf_0_1/nested_cv_random/resnet18/repeat_10_fold_5_metrics.csv,3,4,resnet18,all,C3,PPV at 99% Specificity,1
/scratchc/nrlab/wang04/ulyses_results_iteration/iteration_3_merge_below_3/cnn_model/cnn14/plasma_tp1_0.1x_model_C3/roc_curve_resnet18_tf_0_1/nested_cv_random/resnet18/repeat_10_fold_5_metrics.csv,3,4,resnet18,all,C3,Accuracy at 99% Specificity,0.8474590163934426
/scratchc/nrlab/wang04/ulyses_results_iteration/iteration_3_merge_below_3/cnn_model/cnn14/plasma_tp1_0.1x_model_C3/roc_curve_resnet18_tf_0_1/nested_cv_random/resnet18/repeat_10_fold_5_metrics.csv,3,4,resnet18,all,C3,F1 at 99% Specificity,0.8269230769230769
/scratchc/nrlab/wang04/ulyses_results_iteration/iteration_3_merge_below_3/cnn_model/cnn14/plasma_tp1_0.1x_model_C3/roc_curve_resnet18_tf_0_1/nested_cv_random/resnet18/repeat_10_fold_5_metrics.csv,3,4,resnet18,all,C3,Sensitivity at 98% Specificity,0.7049180327868853
/scratchc/nrlab/wang04/ulyses_results_iteration/iteration_3_merge_below_3/cnn_model/cnn14/plasma_tp1_0.1x_model_C3/roc_curve_resnet18_tf_0_1/nested_cv_random/resnet18/repeat_10_fold_5_metrics.csv,3,4,resnet18,all,C3,PPV at 98% Specificity,1
/scratchc/nrlab/wang04/ulyses_results_iteration/iteration_3_merge_below_3/cnn_model/cnn14/plasma_tp1_0.1x_model_C3/roc_curve_resnet18_tf_0_1/nested_cv_random/resnet18/repeat_10_fold_5_metrics.csv,3,4,resnet18,all,C3,Accuracy at 98% Specificity,0.8424590163934427
/scratchc/nrlab/wang04/ulyses_results_iteration/iteration_3_merge_below_3/cnn_model/cnn14/plasma_tp1_0.1x_model_C3/roc_curve_resnet18_tf_0_1/nested_cv_random/resnet18/repeat_10_fold_5_metrics.csv,3,4,resnet18,all,C3,F1 at 98% Specificity,0.8269230769230769
/scratchc/nrlab/wang04/ulyses_results_iteration/iteration_3_merge_below_3/cnn_model/cnn14/plasma_tp1_0.1x_model_C3/roc_curve_resnet18_tf_0_1/nested_cv_random/resnet18/repeat_10_fold_5_metrics.csv,3,4,resnet18,all,C3,Sensitivity at 95% Specificity,0.7158469945355191
/scratchc/nrlab/wang04/ulyses_results_iteration/iteration_3_merge_below_3/cnn_model/cnn14/plasma_tp1_0.1x_model_C3/roc_curve_resnet18_tf_0_1/nested_cv_random/resnet18/repeat_10_fold_5_metrics.csv,3,4,resnet18,all,C3,PPV at 95% Specificity,0.9849624060150376
/scratchc/nrlab/wang04/ulyses_results_iteration/iteration_3_merge_below_3/cnn_model/cnn14/plasma_tp1_0.1x_model_C3/roc_curve_resnet18_tf_0_1/nested_cv_random/resnet18/repeat_10_fold_5_metrics.csv,3,4,resnet18,all,C3,Accuracy at 95% Specificity,0.8183081126523749
/scratchc/nrlab/wang04/ulyses_results_iteration/iteration_3_merge_below_3/cnn_model/cnn14/plasma_tp1_0.1x_model_C3/roc_curve_resnet18_tf_0_1/nested_cv_random/resnet18/repeat_10_fold_5_metrics.csv,3,4,resnet18,all,C3,F1 at 95% Specificity,0.8291139240506329
/scratchc/nrlab/wang04/ulyses_results_iteration/iteration_3_merge_below_3/cnn_model/cnn14/plasma_tp1_0.1x_model_C3/roc_curve_resnet18_tf_0_1/nested_cv_random/resnet18/repeat_10_fold_5_metrics.csv,3,5,resnet18,all,C3,AUROC,0.865428853105488
/scratchc/nrlab/wang04/ulyses_results_iteration/iteration_3_merge_below_3/cnn_model/cnn14/plasma_tp1_0.1x_model_C3/roc_curve_resnet18_tf_0_1/nested_cv_random/resnet18/repeat_10_fold_5_metrics.csv,3,5,resnet18,all,C3,AUPRC,0.9429915308988016
/scratchc/nrlab/wang04/ulyses_results_iteration/iteration_3_merge_below_3/cnn_model/cnn14/plasma_tp1_0.1x_model_C3/roc_curve_resnet18_tf_0_1/nested_cv_random/resnet18/repeat_10_fold_5_metrics.csv,3,5,resnet18,all,C3,Sensitivity at 99% Specificity,0.29608938547486036
/scratchc/nrlab/wang04/ulyses_results_iteration/iteration_3_merge_below_3/cnn_model/cnn14/plasma_tp1_0.1x_model_C3/roc_curve_resnet18_tf_0_1/nested_cv_random/resnet18/repeat_10_fold_5_metrics.csv,3,5,resnet18,all,C3,PPV at 99% Specificity,1
/scratchc/nrlab/wang04/ulyses_results_iteration/iteration_3_merge_below_3/cnn_model/cnn14/plasma_tp1_0.1x_model_C3/roc_curve_resnet18_tf_0_1/nested_cv_random/resnet18/repeat_10_fold_5_metrics.csv,3,5,resnet18,all,C3,Accuracy at 99% Specificity,0.6430446927374301
/scratchc/nrlab/wang04/ulyses_results_iteration/iteration_3_merge_below_3/cnn_model/cnn14/plasma_tp1_0.1x_model_C3/roc_curve_resnet18_tf_0_1/nested_cv_random/resnet18/repeat_10_fold_5_metrics.csv,3,5,resnet18,all,C3,F1 at 99% Specificity,0.4568965517241379
/scratchc/nrlab/wang04/ulyses_results_iteration/iteration_3_merge_below_3/cnn_model/cnn14/plasma_tp1_0.1x_model_C3/roc_curve_resnet18_tf_0_1/nested_cv_random/resnet18/repeat_10_fold_5_metrics.csv,3,5,resnet18,all,C3,Sensitivity at 98% Specificity,0.29608938547486036
/scratchc/nrlab/wang04/ulyses_results_iteration/iteration_3_merge_below_3/cnn_model/cnn14/plasma_tp1_0.1x_model_C3/roc_curve_resnet18_tf_0_1/nested_cv_random/resnet18/repeat_10_fold_5_metrics.csv,3,5,resnet18,all,C3,PPV at 98% Specificity,1
/scratchc/nrlab/wang04/ulyses_results_iteration/iteration_3_merge_below_3/cnn_model/cnn14/plasma_tp1_0.1x_model_C3/roc_curve_resnet18_tf_0_1/nested_cv_random/resnet18/repeat_10_fold_5_metrics.csv,3,5,resnet18,all,C3,Accuracy at 98% Specificity,0.6380446927374301
/scratchc/nrlab/wang04/ulyses_results_iteration/iteration_3_merge_below_3/cnn_model/cnn14/plasma_tp1_0.1x_model_C3/roc_curve_resnet18_tf_0_1/nested_cv_random/resnet18/repeat_10_fold_5_metrics.csv,3,5,resnet18,all,C3,F1 at 98% Specificity,0.4568965517241379
/scratchc/nrlab/wang04/ulyses_results_iteration/iteration_3_merge_below_3/cnn_model/cnn14/plasma_tp1_0.1x_model_C3/roc_curve_resnet18_tf_0_1/nested_cv_random/resnet18/repeat_10_fold_5_metrics.csv,3,5,resnet18,all,C3,Sensitivity at 95% Specificity,0.3687150837988827
/scratchc/nrlab/wang04/ulyses_results_iteration/iteration_3_merge_below_3/cnn_model/cnn14/plasma_tp1_0.1x_model_C3/roc_curve_resnet18_tf_0_1/nested_cv_random/resnet18/repeat_10_fold_5_metrics.csv,3,5,resnet18,all,C3,PPV at 95% Specificity,0.9705882352941176
/scratchc/nrlab/wang04/ulyses_results_iteration/iteration_3_merge_below_3/cnn_model/cnn14/plasma_tp1_0.1x_model_C3/roc_curve_resnet18_tf_0_1/nested_cv_random/resnet18/repeat_10_fold_5_metrics.csv,3,5,resnet18,all,C3,Accuracy at 95% Specificity,0.6453869536641472
/scratchc/nrlab/wang04/ulyses_results_iteration/iteration_3_merge_below_3/cnn_model/cnn14/plasma_tp1_0.1x_model_C3/roc_curve_resnet18_tf_0_1/nested_cv_random/resnet18/repeat_10_fold_5_metrics.csv,3,5,resnet18,all,C3,F1 at 95% Specificity,0.5344129554655871
/scratchc/nrlab/wang04/ulyses_results_iteration/iteration_3_merge_below_3/cnn_model/cnn14/plasma_tp1_0.1x_model_C3/roc_curve_resnet18_tf_0_1/nested_cv_random/resnet18/repeat_10_fold_5_metrics.csv,4,1,resnet18,all,C3,AUROC,0.9149506110832076
/scratchc/nrlab/wang04/ulyses_results_iteration/iteration_3_merge_below_3/cnn_model/cnn14/plasma_tp1_0.1x_model_C3/roc_curve_resnet18_tf_0_1/nested_cv_random/resnet18/repeat_10_fold_5_metrics.csv,4,1,resnet18,all,C3,AUPRC,0.9692234505510992
/scratchc/nrlab/wang04/ulyses_results_iteration/iteration_3_merge_below_3/cnn_model/cnn14/plasma_tp1_0.1x_model_C3/roc_curve_resnet18_tf_0_1/nested_cv_random/resnet18/repeat_10_fold_5_metrics.csv,4,1,resnet18,all,C3,Sensitivity at 99% Specificity,0.5359116022099447
/scratchc/nrlab/wang04/ulyses_results_iteration/iteration_3_merge_below_3/cnn_model/cnn14/plasma_tp1_0.1x_model_C3/roc_curve_resnet18_tf_0_1/nested_cv_random/resnet18/repeat_10_fold_5_metrics.csv,4,1,resnet18,all,C3,PPV at 99% Specificity,1
/scratchc/nrlab/wang04/ulyses_results_iteration/iteration_3_merge_below_3/cnn_model/cnn14/plasma_tp1_0.1x_model_C3/roc_curve_resnet18_tf_0_1/nested_cv_random/resnet18/repeat_10_fold_5_metrics.csv,4,1,resnet18,all,C3,Accuracy at 99% Specificity,0.7629558011049724
/scratchc/nrlab/wang04/ulyses_results_iteration/iteration_3_merge_below_3/cnn_model/cnn14/plasma_tp1_0.1x_model_C3/roc_curve_resnet18_tf_0_1/nested_cv_random/resnet18/repeat_10_fold_5_metrics.csv,4,1,resnet18,all,C3,F1 at 99% Specificity,0.697841726618705
/scratchc/nrlab/wang04/ulyses_results_iteration/iteration_3_merge_below_3/cnn_model/cnn14/plasma_tp1_0.1x_model_C3/roc_curve_resnet18_tf_0_1/nested_cv_random/resnet18/repeat_10_fold_5_metrics.csv,4,1,resnet18,all,C3,Sensitivity at 98% Specificity,0.5359116022099447
/scratchc/nrlab/wang04/ulyses_results_iteration/iteration_3_merge_below_3/cnn_model/cnn14/plasma_tp1_0.1x_model_C3/roc_curve_resnet18_tf_0_1/nested_cv_random/resnet18/repeat_10_fold_5_metrics.csv,4,1,resnet18,all,C3,PPV at 98% Specificity,1
/scratchc/nrlab/wang04/ulyses_results_iteration/iteration_3_merge_below_3/cnn_model/cnn14/plasma_tp1_0.1x_model_C3/roc_curve_resnet18_tf_0_1/nested_cv_random/resnet18/repeat_10_fold_5_metrics.csv,4,1,resnet18,all,C3,Accuracy at 98% Specificity,0.7579558011049723
/scratchc/nrlab/wang04/ulyses_results_iteration/iteration_3_merge_below_3/cnn_model/cnn14/plasma_tp1_0.1x_model_C3/roc_curve_resnet18_tf_0_1/nested_cv_random/resnet18/repeat_10_fold_5_metrics.csv,4,1,resnet18,all,C3,F1 at 98% Specificity,0.697841726618705
/scratchc/nrlab/wang04/ulyses_results_iteration/iteration_3_merge_below_3/cnn_model/cnn14/plasma_tp1_0.1x_model_C3/roc_curve_resnet18_tf_0_1/nested_cv_random/resnet18/repeat_10_fold_5_metrics.csv,4,1,resnet18,all,C3,Sensitivity at 95% Specificity,0.6574585635359116
/scratchc/nrlab/wang04/ulyses_results_iteration/iteration_3_merge_below_3/cnn_model/cnn14/plasma_tp1_0.1x_model_C3/roc_curve_resnet18_tf_0_1/nested_cv_random/resnet18/repeat_10_fold_5_metrics.csv,4,1,resnet18,all,C3,PPV at 95% Specificity,0.9834710743801652
/scratchc/nrlab/wang04/ulyses_results_iteration/iteration_3_merge_below_3/cnn_model/cnn14/plasma_tp1_0.1x_model_C3/roc_curve_resnet18_tf_0_1/nested_cv_random/resnet18/repeat_10_fold_5_metrics.csv,4,1,resnet18,all,C3,Accuracy at 95% Specificity,0.7893353423740164
/scratchc/nrlab/wang04/ulyses_results_iteration/iteration_3_merge_below_3/cnn_model/cnn14/plasma_tp1_0.1x_model_C3/roc_curve_resnet18_tf_0_1/nested_cv_random/resnet18/repeat_10_fold_5_metrics.csv,4,1,resnet18,all,C3,F1 at 95% Specificity,0.7880794701986755
/scratchc/nrlab/wang04/ulyses_results_iteration/iteration_3_merge_below_3/cnn_model/cnn14/plasma_tp1_0.1x_model_C3/roc_curve_resnet18_tf_0_1/nested_cv_random/resnet18/repeat_10_fold_5_metrics.csv,4,2,resnet18,all,C3,AUROC,0.8981489202034522
/scratchc/nrlab/wang04/ulyses_results_iteration/iteration_3_merge_below_3/cnn_model/cnn14/plasma_tp1_0.1x_model_C3/roc_curve_resnet18_tf_0_1/nested_cv_random/resnet18/repeat_10_fold_5_metrics.csv,4,2,resnet18,all,C3,AUPRC,0.9599978223466278
/scratchc/nrlab/wang04/ulyses_results_iteration/iteration_3_merge_below_3/cnn_model/cnn14/plasma_tp1_0.1x_model_C3/roc_curve_resnet18_tf_0_1/nested_cv_random/resnet18/repeat_10_fold_5_metrics.csv,4,2,resnet18,all,C3,Sensitivity at 99% Specificity,0.3407821229050279
/scratchc/nrlab/wang04/ulyses_results_iteration/iteration_3_merge_below_3/cnn_model/cnn14/plasma_tp1_0.1x_model_C3/roc_curve_resnet18_tf_0_1/nested_cv_random/resnet18/repeat_10_fold_5_metrics.csv,4,2,resnet18,all,C3,PPV at 99% Specificity,1
/scratchc/nrlab/wang04/ulyses_results_iteration/iteration_3_merge_below_3/cnn_model/cnn14/plasma_tp1_0.1x_model_C3/roc_curve_resnet18_tf_0_1/nested_cv_random/resnet18/repeat_10_fold_5_metrics.csv,4,2,resnet18,all,C3,Accuracy at 99% Specificity,0.6625977653631285
/scratchc/nrlab/wang04/ulyses_results_iteration/iteration_3_merge_below_3/cnn_model/cnn14/plasma_tp1_0.1x_model_C3/roc_curve_resnet18_tf_0_1/nested_cv_random/resnet18/repeat_10_fold_5_metrics.csv,4,2,resnet18,all,C3,F1 at 99% Specificity,0.502092050209205
/scratchc/nrlab/wang04/ulyses_results_iteration/iteration_3_merge_below_3/cnn_model/cnn14/plasma_tp1_0.1x_model_C3/roc_curve_resnet18_tf_0_1/nested_cv_random/resnet18/repeat_10_fold_5_metrics.csv,4,2,resnet18,all,C3,Sensitivity at 98% Specificity,0.3407821229050279
/scratchc/nrlab/wang04/ulyses_results_iteration/iteration_3_merge_below_3/cnn_model/cnn14/plasma_tp1_0.1x_model_C3/roc_curve_resnet18_tf_0_1/nested_cv_random/resnet18/repeat_10_fold_5_metrics.csv,4,2,resnet18,all,C3,PPV at 98% Specificity,1
/scratchc/nrlab/wang04/ulyses_results_iteration/iteration_3_merge_below_3/cnn_model/cnn14/plasma_tp1_0.1x_model_C3/roc_curve_resnet18_tf_0_1/nested_cv_random/resnet18/repeat_10_fold_5_metrics.csv,4,2,resnet18,all,C3,Accuracy at 98% Specificity,0.6575977653631284
/scratchc/nrlab/wang04/ulyses_results_iteration/iteration_3_merge_below_3/cnn_model/cnn14/plasma_tp1_0.1x_model_C3/roc_curve_resnet18_tf_0_1/nested_cv_random/resnet18/repeat_10_fold_5_metrics.csv,4,2,resnet18,all,C3,F1 at 98% Specificity,0.502092050209205
/scratchc/nrlab/wang04/ulyses_results_iteration/iteration_3_merge_below_3/cnn_model/cnn14/plasma_tp1_0.1x_model_C3/roc_curve_resnet18_tf_0_1/nested_cv_random/resnet18/repeat_10_fold_5_metrics.csv,4,2,resnet18,all,C3,Sensitivity at 95% Specificity,0.6368715083798883
/scratchc/nrlab/wang04/ulyses_results_iteration/iteration_3_merge_below_3/cnn_model/cnn14/plasma_tp1_0.1x_model_C3/roc_curve_resnet18_tf_0_1/nested_cv_random/resnet18/repeat_10_fold_5_metrics.csv,4,2,resnet18,all,C3,PPV at 95% Specificity,0.9827586206896552
/scratchc/nrlab/wang04/ulyses_results_iteration/iteration_3_merge_below_3/cnn_model/cnn14/plasma_tp1_0.1x_model_C3/roc_curve_resnet18_tf_0_1/nested_cv_random/resnet18/repeat_10_fold_5_metrics.csv,4,2,resnet18,all,C3,Accuracy at 95% Specificity,0.7792566497123321
/scratchc/nrlab/wang04/ulyses_results_iteration/iteration_3_merge_below_3/cnn_model/cnn14/plasma_tp1_0.1x_model_C3/roc_curve_resnet18_tf_0_1/nested_cv_random/resnet18/repeat_10_fold_5_metrics.csv,4,2,resnet18,all,C3,F1 at 95% Specificity,0.7728813559322034
/scratchc/nrlab/wang04/ulyses_results_iteration/iteration_3_merge_below_3/cnn_model/cnn14/plasma_tp1_0.1x_model_C3/roc_curve_resnet18_tf_0_1/nested_cv_random/resnet18/repeat_10_fold_5_metrics.csv,4,3,resnet18,all,C3,AUROC,0.9328893442622952
/scratchc/nrlab/wang04/ulyses_results_iteration/iteration_3_merge_below_3/cnn_model/cnn14/plasma_tp1_0.1x_model_C3/roc_curve_resnet18_tf_0_1/nested_cv_random/resnet18/repeat_10_fold_5_metrics.csv,4,3,resnet18,all,C3,AUPRC,0.9778868332499864
/scratchc/nrlab/wang04/ulyses_results_iteration/iteration_3_merge_below_3/cnn_model/cnn14/plasma_tp1_0.1x_model_C3/roc_curve_resnet18_tf_0_1/nested_cv_random/resnet18/repeat_10_fold_5_metrics.csv,4,3,resnet18,all,C3,Sensitivity at 99% Specificity,0.73224043715847
/scratchc/nrlab/wang04/ulyses_results_iteration/iteration_3_merge_below_3/cnn_model/cnn14/plasma_tp1_0.1x_model_C3/roc_curve_resnet18_tf_0_1/nested_cv_random/resnet18/repeat_10_fold_5_metrics.csv,4,3,resnet18,all,C3,PPV at 99% Specificity,1
/scratchc/nrlab/wang04/ulyses_results_iteration/iteration_3_merge_below_3/cnn_model/cnn14/plasma_tp1_0.1x_model_C3/roc_curve_resnet18_tf_0_1/nested_cv_random/resnet18/repeat_10_fold_5_metrics.csv,4,3,resnet18,all,C3,Accuracy at 99% Specificity,0.861120218579235
/scratchc/nrlab/wang04/ulyses_results_iteration/iteration_3_merge_below_3/cnn_model/cnn14/plasma_tp1_0.1x_model_C3/roc_curve_resnet18_tf_0_1/nested_cv_random/resnet18/repeat_10_fold_5_metrics.csv,4,3,resnet18,all,C3,F1 at 99% Specificity,0.8454258675078864
/scratchc/nrlab/wang04/ulyses_results_iteration/iteration_3_merge_below_3/cnn_model/cnn14/plasma_tp1_0.1x_model_C3/roc_curve_resnet18_tf_0_1/nested_cv_random/resnet18/repeat_10_fold_5_metrics.csv,4,3,resnet18,all,C3,Sensitivity at 98% Specificity,0.73224043715847
/scratchc/nrlab/wang04/ulyses_results_iteration/iteration_3_merge_below_3/cnn_model/cnn14/plasma_tp1_0.1x_model_C3/roc_curve_resnet18_tf_0_1/nested_cv_random/resnet18/repeat_10_fold_5_metrics.csv,4,3,resnet18,all,C3,PPV at 98% Specificity,1
/scratchc/nrlab/wang04/ulyses_results_iteration/iteration_3_merge_below_3/cnn_model/cnn14/plasma_tp1_0.1x_model_C3/roc_curve_resnet18_tf_0_1/nested_cv_random/resnet18/repeat_10_fold_5_metrics.csv,4,3,resnet18,all,C3,Accuracy at 98% Specificity,0.8561202185792349
/scratchc/nrlab/wang04/ulyses_results_iteration/iteration_3_merge_below_3/cnn_model/cnn14/plasma_tp1_0.1x_model_C3/roc_curve_resnet18_tf_0_1/nested_cv_random/resnet18/repeat_10_fold_5_metrics.csv,4,3,resnet18,all,C3,F1 at 98% Specificity,0.8454258675078864
/scratchc/nrlab/wang04/ulyses_results_iteration/iteration_3_merge_below_3/cnn_model/cnn14/plasma_tp1_0.1x_model_C3/roc_curve_resnet18_tf_0_1/nested_cv_random/resnet18/repeat_10_fold_5_metrics.csv,4,3,resnet18,all,C3,Sensitivity at 95% Specificity,0.7595628415300546
/scratchc/nrlab/wang04/ulyses_results_iteration/iteration_3_merge_below_3/cnn_model/cnn14/plasma_tp1_0.1x_model_C3/roc_curve_resnet18_tf_0_1/nested_cv_random/resnet18/repeat_10_fold_5_metrics.csv,4,3,resnet18,all,C3,PPV at 95% Specificity,0.9858156028368794
/scratchc/nrlab/wang04/ulyses_results_iteration/iteration_3_merge_below_3/cnn_model/cnn14/plasma_tp1_0.1x_model_C3/roc_curve_resnet18_tf_0_1/nested_cv_random/resnet18/repeat_10_fold_5_metrics.csv,4,3,resnet18,all,C3,Accuracy at 95% Specificity,0.8399376707650272
/scratchc/nrlab/wang04/ulyses_results_iteration/iteration_3_merge_below_3/cnn_model/cnn14/plasma_tp1_0.1x_model_C3/roc_curve_resnet18_tf_0_1/nested_cv_random/resnet18/repeat_10_fold_5_metrics.csv,4,3,resnet18,all,C3,F1 at 95% Specificity,0.8580246913580247
/scratchc/nrlab/wang04/ulyses_results_iteration/iteration_3_merge_below_3/cnn_model/cnn14/plasma_tp1_0.1x_model_C3/roc_curve_resnet18_tf_0_1/nested_cv_random/resnet18/repeat_10_fold_5_metrics.csv,4,4,resnet18,all,C3,AUROC,0.9077785326086956
/scratchc/nrlab/wang04/ulyses_results_iteration/iteration_3_merge_below_3/cnn_model/cnn14/plasma_tp1_0.1x_model_C3/roc_curve_resnet18_tf_0_1/nested_cv_random/resnet18/repeat_10_fold_5_metrics.csv,4,4,resnet18,all,C3,AUPRC,0.9645548950324034
/scratchc/nrlab/wang04/ulyses_results_iteration/iteration_3_merge_below_3/cnn_model/cnn14/plasma_tp1_0.1x_model_C3/roc_curve_resnet18_tf_0_1/nested_cv_random/resnet18/repeat_10_fold_5_metrics.csv,4,4,resnet18,all,C3,Sensitivity at 99% Specificity,0.2608695652173913
/scratchc/nrlab/wang04/ulyses_results_iteration/iteration_3_merge_below_3/cnn_model/cnn14/plasma_tp1_0.1x_model_C3/roc_curve_resnet18_tf_0_1/nested_cv_random/resnet18/repeat_10_fold_5_metrics.csv,4,4,resnet18,all,C3,PPV at 99% Specificity,1
/scratchc/nrlab/wang04/ulyses_results_iteration/iteration_3_merge_below_3/cnn_model/cnn14/plasma_tp1_0.1x_model_C3/roc_curve_resnet18_tf_0_1/nested_cv_random/resnet18/repeat_10_fold_5_metrics.csv,4,4,resnet18,all,C3,Accuracy at 99% Specificity,0.6254347826086957
/scratchc/nrlab/wang04/ulyses_results_iteration/iteration_3_merge_below_3/cnn_model/cnn14/plasma_tp1_0.1x_model_C3/roc_curve_resnet18_tf_0_1/nested_cv_random/resnet18/repeat_10_fold_5_metrics.csv,4,4,resnet18,all,C3,F1 at 99% Specificity,0.41379310344827586
/scratchc/nrlab/wang04/ulyses_results_iteration/iteration_3_merge_below_3/cnn_model/cnn14/plasma_tp1_0.1x_model_C3/roc_curve_resnet18_tf_0_1/nested_cv_random/resnet18/repeat_10_fold_5_metrics.csv,4,4,resnet18,all,C3,Sensitivity at 98% Specificity,0.2608695652173913
/scratchc/nrlab/wang04/ulyses_results_iteration/iteration_3_merge_below_3/cnn_model/cnn14/plasma_tp1_0.1x_model_C3/roc_curve_resnet18_tf_0_1/nested_cv_random/resnet18/repeat_10_fold_5_metrics.csv,4,4,resnet18,all,C3,PPV at 98% Specificity,1
/scratchc/nrlab/wang04/ulyses_results_iteration/iteration_3_merge_below_3/cnn_model/cnn14/plasma_tp1_0.1x_model_C3/roc_curve_resnet18_tf_0_1/nested_cv_random/resnet18/repeat_10_fold_5_metrics.csv,4,4,resnet18,all,C3,Accuracy at 98% Specificity,0.6204347826086957
/scratchc/nrlab/wang04/ulyses_results_iteration/iteration_3_merge_below_3/cnn_model/cnn14/plasma_tp1_0.1x_model_C3/roc_curve_resnet18_tf_0_1/nested_cv_random/resnet18/repeat_10_fold_5_metrics.csv,4,4,resnet18,all,C3,F1 at 98% Specificity,0.41379310344827586
/scratchc/nrlab/wang04/ulyses_results_iteration/iteration_3_merge_below_3/cnn_model/cnn14/plasma_tp1_0.1x_model_C3/roc_curve_resnet18_tf_0_1/nested_cv_random/resnet18/repeat_10_fold_5_metrics.csv,4,4,resnet18,all,C3,Sensitivity at 95% Specificity,0.5054347826086957
/scratchc/nrlab/wang04/ulyses_results_iteration/iteration_3_merge_below_3/cnn_model/cnn14/plasma_tp1_0.1x_model_C3/roc_curve_resnet18_tf_0_1/nested_cv_random/resnet18/repeat_10_fold_5_metrics.csv,4,4,resnet18,all,C3,PPV at 95% Specificity,0.9789473684210528
/scratchc/nrlab/wang04/ulyses_results_iteration/iteration_3_merge_below_3/cnn_model/cnn14/plasma_tp1_0.1x_model_C3/roc_curve_resnet18_tf_0_1/nested_cv_random/resnet18/repeat_10_fold_5_metrics.csv,4,4,resnet18,all,C3,Accuracy at 95% Specificity,0.7128736413043478
/scratchc/nrlab/wang04/ulyses_results_iteration/iteration_3_merge_below_3/cnn_model/cnn14/plasma_tp1_0.1x_model_C3/roc_curve_resnet18_tf_0_1/nested_cv_random/resnet18/repeat_10_fold_5_metrics.csv,4,4,resnet18,all,C3,F1 at 95% Specificity,0.6666666666666666
/scratchc/nrlab/wang04/ulyses_results_iteration/iteration_3_merge_below_3/cnn_model/cnn14/plasma_tp1_0.1x_model_C3/roc_curve_resnet18_tf_0_1/nested_cv_random/resnet18/repeat_10_fold_5_metrics.csv,4,5,resnet18,all,C3,AUROC,0.9239020270270272
/scratchc/nrlab/wang04/ulyses_results_iteration/iteration_3_merge_below_3/cnn_model/cnn14/plasma_tp1_0.1x_model_C3/roc_curve_resnet18_tf_0_1/nested_cv_random/resnet18/repeat_10_fold_5_metrics.csv,4,5,resnet18,all,C3,AUPRC,0.9731501657594572
/scratchc/nrlab/wang04/ulyses_results_iteration/iteration_3_merge_below_3/cnn_model/cnn14/plasma_tp1_0.1x_model_C3/roc_curve_resnet18_tf_0_1/nested_cv_random/resnet18/repeat_10_fold_5_metrics.csv,4,5,resnet18,all,C3,Sensitivity at 99% Specificity,0.518918918918919
/scratchc/nrlab/wang04/ulyses_results_iteration/iteration_3_merge_below_3/cnn_model/cnn14/plasma_tp1_0.1x_model_C3/roc_curve_resnet18_tf_0_1/nested_cv_random/resnet18/repeat_10_fold_5_metrics.csv,4,5,resnet18,all,C3,PPV at 99% Specificity,1
/scratchc/nrlab/wang04/ulyses_results_iteration/iteration_3_merge_below_3/cnn_model/cnn14/plasma_tp1_0.1x_model_C3/roc_curve_resnet18_tf_0_1/nested_cv_random/resnet18/repeat_10_fold_5_metrics.csv,4,5,resnet18,all,C3,Accuracy at 99% Specificity,0.7544594594594595
/scratchc/nrlab/wang04/ulyses_results_iteration/iteration_3_merge_below_3/cnn_model/cnn14/plasma_tp1_0.1x_model_C3/roc_curve_resnet18_tf_0_1/nested_cv_random/resnet18/repeat_10_fold_5_metrics.csv,4,5,resnet18,all,C3,F1 at 99% Specificity,0.6832740213523132
/scratchc/nrlab/wang04/ulyses_results_iteration/iteration_3_merge_below_3/cnn_model/cnn14/plasma_tp1_0.1x_model_C3/roc_curve_resnet18_tf_0_1/nested_cv_random/resnet18/repeat_10_fold_5_metrics.csv,4,5,resnet18,all,C3,Sensitivity at 98% Specificity,0.518918918918919
/scratchc/nrlab/wang04/ulyses_results_iteration/iteration_3_merge_below_3/cnn_model/cnn14/plasma_tp1_0.1x_model_C3/roc_curve_resnet18_tf_0_1/nested_cv_random/resnet18/repeat_10_fold_5_metrics.csv,4,5,resnet18,all,C3,PPV at 98% Specificity,1
/scratchc/nrlab/wang04/ulyses_results_iteration/iteration_3_merge_below_3/cnn_model/cnn14/plasma_tp1_0.1x_model_C3/roc_curve_resnet18_tf_0_1/nested_cv_random/resnet18/repeat_10_fold_5_metrics.csv,4,5,resnet18,all,C3,Accuracy at 98% Specificity,0.7494594594594595
/scratchc/nrlab/wang04/ulyses_results_iteration/iteration_3_merge_below_3/cnn_model/cnn14/plasma_tp1_0.1x_model_C3/roc_curve_resnet18_tf_0_1/nested_cv_random/resnet18/repeat_10_fold_5_metrics.csv,4,5,resnet18,all,C3,F1 at 98% Specificity,0.6832740213523132
/scratchc/nrlab/wang04/ulyses_results_iteration/iteration_3_merge_below_3/cnn_model/cnn14/plasma_tp1_0.1x_model_C3/roc_curve_resnet18_tf_0_1/nested_cv_random/resnet18/repeat_10_fold_5_metrics.csv,4,5,resnet18,all,C3,Sensitivity at 95% Specificity,0.6378378378378379
/scratchc/nrlab/wang04/ulyses_results_iteration/iteration_3_merge_below_3/cnn_model/cnn14/plasma_tp1_0.1x_model_C3/roc_curve_resnet18_tf_0_1/nested_cv_random/resnet18/repeat_10_fold_5_metrics.csv,4,5,resnet18,all,C3,PPV at 95% Specificity,0.9833333333333332
/scratchc/nrlab/wang04/ulyses_results_iteration/iteration_3_merge_below_3/cnn_model/cnn14/plasma_tp1_0.1x_model_C3/roc_curve_resnet18_tf_0_1/nested_cv_random/resnet18/repeat_10_fold_5_metrics.csv,4,5,resnet18,all,C3,Accuracy at 95% Specificity,0.7790751689189189
/scratchc/nrlab/wang04/ulyses_results_iteration/iteration_3_merge_below_3/cnn_model/cnn14/plasma_tp1_0.1x_model_C3/roc_curve_resnet18_tf_0_1/nested_cv_random/resnet18/repeat_10_fold_5_metrics.csv,4,5,resnet18,all,C3,F1 at 95% Specificity,0.7737704918032787
/scratchc/nrlab/wang04/ulyses_results_iteration/iteration_3_merge_below_3/cnn_model/cnn14/plasma_tp1_0.1x_model_C3/roc_curve_resnet18_tf_0_1/nested_cv_random/resnet18/repeat_10_fold_5_metrics.csv,5,1,resnet18,all,C3,AUROC,0.9424749163879598
/scratchc/nrlab/wang04/ulyses_results_iteration/iteration_3_merge_below_3/cnn_model/cnn14/plasma_tp1_0.1x_model_C3/roc_curve_resnet18_tf_0_1/nested_cv_random/resnet18/repeat_10_fold_5_metrics.csv,5,1,resnet18,all,C3,AUPRC,0.9800464298702718
/scratchc/nrlab/wang04/ulyses_results_iteration/iteration_3_merge_below_3/cnn_model/cnn14/plasma_tp1_0.1x_model_C3/roc_curve_resnet18_tf_0_1/nested_cv_random/resnet18/repeat_10_fold_5_metrics.csv,5,1,resnet18,all,C3,Sensitivity at 99% Specificity,0.6195652173913043
/scratchc/nrlab/wang04/ulyses_results_iteration/iteration_3_merge_below_3/cnn_model/cnn14/plasma_tp1_0.1x_model_C3/roc_curve_resnet18_tf_0_1/nested_cv_random/resnet18/repeat_10_fold_5_metrics.csv,5,1,resnet18,all,C3,PPV at 99% Specificity,1
/scratchc/nrlab/wang04/ulyses_results_iteration/iteration_3_merge_below_3/cnn_model/cnn14/plasma_tp1_0.1x_model_C3/roc_curve_resnet18_tf_0_1/nested_cv_random/resnet18/repeat_10_fold_5_metrics.csv,5,1,resnet18,all,C3,Accuracy at 99% Specificity,0.8047826086956522
/scratchc/nrlab/wang04/ulyses_results_iteration/iteration_3_merge_below_3/cnn_model/cnn14/plasma_tp1_0.1x_model_C3/roc_curve_resnet18_tf_0_1/nested_cv_random/resnet18/repeat_10_fold_5_metrics.csv,5,1,resnet18,all,C3,F1 at 99% Specificity,0.7651006711409396
/scratchc/nrlab/wang04/ulyses_results_iteration/iteration_3_merge_below_3/cnn_model/cnn14/plasma_tp1_0.1x_model_C3/roc_curve_resnet18_tf_0_1/nested_cv_random/resnet18/repeat_10_fold_5_metrics.csv,5,1,resnet18,all,C3,Sensitivity at 98% Specificity,0.6195652173913043
/scratchc/nrlab/wang04/ulyses_results_iteration/iteration_3_merge_below_3/cnn_model/cnn14/plasma_tp1_0.1x_model_C3/roc_curve_resnet18_tf_0_1/nested_cv_random/resnet18/repeat_10_fold_5_metrics.csv,5,1,resnet18,all,C3,PPV at 98% Specificity,1
/scratchc/nrlab/wang04/ulyses_results_iteration/iteration_3_merge_below_3/cnn_model/cnn14/plasma_tp1_0.1x_model_C3/roc_curve_resnet18_tf_0_1/nested_cv_random/resnet18/repeat_10_fold_5_metrics.csv,5,1,resnet18,all,C3,Accuracy at 98% Specificity,0.7997826086956521
/scratchc/nrlab/wang04/ulyses_results_iteration/iteration_3_merge_below_3/cnn_model/cnn14/plasma_tp1_0.1x_model_C3/roc_curve_resnet18_tf_0_1/nested_cv_random/resnet18/repeat_10_fold_5_metrics.csv,5,1,resnet18,all,C3,F1 at 98% Specificity,0.7651006711409396
/scratchc/nrlab/wang04/ulyses_results_iteration/iteration_3_merge_below_3/cnn_model/cnn14/plasma_tp1_0.1x_model_C3/roc_curve_resnet18_tf_0_1/nested_cv_random/resnet18/repeat_10_fold_5_metrics.csv,5,1,resnet18,all,C3,Sensitivity at 95% Specificity,0.6956521739130435
/scratchc/nrlab/wang04/ulyses_results_iteration/iteration_3_merge_below_3/cnn_model/cnn14/plasma_tp1_0.1x_model_C3/roc_curve_resnet18_tf_0_1/nested_cv_random/resnet18/repeat_10_fold_5_metrics.csv,5,1,resnet18,all,C3,PPV at 95% Specificity,0.9846153846153848
/scratchc/nrlab/wang04/ulyses_results_iteration/iteration_3_merge_below_3/cnn_model/cnn14/plasma_tp1_0.1x_model_C3/roc_curve_resnet18_tf_0_1/nested_cv_random/resnet18/repeat_10_fold_5_metrics.csv,5,1,resnet18,all,C3,Accuracy at 95% Specificity,0.8082107023411371
/scratchc/nrlab/wang04/ulyses_results_iteration/iteration_3_merge_below_3/cnn_model/cnn14/plasma_tp1_0.1x_model_C3/roc_curve_resnet18_tf_0_1/nested_cv_random/resnet18/repeat_10_fold_5_metrics.csv,5,1,resnet18,all,C3,F1 at 95% Specificity,0.8152866242038217
/scratchc/nrlab/wang04/ulyses_results_iteration/iteration_3_merge_below_3/cnn_model/cnn14/plasma_tp1_0.1x_model_C3/roc_curve_resnet18_tf_0_1/nested_cv_random/resnet18/repeat_10_fold_5_metrics.csv,5,2,resnet18,all,C3,AUROC,0.950125769797901
/scratchc/nrlab/wang04/ulyses_results_iteration/iteration_3_merge_below_3/cnn_model/cnn14/plasma_tp1_0.1x_model_C3/roc_curve_resnet18_tf_0_1/nested_cv_random/resnet18/repeat_10_fold_5_metrics.csv,5,2,resnet18,all,C3,AUPRC,0.9827718658352864
/scratchc/nrlab/wang04/ulyses_results_iteration/iteration_3_merge_below_3/cnn_model/cnn14/plasma_tp1_0.1x_model_C3/roc_curve_resnet18_tf_0_1/nested_cv_random/resnet18/repeat_10_fold_5_metrics.csv,5,2,resnet18,all,C3,Sensitivity at 99% Specificity,0.6174863387978142
/scratchc/nrlab/wang04/ulyses_results_iteration/iteration_3_merge_below_3/cnn_model/cnn14/plasma_tp1_0.1x_model_C3/roc_curve_resnet18_tf_0_1/nested_cv_random/resnet18/repeat_10_fold_5_metrics.csv,5,2,resnet18,all,C3,PPV at 99% Specificity,1
/scratchc/nrlab/wang04/ulyses_results_iteration/iteration_3_merge_below_3/cnn_model/cnn14/plasma_tp1_0.1x_model_C3/roc_curve_resnet18_tf_0_1/nested_cv_random/resnet18/repeat_10_fold_5_metrics.csv,5,2,resnet18,all,C3,Accuracy at 99% Specificity,0.8037431693989071
/scratchc/nrlab/wang04/ulyses_results_iteration/iteration_3_merge_below_3/cnn_model/cnn14/plasma_tp1_0.1x_model_C3/roc_curve_resnet18_tf_0_1/nested_cv_random/resnet18/repeat_10_fold_5_metrics.csv,5,2,resnet18,all,C3,F1 at 99% Specificity,0.7635135135135135
/scratchc/nrlab/wang04/ulyses_results_iteration/iteration_3_merge_below_3/cnn_model/cnn14/plasma_tp1_0.1x_model_C3/roc_curve_resnet18_tf_0_1/nested_cv_random/resnet18/repeat_10_fold_5_metrics.csv,5,2,resnet18,all,C3,Sensitivity at 98% Specificity,0.6174863387978142
/scratchc/nrlab/wang04/ulyses_results_iteration/iteration_3_merge_below_3/cnn_model/cnn14/plasma_tp1_0.1x_model_C3/roc_curve_resnet18_tf_0_1/nested_cv_random/resnet18/repeat_10_fold_5_metrics.csv,5,2,resnet18,all,C3,PPV at 98% Specificity,1
/scratchc/nrlab/wang04/ulyses_results_iteration/iteration_3_merge_below_3/cnn_model/cnn14/plasma_tp1_0.1x_model_C3/roc_curve_resnet18_tf_0_1/nested_cv_random/resnet18/repeat_10_fold_5_metrics.csv,5,2,resnet18,all,C3,Accuracy at 98% Specificity,0.7987431693989071
/scratchc/nrlab/wang04/ulyses_results_iteration/iteration_3_merge_below_3/cnn_model/cnn14/plasma_tp1_0.1x_model_C3/roc_curve_resnet18_tf_0_1/nested_cv_random/resnet18/repeat_10_fold_5_metrics.csv,5,2,resnet18,all,C3,F1 at 98% Specificity,0.7635135135135135
/scratchc/nrlab/wang04/ulyses_results_iteration/iteration_3_merge_below_3/cnn_model/cnn14/plasma_tp1_0.1x_model_C3/roc_curve_resnet18_tf_0_1/nested_cv_random/resnet18/repeat_10_fold_5_metrics.csv,5,2,resnet18,all,C3,Sensitivity at 95% Specificity,0.73224043715847
/scratchc/nrlab/wang04/ulyses_results_iteration/iteration_3_merge_below_3/cnn_model/cnn14/plasma_tp1_0.1x_model_C3/roc_curve_resnet18_tf_0_1/nested_cv_random/resnet18/repeat_10_fold_5_metrics.csv,5,2,resnet18,all,C3,PPV at 95% Specificity,0.9852941176470588
/scratchc/nrlab/wang04/ulyses_results_iteration/iteration_3_merge_below_3/cnn_model/cnn14/plasma_tp1_0.1x_model_C3/roc_curve_resnet18_tf_0_1/nested_cv_random/resnet18/repeat_10_fold_5_metrics.csv,5,2,resnet18,all,C3,Accuracy at 95% Specificity,0.8260408534998699
/scratchc/nrlab/wang04/ulyses_results_iteration/iteration_3_merge_below_3/cnn_model/cnn14/plasma_tp1_0.1x_model_C3/roc_curve_resnet18_tf_0_1/nested_cv_random/resnet18/repeat_10_fold_5_metrics.csv,5,2,resnet18,all,C3,F1 at 95% Specificity,0.8401253918495298
/scratchc/nrlab/wang04/ulyses_results_iteration/iteration_3_merge_below_3/cnn_model/cnn14/plasma_tp1_0.1x_model_C3/roc_curve_resnet18_tf_0_1/nested_cv_random/resnet18/repeat_10_fold_5_metrics.csv,5,3,resnet18,all,C3,AUROC,0.9063620445259736
/scratchc/nrlab/wang04/ulyses_results_iteration/iteration_3_merge_below_3/cnn_model/cnn14/plasma_tp1_0.1x_model_C3/roc_curve_resnet18_tf_0_1/nested_cv_random/resnet18/repeat_10_fold_5_metrics.csv,5,3,resnet18,all,C3,AUPRC,0.9644445365042218
/scratchc/nrlab/wang04/ulyses_results_iteration/iteration_3_merge_below_3/cnn_model/cnn14/plasma_tp1_0.1x_model_C3/roc_curve_resnet18_tf_0_1/nested_cv_random/resnet18/repeat_10_fold_5_metrics.csv,5,3,resnet18,all,C3,Sensitivity at 99% Specificity,0.4189944134078212
/scratchc/nrlab/wang04/ulyses_results_iteration/iteration_3_merge_below_3/cnn_model/cnn14/plasma_tp1_0.1x_model_C3/roc_curve_resnet18_tf_0_1/nested_cv_random/resnet18/repeat_10_fold_5_metrics.csv,5,3,resnet18,all,C3,PPV at 99% Specificity,1
/scratchc/nrlab/wang04/ulyses_results_iteration/iteration_3_merge_below_3/cnn_model/cnn14/plasma_tp1_0.1x_model_C3/roc_curve_resnet18_tf_0_1/nested_cv_random/resnet18/repeat_10_fold_5_metrics.csv,5,3,resnet18,all,C3,Accuracy at 99% Specificity,0.7044972067039106
/scratchc/nrlab/wang04/ulyses_results_iteration/iteration_3_merge_below_3/cnn_model/cnn14/plasma_tp1_0.1x_model_C3/roc_curve_resnet18_tf_0_1/nested_cv_random/resnet18/repeat_10_fold_5_metrics.csv,5,3,resnet18,all,C3,F1 at 99% Specificity,0.5905511811023622
/scratchc/nrlab/wang04/ulyses_results_iteration/iteration_3_merge_below_3/cnn_model/cnn14/plasma_tp1_0.1x_model_C3/roc_curve_resnet18_tf_0_1/nested_cv_random/resnet18/repeat_10_fold_5_metrics.csv,5,3,resnet18,all,C3,Sensitivity at 98% Specificity,0.4189944134078212
/scratchc/nrlab/wang04/ulyses_results_iteration/iteration_3_merge_below_3/cnn_model/cnn14/plasma_tp1_0.1x_model_C3/roc_curve_resnet18_tf_0_1/nested_cv_random/resnet18/repeat_10_fold_5_metrics.csv,5,3,resnet18,all,C3,PPV at 98% Specificity,1
/scratchc/nrlab/wang04/ulyses_results_iteration/iteration_3_merge_below_3/cnn_model/cnn14/plasma_tp1_0.1x_model_C3/roc_curve_resnet18_tf_0_1/nested_cv_random/resnet18/repeat_10_fold_5_metrics.csv,5,3,resnet18,all,C3,Accuracy at 98% Specificity,0.6994972067039106
/scratchc/nrlab/wang04/ulyses_results_iteration/iteration_3_merge_below_3/cnn_model/cnn14/plasma_tp1_0.1x_model_C3/roc_curve_resnet18_tf_0_1/nested_cv_random/resnet18/repeat_10_fold_5_metrics.csv,5,3,resnet18,all,C3,F1 at 98% Specificity,0.5905511811023622
/scratchc/nrlab/wang04/ulyses_results_iteration/iteration_3_merge_below_3/cnn_model/cnn14/plasma_tp1_0.1x_model_C3/roc_curve_resnet18_tf_0_1/nested_cv_random/resnet18/repeat_10_fold_5_metrics.csv,5,3,resnet18,all,C3,Sensitivity at 95% Specificity,0.6480446927374302
/scratchc/nrlab/wang04/ulyses_results_iteration/iteration_3_merge_below_3/cnn_model/cnn14/plasma_tp1_0.1x_model_C3/roc_curve_resnet18_tf_0_1/nested_cv_random/resnet18/repeat_10_fold_5_metrics.csv,5,3,resnet18,all,C3,PPV at 95% Specificity,0.9830508474576272
/scratchc/nrlab/wang04/ulyses_results_iteration/iteration_3_merge_below_3/cnn_model/cnn14/plasma_tp1_0.1x_model_C3/roc_curve_resnet18_tf_0_1/nested_cv_random/resnet18/repeat_10_fold_5_metrics.csv,5,3,resnet18,all,C3,Accuracy at 95% Specificity,0.7848432418911031
/scratchc/nrlab/wang04/ulyses_results_iteration/iteration_3_merge_below_3/cnn_model/cnn14/plasma_tp1_0.1x_model_C3/roc_curve_resnet18_tf_0_1/nested_cv_random/resnet18/repeat_10_fold_5_metrics.csv,5,3,resnet18,all,C3,F1 at 95% Specificity,0.7811447811447811
/scratchc/nrlab/wang04/ulyses_results_iteration/iteration_3_merge_below_3/cnn_model/cnn14/plasma_tp1_0.1x_model_C3/roc_curve_resnet18_tf_0_1/nested_cv_random/resnet18/repeat_10_fold_5_metrics.csv,5,4,resnet18,all,C3,AUROC,0.9096787827557058
/scratchc/nrlab/wang04/ulyses_results_iteration/iteration_3_merge_below_3/cnn_model/cnn14/plasma_tp1_0.1x_model_C3/roc_curve_resnet18_tf_0_1/nested_cv_random/resnet18/repeat_10_fold_5_metrics.csv,5,4,resnet18,all,C3,AUPRC,0.9602929112711408
/scratchc/nrlab/wang04/ulyses_results_iteration/iteration_3_merge_below_3/cnn_model/cnn14/plasma_tp1_0.1x_model_C3/roc_curve_resnet18_tf_0_1/nested_cv_random/resnet18/repeat_10_fold_5_metrics.csv,5,4,resnet18,all,C3,Sensitivity at 99% Specificity,0.21978021978021975
/scratchc/nrlab/wang04/ulyses_results_iteration/iteration_3_merge_below_3/cnn_model/cnn14/plasma_tp1_0.1x_model_C3/roc_curve_resnet18_tf_0_1/nested_cv_random/resnet18/repeat_10_fold_5_metrics.csv,5,4,resnet18,all,C3,PPV at 99% Specificity,1
/scratchc/nrlab/wang04/ulyses_results_iteration/iteration_3_merge_below_3/cnn_model/cnn14/plasma_tp1_0.1x_model_C3/roc_curve_resnet18_tf_0_1/nested_cv_random/resnet18/repeat_10_fold_5_metrics.csv,5,4,resnet18,all,C3,Accuracy at 99% Specificity,0.6021428571428571
/scratchc/nrlab/wang04/ulyses_results_iteration/iteration_3_merge_below_3/cnn_model/cnn14/plasma_tp1_0.1x_model_C3/roc_curve_resnet18_tf_0_1/nested_cv_random/resnet18/repeat_10_fold_5_metrics.csv,5,4,resnet18,all,C3,F1 at 99% Specificity,0.35294117647058826
/scratchc/nrlab/wang04/ulyses_results_iteration/iteration_3_merge_below_3/cnn_model/cnn14/plasma_tp1_0.1x_model_C3/roc_curve_resnet18_tf_0_1/nested_cv_random/resnet18/repeat_10_fold_5_metrics.csv,5,4,resnet18,all,C3,Sensitivity at 98% Specificity,0.21978021978021975
/scratchc/nrlab/wang04/ulyses_results_iteration/iteration_3_merge_below_3/cnn_model/cnn14/plasma_tp1_0.1x_model_C3/roc_curve_resnet18_tf_0_1/nested_cv_random/resnet18/repeat_10_fold_5_metrics.csv,5,4,resnet18,all,C3,PPV at 98% Specificity,1
/scratchc/nrlab/wang04/ulyses_results_iteration/iteration_3_merge_below_3/cnn_model/cnn14/plasma_tp1_0.1x_model_C3/roc_curve_resnet18_tf_0_1/nested_cv_random/resnet18/repeat_10_fold_5_metrics.csv,5,4,resnet18,all,C3,Accuracy at 98% Specificity,0.5971428571428571
/scratchc/nrlab/wang04/ulyses_results_iteration/iteration_3_merge_below_3/cnn_model/cnn14/plasma_tp1_0.1x_model_C3/roc_curve_resnet18_tf_0_1/nested_cv_random/resnet18/repeat_10_fold_5_metrics.csv,5,4,resnet18,all,C3,F1 at 98% Specificity,0.35294117647058826
/scratchc/nrlab/wang04/ulyses_results_iteration/iteration_3_merge_below_3/cnn_model/cnn14/plasma_tp1_0.1x_model_C3/roc_curve_resnet18_tf_0_1/nested_cv_random/resnet18/repeat_10_fold_5_metrics.csv,5,4,resnet18,all,C3,Sensitivity at 95% Specificity,0.456043956043956
/scratchc/nrlab/wang04/ulyses_results_iteration/iteration_3_merge_below_3/cnn_model/cnn14/plasma_tp1_0.1x_model_C3/roc_curve_resnet18_tf_0_1/nested_cv_random/resnet18/repeat_10_fold_5_metrics.csv,5,4,resnet18,all,C3,PPV at 95% Specificity,0.976470588235294
/scratchc/nrlab/wang04/ulyses_results_iteration/iteration_3_merge_below_3/cnn_model/cnn14/plasma_tp1_0.1x_model_C3/roc_curve_resnet18_tf_0_1/nested_cv_random/resnet18/repeat_10_fold_5_metrics.csv,5,4,resnet18,all,C3,Accuracy at 95% Specificity,0.6884065934065934
/scratchc/nrlab/wang04/ulyses_results_iteration/iteration_3_merge_below_3/cnn_model/cnn14/plasma_tp1_0.1x_model_C3/roc_curve_resnet18_tf_0_1/nested_cv_random/resnet18/repeat_10_fold_5_metrics.csv,5,4,resnet18,all,C3,F1 at 95% Specificity,0.6217228464419475
/scratchc/nrlab/wang04/ulyses_results_iteration/iteration_3_merge_below_3/cnn_model/cnn14/plasma_tp1_0.1x_model_C3/roc_curve_resnet18_tf_0_1/nested_cv_random/resnet18/repeat_10_fold_5_metrics.csv,5,5,resnet18,all,C3,AUROC,0.9180183946488294
/scratchc/nrlab/wang04/ulyses_results_iteration/iteration_3_merge_below_3/cnn_model/cnn14/plasma_tp1_0.1x_model_C3/roc_curve_resnet18_tf_0_1/nested_cv_random/resnet18/repeat_10_fold_5_metrics.csv,5,5,resnet18,all,C3,AUPRC,0.9690863106292958
/scratchc/nrlab/wang04/ulyses_results_iteration/iteration_3_merge_below_3/cnn_model/cnn14/plasma_tp1_0.1x_model_C3/roc_curve_resnet18_tf_0_1/nested_cv_random/resnet18/repeat_10_fold_5_metrics.csv,5,5,resnet18,all,C3,Sensitivity at 99% Specificity,0.30434782608695654
/scratchc/nrlab/wang04/ulyses_results_iteration/iteration_3_merge_below_3/cnn_model/cnn14/plasma_tp1_0.1x_model_C3/roc_curve_resnet18_tf_0_1/nested_cv_random/resnet18/repeat_10_fold_5_metrics.csv,5,5,resnet18,all,C3,PPV at 99% Specificity,1
/scratchc/nrlab/wang04/ulyses_results_iteration/iteration_3_merge_below_3/cnn_model/cnn14/plasma_tp1_0.1x_model_C3/roc_curve_resnet18_tf_0_1/nested_cv_random/resnet18/repeat_10_fold_5_metrics.csv,5,5,resnet18,all,C3,Accuracy at 99% Specificity,0.6444565217391305
/scratchc/nrlab/wang04/ulyses_results_iteration/iteration_3_merge_below_3/cnn_model/cnn14/plasma_tp1_0.1x_model_C3/roc_curve_resnet18_tf_0_1/nested_cv_random/resnet18/repeat_10_fold_5_metrics.csv,5,5,resnet18,all,C3,F1 at 99% Specificity,0.4602510460251046
/scratchc/nrlab/wang04/ulyses_results_iteration/iteration_3_merge_below_3/cnn_model/cnn14/plasma_tp1_0.1x_model_C3/roc_curve_resnet18_tf_0_1/nested_cv_random/resnet18/repeat_10_fold_5_metrics.csv,5,5,resnet18,all,C3,Sensitivity at 98% Specificity,0.30434782608695654
/scratchc/nrlab/wang04/ulyses_results_iteration/iteration_3_merge_below_3/cnn_model/cnn14/plasma_tp1_0.1x_model_C3/roc_curve_resnet18_tf_0_1/nested_cv_random/resnet18/repeat_10_fold_5_metrics.csv,5,5,resnet18,all,C3,PPV at 98% Specificity,1
/scratchc/nrlab/wang04/ulyses_results_iteration/iteration_3_merge_below_3/cnn_model/cnn14/plasma_tp1_0.1x_model_C3/roc_curve_resnet18_tf_0_1/nested_cv_random/resnet18/repeat_10_fold_5_metrics.csv,5,5,resnet18,all,C3,Accuracy at 98% Specificity,0.6394565217391304
/scratchc/nrlab/wang04/ulyses_results_iteration/iteration_3_merge_below_3/cnn_model/cnn14/plasma_tp1_0.1x_model_C3/roc_curve_resnet18_tf_0_1/nested_cv_random/resnet18/repeat_10_fold_5_metrics.csv,5,5,resnet18,all,C3,F1 at 98% Specificity,0.4602510460251046
/scratchc/nrlab/wang04/ulyses_results_iteration/iteration_3_merge_below_3/cnn_model/cnn14/plasma_tp1_0.1x_model_C3/roc_curve_resnet18_tf_0_1/nested_cv_random/resnet18/repeat_10_fold_5_metrics.csv,5,5,resnet18,all,C3,Sensitivity at 95% Specificity,0.6358695652173914
/scratchc/nrlab/wang04/ulyses_results_iteration/iteration_3_merge_below_3/cnn_model/cnn14/plasma_tp1_0.1x_model_C3/roc_curve_resnet18_tf_0_1/nested_cv_random/resnet18/repeat_10_fold_5_metrics.csv,5,5,resnet18,all,C3,PPV at 95% Specificity,0.9831932773109244
/scratchc/nrlab/wang04/ulyses_results_iteration/iteration_3_merge_below_3/cnn_model/cnn14/plasma_tp1_0.1x_model_C3/roc_curve_resnet18_tf_0_1/nested_cv_random/resnet18/repeat_10_fold_5_metrics.csv,5,5,resnet18,all,C3,Accuracy at 95% Specificity,0.778319397993311
/scratchc/nrlab/wang04/ulyses_results_iteration/iteration_3_merge_below_3/cnn_model/cnn14/plasma_tp1_0.1x_model_C3/roc_curve_resnet18_tf_0_1/nested_cv_random/resnet18/repeat_10_fold_5_metrics.csv,5,5,resnet18,all,C3,F1 at 95% Specificity,0.7722772277227723
/scratchc/nrlab/wang04/ulyses_results_iteration/iteration_3_merge_below_3/cnn_model/cnn14/plasma_tp1_0.1x_model_C3/roc_curve_resnet18_tf_0_1/nested_cv_random/resnet18/repeat_10_fold_5_metrics.csv,6,2,resnet18,all,C3,AUROC,0.8934911242603552
/scratchc/nrlab/wang04/ulyses_results_iteration/iteration_3_merge_below_3/cnn_model/cnn14/plasma_tp1_0.1x_model_C3/roc_curve_resnet18_tf_0_1/nested_cv_random/resnet18/repeat_10_fold_5_metrics.csv,6,2,resnet18,all,C3,AUPRC,0.9553601207793808
/scratchc/nrlab/wang04/ulyses_results_iteration/iteration_3_merge_below_3/cnn_model/cnn14/plasma_tp1_0.1x_model_C3/roc_curve_resnet18_tf_0_1/nested_cv_random/resnet18/repeat_10_fold_5_metrics.csv,6,2,resnet18,all,C3,Sensitivity at 99% Specificity,0.10989010989010987
/scratchc/nrlab/wang04/ulyses_results_iteration/iteration_3_merge_below_3/cnn_model/cnn14/plasma_tp1_0.1x_model_C3/roc_curve_resnet18_tf_0_1/nested_cv_random/resnet18/repeat_10_fold_5_metrics.csv,6,2,resnet18,all,C3,PPV at 99% Specificity,1
/scratchc/nrlab/wang04/ulyses_results_iteration/iteration_3_merge_below_3/cnn_model/cnn14/plasma_tp1_0.1x_model_C3/roc_curve_resnet18_tf_0_1/nested_cv_random/resnet18/repeat_10_fold_5_metrics.csv,6,2,resnet18,all,C3,Accuracy at 99% Specificity,0.549945054945055
/scratchc/nrlab/wang04/ulyses_results_iteration/iteration_3_merge_below_3/cnn_model/cnn14/plasma_tp1_0.1x_model_C3/roc_curve_resnet18_tf_0_1/nested_cv_random/resnet18/repeat_10_fold_5_metrics.csv,6,2,resnet18,all,C3,F1 at 99% Specificity,0.19801980198019803
/scratchc/nrlab/wang04/ulyses_results_iteration/iteration_3_merge_below_3/cnn_model/cnn14/plasma_tp1_0.1x_model_C3/roc_curve_resnet18_tf_0_1/nested_cv_random/resnet18/repeat_10_fold_5_metrics.csv,6,2,resnet18,all,C3,Sensitivity at 98% Specificity,0.10989010989010987
/scratchc/nrlab/wang04/ulyses_results_iteration/iteration_3_merge_below_3/cnn_model/cnn14/plasma_tp1_0.1x_model_C3/roc_curve_resnet18_tf_0_1/nested_cv_random/resnet18/repeat_10_fold_5_metrics.csv,6,2,resnet18,all,C3,PPV at 98% Specificity,1
/scratchc/nrlab/wang04/ulyses_results_iteration/iteration_3_merge_below_3/cnn_model/cnn14/plasma_tp1_0.1x_model_C3/roc_curve_resnet18_tf_0_1/nested_cv_random/resnet18/repeat_10_fold_5_metrics.csv,6,2,resnet18,all,C3,Accuracy at 98% Specificity,0.544945054945055
/scratchc/nrlab/wang04/ulyses_results_iteration/iteration_3_merge_below_3/cnn_model/cnn14/plasma_tp1_0.1x_model_C3/roc_curve_resnet18_tf_0_1/nested_cv_random/resnet18/repeat_10_fold_5_metrics.csv,6,2,resnet18,all,C3,F1 at 98% Specificity,0.19801980198019803
/scratchc/nrlab/wang04/ulyses_results_iteration/iteration_3_merge_below_3/cnn_model/cnn14/plasma_tp1_0.1x_model_C3/roc_curve_resnet18_tf_0_1/nested_cv_random/resnet18/repeat_10_fold_5_metrics.csv,6,2,resnet18,all,C3,Sensitivity at 95% Specificity,0.6318681318681318
/scratchc/nrlab/wang04/ulyses_results_iteration/iteration_3_merge_below_3/cnn_model/cnn14/plasma_tp1_0.1x_model_C3/roc_curve_resnet18_tf_0_1/nested_cv_random/resnet18/repeat_10_fold_5_metrics.csv,6,2,resnet18,all,C3,PPV at 95% Specificity,0.9829059829059827
/scratchc/nrlab/wang04/ulyses_results_iteration/iteration_3_merge_below_3/cnn_model/cnn14/plasma_tp1_0.1x_model_C3/roc_curve_resnet18_tf_0_1/nested_cv_random/resnet18/repeat_10_fold_5_metrics.csv,6,2,resnet18,all,C3,Accuracy at 95% Specificity,0.7763186813186813
/scratchc/nrlab/wang04/ulyses_results_iteration/iteration_3_merge_below_3/cnn_model/cnn14/plasma_tp1_0.1x_model_C3/roc_curve_resnet18_tf_0_1/nested_cv_random/resnet18/repeat_10_fold_5_metrics.csv,6,2,resnet18,all,C3,F1 at 95% Specificity,0.7692307692307693
/scratchc/nrlab/wang04/ulyses_results_iteration/iteration_3_merge_below_3/cnn_model/cnn14/plasma_tp1_0.1x_model_C3/roc_curve_resnet18_tf_0_1/nested_cv_random/resnet18/repeat_10_fold_5_metrics.csv,6,3,resnet18,all,C3,AUROC,0.9184782608695652
/scratchc/nrlab/wang04/ulyses_results_iteration/iteration_3_merge_below_3/cnn_model/cnn14/plasma_tp1_0.1x_model_C3/roc_curve_resnet18_tf_0_1/nested_cv_random/resnet18/repeat_10_fold_5_metrics.csv,6,3,resnet18,all,C3,AUPRC,0.973214703183834
/scratchc/nrlab/wang04/ulyses_results_iteration/iteration_3_merge_below_3/cnn_model/cnn14/plasma_tp1_0.1x_model_C3/roc_curve_resnet18_tf_0_1/nested_cv_random/resnet18/repeat_10_fold_5_metrics.csv,6,3,resnet18,all,C3,Sensitivity at 99% Specificity,0.5543478260869565
/scratchc/nrlab/wang04/ulyses_results_iteration/iteration_3_merge_below_3/cnn_model/cnn14/plasma_tp1_0.1x_model_C3/roc_curve_resnet18_tf_0_1/nested_cv_random/resnet18/repeat_10_fold_5_metrics.csv,6,3,resnet18,all,C3,PPV at 99% Specificity,1
/scratchc/nrlab/wang04/ulyses_results_iteration/iteration_3_merge_below_3/cnn_model/cnn14/plasma_tp1_0.1x_model_C3/roc_curve_resnet18_tf_0_1/nested_cv_random/resnet18/repeat_10_fold_5_metrics.csv,6,3,resnet18,all,C3,Accuracy at 99% Specificity,0.7721739130434783
/scratchc/nrlab/wang04/ulyses_results_iteration/iteration_3_merge_below_3/cnn_model/cnn14/plasma_tp1_0.1x_model_C3/roc_curve_resnet18_tf_0_1/nested_cv_random/resnet18/repeat_10_fold_5_metrics.csv,6,3,resnet18,all,C3,F1 at 99% Specificity,0.7132867132867133
/scratchc/nrlab/wang04/ulyses_results_iteration/iteration_3_merge_below_3/cnn_model/cnn14/plasma_tp1_0.1x_model_C3/roc_curve_resnet18_tf_0_1/nested_cv_random/resnet18/repeat_10_fold_5_metrics.csv,6,3,resnet18,all,C3,Sensitivity at 98% Specificity,0.5543478260869565
/scratchc/nrlab/wang04/ulyses_results_iteration/iteration_3_merge_below_3/cnn_model/cnn14/plasma_tp1_0.1x_model_C3/roc_curve_resnet18_tf_0_1/nested_cv_random/resnet18/repeat_10_fold_5_metrics.csv,6,3,resnet18,all,C3,PPV at 98% Specificity,1
/scratchc/nrlab/wang04/ulyses_results_iteration/iteration_3_merge_below_3/cnn_model/cnn14/plasma_tp1_0.1x_model_C3/roc_curve_resnet18_tf_0_1/nested_cv_random/resnet18/repeat_10_fold_5_metrics.csv,6,3,resnet18,all,C3,Accuracy at 98% Specificity,0.7671739130434783
/scratchc/nrlab/wang04/ulyses_results_iteration/iteration_3_merge_below_3/cnn_model/cnn14/plasma_tp1_0.1x_model_C3/roc_curve_resnet18_tf_0_1/nested_cv_random/resnet18/repeat_10_fold_5_metrics.csv,6,3,resnet18,all,C3,F1 at 98% Specificity,0.7132867132867133
/scratchc/nrlab/wang04/ulyses_results_iteration/iteration_3_merge_below_3/cnn_model/cnn14/plasma_tp1_0.1x_model_C3/roc_curve_resnet18_tf_0_1/nested_cv_random/resnet18/repeat_10_fold_5_metrics.csv,6,3,resnet18,all,C3,Sensitivity at 95% Specificity,0.7010869565217391
/scratchc/nrlab/wang04/ulyses_results_iteration/iteration_3_merge_below_3/cnn_model/cnn14/plasma_tp1_0.1x_model_C3/roc_curve_resnet18_tf_0_1/nested_cv_random/resnet18/repeat_10_fold_5_metrics.csv,6,3,resnet18,all,C3,PPV at 95% Specificity,0.9847328244274808
/scratchc/nrlab/wang04/ulyses_results_iteration/iteration_3_merge_below_3/cnn_model/cnn14/plasma_tp1_0.1x_model_C3/roc_curve_resnet18_tf_0_1/nested_cv_random/resnet18/repeat_10_fold_5_metrics.csv,6,3,resnet18,all,C3,Accuracy at 95% Specificity,0.8102208976157083
/scratchc/nrlab/wang04/ulyses_results_iteration/iteration_3_merge_below_3/cnn_model/cnn14/plasma_tp1_0.1x_model_C3/roc_curve_resnet18_tf_0_1/nested_cv_random/resnet18/repeat_10_fold_5_metrics.csv,6,3,resnet18,all,C3,F1 at 95% Specificity,0.819047619047619
/scratchc/nrlab/wang04/ulyses_results_iteration/iteration_3_merge_below_3/cnn_model/cnn14/plasma_tp1_0.1x_model_C3/roc_curve_resnet18_tf_0_1/nested_cv_random/resnet18/repeat_10_fold_5_metrics.csv,6,4,resnet18,all,C3,AUROC,0.9066460838479038
/scratchc/nrlab/wang04/ulyses_results_iteration/iteration_3_merge_below_3/cnn_model/cnn14/plasma_tp1_0.1x_model_C3/roc_curve_resnet18_tf_0_1/nested_cv_random/resnet18/repeat_10_fold_5_metrics.csv,6,4,resnet18,all,C3,AUPRC,0.9657910346409844
/scratchc/nrlab/wang04/ulyses_results_iteration/iteration_3_merge_below_3/cnn_model/cnn14/plasma_tp1_0.1x_model_C3/roc_curve_resnet18_tf_0_1/nested_cv_random/resnet18/repeat_10_fold_5_metrics.csv,6,4,resnet18,all,C3,Sensitivity at 99% Specificity,0.5580110497237569
/scratchc/nrlab/wang04/ulyses_results_iteration/iteration_3_merge_below_3/cnn_model/cnn14/plasma_tp1_0.1x_model_C3/roc_curve_resnet18_tf_0_1/nested_cv_random/resnet18/repeat_10_fold_5_metrics.csv,6,4,resnet18,all,C3,PPV at 99% Specificity,1
/scratchc/nrlab/wang04/ulyses_results_iteration/iteration_3_merge_below_3/cnn_model/cnn14/plasma_tp1_0.1x_model_C3/roc_curve_resnet18_tf_0_1/nested_cv_random/resnet18/repeat_10_fold_5_metrics.csv,6,4,resnet18,all,C3,Accuracy at 99% Specificity,0.7740055248618785
/scratchc/nrlab/wang04/ulyses_results_iteration/iteration_3_merge_below_3/cnn_model/cnn14/plasma_tp1_0.1x_model_C3/roc_curve_resnet18_tf_0_1/nested_cv_random/resnet18/repeat_10_fold_5_metrics.csv,6,4,resnet18,all,C3,F1 at 99% Specificity,0.7163120567375887
/scratchc/nrlab/wang04/ulyses_results_iteration/iteration_3_merge_below_3/cnn_model/cnn14/plasma_tp1_0.1x_model_C3/roc_curve_resnet18_tf_0_1/nested_cv_random/resnet18/repeat_10_fold_5_metrics.csv,6,4,resnet18,all,C3,Sensitivity at 98% Specificity,0.5580110497237569
/scratchc/nrlab/wang04/ulyses_results_iteration/iteration_3_merge_below_3/cnn_model/cnn14/plasma_tp1_0.1x_model_C3/roc_curve_resnet18_tf_0_1/nested_cv_random/resnet18/repeat_10_fold_5_metrics.csv,6,4,resnet18,all,C3,PPV at 98% Specificity,1
/scratchc/nrlab/wang04/ulyses_results_iteration/iteration_3_merge_below_3/cnn_model/cnn14/plasma_tp1_0.1x_model_C3/roc_curve_resnet18_tf_0_1/nested_cv_random/resnet18/repeat_10_fold_5_metrics.csv,6,4,resnet18,all,C3,Accuracy at 98% Specificity,0.7690055248618785
/scratchc/nrlab/wang04/ulyses_results_iteration/iteration_3_merge_below_3/cnn_model/cnn14/plasma_tp1_0.1x_model_C3/roc_curve_resnet18_tf_0_1/nested_cv_random/resnet18/repeat_10_fold_5_metrics.csv,6,4,resnet18,all,C3,F1 at 98% Specificity,0.7163120567375887
/scratchc/nrlab/wang04/ulyses_results_iteration/iteration_3_merge_below_3/cnn_model/cnn14/plasma_tp1_0.1x_model_C3/roc_curve_resnet18_tf_0_1/nested_cv_random/resnet18/repeat_10_fold_5_metrics.csv,6,4,resnet18,all,C3,Sensitivity at 95% Specificity,0.6961325966850829
/scratchc/nrlab/wang04/ulyses_results_iteration/iteration_3_merge_below_3/cnn_model/cnn14/plasma_tp1_0.1x_model_C3/roc_curve_resnet18_tf_0_1/nested_cv_random/resnet18/repeat_10_fold_5_metrics.csv,6,4,resnet18,all,C3,PPV at 95% Specificity,0.984375
/scratchc/nrlab/wang04/ulyses_results_iteration/iteration_3_merge_below_3/cnn_model/cnn14/plasma_tp1_0.1x_model_C3/roc_curve_resnet18_tf_0_1/nested_cv_random/resnet18/repeat_10_fold_5_metrics.csv,6,4,resnet18,all,C3,Accuracy at 95% Specificity,0.8090957101072473
/scratchc/nrlab/wang04/ulyses_results_iteration/iteration_3_merge_below_3/cnn_model/cnn14/plasma_tp1_0.1x_model_C3/roc_curve_resnet18_tf_0_1/nested_cv_random/resnet18/repeat_10_fold_5_metrics.csv,6,4,resnet18,all,C3,F1 at 95% Specificity,0.8155339805825242
/scratchc/nrlab/wang04/ulyses_results_iteration/iteration_3_merge_below_3/cnn_model/cnn14/plasma_tp1_0.1x_model_C3/roc_curve_resnet18_tf_0_1/nested_cv_random/resnet18/repeat_10_fold_5_metrics.csv,6,5,resnet18,all,C3,AUROC,0.8825870646766169
/scratchc/nrlab/wang04/ulyses_results_iteration/iteration_3_merge_below_3/cnn_model/cnn14/plasma_tp1_0.1x_model_C3/roc_curve_resnet18_tf_0_1/nested_cv_random/resnet18/repeat_10_fold_5_metrics.csv,6,5,resnet18,all,C3,AUPRC,0.9583747017959928
/scratchc/nrlab/wang04/ulyses_results_iteration/iteration_3_merge_below_3/cnn_model/cnn14/plasma_tp1_0.1x_model_C3/roc_curve_resnet18_tf_0_1/nested_cv_random/resnet18/repeat_10_fold_5_metrics.csv,6,5,resnet18,all,C3,Sensitivity at 99% Specificity,0.5888888888888889
/scratchc/nrlab/wang04/ulyses_results_iteration/iteration_3_merge_below_3/cnn_model/cnn14/plasma_tp1_0.1x_model_C3/roc_curve_resnet18_tf_0_1/nested_cv_random/resnet18/repeat_10_fold_5_metrics.csv,6,5,resnet18,all,C3,PPV at 99% Specificity,1
/scratchc/nrlab/wang04/ulyses_results_iteration/iteration_3_merge_below_3/cnn_model/cnn14/plasma_tp1_0.1x_model_C3/roc_curve_resnet18_tf_0_1/nested_cv_random/resnet18/repeat_10_fold_5_metrics.csv,6,5,resnet18,all,C3,Accuracy at 99% Specificity,0.7894444444444444
/scratchc/nrlab/wang04/ulyses_results_iteration/iteration_3_merge_below_3/cnn_model/cnn14/plasma_tp1_0.1x_model_C3/roc_curve_resnet18_tf_0_1/nested_cv_random/resnet18/repeat_10_fold_5_metrics.csv,6,5,resnet18,all,C3,F1 at 99% Specificity,0.7412587412587412
/scratchc/nrlab/wang04/ulyses_results_iteration/iteration_3_merge_below_3/cnn_model/cnn14/plasma_tp1_0.1x_model_C3/roc_curve_resnet18_tf_0_1/nested_cv_random/resnet18/repeat_10_fold_5_metrics.csv,6,5,resnet18,all,C3,Sensitivity at 98% Specificity,0.5888888888888889
/scratchc/nrlab/wang04/ulyses_results_iteration/iteration_3_merge_below_3/cnn_model/cnn14/plasma_tp1_0.1x_model_C3/roc_curve_resnet18_tf_0_1/nested_cv_random/resnet18/repeat_10_fold_5_metrics.csv,6,5,resnet18,all,C3,PPV at 98% Specificity,1
/scratchc/nrlab/wang04/ulyses_results_iteration/iteration_3_merge_below_3/cnn_model/cnn14/plasma_tp1_0.1x_model_C3/roc_curve_resnet18_tf_0_1/nested_cv_random/resnet18/repeat_10_fold_5_metrics.csv,6,5,resnet18,all,C3,Accuracy at 98% Specificity,0.7844444444444445
/scratchc/nrlab/wang04/ulyses_results_iteration/iteration_3_merge_below_3/cnn_model/cnn14/plasma_tp1_0.1x_model_C3/roc_curve_resnet18_tf_0_1/nested_cv_random/resnet18/repeat_10_fold_5_metrics.csv,6,5,resnet18,all,C3,F1 at 98% Specificity,0.7412587412587412
/scratchc/nrlab/wang04/ulyses_results_iteration/iteration_3_merge_below_3/cnn_model/cnn14/plasma_tp1_0.1x_model_C3/roc_curve_resnet18_tf_0_1/nested_cv_random/resnet18/repeat_10_fold_5_metrics.csv,6,5,resnet18,all,C3,Sensitivity at 95% Specificity,0.6666666666666666
/scratchc/nrlab/wang04/ulyses_results_iteration/iteration_3_merge_below_3/cnn_model/cnn14/plasma_tp1_0.1x_model_C3/roc_curve_resnet18_tf_0_1/nested_cv_random/resnet18/repeat_10_fold_5_metrics.csv,6,5,resnet18,all,C3,PPV at 95% Specificity,0.9836065573770492
/scratchc/nrlab/wang04/ulyses_results_iteration/iteration_3_merge_below_3/cnn_model/cnn14/plasma_tp1_0.1x_model_C3/roc_curve_resnet18_tf_0_1/nested_cv_random/resnet18/repeat_10_fold_5_metrics.csv,6,5,resnet18,all,C3,Accuracy at 95% Specificity,0.7941542288557213
/scratchc/nrlab/wang04/ulyses_results_iteration/iteration_3_merge_below_3/cnn_model/cnn14/plasma_tp1_0.1x_model_C3/roc_curve_resnet18_tf_0_1/nested_cv_random/resnet18/repeat_10_fold_5_metrics.csv,6,5,resnet18,all,C3,F1 at 95% Specificity,0.7947019867549668
/scratchc/nrlab/wang04/ulyses_results_iteration/iteration_3_merge_below_3/cnn_model/cnn14/plasma_tp1_0.1x_model_C3/roc_curve_resnet18_tf_0_1/nested_cv_random/resnet18/repeat_10_fold_5_metrics.csv,7,1,resnet18,all,C3,AUROC,0.9382684426229508
/scratchc/nrlab/wang04/ulyses_results_iteration/iteration_3_merge_below_3/cnn_model/cnn14/plasma_tp1_0.1x_model_C3/roc_curve_resnet18_tf_0_1/nested_cv_random/resnet18/repeat_10_fold_5_metrics.csv,7,1,resnet18,all,C3,AUPRC,0.9796749653885892
/scratchc/nrlab/wang04/ulyses_results_iteration/iteration_3_merge_below_3/cnn_model/cnn14/plasma_tp1_0.1x_model_C3/roc_curve_resnet18_tf_0_1/nested_cv_random/resnet18/repeat_10_fold_5_metrics.csv,7,1,resnet18,all,C3,Sensitivity at 99% Specificity,0.6502732240437158
/scratchc/nrlab/wang04/ulyses_results_iteration/iteration_3_merge_below_3/cnn_model/cnn14/plasma_tp1_0.1x_model_C3/roc_curve_resnet18_tf_0_1/nested_cv_random/resnet18/repeat_10_fold_5_metrics.csv,7,1,resnet18,all,C3,PPV at 99% Specificity,1
/scratchc/nrlab/wang04/ulyses_results_iteration/iteration_3_merge_below_3/cnn_model/cnn14/plasma_tp1_0.1x_model_C3/roc_curve_resnet18_tf_0_1/nested_cv_random/resnet18/repeat_10_fold_5_metrics.csv,7,1,resnet18,all,C3,Accuracy at 99% Specificity,0.8201366120218578
/scratchc/nrlab/wang04/ulyses_results_iteration/iteration_3_merge_below_3/cnn_model/cnn14/plasma_tp1_0.1x_model_C3/roc_curve_resnet18_tf_0_1/nested_cv_random/resnet18/repeat_10_fold_5_metrics.csv,7,1,resnet18,all,C3,F1 at 99% Specificity,0.7880794701986755
/scratchc/nrlab/wang04/ulyses_results_iteration/iteration_3_merge_below_3/cnn_model/cnn14/plasma_tp1_0.1x_model_C3/roc_curve_resnet18_tf_0_1/nested_cv_random/resnet18/repeat_10_fold_5_metrics.csv,7,1,resnet18,all,C3,Sensitivity at 98% Specificity,0.6502732240437158
/scratchc/nrlab/wang04/ulyses_results_iteration/iteration_3_merge_below_3/cnn_model/cnn14/plasma_tp1_0.1x_model_C3/roc_curve_resnet18_tf_0_1/nested_cv_random/resnet18/repeat_10_fold_5_metrics.csv,7,1,resnet18,all,C3,PPV at 98% Specificity,1
/scratchc/nrlab/wang04/ulyses_results_iteration/iteration_3_merge_below_3/cnn_model/cnn14/plasma_tp1_0.1x_model_C3/roc_curve_resnet18_tf_0_1/nested_cv_random/resnet18/repeat_10_fold_5_metrics.csv,7,1,resnet18,all,C3,Accuracy at 98% Specificity,0.8151366120218579
/scratchc/nrlab/wang04/ulyses_results_iteration/iteration_3_merge_below_3/cnn_model/cnn14/plasma_tp1_0.1x_model_C3/roc_curve_resnet18_tf_0_1/nested_cv_random/resnet18/repeat_10_fold_5_metrics.csv,7,1,resnet18,all,C3,F1 at 98% Specificity,0.7880794701986755
/scratchc/nrlab/wang04/ulyses_results_iteration/iteration_3_merge_below_3/cnn_model/cnn14/plasma_tp1_0.1x_model_C3/roc_curve_resnet18_tf_0_1/nested_cv_random/resnet18/repeat_10_fold_5_metrics.csv,7,1,resnet18,all,C3,Sensitivity at 95% Specificity,0.7540983606557377
/scratchc/nrlab/wang04/ulyses_results_iteration/iteration_3_merge_below_3/cnn_model/cnn14/plasma_tp1_0.1x_model_C3/roc_curve_resnet18_tf_0_1/nested_cv_random/resnet18/repeat_10_fold_5_metrics.csv,7,1,resnet18,all,C3,PPV at 95% Specificity,0.9857142857142858
/scratchc/nrlab/wang04/ulyses_results_iteration/iteration_3_merge_below_3/cnn_model/cnn14/plasma_tp1_0.1x_model_C3/roc_curve_resnet18_tf_0_1/nested_cv_random/resnet18/repeat_10_fold_5_metrics.csv,7,1,resnet18,all,C3,Accuracy at 95% Specificity,0.8372054303278689
/scratchc/nrlab/wang04/ulyses_results_iteration/iteration_3_merge_below_3/cnn_model/cnn14/plasma_tp1_0.1x_model_C3/roc_curve_resnet18_tf_0_1/nested_cv_random/resnet18/repeat_10_fold_5_metrics.csv,7,1,resnet18,all,C3,F1 at 95% Specificity,0.8544891640866873
/scratchc/nrlab/wang04/ulyses_results_iteration/iteration_3_merge_below_3/cnn_model/cnn14/plasma_tp1_0.1x_model_C3/roc_curve_resnet18_tf_0_1/nested_cv_random/resnet18/repeat_10_fold_5_metrics.csv,7,2,resnet18,all,C3,AUROC,0.9355362021857924
/scratchc/nrlab/wang04/ulyses_results_iteration/iteration_3_merge_below_3/cnn_model/cnn14/plasma_tp1_0.1x_model_C3/roc_curve_resnet18_tf_0_1/nested_cv_random/resnet18/repeat_10_fold_5_metrics.csv,7,2,resnet18,all,C3,AUPRC,0.9761101985772966
/scratchc/nrlab/wang04/ulyses_results_iteration/iteration_3_merge_below_3/cnn_model/cnn14/plasma_tp1_0.1x_model_C3/roc_curve_resnet18_tf_0_1/nested_cv_random/resnet18/repeat_10_fold_5_metrics.csv,7,2,resnet18,all,C3,Sensitivity at 99% Specificity,0.4371584699453552
/scratchc/nrlab/wang04/ulyses_results_iteration/iteration_3_merge_below_3/cnn_model/cnn14/plasma_tp1_0.1x_model_C3/roc_curve_resnet18_tf_0_1/nested_cv_random/resnet18/repeat_10_fold_5_metrics.csv,7,2,resnet18,all,C3,PPV at 99% Specificity,1
/scratchc/nrlab/wang04/ulyses_results_iteration/iteration_3_merge_below_3/cnn_model/cnn14/plasma_tp1_0.1x_model_C3/roc_curve_resnet18_tf_0_1/nested_cv_random/resnet18/repeat_10_fold_5_metrics.csv,7,2,resnet18,all,C3,Accuracy at 99% Specificity,0.7135792349726776
/scratchc/nrlab/wang04/ulyses_results_iteration/iteration_3_merge_below_3/cnn_model/cnn14/plasma_tp1_0.1x_model_C3/roc_curve_resnet18_tf_0_1/nested_cv_random/resnet18/repeat_10_fold_5_metrics.csv,7,2,resnet18,all,C3,F1 at 99% Specificity,0.6083650190114068
/scratchc/nrlab/wang04/ulyses_results_iteration/iteration_3_merge_below_3/cnn_model/cnn14/plasma_tp1_0.1x_model_C3/roc_curve_resnet18_tf_0_1/nested_cv_random/resnet18/repeat_10_fold_5_metrics.csv,7,2,resnet18,all,C3,Sensitivity at 98% Specificity,0.4371584699453552
/scratchc/nrlab/wang04/ulyses_results_iteration/iteration_3_merge_below_3/cnn_model/cnn14/plasma_tp1_0.1x_model_C3/roc_curve_resnet18_tf_0_1/nested_cv_random/resnet18/repeat_10_fold_5_metrics.csv,7,2,resnet18,all,C3,PPV at 98% Specificity,1
/scratchc/nrlab/wang04/ulyses_results_iteration/iteration_3_merge_below_3/cnn_model/cnn14/plasma_tp1_0.1x_model_C3/roc_curve_resnet18_tf_0_1/nested_cv_random/resnet18/repeat_10_fold_5_metrics.csv,7,2,resnet18,all,C3,Accuracy at 98% Specificity,0.7085792349726776
/scratchc/nrlab/wang04/ulyses_results_iteration/iteration_3_merge_below_3/cnn_model/cnn14/plasma_tp1_0.1x_model_C3/roc_curve_resnet18_tf_0_1/nested_cv_random/resnet18/repeat_10_fold_5_metrics.csv,7,2,resnet18,all,C3,F1 at 98% Specificity,0.6083650190114068
/scratchc/nrlab/wang04/ulyses_results_iteration/iteration_3_merge_below_3/cnn_model/cnn14/plasma_tp1_0.1x_model_C3/roc_curve_resnet18_tf_0_1/nested_cv_random/resnet18/repeat_10_fold_5_metrics.csv,7,2,resnet18,all,C3,Sensitivity at 95% Specificity,0.6885245901639344
/scratchc/nrlab/wang04/ulyses_results_iteration/iteration_3_merge_below_3/cnn_model/cnn14/plasma_tp1_0.1x_model_C3/roc_curve_resnet18_tf_0_1/nested_cv_random/resnet18/repeat_10_fold_5_metrics.csv,7,2,resnet18,all,C3,PPV at 95% Specificity,0.984375
/scratchc/nrlab/wang04/ulyses_results_iteration/iteration_3_merge_below_3/cnn_model/cnn14/plasma_tp1_0.1x_model_C3/roc_curve_resnet18_tf_0_1/nested_cv_random/resnet18/repeat_10_fold_5_metrics.csv,7,2,resnet18,all,C3,Accuracy at 95% Specificity,0.8044185450819672
/scratchc/nrlab/wang04/ulyses_results_iteration/iteration_3_merge_below_3/cnn_model/cnn14/plasma_tp1_0.1x_model_C3/roc_curve_resnet18_tf_0_1/nested_cv_random/resnet18/repeat_10_fold_5_metrics.csv,7,2,resnet18,all,C3,F1 at 95% Specificity,0.8102893890675241
/scratchc/nrlab/wang04/ulyses_results_iteration/iteration_3_merge_below_3/cnn_model/cnn14/plasma_tp1_0.1x_model_C3/roc_curve_resnet18_tf_0_1/nested_cv_random/resnet18/repeat_10_fold_5_metrics.csv,7,3,resnet18,all,C3,AUROC,0.9045516304347826
/scratchc/nrlab/wang04/ulyses_results_iteration/iteration_3_merge_below_3/cnn_model/cnn14/plasma_tp1_0.1x_model_C3/roc_curve_resnet18_tf_0_1/nested_cv_random/resnet18/repeat_10_fold_5_metrics.csv,7,3,resnet18,all,C3,AUPRC,0.961821021037678
/scratchc/nrlab/wang04/ulyses_results_iteration/iteration_3_merge_below_3/cnn_model/cnn14/plasma_tp1_0.1x_model_C3/roc_curve_resnet18_tf_0_1/nested_cv_random/resnet18/repeat_10_fold_5_metrics.csv,7,3,resnet18,all,C3,Sensitivity at 99% Specificity,0.1956521739130435
/scratchc/nrlab/wang04/ulyses_results_iteration/iteration_3_merge_below_3/cnn_model/cnn14/plasma_tp1_0.1x_model_C3/roc_curve_resnet18_tf_0_1/nested_cv_random/resnet18/repeat_10_fold_5_metrics.csv,7,3,resnet18,all,C3,PPV at 99% Specificity,1
/scratchc/nrlab/wang04/ulyses_results_iteration/iteration_3_merge_below_3/cnn_model/cnn14/plasma_tp1_0.1x_model_C3/roc_curve_resnet18_tf_0_1/nested_cv_random/resnet18/repeat_10_fold_5_metrics.csv,7,3,resnet18,all,C3,Accuracy at 99% Specificity,0.5928260869565217
/scratchc/nrlab/wang04/ulyses_results_iteration/iteration_3_merge_below_3/cnn_model/cnn14/plasma_tp1_0.1x_model_C3/roc_curve_resnet18_tf_0_1/nested_cv_random/resnet18/repeat_10_fold_5_metrics.csv,7,3,resnet18,all,C3,F1 at 99% Specificity,0.32727272727272727
/scratchc/nrlab/wang04/ulyses_results_iteration/iteration_3_merge_below_3/cnn_model/cnn14/plasma_tp1_0.1x_model_C3/roc_curve_resnet18_tf_0_1/nested_cv_random/resnet18/repeat_10_fold_5_metrics.csv,7,3,resnet18,all,C3,Sensitivity at 98% Specificity,0.1956521739130435
/scratchc/nrlab/wang04/ulyses_results_iteration/iteration_3_merge_below_3/cnn_model/cnn14/plasma_tp1_0.1x_model_C3/roc_curve_resnet18_tf_0_1/nested_cv_random/resnet18/repeat_10_fold_5_metrics.csv,7,3,resnet18,all,C3,PPV at 98% Specificity,1
/scratchc/nrlab/wang04/ulyses_results_iteration/iteration_3_merge_below_3/cnn_model/cnn14/plasma_tp1_0.1x_model_C3/roc_curve_resnet18_tf_0_1/nested_cv_random/resnet18/repeat_10_fold_5_metrics.csv,7,3,resnet18,all,C3,Accuracy at 98% Specificity,0.5878260869565217
/scratchc/nrlab/wang04/ulyses_results_iteration/iteration_3_merge_below_3/cnn_model/cnn14/plasma_tp1_0.1x_model_C3/roc_curve_resnet18_tf_0_1/nested_cv_random/resnet18/repeat_10_fold_5_metrics.csv,7,3,resnet18,all,C3,F1 at 98% Specificity,0.32727272727272727
/scratchc/nrlab/wang04/ulyses_results_iteration/iteration_3_merge_below_3/cnn_model/cnn14/plasma_tp1_0.1x_model_C3/roc_curve_resnet18_tf_0_1/nested_cv_random/resnet18/repeat_10_fold_5_metrics.csv,7,3,resnet18,all,C3,Sensitivity at 95% Specificity,0.6195652173913043
/scratchc/nrlab/wang04/ulyses_results_iteration/iteration_3_merge_below_3/cnn_model/cnn14/plasma_tp1_0.1x_model_C3/roc_curve_resnet18_tf_0_1/nested_cv_random/resnet18/repeat_10_fold_5_metrics.csv,7,3,resnet18,all,C3,PPV at 95% Specificity,0.9827586206896552
/scratchc/nrlab/wang04/ulyses_results_iteration/iteration_3_merge_below_3/cnn_model/cnn14/plasma_tp1_0.1x_model_C3/roc_curve_resnet18_tf_0_1/nested_cv_random/resnet18/repeat_10_fold_5_metrics.csv,7,3,resnet18,all,C3,Accuracy at 95% Specificity,0.7699388586956522
/scratchc/nrlab/wang04/ulyses_results_iteration/iteration_3_merge_below_3/cnn_model/cnn14/plasma_tp1_0.1x_model_C3/roc_curve_resnet18_tf_0_1/nested_cv_random/resnet18/repeat_10_fold_5_metrics.csv,7,3,resnet18,all,C3,F1 at 95% Specificity,0.76
/scratchc/nrlab/wang04/ulyses_results_iteration/iteration_3_merge_below_3/cnn_model/cnn14/plasma_tp1_0.1x_model_C3/roc_curve_resnet18_tf_0_1/nested_cv_random/resnet18/repeat_10_fold_5_metrics.csv,7,4,resnet18,all,C3,AUROC,0.9237239218273274
/scratchc/nrlab/wang04/ulyses_results_iteration/iteration_3_merge_below_3/cnn_model/cnn14/plasma_tp1_0.1x_model_C3/roc_curve_resnet18_tf_0_1/nested_cv_random/resnet18/repeat_10_fold_5_metrics.csv,7,4,resnet18,all,C3,AUPRC,0.9693089520724288
/scratchc/nrlab/wang04/ulyses_results_iteration/iteration_3_merge_below_3/cnn_model/cnn14/plasma_tp1_0.1x_model_C3/roc_curve_resnet18_tf_0_1/nested_cv_random/resnet18/repeat_10_fold_5_metrics.csv,7,4,resnet18,all,C3,Sensitivity at 99% Specificity,0.35359116022099446
/scratchc/nrlab/wang04/ulyses_results_iteration/iteration_3_merge_below_3/cnn_model/cnn14/plasma_tp1_0.1x_model_C3/roc_curve_resnet18_tf_0_1/nested_cv_random/resnet18/repeat_10_fold_5_metrics.csv,7,4,resnet18,all,C3,PPV at 99% Specificity,1
/scratchc/nrlab/wang04/ulyses_results_iteration/iteration_3_merge_below_3/cnn_model/cnn14/plasma_tp1_0.1x_model_C3/roc_curve_resnet18_tf_0_1/nested_cv_random/resnet18/repeat_10_fold_5_metrics.csv,7,4,resnet18,all,C3,Accuracy at 99% Specificity,0.6717955801104972
/scratchc/nrlab/wang04/ulyses_results_iteration/iteration_3_merge_below_3/cnn_model/cnn14/plasma_tp1_0.1x_model_C3/roc_curve_resnet18_tf_0_1/nested_cv_random/resnet18/repeat_10_fold_5_metrics.csv,7,4,resnet18,all,C3,F1 at 99% Specificity,0.5224489795918368
/scratchc/nrlab/wang04/ulyses_results_iteration/iteration_3_merge_below_3/cnn_model/cnn14/plasma_tp1_0.1x_model_C3/roc_curve_resnet18_tf_0_1/nested_cv_random/resnet18/repeat_10_fold_5_metrics.csv,7,4,resnet18,all,C3,Sensitivity at 98% Specificity,0.35359116022099446
/scratchc/nrlab/wang04/ulyses_results_iteration/iteration_3_merge_below_3/cnn_model/cnn14/plasma_tp1_0.1x_model_C3/roc_curve_resnet18_tf_0_1/nested_cv_random/resnet18/repeat_10_fold_5_metrics.csv,7,4,resnet18,all,C3,PPV at 98% Specificity,1
/scratchc/nrlab/wang04/ulyses_results_iteration/iteration_3_merge_below_3/cnn_model/cnn14/plasma_tp1_0.1x_model_C3/roc_curve_resnet18_tf_0_1/nested_cv_random/resnet18/repeat_10_fold_5_metrics.csv,7,4,resnet18,all,C3,Accuracy at 98% Specificity,0.6667955801104972
/scratchc/nrlab/wang04/ulyses_results_iteration/iteration_3_merge_below_3/cnn_model/cnn14/plasma_tp1_0.1x_model_C3/roc_curve_resnet18_tf_0_1/nested_cv_random/resnet18/repeat_10_fold_5_metrics.csv,7,4,resnet18,all,C3,F1 at 98% Specificity,0.5224489795918368
/scratchc/nrlab/wang04/ulyses_results_iteration/iteration_3_merge_below_3/cnn_model/cnn14/plasma_tp1_0.1x_model_C3/roc_curve_resnet18_tf_0_1/nested_cv_random/resnet18/repeat_10_fold_5_metrics.csv,7,4,resnet18,all,C3,Sensitivity at 95% Specificity,0.574585635359116
/scratchc/nrlab/wang04/ulyses_results_iteration/iteration_3_merge_below_3/cnn_model/cnn14/plasma_tp1_0.1x_model_C3/roc_curve_resnet18_tf_0_1/nested_cv_random/resnet18/repeat_10_fold_5_metrics.csv,7,4,resnet18,all,C3,PPV at 95% Specificity,0.981132075471698
/scratchc/nrlab/wang04/ulyses_results_iteration/iteration_3_merge_below_3/cnn_model/cnn14/plasma_tp1_0.1x_model_C3/roc_curve_resnet18_tf_0_1/nested_cv_random/resnet18/repeat_10_fold_5_metrics.csv,7,4,resnet18,all,C3,Accuracy at 95% Specificity,0.748113713201946
/scratchc/nrlab/wang04/ulyses_results_iteration/iteration_3_merge_below_3/cnn_model/cnn14/plasma_tp1_0.1x_model_C3/roc_curve_resnet18_tf_0_1/nested_cv_random/resnet18/repeat_10_fold_5_metrics.csv,7,4,resnet18,all,C3,F1 at 95% Specificity,0.7247386759581882
/scratchc/nrlab/wang04/ulyses_results_iteration/iteration_3_merge_below_3/cnn_model/cnn14/plasma_tp1_0.1x_model_C3/roc_curve_resnet18_tf_0_1/nested_cv_random/resnet18/repeat_10_fold_5_metrics.csv,7,5,resnet18,all,C3,AUROC,0.9291813159216474
/scratchc/nrlab/wang04/ulyses_results_iteration/iteration_3_merge_below_3/cnn_model/cnn14/plasma_tp1_0.1x_model_C3/roc_curve_resnet18_tf_0_1/nested_cv_random/resnet18/repeat_10_fold_5_metrics.csv,7,5,resnet18,all,C3,AUPRC,0.9737639353910804
/scratchc/nrlab/wang04/ulyses_results_iteration/iteration_3_merge_below_3/cnn_model/cnn14/plasma_tp1_0.1x_model_C3/roc_curve_resnet18_tf_0_1/nested_cv_random/resnet18/repeat_10_fold_5_metrics.csv,7,5,resnet18,all,C3,Sensitivity at 99% Specificity,0.4088397790055249
/scratchc/nrlab/wang04/ulyses_results_iteration/iteration_3_merge_below_3/cnn_model/cnn14/plasma_tp1_0.1x_model_C3/roc_curve_resnet18_tf_0_1/nested_cv_random/resnet18/repeat_10_fold_5_metrics.csv,7,5,resnet18,all,C3,PPV at 99% Specificity,1
/scratchc/nrlab/wang04/ulyses_results_iteration/iteration_3_merge_below_3/cnn_model/cnn14/plasma_tp1_0.1x_model_C3/roc_curve_resnet18_tf_0_1/nested_cv_random/resnet18/repeat_10_fold_5_metrics.csv,7,5,resnet18,all,C3,Accuracy at 99% Specificity,0.6994198895027625
/scratchc/nrlab/wang04/ulyses_results_iteration/iteration_3_merge_below_3/cnn_model/cnn14/plasma_tp1_0.1x_model_C3/roc_curve_resnet18_tf_0_1/nested_cv_random/resnet18/repeat_10_fold_5_metrics.csv,7,5,resnet18,all,C3,F1 at 99% Specificity,0.5803921568627451
/scratchc/nrlab/wang04/ulyses_results_iteration/iteration_3_merge_below_3/cnn_model/cnn14/plasma_tp1_0.1x_model_C3/roc_curve_resnet18_tf_0_1/nested_cv_random/resnet18/repeat_10_fold_5_metrics.csv,7,5,resnet18,all,C3,Sensitivity at 98% Specificity,0.4088397790055249
/scratchc/nrlab/wang04/ulyses_results_iteration/iteration_3_merge_below_3/cnn_model/cnn14/plasma_tp1_0.1x_model_C3/roc_curve_resnet18_tf_0_1/nested_cv_random/resnet18/repeat_10_fold_5_metrics.csv,7,5,resnet18,all,C3,PPV at 98% Specificity,1
/scratchc/nrlab/wang04/ulyses_results_iteration/iteration_3_merge_below_3/cnn_model/cnn14/plasma_tp1_0.1x_model_C3/roc_curve_resnet18_tf_0_1/nested_cv_random/resnet18/repeat_10_fold_5_metrics.csv,7,5,resnet18,all,C3,Accuracy at 98% Specificity,0.6944198895027625
/scratchc/nrlab/wang04/ulyses_results_iteration/iteration_3_merge_below_3/cnn_model/cnn14/plasma_tp1_0.1x_model_C3/roc_curve_resnet18_tf_0_1/nested_cv_random/resnet18/repeat_10_fold_5_metrics.csv,7,5,resnet18,all,C3,F1 at 98% Specificity,0.5803921568627451
/scratchc/nrlab/wang04/ulyses_results_iteration/iteration_3_merge_below_3/cnn_model/cnn14/plasma_tp1_0.1x_model_C3/roc_curve_resnet18_tf_0_1/nested_cv_random/resnet18/repeat_10_fold_5_metrics.csv,7,5,resnet18,all,C3,Sensitivity at 95% Specificity,0.7016574585635359
/scratchc/nrlab/wang04/ulyses_results_iteration/iteration_3_merge_below_3/cnn_model/cnn14/plasma_tp1_0.1x_model_C3/roc_curve_resnet18_tf_0_1/nested_cv_random/resnet18/repeat_10_fold_5_metrics.csv,7,5,resnet18,all,C3,PPV at 95% Specificity,0.9769230769230768
/scratchc/nrlab/wang04/ulyses_results_iteration/iteration_3_merge_below_3/cnn_model/cnn14/plasma_tp1_0.1x_model_C3/roc_curve_resnet18_tf_0_1/nested_cv_random/resnet18/repeat_10_fold_5_metrics.csv,7,5,resnet18,all,C3,Accuracy at 95% Specificity,0.8042378201908589
/scratchc/nrlab/wang04/ulyses_results_iteration/iteration_3_merge_below_3/cnn_model/cnn14/plasma_tp1_0.1x_model_C3/roc_curve_resnet18_tf_0_1/nested_cv_random/resnet18/repeat_10_fold_5_metrics.csv,7,5,resnet18,all,C3,F1 at 95% Specificity,0.8167202572347267
/scratchc/nrlab/wang04/ulyses_results_iteration/iteration_3_merge_below_3/cnn_model/cnn14/plasma_tp1_0.1x_model_C3/roc_curve_resnet18_tf_0_1/nested_cv_random/resnet18/repeat_10_fold_5_metrics.csv,8,1,resnet18,all,C3,AUROC,0.8783693286455717
/scratchc/nrlab/wang04/ulyses_results_iteration/iteration_3_merge_below_3/cnn_model/cnn14/plasma_tp1_0.1x_model_C3/roc_curve_resnet18_tf_0_1/nested_cv_random/resnet18/repeat_10_fold_5_metrics.csv,8,1,resnet18,all,C3,AUPRC,0.9551131212791542
/scratchc/nrlab/wang04/ulyses_results_iteration/iteration_3_merge_below_3/cnn_model/cnn14/plasma_tp1_0.1x_model_C3/roc_curve_resnet18_tf_0_1/nested_cv_random/resnet18/repeat_10_fold_5_metrics.csv,8,1,resnet18,all,C3,Sensitivity at 99% Specificity,0.3425414364640884
/scratchc/nrlab/wang04/ulyses_results_iteration/iteration_3_merge_below_3/cnn_model/cnn14/plasma_tp1_0.1x_model_C3/roc_curve_resnet18_tf_0_1/nested_cv_random/resnet18/repeat_10_fold_5_metrics.csv,8,1,resnet18,all,C3,PPV at 99% Specificity,1
/scratchc/nrlab/wang04/ulyses_results_iteration/iteration_3_merge_below_3/cnn_model/cnn14/plasma_tp1_0.1x_model_C3/roc_curve_resnet18_tf_0_1/nested_cv_random/resnet18/repeat_10_fold_5_metrics.csv,8,1,resnet18,all,C3,Accuracy at 99% Specificity,0.6662707182320442
/scratchc/nrlab/wang04/ulyses_results_iteration/iteration_3_merge_below_3/cnn_model/cnn14/plasma_tp1_0.1x_model_C3/roc_curve_resnet18_tf_0_1/nested_cv_random/resnet18/repeat_10_fold_5_metrics.csv,8,1,resnet18,all,C3,F1 at 99% Specificity,0.5102880658436214
/scratchc/nrlab/wang04/ulyses_results_iteration/iteration_3_merge_below_3/cnn_model/cnn14/plasma_tp1_0.1x_model_C3/roc_curve_resnet18_tf_0_1/nested_cv_random/resnet18/repeat_10_fold_5_metrics.csv,8,1,resnet18,all,C3,Sensitivity at 98% Specificity,0.3425414364640884
/scratchc/nrlab/wang04/ulyses_results_iteration/iteration_3_merge_below_3/cnn_model/cnn14/plasma_tp1_0.1x_model_C3/roc_curve_resnet18_tf_0_1/nested_cv_random/resnet18/repeat_10_fold_5_metrics.csv,8,1,resnet18,all,C3,PPV at 98% Specificity,1
/scratchc/nrlab/wang04/ulyses_results_iteration/iteration_3_merge_below_3/cnn_model/cnn14/plasma_tp1_0.1x_model_C3/roc_curve_resnet18_tf_0_1/nested_cv_random/resnet18/repeat_10_fold_5_metrics.csv,8,1,resnet18,all,C3,Accuracy at 98% Specificity,0.6612707182320442
/scratchc/nrlab/wang04/ulyses_results_iteration/iteration_3_merge_below_3/cnn_model/cnn14/plasma_tp1_0.1x_model_C3/roc_curve_resnet18_tf_0_1/nested_cv_random/resnet18/repeat_10_fold_5_metrics.csv,8,1,resnet18,all,C3,F1 at 98% Specificity,0.5102880658436214
/scratchc/nrlab/wang04/ulyses_results_iteration/iteration_3_merge_below_3/cnn_model/cnn14/plasma_tp1_0.1x_model_C3/roc_curve_resnet18_tf_0_1/nested_cv_random/resnet18/repeat_10_fold_5_metrics.csv,8,1,resnet18,all,C3,Sensitivity at 95% Specificity,0.6132596685082873
/scratchc/nrlab/wang04/ulyses_results_iteration/iteration_3_merge_below_3/cnn_model/cnn14/plasma_tp1_0.1x_model_C3/roc_curve_resnet18_tf_0_1/nested_cv_random/resnet18/repeat_10_fold_5_metrics.csv,8,1,resnet18,all,C3,PPV at 95% Specificity,0.9823008849557522
/scratchc/nrlab/wang04/ulyses_results_iteration/iteration_3_merge_below_3/cnn_model/cnn14/plasma_tp1_0.1x_model_C3/roc_curve_resnet18_tf_0_1/nested_cv_random/resnet18/repeat_10_fold_5_metrics.csv,8,1,resnet18,all,C3,Accuracy at 95% Specificity,0.7672358948602043
/scratchc/nrlab/wang04/ulyses_results_iteration/iteration_3_merge_below_3/cnn_model/cnn14/plasma_tp1_0.1x_model_C3/roc_curve_resnet18_tf_0_1/nested_cv_random/resnet18/repeat_10_fold_5_metrics.csv,8,1,resnet18,all,C3,F1 at 95% Specificity,0.7551020408163265
/scratchc/nrlab/wang04/ulyses_results_iteration/iteration_3_merge_below_3/cnn_model/cnn14/plasma_tp1_0.1x_model_C3/roc_curve_resnet18_tf_0_1/nested_cv_random/resnet18/repeat_10_fold_5_metrics.csv,8,3,resnet18,all,C3,AUROC,0.9155855539971952
/scratchc/nrlab/wang04/ulyses_results_iteration/iteration_3_merge_below_3/cnn_model/cnn14/plasma_tp1_0.1x_model_C3/roc_curve_resnet18_tf_0_1/nested_cv_random/resnet18/repeat_10_fold_5_metrics.csv,8,3,resnet18,all,C3,AUPRC,0.9704637272711888
/scratchc/nrlab/wang04/ulyses_results_iteration/iteration_3_merge_below_3/cnn_model/cnn14/plasma_tp1_0.1x_model_C3/roc_curve_resnet18_tf_0_1/nested_cv_random/resnet18/repeat_10_fold_5_metrics.csv,8,3,resnet18,all,C3,Sensitivity at 99% Specificity,0.33152173913043476
/scratchc/nrlab/wang04/ulyses_results_iteration/iteration_3_merge_below_3/cnn_model/cnn14/plasma_tp1_0.1x_model_C3/roc_curve_resnet18_tf_0_1/nested_cv_random/resnet18/repeat_10_fold_5_metrics.csv,8,3,resnet18,all,C3,PPV at 99% Specificity,1
/scratchc/nrlab/wang04/ulyses_results_iteration/iteration_3_merge_below_3/cnn_model/cnn14/plasma_tp1_0.1x_model_C3/roc_curve_resnet18_tf_0_1/nested_cv_random/resnet18/repeat_10_fold_5_metrics.csv,8,3,resnet18,all,C3,Accuracy at 99% Specificity,0.6607608695652174
/scratchc/nrlab/wang04/ulyses_results_iteration/iteration_3_merge_below_3/cnn_model/cnn14/plasma_tp1_0.1x_model_C3/roc_curve_resnet18_tf_0_1/nested_cv_random/resnet18/repeat_10_fold_5_metrics.csv,8,3,resnet18,all,C3,F1 at 99% Specificity,0.49795918367346936
/scratchc/nrlab/wang04/ulyses_results_iteration/iteration_3_merge_below_3/cnn_model/cnn14/plasma_tp1_0.1x_model_C3/roc_curve_resnet18_tf_0_1/nested_cv_random/resnet18/repeat_10_fold_5_metrics.csv,8,3,resnet18,all,C3,Sensitivity at 98% Specificity,0.33152173913043476
/scratchc/nrlab/wang04/ulyses_results_iteration/iteration_3_merge_below_3/cnn_model/cnn14/plasma_tp1_0.1x_model_C3/roc_curve_resnet18_tf_0_1/nested_cv_random/resnet18/repeat_10_fold_5_metrics.csv,8,3,resnet18,all,C3,PPV at 98% Specificity,1
/scratchc/nrlab/wang04/ulyses_results_iteration/iteration_3_merge_below_3/cnn_model/cnn14/plasma_tp1_0.1x_model_C3/roc_curve_resnet18_tf_0_1/nested_cv_random/resnet18/repeat_10_fold_5_metrics.csv,8,3,resnet18,all,C3,Accuracy at 98% Specificity,0.6557608695652174
/scratchc/nrlab/wang04/ulyses_results_iteration/iteration_3_merge_below_3/cnn_model/cnn14/plasma_tp1_0.1x_model_C3/roc_curve_resnet18_tf_0_1/nested_cv_random/resnet18/repeat_10_fold_5_metrics.csv,8,3,resnet18,all,C3,F1 at 98% Specificity,0.49795918367346936
/scratchc/nrlab/wang04/ulyses_results_iteration/iteration_3_merge_below_3/cnn_model/cnn14/plasma_tp1_0.1x_model_C3/roc_curve_resnet18_tf_0_1/nested_cv_random/resnet18/repeat_10_fold_5_metrics.csv,8,3,resnet18,all,C3,Sensitivity at 95% Specificity,0.6956521739130435
/scratchc/nrlab/wang04/ulyses_results_iteration/iteration_3_merge_below_3/cnn_model/cnn14/plasma_tp1_0.1x_model_C3/roc_curve_resnet18_tf_0_1/nested_cv_random/resnet18/repeat_10_fold_5_metrics.csv,8,3,resnet18,all,C3,PPV at 95% Specificity,0.9846153846153848
/scratchc/nrlab/wang04/ulyses_results_iteration/iteration_3_merge_below_3/cnn_model/cnn14/plasma_tp1_0.1x_model_C3/roc_curve_resnet18_tf_0_1/nested_cv_random/resnet18/repeat_10_fold_5_metrics.csv,8,3,resnet18,all,C3,Accuracy at 95% Specificity,0.8075035063113605
/scratchc/nrlab/wang04/ulyses_results_iteration/iteration_3_merge_below_3/cnn_model/cnn14/plasma_tp1_0.1x_model_C3/roc_curve_resnet18_tf_0_1/nested_cv_random/resnet18/repeat_10_fold_5_metrics.csv,8,3,resnet18,all,C3,F1 at 95% Specificity,0.8152866242038217
/scratchc/nrlab/wang04/ulyses_results_iteration/iteration_3_merge_below_3/cnn_model/cnn14/plasma_tp1_0.1x_model_C3/roc_curve_resnet18_tf_0_1/nested_cv_random/resnet18/repeat_10_fold_5_metrics.csv,8,4,resnet18,all,C3,AUROC,0.9274234053239578
/scratchc/nrlab/wang04/ulyses_results_iteration/iteration_3_merge_below_3/cnn_model/cnn14/plasma_tp1_0.1x_model_C3/roc_curve_resnet18_tf_0_1/nested_cv_random/resnet18/repeat_10_fold_5_metrics.csv,8,4,resnet18,all,C3,AUPRC,0.9710406698658284
/scratchc/nrlab/wang04/ulyses_results_iteration/iteration_3_merge_below_3/cnn_model/cnn14/plasma_tp1_0.1x_model_C3/roc_curve_resnet18_tf_0_1/nested_cv_random/resnet18/repeat_10_fold_5_metrics.csv,8,4,resnet18,all,C3,Sensitivity at 99% Specificity,0.3756906077348066
/scratchc/nrlab/wang04/ulyses_results_iteration/iteration_3_merge_below_3/cnn_model/cnn14/plasma_tp1_0.1x_model_C3/roc_curve_resnet18_tf_0_1/nested_cv_random/resnet18/repeat_10_fold_5_metrics.csv,8,4,resnet18,all,C3,PPV at 99% Specificity,1
/scratchc/nrlab/wang04/ulyses_results_iteration/iteration_3_merge_below_3/cnn_model/cnn14/plasma_tp1_0.1x_model_C3/roc_curve_resnet18_tf_0_1/nested_cv_random/resnet18/repeat_10_fold_5_metrics.csv,8,4,resnet18,all,C3,Accuracy at 99% Specificity,0.6828453038674033
/scratchc/nrlab/wang04/ulyses_results_iteration/iteration_3_merge_below_3/cnn_model/cnn14/plasma_tp1_0.1x_model_C3/roc_curve_resnet18_tf_0_1/nested_cv_random/resnet18/repeat_10_fold_5_metrics.csv,8,4,resnet18,all,C3,F1 at 99% Specificity,0.5461847389558233
/scratchc/nrlab/wang04/ulyses_results_iteration/iteration_3_merge_below_3/cnn_model/cnn14/plasma_tp1_0.1x_model_C3/roc_curve_resnet18_tf_0_1/nested_cv_random/resnet18/repeat_10_fold_5_metrics.csv,8,4,resnet18,all,C3,Sensitivity at 98% Specificity,0.3756906077348066
/scratchc/nrlab/wang04/ulyses_results_iteration/iteration_3_merge_below_3/cnn_model/cnn14/plasma_tp1_0.1x_model_C3/roc_curve_resnet18_tf_0_1/nested_cv_random/resnet18/repeat_10_fold_5_metrics.csv,8,4,resnet18,all,C3,PPV at 98% Specificity,1
/scratchc/nrlab/wang04/ulyses_results_iteration/iteration_3_merge_below_3/cnn_model/cnn14/plasma_tp1_0.1x_model_C3/roc_curve_resnet18_tf_0_1/nested_cv_random/resnet18/repeat_10_fold_5_metrics.csv,8,4,resnet18,all,C3,Accuracy at 98% Specificity,0.6778453038674033
/scratchc/nrlab/wang04/ulyses_results_iteration/iteration_3_merge_below_3/cnn_model/cnn14/plasma_tp1_0.1x_model_C3/roc_curve_resnet18_tf_0_1/nested_cv_random/resnet18/repeat_10_fold_5_metrics.csv,8,4,resnet18,all,C3,F1 at 98% Specificity,0.5461847389558233
/scratchc/nrlab/wang04/ulyses_results_iteration/iteration_3_merge_below_3/cnn_model/cnn14/plasma_tp1_0.1x_model_C3/roc_curve_resnet18_tf_0_1/nested_cv_random/resnet18/repeat_10_fold_5_metrics.csv,8,4,resnet18,all,C3,Sensitivity at 95% Specificity,0.6132596685082873
/scratchc/nrlab/wang04/ulyses_results_iteration/iteration_3_merge_below_3/cnn_model/cnn14/plasma_tp1_0.1x_model_C3/roc_curve_resnet18_tf_0_1/nested_cv_random/resnet18/repeat_10_fold_5_metrics.csv,8,4,resnet18,all,C3,PPV at 95% Specificity,0.9823008849557522
/scratchc/nrlab/wang04/ulyses_results_iteration/iteration_3_merge_below_3/cnn_model/cnn14/plasma_tp1_0.1x_model_C3/roc_curve_resnet18_tf_0_1/nested_cv_random/resnet18/repeat_10_fold_5_metrics.csv,8,4,resnet18,all,C3,Accuracy at 95% Specificity,0.7672358948602043
/scratchc/nrlab/wang04/ulyses_results_iteration/iteration_3_merge_below_3/cnn_model/cnn14/plasma_tp1_0.1x_model_C3/roc_curve_resnet18_tf_0_1/nested_cv_random/resnet18/repeat_10_fold_5_metrics.csv,8,4,resnet18,all,C3,F1 at 95% Specificity,0.7551020408163265
/scratchc/nrlab/wang04/ulyses_results_iteration/iteration_3_merge_below_3/cnn_model/cnn14/plasma_tp1_0.1x_model_C3/roc_curve_resnet18_tf_0_1/nested_cv_random/resnet18/repeat_10_fold_5_metrics.csv,8,5,resnet18,all,C3,AUROC,0.9071513910223588
/scratchc/nrlab/wang04/ulyses_results_iteration/iteration_3_merge_below_3/cnn_model/cnn14/plasma_tp1_0.1x_model_C3/roc_curve_resnet18_tf_0_1/nested_cv_random/resnet18/repeat_10_fold_5_metrics.csv,8,5,resnet18,all,C3,AUPRC,0.9673034084932204
/scratchc/nrlab/wang04/ulyses_results_iteration/iteration_3_merge_below_3/cnn_model/cnn14/plasma_tp1_0.1x_model_C3/roc_curve_resnet18_tf_0_1/nested_cv_random/resnet18/repeat_10_fold_5_metrics.csv,8,5,resnet18,all,C3,Sensitivity at 99% Specificity,0.4731182795698925
/scratchc/nrlab/wang04/ulyses_results_iteration/iteration_3_merge_below_3/cnn_model/cnn14/plasma_tp1_0.1x_model_C3/roc_curve_resnet18_tf_0_1/nested_cv_random/resnet18/repeat_10_fold_5_metrics.csv,8,5,resnet18,all,C3,PPV at 99% Specificity,1
/scratchc/nrlab/wang04/ulyses_results_iteration/iteration_3_merge_below_3/cnn_model/cnn14/plasma_tp1_0.1x_model_C3/roc_curve_resnet18_tf_0_1/nested_cv_random/resnet18/repeat_10_fold_5_metrics.csv,8,5,resnet18,all,C3,Accuracy at 99% Specificity,0.7315591397849462
/scratchc/nrlab/wang04/ulyses_results_iteration/iteration_3_merge_below_3/cnn_model/cnn14/plasma_tp1_0.1x_model_C3/roc_curve_resnet18_tf_0_1/nested_cv_random/resnet18/repeat_10_fold_5_metrics.csv,8,5,resnet18,all,C3,F1 at 99% Specificity,0.6423357664233577
/scratchc/nrlab/wang04/ulyses_results_iteration/iteration_3_merge_below_3/cnn_model/cnn14/plasma_tp1_0.1x_model_C3/roc_curve_resnet18_tf_0_1/nested_cv_random/resnet18/repeat_10_fold_5_metrics.csv,8,5,resnet18,all,C3,Sensitivity at 98% Specificity,0.4731182795698925
/scratchc/nrlab/wang04/ulyses_results_iteration/iteration_3_merge_below_3/cnn_model/cnn14/plasma_tp1_0.1x_model_C3/roc_curve_resnet18_tf_0_1/nested_cv_random/resnet18/repeat_10_fold_5_metrics.csv,8,5,resnet18,all,C3,PPV at 98% Specificity,1
/scratchc/nrlab/wang04/ulyses_results_iteration/iteration_3_merge_below_3/cnn_model/cnn14/plasma_tp1_0.1x_model_C3/roc_curve_resnet18_tf_0_1/nested_cv_random/resnet18/repeat_10_fold_5_metrics.csv,8,5,resnet18,all,C3,Accuracy at 98% Specificity,0.7265591397849462
/scratchc/nrlab/wang04/ulyses_results_iteration/iteration_3_merge_below_3/cnn_model/cnn14/plasma_tp1_0.1x_model_C3/roc_curve_resnet18_tf_0_1/nested_cv_random/resnet18/repeat_10_fold_5_metrics.csv,8,5,resnet18,all,C3,F1 at 98% Specificity,0.6423357664233577
/scratchc/nrlab/wang04/ulyses_results_iteration/iteration_3_merge_below_3/cnn_model/cnn14/plasma_tp1_0.1x_model_C3/roc_curve_resnet18_tf_0_1/nested_cv_random/resnet18/repeat_10_fold_5_metrics.csv,8,5,resnet18,all,C3,Sensitivity at 95% Specificity,0.5967741935483871
/scratchc/nrlab/wang04/ulyses_results_iteration/iteration_3_merge_below_3/cnn_model/cnn14/plasma_tp1_0.1x_model_C3/roc_curve_resnet18_tf_0_1/nested_cv_random/resnet18/repeat_10_fold_5_metrics.csv,8,5,resnet18,all,C3,PPV at 95% Specificity,0.9823008849557522
/scratchc/nrlab/wang04/ulyses_results_iteration/iteration_3_merge_below_3/cnn_model/cnn14/plasma_tp1_0.1x_model_C3/roc_curve_resnet18_tf_0_1/nested_cv_random/resnet18/repeat_10_fold_5_metrics.csv,8,5,resnet18,all,C3,Accuracy at 95% Specificity,0.7583077316948285
/scratchc/nrlab/wang04/ulyses_results_iteration/iteration_3_merge_below_3/cnn_model/cnn14/plasma_tp1_0.1x_model_C3/roc_curve_resnet18_tf_0_1/nested_cv_random/resnet18/repeat_10_fold_5_metrics.csv,8,5,resnet18,all,C3,F1 at 95% Specificity,0.7424749163879598
/scratchc/nrlab/wang04/ulyses_results_iteration/iteration_3_merge_below_3/cnn_model/cnn14/plasma_tp1_0.1x_model_C3/roc_curve_resnet18_tf_0_1/nested_cv_random/resnet18/repeat_10_fold_5_metrics.csv,9,1,resnet18,all,C3,AUROC,0.9137228260869564
/scratchc/nrlab/wang04/ulyses_results_iteration/iteration_3_merge_below_3/cnn_model/cnn14/plasma_tp1_0.1x_model_C3/roc_curve_resnet18_tf_0_1/nested_cv_random/resnet18/repeat_10_fold_5_metrics.csv,9,1,resnet18,all,C3,AUPRC,0.9664850009581047
/scratchc/nrlab/wang04/ulyses_results_iteration/iteration_3_merge_below_3/cnn_model/cnn14/plasma_tp1_0.1x_model_C3/roc_curve_resnet18_tf_0_1/nested_cv_random/resnet18/repeat_10_fold_5_metrics.csv,9,1,resnet18,all,C3,Sensitivity at 99% Specificity,0.2554347826086957
/scratchc/nrlab/wang04/ulyses_results_iteration/iteration_3_merge_below_3/cnn_model/cnn14/plasma_tp1_0.1x_model_C3/roc_curve_resnet18_tf_0_1/nested_cv_random/resnet18/repeat_10_fold_5_metrics.csv,9,1,resnet18,all,C3,PPV at 99% Specificity,1
/scratchc/nrlab/wang04/ulyses_results_iteration/iteration_3_merge_below_3/cnn_model/cnn14/plasma_tp1_0.1x_model_C3/roc_curve_resnet18_tf_0_1/nested_cv_random/resnet18/repeat_10_fold_5_metrics.csv,9,1,resnet18,all,C3,Accuracy at 99% Specificity,0.6227173913043478
/scratchc/nrlab/wang04/ulyses_results_iteration/iteration_3_merge_below_3/cnn_model/cnn14/plasma_tp1_0.1x_model_C3/roc_curve_resnet18_tf_0_1/nested_cv_random/resnet18/repeat_10_fold_5_metrics.csv,9,1,resnet18,all,C3,F1 at 99% Specificity,0.4069264069264069
/scratchc/nrlab/wang04/ulyses_results_iteration/iteration_3_merge_below_3/cnn_model/cnn14/plasma_tp1_0.1x_model_C3/roc_curve_resnet18_tf_0_1/nested_cv_random/resnet18/repeat_10_fold_5_metrics.csv,9,1,resnet18,all,C3,Sensitivity at 98% Specificity,0.2554347826086957
/scratchc/nrlab/wang04/ulyses_results_iteration/iteration_3_merge_below_3/cnn_model/cnn14/plasma_tp1_0.1x_model_C3/roc_curve_resnet18_tf_0_1/nested_cv_random/resnet18/repeat_10_fold_5_metrics.csv,9,1,resnet18,all,C3,PPV at 98% Specificity,1
/scratchc/nrlab/wang04/ulyses_results_iteration/iteration_3_merge_below_3/cnn_model/cnn14/plasma_tp1_0.1x_model_C3/roc_curve_resnet18_tf_0_1/nested_cv_random/resnet18/repeat_10_fold_5_metrics.csv,9,1,resnet18,all,C3,Accuracy at 98% Specificity,0.6177173913043479
/scratchc/nrlab/wang04/ulyses_results_iteration/iteration_3_merge_below_3/cnn_model/cnn14/plasma_tp1_0.1x_model_C3/roc_curve_resnet18_tf_0_1/nested_cv_random/resnet18/repeat_10_fold_5_metrics.csv,9,1,resnet18,all,C3,F1 at 98% Specificity,0.4069264069264069
/scratchc/nrlab/wang04/ulyses_results_iteration/iteration_3_merge_below_3/cnn_model/cnn14/plasma_tp1_0.1x_model_C3/roc_curve_resnet18_tf_0_1/nested_cv_random/resnet18/repeat_10_fold_5_metrics.csv,9,1,resnet18,all,C3,Sensitivity at 95% Specificity,0.6032608695652174
/scratchc/nrlab/wang04/ulyses_results_iteration/iteration_3_merge_below_3/cnn_model/cnn14/plasma_tp1_0.1x_model_C3/roc_curve_resnet18_tf_0_1/nested_cv_random/resnet18/repeat_10_fold_5_metrics.csv,9,1,resnet18,all,C3,PPV at 95% Specificity,0.9823008849557522
/scratchc/nrlab/wang04/ulyses_results_iteration/iteration_3_merge_below_3/cnn_model/cnn14/plasma_tp1_0.1x_model_C3/roc_curve_resnet18_tf_0_1/nested_cv_random/resnet18/repeat_10_fold_5_metrics.csv,9,1,resnet18,all,C3,Accuracy at 95% Specificity,0.7617866847826087
/scratchc/nrlab/wang04/ulyses_results_iteration/iteration_3_merge_below_3/cnn_model/cnn14/plasma_tp1_0.1x_model_C3/roc_curve_resnet18_tf_0_1/nested_cv_random/resnet18/repeat_10_fold_5_metrics.csv,9,1,resnet18,all,C3,F1 at 95% Specificity,0.7474747474747475
/scratchc/nrlab/wang04/ulyses_results_iteration/iteration_3_merge_below_3/cnn_model/cnn14/plasma_tp1_0.1x_model_C3/roc_curve_resnet18_tf_0_1/nested_cv_random/resnet18/repeat_10_fold_5_metrics.csv,9,3,resnet18,all,C3,AUROC,0.9132435096943804
/scratchc/nrlab/wang04/ulyses_results_iteration/iteration_3_merge_below_3/cnn_model/cnn14/plasma_tp1_0.1x_model_C3/roc_curve_resnet18_tf_0_1/nested_cv_random/resnet18/repeat_10_fold_5_metrics.csv,9,3,resnet18,all,C3,AUPRC,0.9679663525489516
/scratchc/nrlab/wang04/ulyses_results_iteration/iteration_3_merge_below_3/cnn_model/cnn14/plasma_tp1_0.1x_model_C3/roc_curve_resnet18_tf_0_1/nested_cv_random/resnet18/repeat_10_fold_5_metrics.csv,9,3,resnet18,all,C3,Sensitivity at 99% Specificity,0.5418994413407822
/scratchc/nrlab/wang04/ulyses_results_iteration/iteration_3_merge_below_3/cnn_model/cnn14/plasma_tp1_0.1x_model_C3/roc_curve_resnet18_tf_0_1/nested_cv_random/resnet18/repeat_10_fold_5_metrics.csv,9,3,resnet18,all,C3,PPV at 99% Specificity,1
/scratchc/nrlab/wang04/ulyses_results_iteration/iteration_3_merge_below_3/cnn_model/cnn14/plasma_tp1_0.1x_model_C3/roc_curve_resnet18_tf_0_1/nested_cv_random/resnet18/repeat_10_fold_5_metrics.csv,9,3,resnet18,all,C3,Accuracy at 99% Specificity,0.7659497206703911
/scratchc/nrlab/wang04/ulyses_results_iteration/iteration_3_merge_below_3/cnn_model/cnn14/plasma_tp1_0.1x_model_C3/roc_curve_resnet18_tf_0_1/nested_cv_random/resnet18/repeat_10_fold_5_metrics.csv,9,3,resnet18,all,C3,F1 at 99% Specificity,0.7028985507246377
/scratchc/nrlab/wang04/ulyses_results_iteration/iteration_3_merge_below_3/cnn_model/cnn14/plasma_tp1_0.1x_model_C3/roc_curve_resnet18_tf_0_1/nested_cv_random/resnet18/repeat_10_fold_5_metrics.csv,9,3,resnet18,all,C3,Sensitivity at 98% Specificity,0.5418994413407822
/scratchc/nrlab/wang04/ulyses_results_iteration/iteration_3_merge_below_3/cnn_model/cnn14/plasma_tp1_0.1x_model_C3/roc_curve_resnet18_tf_0_1/nested_cv_random/resnet18/repeat_10_fold_5_metrics.csv,9,3,resnet18,all,C3,PPV at 98% Specificity,1
/scratchc/nrlab/wang04/ulyses_results_iteration/iteration_3_merge_below_3/cnn_model/cnn14/plasma_tp1_0.1x_model_C3/roc_curve_resnet18_tf_0_1/nested_cv_random/resnet18/repeat_10_fold_5_metrics.csv,9,3,resnet18,all,C3,Accuracy at 98% Specificity,0.760949720670391
/scratchc/nrlab/wang04/ulyses_results_iteration/iteration_3_merge_below_3/cnn_model/cnn14/plasma_tp1_0.1x_model_C3/roc_curve_resnet18_tf_0_1/nested_cv_random/resnet18/repeat_10_fold_5_metrics.csv,9,3,resnet18,all,C3,F1 at 98% Specificity,0.7028985507246377
/scratchc/nrlab/wang04/ulyses_results_iteration/iteration_3_merge_below_3/cnn_model/cnn14/plasma_tp1_0.1x_model_C3/roc_curve_resnet18_tf_0_1/nested_cv_random/resnet18/repeat_10_fold_5_metrics.csv,9,3,resnet18,all,C3,Sensitivity at 95% Specificity,0.6927374301675978
/scratchc/nrlab/wang04/ulyses_results_iteration/iteration_3_merge_below_3/cnn_model/cnn14/plasma_tp1_0.1x_model_C3/roc_curve_resnet18_tf_0_1/nested_cv_random/resnet18/repeat_10_fold_5_metrics.csv,9,3,resnet18,all,C3,PPV at 95% Specificity,0.9763779527559056
/scratchc/nrlab/wang04/ulyses_results_iteration/iteration_3_merge_below_3/cnn_model/cnn14/plasma_tp1_0.1x_model_C3/roc_curve_resnet18_tf_0_1/nested_cv_random/resnet18/repeat_10_fold_5_metrics.csv,9,3,resnet18,all,C3,Accuracy at 95% Specificity,0.8004128327308577
/scratchc/nrlab/wang04/ulyses_results_iteration/iteration_3_merge_below_3/cnn_model/cnn14/plasma_tp1_0.1x_model_C3/roc_curve_resnet18_tf_0_1/nested_cv_random/resnet18/repeat_10_fold_5_metrics.csv,9,3,resnet18,all,C3,F1 at 95% Specificity,0.8104575163398693
/scratchc/nrlab/wang04/ulyses_results_iteration/iteration_3_merge_below_3/cnn_model/cnn14/plasma_tp1_0.1x_model_C3/roc_curve_resnet18_tf_0_1/nested_cv_random/resnet18/repeat_10_fold_5_metrics.csv,9,4,resnet18,all,C3,AUROC,0.899272376610853
/scratchc/nrlab/wang04/ulyses_results_iteration/iteration_3_merge_below_3/cnn_model/cnn14/plasma_tp1_0.1x_model_C3/roc_curve_resnet18_tf_0_1/nested_cv_random/resnet18/repeat_10_fold_5_metrics.csv,9,4,resnet18,all,C3,AUPRC,0.9685986306942164
/scratchc/nrlab/wang04/ulyses_results_iteration/iteration_3_merge_below_3/cnn_model/cnn14/plasma_tp1_0.1x_model_C3/roc_curve_resnet18_tf_0_1/nested_cv_random/resnet18/repeat_10_fold_5_metrics.csv,9,4,resnet18,all,C3,Sensitivity at 99% Specificity,0.6149732620320856
/scratchc/nrlab/wang04/ulyses_results_iteration/iteration_3_merge_below_3/cnn_model/cnn14/plasma_tp1_0.1x_model_C3/roc_curve_resnet18_tf_0_1/nested_cv_random/resnet18/repeat_10_fold_5_metrics.csv,9,4,resnet18,all,C3,PPV at 99% Specificity,1
/scratchc/nrlab/wang04/ulyses_results_iteration/iteration_3_merge_below_3/cnn_model/cnn14/plasma_tp1_0.1x_model_C3/roc_curve_resnet18_tf_0_1/nested_cv_random/resnet18/repeat_10_fold_5_metrics.csv,9,4,resnet18,all,C3,Accuracy at 99% Specificity,0.8024866310160428
/scratchc/nrlab/wang04/ulyses_results_iteration/iteration_3_merge_below_3/cnn_model/cnn14/plasma_tp1_0.1x_model_C3/roc_curve_resnet18_tf_0_1/nested_cv_random/resnet18/repeat_10_fold_5_metrics.csv,9,4,resnet18,all,C3,F1 at 99% Specificity,0.7615894039735099
/scratchc/nrlab/wang04/ulyses_results_iteration/iteration_3_merge_below_3/cnn_model/cnn14/plasma_tp1_0.1x_model_C3/roc_curve_resnet18_tf_0_1/nested_cv_random/resnet18/repeat_10_fold_5_metrics.csv,9,4,resnet18,all,C3,Sensitivity at 98% Specificity,0.6149732620320856
/scratchc/nrlab/wang04/ulyses_results_iteration/iteration_3_merge_below_3/cnn_model/cnn14/plasma_tp1_0.1x_model_C3/roc_curve_resnet18_tf_0_1/nested_cv_random/resnet18/repeat_10_fold_5_metrics.csv,9,4,resnet18,all,C3,PPV at 98% Specificity,1
/scratchc/nrlab/wang04/ulyses_results_iteration/iteration_3_merge_below_3/cnn_model/cnn14/plasma_tp1_0.1x_model_C3/roc_curve_resnet18_tf_0_1/nested_cv_random/resnet18/repeat_10_fold_5_metrics.csv,9,4,resnet18,all,C3,Accuracy at 98% Specificity,0.7974866310160428
/scratchc/nrlab/wang04/ulyses_results_iteration/iteration_3_merge_below_3/cnn_model/cnn14/plasma_tp1_0.1x_model_C3/roc_curve_resnet18_tf_0_1/nested_cv_random/resnet18/repeat_10_fold_5_metrics.csv,9,4,resnet18,all,C3,F1 at 98% Specificity,0.7615894039735099
/scratchc/nrlab/wang04/ulyses_results_iteration/iteration_3_merge_below_3/cnn_model/cnn14/plasma_tp1_0.1x_model_C3/roc_curve_resnet18_tf_0_1/nested_cv_random/resnet18/repeat_10_fold_5_metrics.csv,9,4,resnet18,all,C3,Sensitivity at 95% Specificity,0.6631016042780749
/scratchc/nrlab/wang04/ulyses_results_iteration/iteration_3_merge_below_3/cnn_model/cnn14/plasma_tp1_0.1x_model_C3/roc_curve_resnet18_tf_0_1/nested_cv_random/resnet18/repeat_10_fold_5_metrics.csv,9,4,resnet18,all,C3,PPV at 95% Specificity,0.984126984126984
/scratchc/nrlab/wang04/ulyses_results_iteration/iteration_3_merge_below_3/cnn_model/cnn14/plasma_tp1_0.1x_model_C3/roc_curve_resnet18_tf_0_1/nested_cv_random/resnet18/repeat_10_fold_5_metrics.csv,9,4,resnet18,all,C3,Accuracy at 95% Specificity,0.7909770316472341
/scratchc/nrlab/wang04/ulyses_results_iteration/iteration_3_merge_below_3/cnn_model/cnn14/plasma_tp1_0.1x_model_C3/roc_curve_resnet18_tf_0_1/nested_cv_random/resnet18/repeat_10_fold_5_metrics.csv,9,4,resnet18,all,C3,F1 at 95% Specificity,0.792332268370607
/scratchc/nrlab/wang04/ulyses_results_iteration/iteration_3_merge_below_3/cnn_model/cnn14/plasma_tp1_0.1x_model_C3/roc_curve_resnet18_tf_0_1/nested_cv_random/resnet18/repeat_10_fold_5_metrics.csv,9,5,resnet18,all,C3,AUROC,0.909258329147832
/scratchc/nrlab/wang04/ulyses_results_iteration/iteration_3_merge_below_3/cnn_model/cnn14/plasma_tp1_0.1x_model_C3/roc_curve_resnet18_tf_0_1/nested_cv_random/resnet18/repeat_10_fold_5_metrics.csv,9,5,resnet18,all,C3,AUPRC,0.967082974050576
/scratchc/nrlab/wang04/ulyses_results_iteration/iteration_3_merge_below_3/cnn_model/cnn14/plasma_tp1_0.1x_model_C3/roc_curve_resnet18_tf_0_1/nested_cv_random/resnet18/repeat_10_fold_5_metrics.csv,9,5,resnet18,all,C3,Sensitivity at 99% Specificity,0.4806629834254144
/scratchc/nrlab/wang04/ulyses_results_iteration/iteration_3_merge_below_3/cnn_model/cnn14/plasma_tp1_0.1x_model_C3/roc_curve_resnet18_tf_0_1/nested_cv_random/resnet18/repeat_10_fold_5_metrics.csv,9,5,resnet18,all,C3,PPV at 99% Specificity,1
/scratchc/nrlab/wang04/ulyses_results_iteration/iteration_3_merge_below_3/cnn_model/cnn14/plasma_tp1_0.1x_model_C3/roc_curve_resnet18_tf_0_1/nested_cv_random/resnet18/repeat_10_fold_5_metrics.csv,9,5,resnet18,all,C3,Accuracy at 99% Specificity,0.7353314917127072
/scratchc/nrlab/wang04/ulyses_results_iteration/iteration_3_merge_below_3/cnn_model/cnn14/plasma_tp1_0.1x_model_C3/roc_curve_resnet18_tf_0_1/nested_cv_random/resnet18/repeat_10_fold_5_metrics.csv,9,5,resnet18,all,C3,F1 at 99% Specificity,0.6492537313432836
/scratchc/nrlab/wang04/ulyses_results_iteration/iteration_3_merge_below_3/cnn_model/cnn14/plasma_tp1_0.1x_model_C3/roc_curve_resnet18_tf_0_1/nested_cv_random/resnet18/repeat_10_fold_5_metrics.csv,9,5,resnet18,all,C3,Sensitivity at 98% Specificity,0.4806629834254144
/scratchc/nrlab/wang04/ulyses_results_iteration/iteration_3_merge_below_3/cnn_model/cnn14/plasma_tp1_0.1x_model_C3/roc_curve_resnet18_tf_0_1/nested_cv_random/resnet18/repeat_10_fold_5_metrics.csv,9,5,resnet18,all,C3,PPV at 98% Specificity,1
/scratchc/nrlab/wang04/ulyses_results_iteration/iteration_3_merge_below_3/cnn_model/cnn14/plasma_tp1_0.1x_model_C3/roc_curve_resnet18_tf_0_1/nested_cv_random/resnet18/repeat_10_fold_5_metrics.csv,9,5,resnet18,all,C3,Accuracy at 98% Specificity,0.7303314917127072
/scratchc/nrlab/wang04/ulyses_results_iteration/iteration_3_merge_below_3/cnn_model/cnn14/plasma_tp1_0.1x_model_C3/roc_curve_resnet18_tf_0_1/nested_cv_random/resnet18/repeat_10_fold_5_metrics.csv,9,5,resnet18,all,C3,F1 at 98% Specificity,0.6492537313432836
/scratchc/nrlab/wang04/ulyses_results_iteration/iteration_3_merge_below_3/cnn_model/cnn14/plasma_tp1_0.1x_model_C3/roc_curve_resnet18_tf_0_1/nested_cv_random/resnet18/repeat_10_fold_5_metrics.csv,9,5,resnet18,all,C3,Sensitivity at 95% Specificity,0.6850828729281768
/scratchc/nrlab/wang04/ulyses_results_iteration/iteration_3_merge_below_3/cnn_model/cnn14/plasma_tp1_0.1x_model_C3/roc_curve_resnet18_tf_0_1/nested_cv_random/resnet18/repeat_10_fold_5_metrics.csv,9,5,resnet18,all,C3,PPV at 95% Specificity,0.984126984126984
/scratchc/nrlab/wang04/ulyses_results_iteration/iteration_3_merge_below_3/cnn_model/cnn14/plasma_tp1_0.1x_model_C3/roc_curve_resnet18_tf_0_1/nested_cv_random/resnet18/repeat_10_fold_5_metrics.csv,9,5,resnet18,all,C3,Accuracy at 95% Specificity,0.803147497070149
/scratchc/nrlab/wang04/ulyses_results_iteration/iteration_3_merge_below_3/cnn_model/cnn14/plasma_tp1_0.1x_model_C3/roc_curve_resnet18_tf_0_1/nested_cv_random/resnet18/repeat_10_fold_5_metrics.csv,9,5,resnet18,all,C3,F1 at 95% Specificity,0.8078175895765473
/scratchc/nrlab/wang04/ulyses_results_iteration/iteration_3_merge_below_3/cnn_model/cnn14/plasma_tp1_0.1x_model_C3/roc_curve_resnet18_tf_0_1/nested_cv_random/resnet18/repeat_10_fold_5_metrics.csv,10,1,resnet18,all,C3,AUROC,0.929474043715847
/scratchc/nrlab/wang04/ulyses_results_iteration/iteration_3_merge_below_3/cnn_model/cnn14/plasma_tp1_0.1x_model_C3/roc_curve_resnet18_tf_0_1/nested_cv_random/resnet18/repeat_10_fold_5_metrics.csv,10,1,resnet18,all,C3,AUPRC,0.974113963770511
/scratchc/nrlab/wang04/ulyses_results_iteration/iteration_3_merge_below_3/cnn_model/cnn14/plasma_tp1_0.1x_model_C3/roc_curve_resnet18_tf_0_1/nested_cv_random/resnet18/repeat_10_fold_5_metrics.csv,10,1,resnet18,all,C3,Sensitivity at 99% Specificity,0.39344262295081966
/scratchc/nrlab/wang04/ulyses_results_iteration/iteration_3_merge_below_3/cnn_model/cnn14/plasma_tp1_0.1x_model_C3/roc_curve_resnet18_tf_0_1/nested_cv_random/resnet18/repeat_10_fold_5_metrics.csv,10,1,resnet18,all,C3,PPV at 99% Specificity,1
/scratchc/nrlab/wang04/ulyses_results_iteration/iteration_3_merge_below_3/cnn_model/cnn14/plasma_tp1_0.1x_model_C3/roc_curve_resnet18_tf_0_1/nested_cv_random/resnet18/repeat_10_fold_5_metrics.csv,10,1,resnet18,all,C3,Accuracy at 99% Specificity,0.6917213114754098
/scratchc/nrlab/wang04/ulyses_results_iteration/iteration_3_merge_below_3/cnn_model/cnn14/plasma_tp1_0.1x_model_C3/roc_curve_resnet18_tf_0_1/nested_cv_random/resnet18/repeat_10_fold_5_metrics.csv,10,1,resnet18,all,C3,F1 at 99% Specificity,0.5647058823529412
/scratchc/nrlab/wang04/ulyses_results_iteration/iteration_3_merge_below_3/cnn_model/cnn14/plasma_tp1_0.1x_model_C3/roc_curve_resnet18_tf_0_1/nested_cv_random/resnet18/repeat_10_fold_5_metrics.csv,10,1,resnet18,all,C3,Sensitivity at 98% Specificity,0.39344262295081966
/scratchc/nrlab/wang04/ulyses_results_iteration/iteration_3_merge_below_3/cnn_model/cnn14/plasma_tp1_0.1x_model_C3/roc_curve_resnet18_tf_0_1/nested_cv_random/resnet18/repeat_10_fold_5_metrics.csv,10,1,resnet18,all,C3,PPV at 98% Specificity,1
/scratchc/nrlab/wang04/ulyses_results_iteration/iteration_3_merge_below_3/cnn_model/cnn14/plasma_tp1_0.1x_model_C3/roc_curve_resnet18_tf_0_1/nested_cv_random/resnet18/repeat_10_fold_5_metrics.csv,10,1,resnet18,all,C3,Accuracy at 98% Specificity,0.6867213114754098
/scratchc/nrlab/wang04/ulyses_results_iteration/iteration_3_merge_below_3/cnn_model/cnn14/plasma_tp1_0.1x_model_C3/roc_curve_resnet18_tf_0_1/nested_cv_random/resnet18/repeat_10_fold_5_metrics.csv,10,1,resnet18,all,C3,F1 at 98% Specificity,0.5647058823529412
/scratchc/nrlab/wang04/ulyses_results_iteration/iteration_3_merge_below_3/cnn_model/cnn14/plasma_tp1_0.1x_model_C3/roc_curve_resnet18_tf_0_1/nested_cv_random/resnet18/repeat_10_fold_5_metrics.csv,10,1,resnet18,all,C3,Sensitivity at 95% Specificity,0.6939890710382514
/scratchc/nrlab/wang04/ulyses_results_iteration/iteration_3_merge_below_3/cnn_model/cnn14/plasma_tp1_0.1x_model_C3/roc_curve_resnet18_tf_0_1/nested_cv_random/resnet18/repeat_10_fold_5_metrics.csv,10,1,resnet18,all,C3,PPV at 95% Specificity,0.9844961240310076
/scratchc/nrlab/wang04/ulyses_results_iteration/iteration_3_merge_below_3/cnn_model/cnn14/plasma_tp1_0.1x_model_C3/roc_curve_resnet18_tf_0_1/nested_cv_random/resnet18/repeat_10_fold_5_metrics.csv,10,1,resnet18,all,C3,Accuracy at 95% Specificity,0.8071507855191257
/scratchc/nrlab/wang04/ulyses_results_iteration/iteration_3_merge_below_3/cnn_model/cnn14/plasma_tp1_0.1x_model_C3/roc_curve_resnet18_tf_0_1/nested_cv_random/resnet18/repeat_10_fold_5_metrics.csv,10,1,resnet18,all,C3,F1 at 95% Specificity,0.8141025641025641
/scratchc/nrlab/wang04/ulyses_results_iteration/iteration_3_merge_below_3/cnn_model/cnn14/plasma_tp1_0.1x_model_C3/roc_curve_resnet18_tf_0_1/nested_cv_random/resnet18/repeat_10_fold_5_metrics.csv,10,2,resnet18,all,C3,AUROC,0.930403232456502
/scratchc/nrlab/wang04/ulyses_results_iteration/iteration_3_merge_below_3/cnn_model/cnn14/plasma_tp1_0.1x_model_C3/roc_curve_resnet18_tf_0_1/nested_cv_random/resnet18/repeat_10_fold_5_metrics.csv,10,2,resnet18,all,C3,AUPRC,0.9746459490744304
/scratchc/nrlab/wang04/ulyses_results_iteration/iteration_3_merge_below_3/cnn_model/cnn14/plasma_tp1_0.1x_model_C3/roc_curve_resnet18_tf_0_1/nested_cv_random/resnet18/repeat_10_fold_5_metrics.csv,10,2,resnet18,all,C3,Sensitivity at 99% Specificity,0.5414364640883977
/scratchc/nrlab/wang04/ulyses_results_iteration/iteration_3_merge_below_3/cnn_model/cnn14/plasma_tp1_0.1x_model_C3/roc_curve_resnet18_tf_0_1/nested_cv_random/resnet18/repeat_10_fold_5_metrics.csv,10,2,resnet18,all,C3,PPV at 99% Specificity,1
/scratchc/nrlab/wang04/ulyses_results_iteration/iteration_3_merge_below_3/cnn_model/cnn14/plasma_tp1_0.1x_model_C3/roc_curve_resnet18_tf_0_1/nested_cv_random/resnet18/repeat_10_fold_5_metrics.csv,10,2,resnet18,all,C3,Accuracy at 99% Specificity,0.7657182320441989
/scratchc/nrlab/wang04/ulyses_results_iteration/iteration_3_merge_below_3/cnn_model/cnn14/plasma_tp1_0.1x_model_C3/roc_curve_resnet18_tf_0_1/nested_cv_random/resnet18/repeat_10_fold_5_metrics.csv,10,2,resnet18,all,C3,F1 at 99% Specificity,0.7025089605734767
/scratchc/nrlab/wang04/ulyses_results_iteration/iteration_3_merge_below_3/cnn_model/cnn14/plasma_tp1_0.1x_model_C3/roc_curve_resnet18_tf_0_1/nested_cv_random/resnet18/repeat_10_fold_5_metrics.csv,10,2,resnet18,all,C3,Sensitivity at 98% Specificity,0.5414364640883977
/scratchc/nrlab/wang04/ulyses_results_iteration/iteration_3_merge_below_3/cnn_model/cnn14/plasma_tp1_0.1x_model_C3/roc_curve_resnet18_tf_0_1/nested_cv_random/resnet18/repeat_10_fold_5_metrics.csv,10,2,resnet18,all,C3,PPV at 98% Specificity,1
/scratchc/nrlab/wang04/ulyses_results_iteration/iteration_3_merge_below_3/cnn_model/cnn14/plasma_tp1_0.1x_model_C3/roc_curve_resnet18_tf_0_1/nested_cv_random/resnet18/repeat_10_fold_5_metrics.csv,10,2,resnet18,all,C3,Accuracy at 98% Specificity,0.7607182320441989
/scratchc/nrlab/wang04/ulyses_results_iteration/iteration_3_merge_below_3/cnn_model/cnn14/plasma_tp1_0.1x_model_C3/roc_curve_resnet18_tf_0_1/nested_cv_random/resnet18/repeat_10_fold_5_metrics.csv,10,2,resnet18,all,C3,F1 at 98% Specificity,0.7025089605734767
/scratchc/nrlab/wang04/ulyses_results_iteration/iteration_3_merge_below_3/cnn_model/cnn14/plasma_tp1_0.1x_model_C3/roc_curve_resnet18_tf_0_1/nested_cv_random/resnet18/repeat_10_fold_5_metrics.csv,10,2,resnet18,all,C3,Sensitivity at 95% Specificity,0.712707182320442
/scratchc/nrlab/wang04/ulyses_results_iteration/iteration_3_merge_below_3/cnn_model/cnn14/plasma_tp1_0.1x_model_C3/roc_curve_resnet18_tf_0_1/nested_cv_random/resnet18/repeat_10_fold_5_metrics.csv,10,2,resnet18,all,C3,PPV at 95% Specificity,0.9847328244274808
/scratchc/nrlab/wang04/ulyses_results_iteration/iteration_3_merge_below_3/cnn_model/cnn14/plasma_tp1_0.1x_model_C3/roc_curve_resnet18_tf_0_1/nested_cv_random/resnet18/repeat_10_fold_5_metrics.csv,10,2,resnet18,all,C3,Accuracy at 95% Specificity,0.817174486682609
/scratchc/nrlab/wang04/ulyses_results_iteration/iteration_3_merge_below_3/cnn_model/cnn14/plasma_tp1_0.1x_model_C3/roc_curve_resnet18_tf_0_1/nested_cv_random/resnet18/repeat_10_fold_5_metrics.csv,10,2,resnet18,all,C3,F1 at 95% Specificity,0.8269230769230769
/scratchc/nrlab/wang04/ulyses_results_iteration/iteration_3_merge_below_3/cnn_model/cnn14/plasma_tp1_0.1x_model_C3/roc_curve_resnet18_tf_0_1/nested_cv_random/resnet18/repeat_10_fold_5_metrics.csv,10,3,resnet18,all,C3,AUROC,0.9097940311055064
/scratchc/nrlab/wang04/ulyses_results_iteration/iteration_3_merge_below_3/cnn_model/cnn14/plasma_tp1_0.1x_model_C3/roc_curve_resnet18_tf_0_1/nested_cv_random/resnet18/repeat_10_fold_5_metrics.csv,10,3,resnet18,all,C3,AUPRC,0.9667905142668456
/scratchc/nrlab/wang04/ulyses_results_iteration/iteration_3_merge_below_3/cnn_model/cnn14/plasma_tp1_0.1x_model_C3/roc_curve_resnet18_tf_0_1/nested_cv_random/resnet18/repeat_10_fold_5_metrics.csv,10,3,resnet18,all,C3,Sensitivity at 99% Specificity,0.5409836065573771
/scratchc/nrlab/wang04/ulyses_results_iteration/iteration_3_merge_below_3/cnn_model/cnn14/plasma_tp1_0.1x_model_C3/roc_curve_resnet18_tf_0_1/nested_cv_random/resnet18/repeat_10_fold_5_metrics.csv,10,3,resnet18,all,C3,PPV at 99% Specificity,1
/scratchc/nrlab/wang04/ulyses_results_iteration/iteration_3_merge_below_3/cnn_model/cnn14/plasma_tp1_0.1x_model_C3/roc_curve_resnet18_tf_0_1/nested_cv_random/resnet18/repeat_10_fold_5_metrics.csv,10,3,resnet18,all,C3,Accuracy at 99% Specificity,0.7654918032786886
/scratchc/nrlab/wang04/ulyses_results_iteration/iteration_3_merge_below_3/cnn_model/cnn14/plasma_tp1_0.1x_model_C3/roc_curve_resnet18_tf_0_1/nested_cv_random/resnet18/repeat_10_fold_5_metrics.csv,10,3,resnet18,all,C3,F1 at 99% Specificity,0.7021276595744681
/scratchc/nrlab/wang04/ulyses_results_iteration/iteration_3_merge_below_3/cnn_model/cnn14/plasma_tp1_0.1x_model_C3/roc_curve_resnet18_tf_0_1/nested_cv_random/resnet18/repeat_10_fold_5_metrics.csv,10,3,resnet18,all,C3,Sensitivity at 98% Specificity,0.5409836065573771
/scratchc/nrlab/wang04/ulyses_results_iteration/iteration_3_merge_below_3/cnn_model/cnn14/plasma_tp1_0.1x_model_C3/roc_curve_resnet18_tf_0_1/nested_cv_random/resnet18/repeat_10_fold_5_metrics.csv,10,3,resnet18,all,C3,PPV at 98% Specificity,1
/scratchc/nrlab/wang04/ulyses_results_iteration/iteration_3_merge_below_3/cnn_model/cnn14/plasma_tp1_0.1x_model_C3/roc_curve_resnet18_tf_0_1/nested_cv_random/resnet18/repeat_10_fold_5_metrics.csv,10,3,resnet18,all,C3,Accuracy at 98% Specificity,0.7604918032786885
/scratchc/nrlab/wang04/ulyses_results_iteration/iteration_3_merge_below_3/cnn_model/cnn14/plasma_tp1_0.1x_model_C3/roc_curve_resnet18_tf_0_1/nested_cv_random/resnet18/repeat_10_fold_5_metrics.csv,10,3,resnet18,all,C3,F1 at 98% Specificity,0.7021276595744681
/scratchc/nrlab/wang04/ulyses_results_iteration/iteration_3_merge_below_3/cnn_model/cnn14/plasma_tp1_0.1x_model_C3/roc_curve_resnet18_tf_0_1/nested_cv_random/resnet18/repeat_10_fold_5_metrics.csv,10,3,resnet18,all,C3,Sensitivity at 95% Specificity,0.5792349726775956
/scratchc/nrlab/wang04/ulyses_results_iteration/iteration_3_merge_below_3/cnn_model/cnn14/plasma_tp1_0.1x_model_C3/roc_curve_resnet18_tf_0_1/nested_cv_random/resnet18/repeat_10_fold_5_metrics.csv,10,3,resnet18,all,C3,PPV at 95% Specificity,0.9724770642201837
/scratchc/nrlab/wang04/ulyses_results_iteration/iteration_3_merge_below_3/cnn_model/cnn14/plasma_tp1_0.1x_model_C3/roc_curve_resnet18_tf_0_1/nested_cv_random/resnet18/repeat_10_fold_5_metrics.csv,10,3,resnet18,all,C3,Accuracy at 95% Specificity,0.7426944094157208
/scratchc/nrlab/wang04/ulyses_results_iteration/iteration_3_merge_below_3/cnn_model/cnn14/plasma_tp1_0.1x_model_C3/roc_curve_resnet18_tf_0_1/nested_cv_random/resnet18/repeat_10_fold_5_metrics.csv,10,3,resnet18,all,C3,F1 at 95% Specificity,0.726027397260274
/scratchc/nrlab/wang04/ulyses_results_iteration/iteration_3_merge_below_3/cnn_model/cnn14/plasma_tp1_0.1x_model_C3/roc_curve_resnet18_tf_0_1/nested_cv_random/resnet18/repeat_10_fold_5_metrics.csv,10,4,resnet18,all,C3,AUROC,0.9258329147831912
/scratchc/nrlab/wang04/ulyses_results_iteration/iteration_3_merge_below_3/cnn_model/cnn14/plasma_tp1_0.1x_model_C3/roc_curve_resnet18_tf_0_1/nested_cv_random/resnet18/repeat_10_fold_5_metrics.csv,10,4,resnet18,all,C3,AUPRC,0.974333005417066
/scratchc/nrlab/wang04/ulyses_results_iteration/iteration_3_merge_below_3/cnn_model/cnn14/plasma_tp1_0.1x_model_C3/roc_curve_resnet18_tf_0_1/nested_cv_random/resnet18/repeat_10_fold_5_metrics.csv,10,4,resnet18,all,C3,Sensitivity at 99% Specificity,0.5911602209944752
/scratchc/nrlab/wang04/ulyses_results_iteration/iteration_3_merge_below_3/cnn_model/cnn14/plasma_tp1_0.1x_model_C3/roc_curve_resnet18_tf_0_1/nested_cv_random/resnet18/repeat_10_fold_5_metrics.csv,10,4,resnet18,all,C3,PPV at 99% Specificity,1
/scratchc/nrlab/wang04/ulyses_results_iteration/iteration_3_merge_below_3/cnn_model/cnn14/plasma_tp1_0.1x_model_C3/roc_curve_resnet18_tf_0_1/nested_cv_random/resnet18/repeat_10_fold_5_metrics.csv,10,4,resnet18,all,C3,Accuracy at 99% Specificity,0.7905801104972376
/scratchc/nrlab/wang04/ulyses_results_iteration/iteration_3_merge_below_3/cnn_model/cnn14/plasma_tp1_0.1x_model_C3/roc_curve_resnet18_tf_0_1/nested_cv_random/resnet18/repeat_10_fold_5_metrics.csv,10,4,resnet18,all,C3,F1 at 99% Specificity,0.7430555555555556
/scratchc/nrlab/wang04/ulyses_results_iteration/iteration_3_merge_below_3/cnn_model/cnn14/plasma_tp1_0.1x_model_C3/roc_curve_resnet18_tf_0_1/nested_cv_random/resnet18/repeat_10_fold_5_metrics.csv,10,4,resnet18,all,C3,Sensitivity at 98% Specificity,0.5911602209944752
/scratchc/nrlab/wang04/ulyses_results_iteration/iteration_3_merge_below_3/cnn_model/cnn14/plasma_tp1_0.1x_model_C3/roc_curve_resnet18_tf_0_1/nested_cv_random/resnet18/repeat_10_fold_5_metrics.csv,10,4,resnet18,all,C3,PPV at 98% Specificity,1
/scratchc/nrlab/wang04/ulyses_results_iteration/iteration_3_merge_below_3/cnn_model/cnn14/plasma_tp1_0.1x_model_C3/roc_curve_resnet18_tf_0_1/nested_cv_random/resnet18/repeat_10_fold_5_metrics.csv,10,4,resnet18,all,C3,Accuracy at 98% Specificity,0.7855801104972375
/scratchc/nrlab/wang04/ulyses_results_iteration/iteration_3_merge_below_3/cnn_model/cnn14/plasma_tp1_0.1x_model_C3/roc_curve_resnet18_tf_0_1/nested_cv_random/resnet18/repeat_10_fold_5_metrics.csv,10,4,resnet18,all,C3,F1 at 98% Specificity,0.7430555555555556
/scratchc/nrlab/wang04/ulyses_results_iteration/iteration_3_merge_below_3/cnn_model/cnn14/plasma_tp1_0.1x_model_C3/roc_curve_resnet18_tf_0_1/nested_cv_random/resnet18/repeat_10_fold_5_metrics.csv,10,4,resnet18,all,C3,Sensitivity at 95% Specificity,0.7182320441988951
/scratchc/nrlab/wang04/ulyses_results_iteration/iteration_3_merge_below_3/cnn_model/cnn14/plasma_tp1_0.1x_model_C3/roc_curve_resnet18_tf_0_1/nested_cv_random/resnet18/repeat_10_fold_5_metrics.csv,10,4,resnet18,all,C3,PPV at 95% Specificity,0.9848484848484848
/scratchc/nrlab/wang04/ulyses_results_iteration/iteration_3_merge_below_3/cnn_model/cnn14/plasma_tp1_0.1x_model_C3/roc_curve_resnet18_tf_0_1/nested_cv_random/resnet18/repeat_10_fold_5_metrics.csv,10,4,resnet18,all,C3,Accuracy at 95% Specificity,0.8197220827055081
/scratchc/nrlab/wang04/ulyses_results_iteration/iteration_3_merge_below_3/cnn_model/cnn14/plasma_tp1_0.1x_model_C3/roc_curve_resnet18_tf_0_1/nested_cv_random/resnet18/repeat_10_fold_5_metrics.csv,10,4,resnet18,all,C3,F1 at 95% Specificity,0.8306709265175719
/scratchc/nrlab/wang04/ulyses_results_iteration/iteration_3_merge_below_3/cnn_model/cnn14/plasma_tp1_0.1x_model_C3/roc_curve_resnet18_tf_0_1/nested_cv_random/resnet18/repeat_10_fold_5_metrics.csv,10,5,resnet18,all,C3,AUROC,0.9206349206349206
/scratchc/nrlab/wang04/ulyses_results_iteration/iteration_3_merge_below_3/cnn_model/cnn14/plasma_tp1_0.1x_model_C3/roc_curve_resnet18_tf_0_1/nested_cv_random/resnet18/repeat_10_fold_5_metrics.csv,10,5,resnet18,all,C3,AUPRC,0.9721796206193966
/scratchc/nrlab/wang04/ulyses_results_iteration/iteration_3_merge_below_3/cnn_model/cnn14/plasma_tp1_0.1x_model_C3/roc_curve_resnet18_tf_0_1/nested_cv_random/resnet18/repeat_10_fold_5_metrics.csv,10,5,resnet18,all,C3,Sensitivity at 99% Specificity,0.4565217391304347
/scratchc/nrlab/wang04/ulyses_results_iteration/iteration_3_merge_below_3/cnn_model/cnn14/plasma_tp1_0.1x_model_C3/roc_curve_resnet18_tf_0_1/nested_cv_random/resnet18/repeat_10_fold_5_metrics.csv,10,5,resnet18,all,C3,PPV at 99% Specificity,1
/scratchc/nrlab/wang04/ulyses_results_iteration/iteration_3_merge_below_3/cnn_model/cnn14/plasma_tp1_0.1x_model_C3/roc_curve_resnet18_tf_0_1/nested_cv_random/resnet18/repeat_10_fold_5_metrics.csv,10,5,resnet18,all,C3,Accuracy at 99% Specificity,0.7232608695652174
/scratchc/nrlab/wang04/ulyses_results_iteration/iteration_3_merge_below_3/cnn_model/cnn14/plasma_tp1_0.1x_model_C3/roc_curve_resnet18_tf_0_1/nested_cv_random/resnet18/repeat_10_fold_5_metrics.csv,10,5,resnet18,all,C3,F1 at 99% Specificity,0.6268656716417911
/scratchc/nrlab/wang04/ulyses_results_iteration/iteration_3_merge_below_3/cnn_model/cnn14/plasma_tp1_0.1x_model_C3/roc_curve_resnet18_tf_0_1/nested_cv_random/resnet18/repeat_10_fold_5_metrics.csv,10,5,resnet18,all,C3,Sensitivity at 98% Specificity,0.4565217391304347
/scratchc/nrlab/wang04/ulyses_results_iteration/iteration_3_merge_below_3/cnn_model/cnn14/plasma_tp1_0.1x_model_C3/roc_curve_resnet18_tf_0_1/nested_cv_random/resnet18/repeat_10_fold_5_metrics.csv,10,5,resnet18,all,C3,PPV at 98% Specificity,1
/scratchc/nrlab/wang04/ulyses_results_iteration/iteration_3_merge_below_3/cnn_model/cnn14/plasma_tp1_0.1x_model_C3/roc_curve_resnet18_tf_0_1/nested_cv_random/resnet18/repeat_10_fold_5_metrics.csv,10,5,resnet18,all,C3,Accuracy at 98% Specificity,0.7182608695652174
/scratchc/nrlab/wang04/ulyses_results_iteration/iteration_3_merge_below_3/cnn_model/cnn14/plasma_tp1_0.1x_model_C3/roc_curve_resnet18_tf_0_1/nested_cv_random/resnet18/repeat_10_fold_5_metrics.csv,10,5,resnet18,all,C3,F1 at 98% Specificity,0.6268656716417911
/scratchc/nrlab/wang04/ulyses_results_iteration/iteration_3_merge_below_3/cnn_model/cnn14/plasma_tp1_0.1x_model_C3/roc_curve_resnet18_tf_0_1/nested_cv_random/resnet18/repeat_10_fold_5_metrics.csv,10,5,resnet18,all,C3,Sensitivity at 95% Specificity,0.7119565217391305
/scratchc/nrlab/wang04/ulyses_results_iteration/iteration_3_merge_below_3/cnn_model/cnn14/plasma_tp1_0.1x_model_C3/roc_curve_resnet18_tf_0_1/nested_cv_random/resnet18/repeat_10_fold_5_metrics.csv,10,5,resnet18,all,C3,PPV at 95% Specificity,0.9849624060150376
/scratchc/nrlab/wang04/ulyses_results_iteration/iteration_3_merge_below_3/cnn_model/cnn14/plasma_tp1_0.1x_model_C3/roc_curve_resnet18_tf_0_1/nested_cv_random/resnet18/repeat_10_fold_5_metrics.csv,10,5,resnet18,all,C3,Accuracy at 95% Specificity,0.8158988957902001
/scratchc/nrlab/wang04/ulyses_results_iteration/iteration_3_merge_below_3/cnn_model/cnn14/plasma_tp1_0.1x_model_C3/roc_curve_resnet18_tf_0_1/nested_cv_random/resnet18/repeat_10_fold_5_metrics.csv,10,5,resnet18,all,C3,F1 at 95% Specificity,0.8264984227129337
/scratchc/nrlab/wang04/ulyses_results_iteration/iteration_3_merge_below_3/cnn_model/cnn14/plasma_tp1_0.1x_model_C3/roc_curve_resnet18_tf_0.03_0.1/nested_cv_random/resnet18/repeat_10_fold_5_metrics.csv,1,2,resnet18,"(0.03, 0.1]",C3,AUROC,0.9675324675324676
/scratchc/nrlab/wang04/ulyses_results_iteration/iteration_3_merge_below_3/cnn_model/cnn14/plasma_tp1_0.1x_model_C3/roc_curve_resnet18_tf_0.03_0.1/nested_cv_random/resnet18/repeat_10_fold_5_metrics.csv,1,2,resnet18,"(0.03, 0.1]",C3,AUPRC,0.9611126483174324
/scratchc/nrlab/wang04/ulyses_results_iteration/iteration_3_merge_below_3/cnn_model/cnn14/plasma_tp1_0.1x_model_C3/roc_curve_resnet18_tf_0.03_0.1/nested_cv_random/resnet18/repeat_10_fold_5_metrics.csv,1,2,resnet18,"(0.03, 0.1]",C3,Sensitivity at 99% Specificity,0.7714285714285715
/scratchc/nrlab/wang04/ulyses_results_iteration/iteration_3_merge_below_3/cnn_model/cnn14/plasma_tp1_0.1x_model_C3/roc_curve_resnet18_tf_0.03_0.1/nested_cv_random/resnet18/repeat_10_fold_5_metrics.csv,1,2,resnet18,"(0.03, 0.1]",C3,PPV at 99% Specificity,1
/scratchc/nrlab/wang04/ulyses_results_iteration/iteration_3_merge_below_3/cnn_model/cnn14/plasma_tp1_0.1x_model_C3/roc_curve_resnet18_tf_0.03_0.1/nested_cv_random/resnet18/repeat_10_fold_5_metrics.csv,1,2,resnet18,"(0.03, 0.1]",C3,Accuracy at 99% Specificity,0.8807142857142858
/scratchc/nrlab/wang04/ulyses_results_iteration/iteration_3_merge_below_3/cnn_model/cnn14/plasma_tp1_0.1x_model_C3/roc_curve_resnet18_tf_0.03_0.1/nested_cv_random/resnet18/repeat_10_fold_5_metrics.csv,1,2,resnet18,"(0.03, 0.1]",C3,F1 at 99% Specificity,0.8709677419354839
/scratchc/nrlab/wang04/ulyses_results_iteration/iteration_3_merge_below_3/cnn_model/cnn14/plasma_tp1_0.1x_model_C3/roc_curve_resnet18_tf_0.03_0.1/nested_cv_random/resnet18/repeat_10_fold_5_metrics.csv,1,2,resnet18,"(0.03, 0.1]",C3,Sensitivity at 98% Specificity,0.7714285714285715
/scratchc/nrlab/wang04/ulyses_results_iteration/iteration_3_merge_below_3/cnn_model/cnn14/plasma_tp1_0.1x_model_C3/roc_curve_resnet18_tf_0.03_0.1/nested_cv_random/resnet18/repeat_10_fold_5_metrics.csv,1,2,resnet18,"(0.03, 0.1]",C3,PPV at 98% Specificity,1
/scratchc/nrlab/wang04/ulyses_results_iteration/iteration_3_merge_below_3/cnn_model/cnn14/plasma_tp1_0.1x_model_C3/roc_curve_resnet18_tf_0.03_0.1/nested_cv_random/resnet18/repeat_10_fold_5_metrics.csv,1,2,resnet18,"(0.03, 0.1]",C3,Accuracy at 98% Specificity,0.8757142857142857
/scratchc/nrlab/wang04/ulyses_results_iteration/iteration_3_merge_below_3/cnn_model/cnn14/plasma_tp1_0.1x_model_C3/roc_curve_resnet18_tf_0.03_0.1/nested_cv_random/resnet18/repeat_10_fold_5_metrics.csv,1,2,resnet18,"(0.03, 0.1]",C3,F1 at 98% Specificity,0.8709677419354839
/scratchc/nrlab/wang04/ulyses_results_iteration/iteration_3_merge_below_3/cnn_model/cnn14/plasma_tp1_0.1x_model_C3/roc_curve_resnet18_tf_0.03_0.1/nested_cv_random/resnet18/repeat_10_fold_5_metrics.csv,1,2,resnet18,"(0.03, 0.1]",C3,Sensitivity at 95% Specificity,0.7714285714285715
/scratchc/nrlab/wang04/ulyses_results_iteration/iteration_3_merge_below_3/cnn_model/cnn14/plasma_tp1_0.1x_model_C3/roc_curve_resnet18_tf_0.03_0.1/nested_cv_random/resnet18/repeat_10_fold_5_metrics.csv,1,2,resnet18,"(0.03, 0.1]",C3,PPV at 95% Specificity,1
/scratchc/nrlab/wang04/ulyses_results_iteration/iteration_3_merge_below_3/cnn_model/cnn14/plasma_tp1_0.1x_model_C3/roc_curve_resnet18_tf_0.03_0.1/nested_cv_random/resnet18/repeat_10_fold_5_metrics.csv,1,2,resnet18,"(0.03, 0.1]",C3,Accuracy at 95% Specificity,0.8607142857142858
/scratchc/nrlab/wang04/ulyses_results_iteration/iteration_3_merge_below_3/cnn_model/cnn14/plasma_tp1_0.1x_model_C3/roc_curve_resnet18_tf_0.03_0.1/nested_cv_random/resnet18/repeat_10_fold_5_metrics.csv,1,2,resnet18,"(0.03, 0.1]",C3,F1 at 95% Specificity,0.8709677419354839
/scratchc/nrlab/wang04/ulyses_results_iteration/iteration_3_merge_below_3/cnn_model/cnn14/plasma_tp1_0.1x_model_C3/roc_curve_resnet18_tf_0.03_0.1/nested_cv_random/resnet18/repeat_10_fold_5_metrics.csv,1,3,resnet18,"(0.03, 0.1]",C3,AUROC,0.922943722943723
/scratchc/nrlab/wang04/ulyses_results_iteration/iteration_3_merge_below_3/cnn_model/cnn14/plasma_tp1_0.1x_model_C3/roc_curve_resnet18_tf_0.03_0.1/nested_cv_random/resnet18/repeat_10_fold_5_metrics.csv,1,3,resnet18,"(0.03, 0.1]",C3,AUPRC,0.9038159891674392
/scratchc/nrlab/wang04/ulyses_results_iteration/iteration_3_merge_below_3/cnn_model/cnn14/plasma_tp1_0.1x_model_C3/roc_curve_resnet18_tf_0.03_0.1/nested_cv_random/resnet18/repeat_10_fold_5_metrics.csv,1,3,resnet18,"(0.03, 0.1]",C3,Sensitivity at 99% Specificity,0.5142857142857142
/scratchc/nrlab/wang04/ulyses_results_iteration/iteration_3_merge_below_3/cnn_model/cnn14/plasma_tp1_0.1x_model_C3/roc_curve_resnet18_tf_0.03_0.1/nested_cv_random/resnet18/repeat_10_fold_5_metrics.csv,1,3,resnet18,"(0.03, 0.1]",C3,PPV at 99% Specificity,1
/scratchc/nrlab/wang04/ulyses_results_iteration/iteration_3_merge_below_3/cnn_model/cnn14/plasma_tp1_0.1x_model_C3/roc_curve_resnet18_tf_0.03_0.1/nested_cv_random/resnet18/repeat_10_fold_5_metrics.csv,1,3,resnet18,"(0.03, 0.1]",C3,Accuracy at 99% Specificity,0.7521428571428571
/scratchc/nrlab/wang04/ulyses_results_iteration/iteration_3_merge_below_3/cnn_model/cnn14/plasma_tp1_0.1x_model_C3/roc_curve_resnet18_tf_0.03_0.1/nested_cv_random/resnet18/repeat_10_fold_5_metrics.csv,1,3,resnet18,"(0.03, 0.1]",C3,F1 at 99% Specificity,0.6792452830188679
/scratchc/nrlab/wang04/ulyses_results_iteration/iteration_3_merge_below_3/cnn_model/cnn14/plasma_tp1_0.1x_model_C3/roc_curve_resnet18_tf_0.03_0.1/nested_cv_random/resnet18/repeat_10_fold_5_metrics.csv,1,3,resnet18,"(0.03, 0.1]",C3,Sensitivity at 98% Specificity,0.5142857142857142
/scratchc/nrlab/wang04/ulyses_results_iteration/iteration_3_merge_below_3/cnn_model/cnn14/plasma_tp1_0.1x_model_C3/roc_curve_resnet18_tf_0.03_0.1/nested_cv_random/resnet18/repeat_10_fold_5_metrics.csv,1,3,resnet18,"(0.03, 0.1]",C3,PPV at 98% Specificity,1
/scratchc/nrlab/wang04/ulyses_results_iteration/iteration_3_merge_below_3/cnn_model/cnn14/plasma_tp1_0.1x_model_C3/roc_curve_resnet18_tf_0.03_0.1/nested_cv_random/resnet18/repeat_10_fold_5_metrics.csv,1,3,resnet18,"(0.03, 0.1]",C3,Accuracy at 98% Specificity,0.7471428571428571
/scratchc/nrlab/wang04/ulyses_results_iteration/iteration_3_merge_below_3/cnn_model/cnn14/plasma_tp1_0.1x_model_C3/roc_curve_resnet18_tf_0.03_0.1/nested_cv_random/resnet18/repeat_10_fold_5_metrics.csv,1,3,resnet18,"(0.03, 0.1]",C3,F1 at 98% Specificity,0.6792452830188679
/scratchc/nrlab/wang04/ulyses_results_iteration/iteration_3_merge_below_3/cnn_model/cnn14/plasma_tp1_0.1x_model_C3/roc_curve_resnet18_tf_0.03_0.1/nested_cv_random/resnet18/repeat_10_fold_5_metrics.csv,1,3,resnet18,"(0.03, 0.1]",C3,Sensitivity at 95% Specificity,0.6285714285714286
/scratchc/nrlab/wang04/ulyses_results_iteration/iteration_3_merge_below_3/cnn_model/cnn14/plasma_tp1_0.1x_model_C3/roc_curve_resnet18_tf_0.03_0.1/nested_cv_random/resnet18/repeat_10_fold_5_metrics.csv,1,3,resnet18,"(0.03, 0.1]",C3,PPV at 95% Specificity,0.9166666666666666
/scratchc/nrlab/wang04/ulyses_results_iteration/iteration_3_merge_below_3/cnn_model/cnn14/plasma_tp1_0.1x_model_C3/roc_curve_resnet18_tf_0.03_0.1/nested_cv_random/resnet18/repeat_10_fold_5_metrics.csv,1,3,resnet18,"(0.03, 0.1]",C3,Accuracy at 95% Specificity,0.7748917748917749
/scratchc/nrlab/wang04/ulyses_results_iteration/iteration_3_merge_below_3/cnn_model/cnn14/plasma_tp1_0.1x_model_C3/roc_curve_resnet18_tf_0.03_0.1/nested_cv_random/resnet18/repeat_10_fold_5_metrics.csv,1,3,resnet18,"(0.03, 0.1]",C3,F1 at 95% Specificity,0.7457627118644068
/scratchc/nrlab/wang04/ulyses_results_iteration/iteration_3_merge_below_3/cnn_model/cnn14/plasma_tp1_0.1x_model_C3/roc_curve_resnet18_tf_0.03_0.1/nested_cv_random/resnet18/repeat_10_fold_5_metrics.csv,1,4,resnet18,"(0.03, 0.1]",C3,AUROC,0.939014202172097
/scratchc/nrlab/wang04/ulyses_results_iteration/iteration_3_merge_below_3/cnn_model/cnn14/plasma_tp1_0.1x_model_C3/roc_curve_resnet18_tf_0.03_0.1/nested_cv_random/resnet18/repeat_10_fold_5_metrics.csv,1,4,resnet18,"(0.03, 0.1]",C3,AUPRC,0.9208341562960954
/scratchc/nrlab/wang04/ulyses_results_iteration/iteration_3_merge_below_3/cnn_model/cnn14/plasma_tp1_0.1x_model_C3/roc_curve_resnet18_tf_0.03_0.1/nested_cv_random/resnet18/repeat_10_fold_5_metrics.csv,1,4,resnet18,"(0.03, 0.1]",C3,Sensitivity at 99% Specificity,0.6052631578947368
/scratchc/nrlab/wang04/ulyses_results_iteration/iteration_3_merge_below_3/cnn_model/cnn14/plasma_tp1_0.1x_model_C3/roc_curve_resnet18_tf_0.03_0.1/nested_cv_random/resnet18/repeat_10_fold_5_metrics.csv,1,4,resnet18,"(0.03, 0.1]",C3,PPV at 99% Specificity,1
/scratchc/nrlab/wang04/ulyses_results_iteration/iteration_3_merge_below_3/cnn_model/cnn14/plasma_tp1_0.1x_model_C3/roc_curve_resnet18_tf_0.03_0.1/nested_cv_random/resnet18/repeat_10_fold_5_metrics.csv,1,4,resnet18,"(0.03, 0.1]",C3,Accuracy at 99% Specificity,0.7976315789473685
/scratchc/nrlab/wang04/ulyses_results_iteration/iteration_3_merge_below_3/cnn_model/cnn14/plasma_tp1_0.1x_model_C3/roc_curve_resnet18_tf_0.03_0.1/nested_cv_random/resnet18/repeat_10_fold_5_metrics.csv,1,4,resnet18,"(0.03, 0.1]",C3,F1 at 99% Specificity,0.7540983606557377
/scratchc/nrlab/wang04/ulyses_results_iteration/iteration_3_merge_below_3/cnn_model/cnn14/plasma_tp1_0.1x_model_C3/roc_curve_resnet18_tf_0.03_0.1/nested_cv_random/resnet18/repeat_10_fold_5_metrics.csv,1,4,resnet18,"(0.03, 0.1]",C3,Sensitivity at 98% Specificity,0.6052631578947368
/scratchc/nrlab/wang04/ulyses_results_iteration/iteration_3_merge_below_3/cnn_model/cnn14/plasma_tp1_0.1x_model_C3/roc_curve_resnet18_tf_0.03_0.1/nested_cv_random/resnet18/repeat_10_fold_5_metrics.csv,1,4,resnet18,"(0.03, 0.1]",C3,PPV at 98% Specificity,1
/scratchc/nrlab/wang04/ulyses_results_iteration/iteration_3_merge_below_3/cnn_model/cnn14/plasma_tp1_0.1x_model_C3/roc_curve_resnet18_tf_0.03_0.1/nested_cv_random/resnet18/repeat_10_fold_5_metrics.csv,1,4,resnet18,"(0.03, 0.1]",C3,Accuracy at 98% Specificity,0.7926315789473684
/scratchc/nrlab/wang04/ulyses_results_iteration/iteration_3_merge_below_3/cnn_model/cnn14/plasma_tp1_0.1x_model_C3/roc_curve_resnet18_tf_0.03_0.1/nested_cv_random/resnet18/repeat_10_fold_5_metrics.csv,1,4,resnet18,"(0.03, 0.1]",C3,F1 at 98% Specificity,0.7540983606557377
/scratchc/nrlab/wang04/ulyses_results_iteration/iteration_3_merge_below_3/cnn_model/cnn14/plasma_tp1_0.1x_model_C3/roc_curve_resnet18_tf_0.03_0.1/nested_cv_random/resnet18/repeat_10_fold_5_metrics.csv,1,4,resnet18,"(0.03, 0.1]",C3,Sensitivity at 95% Specificity,0.7105263157894737
/scratchc/nrlab/wang04/ulyses_results_iteration/iteration_3_merge_below_3/cnn_model/cnn14/plasma_tp1_0.1x_model_C3/roc_curve_resnet18_tf_0.03_0.1/nested_cv_random/resnet18/repeat_10_fold_5_metrics.csv,1,4,resnet18,"(0.03, 0.1]",C3,PPV at 95% Specificity,0.9
/scratchc/nrlab/wang04/ulyses_results_iteration/iteration_3_merge_below_3/cnn_model/cnn14/plasma_tp1_0.1x_model_C3/roc_curve_resnet18_tf_0.03_0.1/nested_cv_random/resnet18/repeat_10_fold_5_metrics.csv,1,4,resnet18,"(0.03, 0.1]",C3,Accuracy at 95% Specificity,0.8076441102756892
/scratchc/nrlab/wang04/ulyses_results_iteration/iteration_3_merge_below_3/cnn_model/cnn14/plasma_tp1_0.1x_model_C3/roc_curve_resnet18_tf_0.03_0.1/nested_cv_random/resnet18/repeat_10_fold_5_metrics.csv,1,4,resnet18,"(0.03, 0.1]",C3,F1 at 95% Specificity,0.7941176470588235
/scratchc/nrlab/wang04/ulyses_results_iteration/iteration_3_merge_below_3/cnn_model/cnn14/plasma_tp1_0.1x_model_C3/roc_curve_resnet18_tf_0.03_0.1/nested_cv_random/resnet18/repeat_10_fold_5_metrics.csv,1,5,resnet18,"(0.03, 0.1]",C3,AUROC,0.9505912162162162
/scratchc/nrlab/wang04/ulyses_results_iteration/iteration_3_merge_below_3/cnn_model/cnn14/plasma_tp1_0.1x_model_C3/roc_curve_resnet18_tf_0.03_0.1/nested_cv_random/resnet18/repeat_10_fold_5_metrics.csv,1,5,resnet18,"(0.03, 0.1]",C3,AUPRC,0.9394216464364278
/scratchc/nrlab/wang04/ulyses_results_iteration/iteration_3_merge_below_3/cnn_model/cnn14/plasma_tp1_0.1x_model_C3/roc_curve_resnet18_tf_0.03_0.1/nested_cv_random/resnet18/repeat_10_fold_5_metrics.csv,1,5,resnet18,"(0.03, 0.1]",C3,Sensitivity at 99% Specificity,0.6756756756756757
/scratchc/nrlab/wang04/ulyses_results_iteration/iteration_3_merge_below_3/cnn_model/cnn14/plasma_tp1_0.1x_model_C3/roc_curve_resnet18_tf_0.03_0.1/nested_cv_random/resnet18/repeat_10_fold_5_metrics.csv,1,5,resnet18,"(0.03, 0.1]",C3,PPV at 99% Specificity,1
/scratchc/nrlab/wang04/ulyses_results_iteration/iteration_3_merge_below_3/cnn_model/cnn14/plasma_tp1_0.1x_model_C3/roc_curve_resnet18_tf_0.03_0.1/nested_cv_random/resnet18/repeat_10_fold_5_metrics.csv,1,5,resnet18,"(0.03, 0.1]",C3,Accuracy at 99% Specificity,0.8328378378378378
/scratchc/nrlab/wang04/ulyses_results_iteration/iteration_3_merge_below_3/cnn_model/cnn14/plasma_tp1_0.1x_model_C3/roc_curve_resnet18_tf_0.03_0.1/nested_cv_random/resnet18/repeat_10_fold_5_metrics.csv,1,5,resnet18,"(0.03, 0.1]",C3,F1 at 99% Specificity,0.8064516129032258
/scratchc/nrlab/wang04/ulyses_results_iteration/iteration_3_merge_below_3/cnn_model/cnn14/plasma_tp1_0.1x_model_C3/roc_curve_resnet18_tf_0.03_0.1/nested_cv_random/resnet18/repeat_10_fold_5_metrics.csv,1,5,resnet18,"(0.03, 0.1]",C3,Sensitivity at 98% Specificity,0.6756756756756757
/scratchc/nrlab/wang04/ulyses_results_iteration/iteration_3_merge_below_3/cnn_model/cnn14/plasma_tp1_0.1x_model_C3/roc_curve_resnet18_tf_0.03_0.1/nested_cv_random/resnet18/repeat_10_fold_5_metrics.csv,1,5,resnet18,"(0.03, 0.1]",C3,PPV at 98% Specificity,1
/scratchc/nrlab/wang04/ulyses_results_iteration/iteration_3_merge_below_3/cnn_model/cnn14/plasma_tp1_0.1x_model_C3/roc_curve_resnet18_tf_0.03_0.1/nested_cv_random/resnet18/repeat_10_fold_5_metrics.csv,1,5,resnet18,"(0.03, 0.1]",C3,Accuracy at 98% Specificity,0.8278378378378378
/scratchc/nrlab/wang04/ulyses_results_iteration/iteration_3_merge_below_3/cnn_model/cnn14/plasma_tp1_0.1x_model_C3/roc_curve_resnet18_tf_0.03_0.1/nested_cv_random/resnet18/repeat_10_fold_5_metrics.csv,1,5,resnet18,"(0.03, 0.1]",C3,F1 at 98% Specificity,0.8064516129032258
/scratchc/nrlab/wang04/ulyses_results_iteration/iteration_3_merge_below_3/cnn_model/cnn14/plasma_tp1_0.1x_model_C3/roc_curve_resnet18_tf_0.03_0.1/nested_cv_random/resnet18/repeat_10_fold_5_metrics.csv,1,5,resnet18,"(0.03, 0.1]",C3,Sensitivity at 95% Specificity,0.6756756756756757
/scratchc/nrlab/wang04/ulyses_results_iteration/iteration_3_merge_below_3/cnn_model/cnn14/plasma_tp1_0.1x_model_C3/roc_curve_resnet18_tf_0.03_0.1/nested_cv_random/resnet18/repeat_10_fold_5_metrics.csv,1,5,resnet18,"(0.03, 0.1]",C3,PPV at 95% Specificity,1
/scratchc/nrlab/wang04/ulyses_results_iteration/iteration_3_merge_below_3/cnn_model/cnn14/plasma_tp1_0.1x_model_C3/roc_curve_resnet18_tf_0.03_0.1/nested_cv_random/resnet18/repeat_10_fold_5_metrics.csv,1,5,resnet18,"(0.03, 0.1]",C3,Accuracy at 95% Specificity,0.8128378378378378
/scratchc/nrlab/wang04/ulyses_results_iteration/iteration_3_merge_below_3/cnn_model/cnn14/plasma_tp1_0.1x_model_C3/roc_curve_resnet18_tf_0.03_0.1/nested_cv_random/resnet18/repeat_10_fold_5_metrics.csv,1,5,resnet18,"(0.03, 0.1]",C3,F1 at 95% Specificity,0.8064516129032258
/scratchc/nrlab/wang04/ulyses_results_iteration/iteration_3_merge_below_3/cnn_model/cnn14/plasma_tp1_0.1x_model_C3/roc_curve_resnet18_tf_0.03_0.1/nested_cv_random/resnet18/repeat_10_fold_5_metrics.csv,2,1,resnet18,"(0.03, 0.1]",C3,AUROC,0.9509594882729212
/scratchc/nrlab/wang04/ulyses_results_iteration/iteration_3_merge_below_3/cnn_model/cnn14/plasma_tp1_0.1x_model_C3/roc_curve_resnet18_tf_0.03_0.1/nested_cv_random/resnet18/repeat_10_fold_5_metrics.csv,2,1,resnet18,"(0.03, 0.1]",C3,AUPRC,0.9306701110827168
/scratchc/nrlab/wang04/ulyses_results_iteration/iteration_3_merge_below_3/cnn_model/cnn14/plasma_tp1_0.1x_model_C3/roc_curve_resnet18_tf_0.03_0.1/nested_cv_random/resnet18/repeat_10_fold_5_metrics.csv,2,1,resnet18,"(0.03, 0.1]",C3,Sensitivity at 99% Specificity,0.5142857142857142
/scratchc/nrlab/wang04/ulyses_results_iteration/iteration_3_merge_below_3/cnn_model/cnn14/plasma_tp1_0.1x_model_C3/roc_curve_resnet18_tf_0.03_0.1/nested_cv_random/resnet18/repeat_10_fold_5_metrics.csv,2,1,resnet18,"(0.03, 0.1]",C3,PPV at 99% Specificity,1
/scratchc/nrlab/wang04/ulyses_results_iteration/iteration_3_merge_below_3/cnn_model/cnn14/plasma_tp1_0.1x_model_C3/roc_curve_resnet18_tf_0.03_0.1/nested_cv_random/resnet18/repeat_10_fold_5_metrics.csv,2,1,resnet18,"(0.03, 0.1]",C3,Accuracy at 99% Specificity,0.7521428571428571
/scratchc/nrlab/wang04/ulyses_results_iteration/iteration_3_merge_below_3/cnn_model/cnn14/plasma_tp1_0.1x_model_C3/roc_curve_resnet18_tf_0.03_0.1/nested_cv_random/resnet18/repeat_10_fold_5_metrics.csv,2,1,resnet18,"(0.03, 0.1]",C3,F1 at 99% Specificity,0.6792452830188679
/scratchc/nrlab/wang04/ulyses_results_iteration/iteration_3_merge_below_3/cnn_model/cnn14/plasma_tp1_0.1x_model_C3/roc_curve_resnet18_tf_0.03_0.1/nested_cv_random/resnet18/repeat_10_fold_5_metrics.csv,2,1,resnet18,"(0.03, 0.1]",C3,Sensitivity at 98% Specificity,0.5142857142857142
/scratchc/nrlab/wang04/ulyses_results_iteration/iteration_3_merge_below_3/cnn_model/cnn14/plasma_tp1_0.1x_model_C3/roc_curve_resnet18_tf_0.03_0.1/nested_cv_random/resnet18/repeat_10_fold_5_metrics.csv,2,1,resnet18,"(0.03, 0.1]",C3,PPV at 98% Specificity,1
/scratchc/nrlab/wang04/ulyses_results_iteration/iteration_3_merge_below_3/cnn_model/cnn14/plasma_tp1_0.1x_model_C3/roc_curve_resnet18_tf_0.03_0.1/nested_cv_random/resnet18/repeat_10_fold_5_metrics.csv,2,1,resnet18,"(0.03, 0.1]",C3,Accuracy at 98% Specificity,0.7471428571428571
/scratchc/nrlab/wang04/ulyses_results_iteration/iteration_3_merge_below_3/cnn_model/cnn14/plasma_tp1_0.1x_model_C3/roc_curve_resnet18_tf_0.03_0.1/nested_cv_random/resnet18/repeat_10_fold_5_metrics.csv,2,1,resnet18,"(0.03, 0.1]",C3,F1 at 98% Specificity,0.6792452830188679
/scratchc/nrlab/wang04/ulyses_results_iteration/iteration_3_merge_below_3/cnn_model/cnn14/plasma_tp1_0.1x_model_C3/roc_curve_resnet18_tf_0.03_0.1/nested_cv_random/resnet18/repeat_10_fold_5_metrics.csv,2,1,resnet18,"(0.03, 0.1]",C3,Sensitivity at 95% Specificity,0.8285714285714286
/scratchc/nrlab/wang04/ulyses_results_iteration/iteration_3_merge_below_3/cnn_model/cnn14/plasma_tp1_0.1x_model_C3/roc_curve_resnet18_tf_0.03_0.1/nested_cv_random/resnet18/repeat_10_fold_5_metrics.csv,2,1,resnet18,"(0.03, 0.1]",C3,PPV at 95% Specificity,0.90625
/scratchc/nrlab/wang04/ulyses_results_iteration/iteration_3_merge_below_3/cnn_model/cnn14/plasma_tp1_0.1x_model_C3/roc_curve_resnet18_tf_0.03_0.1/nested_cv_random/resnet18/repeat_10_fold_5_metrics.csv,2,1,resnet18,"(0.03, 0.1]",C3,Accuracy at 95% Specificity,0.8680170575692964
/scratchc/nrlab/wang04/ulyses_results_iteration/iteration_3_merge_below_3/cnn_model/cnn14/plasma_tp1_0.1x_model_C3/roc_curve_resnet18_tf_0.03_0.1/nested_cv_random/resnet18/repeat_10_fold_5_metrics.csv,2,1,resnet18,"(0.03, 0.1]",C3,F1 at 95% Specificity,0.8656716417910447
/scratchc/nrlab/wang04/ulyses_results_iteration/iteration_3_merge_below_3/cnn_model/cnn14/plasma_tp1_0.1x_model_C3/roc_curve_resnet18_tf_0.03_0.1/nested_cv_random/resnet18/repeat_10_fold_5_metrics.csv,2,2,resnet18,"(0.03, 0.1]",C3,AUROC,0.9631336405529954
/scratchc/nrlab/wang04/ulyses_results_iteration/iteration_3_merge_below_3/cnn_model/cnn14/plasma_tp1_0.1x_model_C3/roc_curve_resnet18_tf_0.03_0.1/nested_cv_random/resnet18/repeat_10_fold_5_metrics.csv,2,2,resnet18,"(0.03, 0.1]",C3,AUPRC,0.948331066378979
/scratchc/nrlab/wang04/ulyses_results_iteration/iteration_3_merge_below_3/cnn_model/cnn14/plasma_tp1_0.1x_model_C3/roc_curve_resnet18_tf_0.03_0.1/nested_cv_random/resnet18/repeat_10_fold_5_metrics.csv,2,2,resnet18,"(0.03, 0.1]",C3,Sensitivity at 99% Specificity,0.7096774193548387
/scratchc/nrlab/wang04/ulyses_results_iteration/iteration_3_merge_below_3/cnn_model/cnn14/plasma_tp1_0.1x_model_C3/roc_curve_resnet18_tf_0.03_0.1/nested_cv_random/resnet18/repeat_10_fold_5_metrics.csv,2,2,resnet18,"(0.03, 0.1]",C3,PPV at 99% Specificity,1
/scratchc/nrlab/wang04/ulyses_results_iteration/iteration_3_merge_below_3/cnn_model/cnn14/plasma_tp1_0.1x_model_C3/roc_curve_resnet18_tf_0.03_0.1/nested_cv_random/resnet18/repeat_10_fold_5_metrics.csv,2,2,resnet18,"(0.03, 0.1]",C3,Accuracy at 99% Specificity,0.8498387096774194
/scratchc/nrlab/wang04/ulyses_results_iteration/iteration_3_merge_below_3/cnn_model/cnn14/plasma_tp1_0.1x_model_C3/roc_curve_resnet18_tf_0.03_0.1/nested_cv_random/resnet18/repeat_10_fold_5_metrics.csv,2,2,resnet18,"(0.03, 0.1]",C3,F1 at 99% Specificity,0.8301886792452831
/scratchc/nrlab/wang04/ulyses_results_iteration/iteration_3_merge_below_3/cnn_model/cnn14/plasma_tp1_0.1x_model_C3/roc_curve_resnet18_tf_0.03_0.1/nested_cv_random/resnet18/repeat_10_fold_5_metrics.csv,2,2,resnet18,"(0.03, 0.1]",C3,Sensitivity at 98% Specificity,0.7096774193548387
/scratchc/nrlab/wang04/ulyses_results_iteration/iteration_3_merge_below_3/cnn_model/cnn14/plasma_tp1_0.1x_model_C3/roc_curve_resnet18_tf_0.03_0.1/nested_cv_random/resnet18/repeat_10_fold_5_metrics.csv,2,2,resnet18,"(0.03, 0.1]",C3,PPV at 98% Specificity,1
/scratchc/nrlab/wang04/ulyses_results_iteration/iteration_3_merge_below_3/cnn_model/cnn14/plasma_tp1_0.1x_model_C3/roc_curve_resnet18_tf_0.03_0.1/nested_cv_random/resnet18/repeat_10_fold_5_metrics.csv,2,2,resnet18,"(0.03, 0.1]",C3,Accuracy at 98% Specificity,0.8448387096774194
/scratchc/nrlab/wang04/ulyses_results_iteration/iteration_3_merge_below_3/cnn_model/cnn14/plasma_tp1_0.1x_model_C3/roc_curve_resnet18_tf_0.03_0.1/nested_cv_random/resnet18/repeat_10_fold_5_metrics.csv,2,2,resnet18,"(0.03, 0.1]",C3,F1 at 98% Specificity,0.8301886792452831
/scratchc/nrlab/wang04/ulyses_results_iteration/iteration_3_merge_below_3/cnn_model/cnn14/plasma_tp1_0.1x_model_C3/roc_curve_resnet18_tf_0.03_0.1/nested_cv_random/resnet18/repeat_10_fold_5_metrics.csv,2,2,resnet18,"(0.03, 0.1]",C3,Sensitivity at 95% Specificity,0.8387096774193549
/scratchc/nrlab/wang04/ulyses_results_iteration/iteration_3_merge_below_3/cnn_model/cnn14/plasma_tp1_0.1x_model_C3/roc_curve_resnet18_tf_0.03_0.1/nested_cv_random/resnet18/repeat_10_fold_5_metrics.csv,2,2,resnet18,"(0.03, 0.1]",C3,PPV at 95% Specificity,0.8666666666666667
/scratchc/nrlab/wang04/ulyses_results_iteration/iteration_3_merge_below_3/cnn_model/cnn14/plasma_tp1_0.1x_model_C3/roc_curve_resnet18_tf_0.03_0.1/nested_cv_random/resnet18/repeat_10_fold_5_metrics.csv,2,2,resnet18,"(0.03, 0.1]",C3,Accuracy at 95% Specificity,0.8672119815668202
/scratchc/nrlab/wang04/ulyses_results_iteration/iteration_3_merge_below_3/cnn_model/cnn14/plasma_tp1_0.1x_model_C3/roc_curve_resnet18_tf_0.03_0.1/nested_cv_random/resnet18/repeat_10_fold_5_metrics.csv,2,2,resnet18,"(0.03, 0.1]",C3,F1 at 95% Specificity,0.8524590163934426
/scratchc/nrlab/wang04/ulyses_results_iteration/iteration_3_merge_below_3/cnn_model/cnn14/plasma_tp1_0.1x_model_C3/roc_curve_resnet18_tf_0.03_0.1/nested_cv_random/resnet18/repeat_10_fold_5_metrics.csv,2,3,resnet18,"(0.03, 0.1]",C3,AUROC,0.95327868852459
/scratchc/nrlab/wang04/ulyses_results_iteration/iteration_3_merge_below_3/cnn_model/cnn14/plasma_tp1_0.1x_model_C3/roc_curve_resnet18_tf_0.03_0.1/nested_cv_random/resnet18/repeat_10_fold_5_metrics.csv,2,3,resnet18,"(0.03, 0.1]",C3,AUPRC,0.9430172024940476
/scratchc/nrlab/wang04/ulyses_results_iteration/iteration_3_merge_below_3/cnn_model/cnn14/plasma_tp1_0.1x_model_C3/roc_curve_resnet18_tf_0.03_0.1/nested_cv_random/resnet18/repeat_10_fold_5_metrics.csv,2,3,resnet18,"(0.03, 0.1]",C3,Sensitivity at 99% Specificity,0.7
/scratchc/nrlab/wang04/ulyses_results_iteration/iteration_3_merge_below_3/cnn_model/cnn14/plasma_tp1_0.1x_model_C3/roc_curve_resnet18_tf_0.03_0.1/nested_cv_random/resnet18/repeat_10_fold_5_metrics.csv,2,3,resnet18,"(0.03, 0.1]",C3,PPV at 99% Specificity,1
/scratchc/nrlab/wang04/ulyses_results_iteration/iteration_3_merge_below_3/cnn_model/cnn14/plasma_tp1_0.1x_model_C3/roc_curve_resnet18_tf_0.03_0.1/nested_cv_random/resnet18/repeat_10_fold_5_metrics.csv,2,3,resnet18,"(0.03, 0.1]",C3,Accuracy at 99% Specificity,0.845
/scratchc/nrlab/wang04/ulyses_results_iteration/iteration_3_merge_below_3/cnn_model/cnn14/plasma_tp1_0.1x_model_C3/roc_curve_resnet18_tf_0.03_0.1/nested_cv_random/resnet18/repeat_10_fold_5_metrics.csv,2,3,resnet18,"(0.03, 0.1]",C3,F1 at 99% Specificity,0.8235294117647058
/scratchc/nrlab/wang04/ulyses_results_iteration/iteration_3_merge_below_3/cnn_model/cnn14/plasma_tp1_0.1x_model_C3/roc_curve_resnet18_tf_0.03_0.1/nested_cv_random/resnet18/repeat_10_fold_5_metrics.csv,2,3,resnet18,"(0.03, 0.1]",C3,Sensitivity at 98% Specificity,0.7
/scratchc/nrlab/wang04/ulyses_results_iteration/iteration_3_merge_below_3/cnn_model/cnn14/plasma_tp1_0.1x_model_C3/roc_curve_resnet18_tf_0.03_0.1/nested_cv_random/resnet18/repeat_10_fold_5_metrics.csv,2,3,resnet18,"(0.03, 0.1]",C3,PPV at 98% Specificity,1
/scratchc/nrlab/wang04/ulyses_results_iteration/iteration_3_merge_below_3/cnn_model/cnn14/plasma_tp1_0.1x_model_C3/roc_curve_resnet18_tf_0.03_0.1/nested_cv_random/resnet18/repeat_10_fold_5_metrics.csv,2,3,resnet18,"(0.03, 0.1]",C3,Accuracy at 98% Specificity,0.84
/scratchc/nrlab/wang04/ulyses_results_iteration/iteration_3_merge_below_3/cnn_model/cnn14/plasma_tp1_0.1x_model_C3/roc_curve_resnet18_tf_0.03_0.1/nested_cv_random/resnet18/repeat_10_fold_5_metrics.csv,2,3,resnet18,"(0.03, 0.1]",C3,F1 at 98% Specificity,0.8235294117647058
/scratchc/nrlab/wang04/ulyses_results_iteration/iteration_3_merge_below_3/cnn_model/cnn14/plasma_tp1_0.1x_model_C3/roc_curve_resnet18_tf_0.03_0.1/nested_cv_random/resnet18/repeat_10_fold_5_metrics.csv,2,3,resnet18,"(0.03, 0.1]",C3,Sensitivity at 95% Specificity,0.725
/scratchc/nrlab/wang04/ulyses_results_iteration/iteration_3_merge_below_3/cnn_model/cnn14/plasma_tp1_0.1x_model_C3/roc_curve_resnet18_tf_0.03_0.1/nested_cv_random/resnet18/repeat_10_fold_5_metrics.csv,2,3,resnet18,"(0.03, 0.1]",C3,PPV at 95% Specificity,0.935483870967742
/scratchc/nrlab/wang04/ulyses_results_iteration/iteration_3_merge_below_3/cnn_model/cnn14/plasma_tp1_0.1x_model_C3/roc_curve_resnet18_tf_0.03_0.1/nested_cv_random/resnet18/repeat_10_fold_5_metrics.csv,2,3,resnet18,"(0.03, 0.1]",C3,Accuracy at 95% Specificity,0.8219262295081966
/scratchc/nrlab/wang04/ulyses_results_iteration/iteration_3_merge_below_3/cnn_model/cnn14/plasma_tp1_0.1x_model_C3/roc_curve_resnet18_tf_0.03_0.1/nested_cv_random/resnet18/repeat_10_fold_5_metrics.csv,2,3,resnet18,"(0.03, 0.1]",C3,F1 at 95% Specificity,0.8169014084507042
/scratchc/nrlab/wang04/ulyses_results_iteration/iteration_3_merge_below_3/cnn_model/cnn14/plasma_tp1_0.1x_model_C3/roc_curve_resnet18_tf_0.03_0.1/nested_cv_random/resnet18/repeat_10_fold_5_metrics.csv,2,5,resnet18,"(0.03, 0.1]",C3,AUROC,0.9184426229508196
/scratchc/nrlab/wang04/ulyses_results_iteration/iteration_3_merge_below_3/cnn_model/cnn14/plasma_tp1_0.1x_model_C3/roc_curve_resnet18_tf_0.03_0.1/nested_cv_random/resnet18/repeat_10_fold_5_metrics.csv,2,5,resnet18,"(0.03, 0.1]",C3,AUPRC,0.9095666990242618
/scratchc/nrlab/wang04/ulyses_results_iteration/iteration_3_merge_below_3/cnn_model/cnn14/plasma_tp1_0.1x_model_C3/roc_curve_resnet18_tf_0.03_0.1/nested_cv_random/resnet18/repeat_10_fold_5_metrics.csv,2,5,resnet18,"(0.03, 0.1]",C3,Sensitivity at 99% Specificity,0.5
/scratchc/nrlab/wang04/ulyses_results_iteration/iteration_3_merge_below_3/cnn_model/cnn14/plasma_tp1_0.1x_model_C3/roc_curve_resnet18_tf_0.03_0.1/nested_cv_random/resnet18/repeat_10_fold_5_metrics.csv,2,5,resnet18,"(0.03, 0.1]",C3,PPV at 99% Specificity,1
/scratchc/nrlab/wang04/ulyses_results_iteration/iteration_3_merge_below_3/cnn_model/cnn14/plasma_tp1_0.1x_model_C3/roc_curve_resnet18_tf_0.03_0.1/nested_cv_random/resnet18/repeat_10_fold_5_metrics.csv,2,5,resnet18,"(0.03, 0.1]",C3,Accuracy at 99% Specificity,0.745
/scratchc/nrlab/wang04/ulyses_results_iteration/iteration_3_merge_below_3/cnn_model/cnn14/plasma_tp1_0.1x_model_C3/roc_curve_resnet18_tf_0.03_0.1/nested_cv_random/resnet18/repeat_10_fold_5_metrics.csv,2,5,resnet18,"(0.03, 0.1]",C3,F1 at 99% Specificity,0.6666666666666666
/scratchc/nrlab/wang04/ulyses_results_iteration/iteration_3_merge_below_3/cnn_model/cnn14/plasma_tp1_0.1x_model_C3/roc_curve_resnet18_tf_0.03_0.1/nested_cv_random/resnet18/repeat_10_fold_5_metrics.csv,2,5,resnet18,"(0.03, 0.1]",C3,Sensitivity at 98% Specificity,0.5
/scratchc/nrlab/wang04/ulyses_results_iteration/iteration_3_merge_below_3/cnn_model/cnn14/plasma_tp1_0.1x_model_C3/roc_curve_resnet18_tf_0.03_0.1/nested_cv_random/resnet18/repeat_10_fold_5_metrics.csv,2,5,resnet18,"(0.03, 0.1]",C3,PPV at 98% Specificity,1
/scratchc/nrlab/wang04/ulyses_results_iteration/iteration_3_merge_below_3/cnn_model/cnn14/plasma_tp1_0.1x_model_C3/roc_curve_resnet18_tf_0.03_0.1/nested_cv_random/resnet18/repeat_10_fold_5_metrics.csv,2,5,resnet18,"(0.03, 0.1]",C3,Accuracy at 98% Specificity,0.74
/scratchc/nrlab/wang04/ulyses_results_iteration/iteration_3_merge_below_3/cnn_model/cnn14/plasma_tp1_0.1x_model_C3/roc_curve_resnet18_tf_0.03_0.1/nested_cv_random/resnet18/repeat_10_fold_5_metrics.csv,2,5,resnet18,"(0.03, 0.1]",C3,F1 at 98% Specificity,0.6666666666666666
/scratchc/nrlab/wang04/ulyses_results_iteration/iteration_3_merge_below_3/cnn_model/cnn14/plasma_tp1_0.1x_model_C3/roc_curve_resnet18_tf_0.03_0.1/nested_cv_random/resnet18/repeat_10_fold_5_metrics.csv,2,5,resnet18,"(0.03, 0.1]",C3,Sensitivity at 95% Specificity,0.6
/scratchc/nrlab/wang04/ulyses_results_iteration/iteration_3_merge_below_3/cnn_model/cnn14/plasma_tp1_0.1x_model_C3/roc_curve_resnet18_tf_0.03_0.1/nested_cv_random/resnet18/repeat_10_fold_5_metrics.csv,2,5,resnet18,"(0.03, 0.1]",C3,PPV at 95% Specificity,0.9230769230769232
/scratchc/nrlab/wang04/ulyses_results_iteration/iteration_3_merge_below_3/cnn_model/cnn14/plasma_tp1_0.1x_model_C3/roc_curve_resnet18_tf_0.03_0.1/nested_cv_random/resnet18/repeat_10_fold_5_metrics.csv,2,5,resnet18,"(0.03, 0.1]",C3,Accuracy at 95% Specificity,0.7594262295081966
/scratchc/nrlab/wang04/ulyses_results_iteration/iteration_3_merge_below_3/cnn_model/cnn14/plasma_tp1_0.1x_model_C3/roc_curve_resnet18_tf_0.03_0.1/nested_cv_random/resnet18/repeat_10_fold_5_metrics.csv,2,5,resnet18,"(0.03, 0.1]",C3,F1 at 95% Specificity,0.7272727272727273
/scratchc/nrlab/wang04/ulyses_results_iteration/iteration_3_merge_below_3/cnn_model/cnn14/plasma_tp1_0.1x_model_C3/roc_curve_resnet18_tf_0.03_0.1/nested_cv_random/resnet18/repeat_10_fold_5_metrics.csv,3,1,resnet18,"(0.03, 0.1]",C3,AUROC,0.9776936026936028
/scratchc/nrlab/wang04/ulyses_results_iteration/iteration_3_merge_below_3/cnn_model/cnn14/plasma_tp1_0.1x_model_C3/roc_curve_resnet18_tf_0.03_0.1/nested_cv_random/resnet18/repeat_10_fold_5_metrics.csv,3,1,resnet18,"(0.03, 0.1]",C3,AUPRC,0.9720262721693071
/scratchc/nrlab/wang04/ulyses_results_iteration/iteration_3_merge_below_3/cnn_model/cnn14/plasma_tp1_0.1x_model_C3/roc_curve_resnet18_tf_0.03_0.1/nested_cv_random/resnet18/repeat_10_fold_5_metrics.csv,3,1,resnet18,"(0.03, 0.1]",C3,Sensitivity at 99% Specificity,0.75
/scratchc/nrlab/wang04/ulyses_results_iteration/iteration_3_merge_below_3/cnn_model/cnn14/plasma_tp1_0.1x_model_C3/roc_curve_resnet18_tf_0.03_0.1/nested_cv_random/resnet18/repeat_10_fold_5_metrics.csv,3,1,resnet18,"(0.03, 0.1]",C3,PPV at 99% Specificity,1
/scratchc/nrlab/wang04/ulyses_results_iteration/iteration_3_merge_below_3/cnn_model/cnn14/plasma_tp1_0.1x_model_C3/roc_curve_resnet18_tf_0.03_0.1/nested_cv_random/resnet18/repeat_10_fold_5_metrics.csv,3,1,resnet18,"(0.03, 0.1]",C3,Accuracy at 99% Specificity,0.87
/scratchc/nrlab/wang04/ulyses_results_iteration/iteration_3_merge_below_3/cnn_model/cnn14/plasma_tp1_0.1x_model_C3/roc_curve_resnet18_tf_0.03_0.1/nested_cv_random/resnet18/repeat_10_fold_5_metrics.csv,3,1,resnet18,"(0.03, 0.1]",C3,F1 at 99% Specificity,0.8571428571428571
/scratchc/nrlab/wang04/ulyses_results_iteration/iteration_3_merge_below_3/cnn_model/cnn14/plasma_tp1_0.1x_model_C3/roc_curve_resnet18_tf_0.03_0.1/nested_cv_random/resnet18/repeat_10_fold_5_metrics.csv,3,1,resnet18,"(0.03, 0.1]",C3,Sensitivity at 98% Specificity,0.75
/scratchc/nrlab/wang04/ulyses_results_iteration/iteration_3_merge_below_3/cnn_model/cnn14/plasma_tp1_0.1x_model_C3/roc_curve_resnet18_tf_0.03_0.1/nested_cv_random/resnet18/repeat_10_fold_5_metrics.csv,3,1,resnet18,"(0.03, 0.1]",C3,PPV at 98% Specificity,1
/scratchc/nrlab/wang04/ulyses_results_iteration/iteration_3_merge_below_3/cnn_model/cnn14/plasma_tp1_0.1x_model_C3/roc_curve_resnet18_tf_0.03_0.1/nested_cv_random/resnet18/repeat_10_fold_5_metrics.csv,3,1,resnet18,"(0.03, 0.1]",C3,Accuracy at 98% Specificity,0.865
/scratchc/nrlab/wang04/ulyses_results_iteration/iteration_3_merge_below_3/cnn_model/cnn14/plasma_tp1_0.1x_model_C3/roc_curve_resnet18_tf_0.03_0.1/nested_cv_random/resnet18/repeat_10_fold_5_metrics.csv,3,1,resnet18,"(0.03, 0.1]",C3,F1 at 98% Specificity,0.8571428571428571
/scratchc/nrlab/wang04/ulyses_results_iteration/iteration_3_merge_below_3/cnn_model/cnn14/plasma_tp1_0.1x_model_C3/roc_curve_resnet18_tf_0.03_0.1/nested_cv_random/resnet18/repeat_10_fold_5_metrics.csv,3,1,resnet18,"(0.03, 0.1]",C3,Sensitivity at 95% Specificity,0.8888888888888888
/scratchc/nrlab/wang04/ulyses_results_iteration/iteration_3_merge_below_3/cnn_model/cnn14/plasma_tp1_0.1x_model_C3/roc_curve_resnet18_tf_0.03_0.1/nested_cv_random/resnet18/repeat_10_fold_5_metrics.csv,3,1,resnet18,"(0.03, 0.1]",C3,PPV at 95% Specificity,0.9142857142857144
/scratchc/nrlab/wang04/ulyses_results_iteration/iteration_3_merge_below_3/cnn_model/cnn14/plasma_tp1_0.1x_model_C3/roc_curve_resnet18_tf_0.03_0.1/nested_cv_random/resnet18/repeat_10_fold_5_metrics.csv,3,1,resnet18,"(0.03, 0.1]",C3,Accuracy at 95% Specificity,0.8978535353535353
/scratchc/nrlab/wang04/ulyses_results_iteration/iteration_3_merge_below_3/cnn_model/cnn14/plasma_tp1_0.1x_model_C3/roc_curve_resnet18_tf_0.03_0.1/nested_cv_random/resnet18/repeat_10_fold_5_metrics.csv,3,1,resnet18,"(0.03, 0.1]",C3,F1 at 95% Specificity,0.9014084507042254
/scratchc/nrlab/wang04/ulyses_results_iteration/iteration_3_merge_below_3/cnn_model/cnn14/plasma_tp1_0.1x_model_C3/roc_curve_resnet18_tf_0.03_0.1/nested_cv_random/resnet18/repeat_10_fold_5_metrics.csv,3,2,resnet18,"(0.03, 0.1]",C3,AUROC,0.9497835497835498
/scratchc/nrlab/wang04/ulyses_results_iteration/iteration_3_merge_below_3/cnn_model/cnn14/plasma_tp1_0.1x_model_C3/roc_curve_resnet18_tf_0.03_0.1/nested_cv_random/resnet18/repeat_10_fold_5_metrics.csv,3,2,resnet18,"(0.03, 0.1]",C3,AUPRC,0.9286573619507849
/scratchc/nrlab/wang04/ulyses_results_iteration/iteration_3_merge_below_3/cnn_model/cnn14/plasma_tp1_0.1x_model_C3/roc_curve_resnet18_tf_0.03_0.1/nested_cv_random/resnet18/repeat_10_fold_5_metrics.csv,3,2,resnet18,"(0.03, 0.1]",C3,Sensitivity at 99% Specificity,0.6571428571428571
/scratchc/nrlab/wang04/ulyses_results_iteration/iteration_3_merge_below_3/cnn_model/cnn14/plasma_tp1_0.1x_model_C3/roc_curve_resnet18_tf_0.03_0.1/nested_cv_random/resnet18/repeat_10_fold_5_metrics.csv,3,2,resnet18,"(0.03, 0.1]",C3,PPV at 99% Specificity,1
/scratchc/nrlab/wang04/ulyses_results_iteration/iteration_3_merge_below_3/cnn_model/cnn14/plasma_tp1_0.1x_model_C3/roc_curve_resnet18_tf_0.03_0.1/nested_cv_random/resnet18/repeat_10_fold_5_metrics.csv,3,2,resnet18,"(0.03, 0.1]",C3,Accuracy at 99% Specificity,0.8235714285714286
/scratchc/nrlab/wang04/ulyses_results_iteration/iteration_3_merge_below_3/cnn_model/cnn14/plasma_tp1_0.1x_model_C3/roc_curve_resnet18_tf_0.03_0.1/nested_cv_random/resnet18/repeat_10_fold_5_metrics.csv,3,2,resnet18,"(0.03, 0.1]",C3,F1 at 99% Specificity,0.7931034482758621
/scratchc/nrlab/wang04/ulyses_results_iteration/iteration_3_merge_below_3/cnn_model/cnn14/plasma_tp1_0.1x_model_C3/roc_curve_resnet18_tf_0.03_0.1/nested_cv_random/resnet18/repeat_10_fold_5_metrics.csv,3,2,resnet18,"(0.03, 0.1]",C3,Sensitivity at 98% Specificity,0.6571428571428571
/scratchc/nrlab/wang04/ulyses_results_iteration/iteration_3_merge_below_3/cnn_model/cnn14/plasma_tp1_0.1x_model_C3/roc_curve_resnet18_tf_0.03_0.1/nested_cv_random/resnet18/repeat_10_fold_5_metrics.csv,3,2,resnet18,"(0.03, 0.1]",C3,PPV at 98% Specificity,1
/scratchc/nrlab/wang04/ulyses_results_iteration/iteration_3_merge_below_3/cnn_model/cnn14/plasma_tp1_0.1x_model_C3/roc_curve_resnet18_tf_0.03_0.1/nested_cv_random/resnet18/repeat_10_fold_5_metrics.csv,3,2,resnet18,"(0.03, 0.1]",C3,Accuracy at 98% Specificity,0.8185714285714285
/scratchc/nrlab/wang04/ulyses_results_iteration/iteration_3_merge_below_3/cnn_model/cnn14/plasma_tp1_0.1x_model_C3/roc_curve_resnet18_tf_0.03_0.1/nested_cv_random/resnet18/repeat_10_fold_5_metrics.csv,3,2,resnet18,"(0.03, 0.1]",C3,F1 at 98% Specificity,0.7931034482758621
/scratchc/nrlab/wang04/ulyses_results_iteration/iteration_3_merge_below_3/cnn_model/cnn14/plasma_tp1_0.1x_model_C3/roc_curve_resnet18_tf_0.03_0.1/nested_cv_random/resnet18/repeat_10_fold_5_metrics.csv,3,2,resnet18,"(0.03, 0.1]",C3,Sensitivity at 95% Specificity,0.7142857142857143
/scratchc/nrlab/wang04/ulyses_results_iteration/iteration_3_merge_below_3/cnn_model/cnn14/plasma_tp1_0.1x_model_C3/roc_curve_resnet18_tf_0.03_0.1/nested_cv_random/resnet18/repeat_10_fold_5_metrics.csv,3,2,resnet18,"(0.03, 0.1]",C3,PPV at 95% Specificity,0.8928571428571429
/scratchc/nrlab/wang04/ulyses_results_iteration/iteration_3_merge_below_3/cnn_model/cnn14/plasma_tp1_0.1x_model_C3/roc_curve_resnet18_tf_0.03_0.1/nested_cv_random/resnet18/repeat_10_fold_5_metrics.csv,3,2,resnet18,"(0.03, 0.1]",C3,Accuracy at 95% Specificity,0.8105519480519481
/scratchc/nrlab/wang04/ulyses_results_iteration/iteration_3_merge_below_3/cnn_model/cnn14/plasma_tp1_0.1x_model_C3/roc_curve_resnet18_tf_0.03_0.1/nested_cv_random/resnet18/repeat_10_fold_5_metrics.csv,3,2,resnet18,"(0.03, 0.1]",C3,F1 at 95% Specificity,0.7936507936507936
/scratchc/nrlab/wang04/ulyses_results_iteration/iteration_3_merge_below_3/cnn_model/cnn14/plasma_tp1_0.1x_model_C3/roc_curve_resnet18_tf_0.03_0.1/nested_cv_random/resnet18/repeat_10_fold_5_metrics.csv,3,5,resnet18,"(0.03, 0.1]",C3,AUROC,0.9542735042735042
/scratchc/nrlab/wang04/ulyses_results_iteration/iteration_3_merge_below_3/cnn_model/cnn14/plasma_tp1_0.1x_model_C3/roc_curve_resnet18_tf_0.03_0.1/nested_cv_random/resnet18/repeat_10_fold_5_metrics.csv,3,5,resnet18,"(0.03, 0.1]",C3,AUPRC,0.942676309711422
/scratchc/nrlab/wang04/ulyses_results_iteration/iteration_3_merge_below_3/cnn_model/cnn14/plasma_tp1_0.1x_model_C3/roc_curve_resnet18_tf_0.03_0.1/nested_cv_random/resnet18/repeat_10_fold_5_metrics.csv,3,5,resnet18,"(0.03, 0.1]",C3,Sensitivity at 99% Specificity,0.6388888888888888
/scratchc/nrlab/wang04/ulyses_results_iteration/iteration_3_merge_below_3/cnn_model/cnn14/plasma_tp1_0.1x_model_C3/roc_curve_resnet18_tf_0.03_0.1/nested_cv_random/resnet18/repeat_10_fold_5_metrics.csv,3,5,resnet18,"(0.03, 0.1]",C3,PPV at 99% Specificity,1
/scratchc/nrlab/wang04/ulyses_results_iteration/iteration_3_merge_below_3/cnn_model/cnn14/plasma_tp1_0.1x_model_C3/roc_curve_resnet18_tf_0.03_0.1/nested_cv_random/resnet18/repeat_10_fold_5_metrics.csv,3,5,resnet18,"(0.03, 0.1]",C3,Accuracy at 99% Specificity,0.8144444444444444
/scratchc/nrlab/wang04/ulyses_results_iteration/iteration_3_merge_below_3/cnn_model/cnn14/plasma_tp1_0.1x_model_C3/roc_curve_resnet18_tf_0.03_0.1/nested_cv_random/resnet18/repeat_10_fold_5_metrics.csv,3,5,resnet18,"(0.03, 0.1]",C3,F1 at 99% Specificity,0.7796610169491526
/scratchc/nrlab/wang04/ulyses_results_iteration/iteration_3_merge_below_3/cnn_model/cnn14/plasma_tp1_0.1x_model_C3/roc_curve_resnet18_tf_0.03_0.1/nested_cv_random/resnet18/repeat_10_fold_5_metrics.csv,3,5,resnet18,"(0.03, 0.1]",C3,Sensitivity at 98% Specificity,0.6388888888888888
/scratchc/nrlab/wang04/ulyses_results_iteration/iteration_3_merge_below_3/cnn_model/cnn14/plasma_tp1_0.1x_model_C3/roc_curve_resnet18_tf_0.03_0.1/nested_cv_random/resnet18/repeat_10_fold_5_metrics.csv,3,5,resnet18,"(0.03, 0.1]",C3,PPV at 98% Specificity,1
/scratchc/nrlab/wang04/ulyses_results_iteration/iteration_3_merge_below_3/cnn_model/cnn14/plasma_tp1_0.1x_model_C3/roc_curve_resnet18_tf_0.03_0.1/nested_cv_random/resnet18/repeat_10_fold_5_metrics.csv,3,5,resnet18,"(0.03, 0.1]",C3,Accuracy at 98% Specificity,0.8094444444444444
/scratchc/nrlab/wang04/ulyses_results_iteration/iteration_3_merge_below_3/cnn_model/cnn14/plasma_tp1_0.1x_model_C3/roc_curve_resnet18_tf_0.03_0.1/nested_cv_random/resnet18/repeat_10_fold_5_metrics.csv,3,5,resnet18,"(0.03, 0.1]",C3,F1 at 98% Specificity,0.7796610169491526
/scratchc/nrlab/wang04/ulyses_results_iteration/iteration_3_merge_below_3/cnn_model/cnn14/plasma_tp1_0.1x_model_C3/roc_curve_resnet18_tf_0.03_0.1/nested_cv_random/resnet18/repeat_10_fold_5_metrics.csv,3,5,resnet18,"(0.03, 0.1]",C3,Sensitivity at 95% Specificity,0.7777777777777778
/scratchc/nrlab/wang04/ulyses_results_iteration/iteration_3_merge_below_3/cnn_model/cnn14/plasma_tp1_0.1x_model_C3/roc_curve_resnet18_tf_0.03_0.1/nested_cv_random/resnet18/repeat_10_fold_5_metrics.csv,3,5,resnet18,"(0.03, 0.1]",C3,PPV at 95% Specificity,0.9333333333333332
/scratchc/nrlab/wang04/ulyses_results_iteration/iteration_3_merge_below_3/cnn_model/cnn14/plasma_tp1_0.1x_model_C3/roc_curve_resnet18_tf_0.03_0.1/nested_cv_random/resnet18/repeat_10_fold_5_metrics.csv,3,5,resnet18,"(0.03, 0.1]",C3,Accuracy at 95% Specificity,0.8492735042735042
/scratchc/nrlab/wang04/ulyses_results_iteration/iteration_3_merge_below_3/cnn_model/cnn14/plasma_tp1_0.1x_model_C3/roc_curve_resnet18_tf_0.03_0.1/nested_cv_random/resnet18/repeat_10_fold_5_metrics.csv,3,5,resnet18,"(0.03, 0.1]",C3,F1 at 95% Specificity,0.8484848484848485
/scratchc/nrlab/wang04/ulyses_results_iteration/iteration_3_merge_below_3/cnn_model/cnn14/plasma_tp1_0.1x_model_C3/roc_curve_resnet18_tf_0.03_0.1/nested_cv_random/resnet18/repeat_10_fold_5_metrics.csv,4,1,resnet18,"(0.03, 0.1]",C3,AUROC,0.9618086040386304
/scratchc/nrlab/wang04/ulyses_results_iteration/iteration_3_merge_below_3/cnn_model/cnn14/plasma_tp1_0.1x_model_C3/roc_curve_resnet18_tf_0.03_0.1/nested_cv_random/resnet18/repeat_10_fold_5_metrics.csv,4,1,resnet18,"(0.03, 0.1]",C3,AUPRC,0.9404508538541346
/scratchc/nrlab/wang04/ulyses_results_iteration/iteration_3_merge_below_3/cnn_model/cnn14/plasma_tp1_0.1x_model_C3/roc_curve_resnet18_tf_0.03_0.1/nested_cv_random/resnet18/repeat_10_fold_5_metrics.csv,4,1,resnet18,"(0.03, 0.1]",C3,Sensitivity at 99% Specificity,0.6176470588235294
/scratchc/nrlab/wang04/ulyses_results_iteration/iteration_3_merge_below_3/cnn_model/cnn14/plasma_tp1_0.1x_model_C3/roc_curve_resnet18_tf_0.03_0.1/nested_cv_random/resnet18/repeat_10_fold_5_metrics.csv,4,1,resnet18,"(0.03, 0.1]",C3,PPV at 99% Specificity,1
/scratchc/nrlab/wang04/ulyses_results_iteration/iteration_3_merge_below_3/cnn_model/cnn14/plasma_tp1_0.1x_model_C3/roc_curve_resnet18_tf_0.03_0.1/nested_cv_random/resnet18/repeat_10_fold_5_metrics.csv,4,1,resnet18,"(0.03, 0.1]",C3,Accuracy at 99% Specificity,0.8038235294117647
/scratchc/nrlab/wang04/ulyses_results_iteration/iteration_3_merge_below_3/cnn_model/cnn14/plasma_tp1_0.1x_model_C3/roc_curve_resnet18_tf_0.03_0.1/nested_cv_random/resnet18/repeat_10_fold_5_metrics.csv,4,1,resnet18,"(0.03, 0.1]",C3,F1 at 99% Specificity,0.7636363636363637
/scratchc/nrlab/wang04/ulyses_results_iteration/iteration_3_merge_below_3/cnn_model/cnn14/plasma_tp1_0.1x_model_C3/roc_curve_resnet18_tf_0.03_0.1/nested_cv_random/resnet18/repeat_10_fold_5_metrics.csv,4,1,resnet18,"(0.03, 0.1]",C3,Sensitivity at 98% Specificity,0.6176470588235294
/scratchc/nrlab/wang04/ulyses_results_iteration/iteration_3_merge_below_3/cnn_model/cnn14/plasma_tp1_0.1x_model_C3/roc_curve_resnet18_tf_0.03_0.1/nested_cv_random/resnet18/repeat_10_fold_5_metrics.csv,4,1,resnet18,"(0.03, 0.1]",C3,PPV at 98% Specificity,1
/scratchc/nrlab/wang04/ulyses_results_iteration/iteration_3_merge_below_3/cnn_model/cnn14/plasma_tp1_0.1x_model_C3/roc_curve_resnet18_tf_0.03_0.1/nested_cv_random/resnet18/repeat_10_fold_5_metrics.csv,4,1,resnet18,"(0.03, 0.1]",C3,Accuracy at 98% Specificity,0.7988235294117647
/scratchc/nrlab/wang04/ulyses_results_iteration/iteration_3_merge_below_3/cnn_model/cnn14/plasma_tp1_0.1x_model_C3/roc_curve_resnet18_tf_0.03_0.1/nested_cv_random/resnet18/repeat_10_fold_5_metrics.csv,4,1,resnet18,"(0.03, 0.1]",C3,F1 at 98% Specificity,0.7636363636363637
/scratchc/nrlab/wang04/ulyses_results_iteration/iteration_3_merge_below_3/cnn_model/cnn14/plasma_tp1_0.1x_model_C3/roc_curve_resnet18_tf_0.03_0.1/nested_cv_random/resnet18/repeat_10_fold_5_metrics.csv,4,1,resnet18,"(0.03, 0.1]",C3,Sensitivity at 95% Specificity,0.7647058823529411
/scratchc/nrlab/wang04/ulyses_results_iteration/iteration_3_merge_below_3/cnn_model/cnn14/plasma_tp1_0.1x_model_C3/roc_curve_resnet18_tf_0.03_0.1/nested_cv_random/resnet18/repeat_10_fold_5_metrics.csv,4,1,resnet18,"(0.03, 0.1]",C3,PPV at 95% Specificity,0.896551724137931
/scratchc/nrlab/wang04/ulyses_results_iteration/iteration_3_merge_below_3/cnn_model/cnn14/plasma_tp1_0.1x_model_C3/roc_curve_resnet18_tf_0.03_0.1/nested_cv_random/resnet18/repeat_10_fold_5_metrics.csv,4,1,resnet18,"(0.03, 0.1]",C3,Accuracy at 95% Specificity,0.8360842844600527
/scratchc/nrlab/wang04/ulyses_results_iteration/iteration_3_merge_below_3/cnn_model/cnn14/plasma_tp1_0.1x_model_C3/roc_curve_resnet18_tf_0.03_0.1/nested_cv_random/resnet18/repeat_10_fold_5_metrics.csv,4,1,resnet18,"(0.03, 0.1]",C3,F1 at 95% Specificity,0.8253968253968254
/scratchc/nrlab/wang04/ulyses_results_iteration/iteration_3_merge_below_3/cnn_model/cnn14/plasma_tp1_0.1x_model_C3/roc_curve_resnet18_tf_0.03_0.1/nested_cv_random/resnet18/repeat_10_fold_5_metrics.csv,4,2,resnet18,"(0.03, 0.1]",C3,AUROC,0.9492723492723492
/scratchc/nrlab/wang04/ulyses_results_iteration/iteration_3_merge_below_3/cnn_model/cnn14/plasma_tp1_0.1x_model_C3/roc_curve_resnet18_tf_0.03_0.1/nested_cv_random/resnet18/repeat_10_fold_5_metrics.csv,4,2,resnet18,"(0.03, 0.1]",C3,AUPRC,0.934904367615127
/scratchc/nrlab/wang04/ulyses_results_iteration/iteration_3_merge_below_3/cnn_model/cnn14/plasma_tp1_0.1x_model_C3/roc_curve_resnet18_tf_0.03_0.1/nested_cv_random/resnet18/repeat_10_fold_5_metrics.csv,4,2,resnet18,"(0.03, 0.1]",C3,Sensitivity at 99% Specificity,0.7027027027027027
/scratchc/nrlab/wang04/ulyses_results_iteration/iteration_3_merge_below_3/cnn_model/cnn14/plasma_tp1_0.1x_model_C3/roc_curve_resnet18_tf_0.03_0.1/nested_cv_random/resnet18/repeat_10_fold_5_metrics.csv,4,2,resnet18,"(0.03, 0.1]",C3,PPV at 99% Specificity,1
/scratchc/nrlab/wang04/ulyses_results_iteration/iteration_3_merge_below_3/cnn_model/cnn14/plasma_tp1_0.1x_model_C3/roc_curve_resnet18_tf_0.03_0.1/nested_cv_random/resnet18/repeat_10_fold_5_metrics.csv,4,2,resnet18,"(0.03, 0.1]",C3,Accuracy at 99% Specificity,0.8463513513513514
/scratchc/nrlab/wang04/ulyses_results_iteration/iteration_3_merge_below_3/cnn_model/cnn14/plasma_tp1_0.1x_model_C3/roc_curve_resnet18_tf_0.03_0.1/nested_cv_random/resnet18/repeat_10_fold_5_metrics.csv,4,2,resnet18,"(0.03, 0.1]",C3,F1 at 99% Specificity,0.8253968253968254
/scratchc/nrlab/wang04/ulyses_results_iteration/iteration_3_merge_below_3/cnn_model/cnn14/plasma_tp1_0.1x_model_C3/roc_curve_resnet18_tf_0.03_0.1/nested_cv_random/resnet18/repeat_10_fold_5_metrics.csv,4,2,resnet18,"(0.03, 0.1]",C3,Sensitivity at 98% Specificity,0.7027027027027027
/scratchc/nrlab/wang04/ulyses_results_iteration/iteration_3_merge_below_3/cnn_model/cnn14/plasma_tp1_0.1x_model_C3/roc_curve_resnet18_tf_0.03_0.1/nested_cv_random/resnet18/repeat_10_fold_5_metrics.csv,4,2,resnet18,"(0.03, 0.1]",C3,PPV at 98% Specificity,1
/scratchc/nrlab/wang04/ulyses_results_iteration/iteration_3_merge_below_3/cnn_model/cnn14/plasma_tp1_0.1x_model_C3/roc_curve_resnet18_tf_0.03_0.1/nested_cv_random/resnet18/repeat_10_fold_5_metrics.csv,4,2,resnet18,"(0.03, 0.1]",C3,Accuracy at 98% Specificity,0.8413513513513513
/scratchc/nrlab/wang04/ulyses_results_iteration/iteration_3_merge_below_3/cnn_model/cnn14/plasma_tp1_0.1x_model_C3/roc_curve_resnet18_tf_0.03_0.1/nested_cv_random/resnet18/repeat_10_fold_5_metrics.csv,4,2,resnet18,"(0.03, 0.1]",C3,F1 at 98% Specificity,0.8253968253968254
/scratchc/nrlab/wang04/ulyses_results_iteration/iteration_3_merge_below_3/cnn_model/cnn14/plasma_tp1_0.1x_model_C3/roc_curve_resnet18_tf_0.03_0.1/nested_cv_random/resnet18/repeat_10_fold_5_metrics.csv,4,2,resnet18,"(0.03, 0.1]",C3,Sensitivity at 95% Specificity,0.7297297297297297
/scratchc/nrlab/wang04/ulyses_results_iteration/iteration_3_merge_below_3/cnn_model/cnn14/plasma_tp1_0.1x_model_C3/roc_curve_resnet18_tf_0.03_0.1/nested_cv_random/resnet18/repeat_10_fold_5_metrics.csv,4,2,resnet18,"(0.03, 0.1]",C3,PPV at 95% Specificity,0.9310344827586208
/scratchc/nrlab/wang04/ulyses_results_iteration/iteration_3_merge_below_3/cnn_model/cnn14/plasma_tp1_0.1x_model_C3/roc_curve_resnet18_tf_0.03_0.1/nested_cv_random/resnet18/repeat_10_fold_5_metrics.csv,4,2,resnet18,"(0.03, 0.1]",C3,Accuracy at 95% Specificity,0.8252494802494802
/scratchc/nrlab/wang04/ulyses_results_iteration/iteration_3_merge_below_3/cnn_model/cnn14/plasma_tp1_0.1x_model_C3/roc_curve_resnet18_tf_0.03_0.1/nested_cv_random/resnet18/repeat_10_fold_5_metrics.csv,4,2,resnet18,"(0.03, 0.1]",C3,F1 at 95% Specificity,0.8181818181818182
/scratchc/nrlab/wang04/ulyses_results_iteration/iteration_3_merge_below_3/cnn_model/cnn14/plasma_tp1_0.1x_model_C3/roc_curve_resnet18_tf_0.03_0.1/nested_cv_random/resnet18/repeat_10_fold_5_metrics.csv,4,3,resnet18,"(0.03, 0.1]",C3,AUROC,0.9867659222497932
/scratchc/nrlab/wang04/ulyses_results_iteration/iteration_3_merge_below_3/cnn_model/cnn14/plasma_tp1_0.1x_model_C3/roc_curve_resnet18_tf_0.03_0.1/nested_cv_random/resnet18/repeat_10_fold_5_metrics.csv,4,3,resnet18,"(0.03, 0.1]",C3,AUPRC,0.9805730258198094
/scratchc/nrlab/wang04/ulyses_results_iteration/iteration_3_merge_below_3/cnn_model/cnn14/plasma_tp1_0.1x_model_C3/roc_curve_resnet18_tf_0.03_0.1/nested_cv_random/resnet18/repeat_10_fold_5_metrics.csv,4,3,resnet18,"(0.03, 0.1]",C3,Sensitivity at 99% Specificity,0.7435897435897436
/scratchc/nrlab/wang04/ulyses_results_iteration/iteration_3_merge_below_3/cnn_model/cnn14/plasma_tp1_0.1x_model_C3/roc_curve_resnet18_tf_0.03_0.1/nested_cv_random/resnet18/repeat_10_fold_5_metrics.csv,4,3,resnet18,"(0.03, 0.1]",C3,PPV at 99% Specificity,1
/scratchc/nrlab/wang04/ulyses_results_iteration/iteration_3_merge_below_3/cnn_model/cnn14/plasma_tp1_0.1x_model_C3/roc_curve_resnet18_tf_0.03_0.1/nested_cv_random/resnet18/repeat_10_fold_5_metrics.csv,4,3,resnet18,"(0.03, 0.1]",C3,Accuracy at 99% Specificity,0.8667948717948718
/scratchc/nrlab/wang04/ulyses_results_iteration/iteration_3_merge_below_3/cnn_model/cnn14/plasma_tp1_0.1x_model_C3/roc_curve_resnet18_tf_0.03_0.1/nested_cv_random/resnet18/repeat_10_fold_5_metrics.csv,4,3,resnet18,"(0.03, 0.1]",C3,F1 at 99% Specificity,0.8529411764705882
/scratchc/nrlab/wang04/ulyses_results_iteration/iteration_3_merge_below_3/cnn_model/cnn14/plasma_tp1_0.1x_model_C3/roc_curve_resnet18_tf_0.03_0.1/nested_cv_random/resnet18/repeat_10_fold_5_metrics.csv,4,3,resnet18,"(0.03, 0.1]",C3,Sensitivity at 98% Specificity,0.7435897435897436
/scratchc/nrlab/wang04/ulyses_results_iteration/iteration_3_merge_below_3/cnn_model/cnn14/plasma_tp1_0.1x_model_C3/roc_curve_resnet18_tf_0.03_0.1/nested_cv_random/resnet18/repeat_10_fold_5_metrics.csv,4,3,resnet18,"(0.03, 0.1]",C3,PPV at 98% Specificity,1
/scratchc/nrlab/wang04/ulyses_results_iteration/iteration_3_merge_below_3/cnn_model/cnn14/plasma_tp1_0.1x_model_C3/roc_curve_resnet18_tf_0.03_0.1/nested_cv_random/resnet18/repeat_10_fold_5_metrics.csv,4,3,resnet18,"(0.03, 0.1]",C3,Accuracy at 98% Specificity,0.8617948717948718
/scratchc/nrlab/wang04/ulyses_results_iteration/iteration_3_merge_below_3/cnn_model/cnn14/plasma_tp1_0.1x_model_C3/roc_curve_resnet18_tf_0.03_0.1/nested_cv_random/resnet18/repeat_10_fold_5_metrics.csv,4,3,resnet18,"(0.03, 0.1]",C3,F1 at 98% Specificity,0.8529411764705882
/scratchc/nrlab/wang04/ulyses_results_iteration/iteration_3_merge_below_3/cnn_model/cnn14/plasma_tp1_0.1x_model_C3/roc_curve_resnet18_tf_0.03_0.1/nested_cv_random/resnet18/repeat_10_fold_5_metrics.csv,4,3,resnet18,"(0.03, 0.1]",C3,Sensitivity at 95% Specificity,0.8717948717948718
/scratchc/nrlab/wang04/ulyses_results_iteration/iteration_3_merge_below_3/cnn_model/cnn14/plasma_tp1_0.1x_model_C3/roc_curve_resnet18_tf_0.03_0.1/nested_cv_random/resnet18/repeat_10_fold_5_metrics.csv,4,3,resnet18,"(0.03, 0.1]",C3,PPV at 95% Specificity,0.9714285714285714
/scratchc/nrlab/wang04/ulyses_results_iteration/iteration_3_merge_below_3/cnn_model/cnn14/plasma_tp1_0.1x_model_C3/roc_curve_resnet18_tf_0.03_0.1/nested_cv_random/resnet18/repeat_10_fold_5_metrics.csv,4,3,resnet18,"(0.03, 0.1]",C3,Accuracy at 95% Specificity,0.9032361455748552
/scratchc/nrlab/wang04/ulyses_results_iteration/iteration_3_merge_below_3/cnn_model/cnn14/plasma_tp1_0.1x_model_C3/roc_curve_resnet18_tf_0.03_0.1/nested_cv_random/resnet18/repeat_10_fold_5_metrics.csv,4,3,resnet18,"(0.03, 0.1]",C3,F1 at 95% Specificity,0.918918918918919
/scratchc/nrlab/wang04/ulyses_results_iteration/iteration_3_merge_below_3/cnn_model/cnn14/plasma_tp1_0.1x_model_C3/roc_curve_resnet18_tf_0.03_0.1/nested_cv_random/resnet18/repeat_10_fold_5_metrics.csv,4,4,resnet18,"(0.03, 0.1]",C3,AUROC,0.9582967515364356
/scratchc/nrlab/wang04/ulyses_results_iteration/iteration_3_merge_below_3/cnn_model/cnn14/plasma_tp1_0.1x_model_C3/roc_curve_resnet18_tf_0.03_0.1/nested_cv_random/resnet18/repeat_10_fold_5_metrics.csv,4,4,resnet18,"(0.03, 0.1]",C3,AUPRC,0.9347389669043716
/scratchc/nrlab/wang04/ulyses_results_iteration/iteration_3_merge_below_3/cnn_model/cnn14/plasma_tp1_0.1x_model_C3/roc_curve_resnet18_tf_0.03_0.1/nested_cv_random/resnet18/repeat_10_fold_5_metrics.csv,4,4,resnet18,"(0.03, 0.1]",C3,Sensitivity at 99% Specificity,0.6470588235294118
/scratchc/nrlab/wang04/ulyses_results_iteration/iteration_3_merge_below_3/cnn_model/cnn14/plasma_tp1_0.1x_model_C3/roc_curve_resnet18_tf_0.03_0.1/nested_cv_random/resnet18/repeat_10_fold_5_metrics.csv,4,4,resnet18,"(0.03, 0.1]",C3,PPV at 99% Specificity,1
/scratchc/nrlab/wang04/ulyses_results_iteration/iteration_3_merge_below_3/cnn_model/cnn14/plasma_tp1_0.1x_model_C3/roc_curve_resnet18_tf_0.03_0.1/nested_cv_random/resnet18/repeat_10_fold_5_metrics.csv,4,4,resnet18,"(0.03, 0.1]",C3,Accuracy at 99% Specificity,0.818529411764706
/scratchc/nrlab/wang04/ulyses_results_iteration/iteration_3_merge_below_3/cnn_model/cnn14/plasma_tp1_0.1x_model_C3/roc_curve_resnet18_tf_0.03_0.1/nested_cv_random/resnet18/repeat_10_fold_5_metrics.csv,4,4,resnet18,"(0.03, 0.1]",C3,F1 at 99% Specificity,0.7857142857142857
/scratchc/nrlab/wang04/ulyses_results_iteration/iteration_3_merge_below_3/cnn_model/cnn14/plasma_tp1_0.1x_model_C3/roc_curve_resnet18_tf_0.03_0.1/nested_cv_random/resnet18/repeat_10_fold_5_metrics.csv,4,4,resnet18,"(0.03, 0.1]",C3,Sensitivity at 98% Specificity,0.6470588235294118
/scratchc/nrlab/wang04/ulyses_results_iteration/iteration_3_merge_below_3/cnn_model/cnn14/plasma_tp1_0.1x_model_C3/roc_curve_resnet18_tf_0.03_0.1/nested_cv_random/resnet18/repeat_10_fold_5_metrics.csv,4,4,resnet18,"(0.03, 0.1]",C3,PPV at 98% Specificity,1
/scratchc/nrlab/wang04/ulyses_results_iteration/iteration_3_merge_below_3/cnn_model/cnn14/plasma_tp1_0.1x_model_C3/roc_curve_resnet18_tf_0.03_0.1/nested_cv_random/resnet18/repeat_10_fold_5_metrics.csv,4,4,resnet18,"(0.03, 0.1]",C3,Accuracy at 98% Specificity,0.8135294117647058
/scratchc/nrlab/wang04/ulyses_results_iteration/iteration_3_merge_below_3/cnn_model/cnn14/plasma_tp1_0.1x_model_C3/roc_curve_resnet18_tf_0.03_0.1/nested_cv_random/resnet18/repeat_10_fold_5_metrics.csv,4,4,resnet18,"(0.03, 0.1]",C3,F1 at 98% Specificity,0.7857142857142857
/scratchc/nrlab/wang04/ulyses_results_iteration/iteration_3_merge_below_3/cnn_model/cnn14/plasma_tp1_0.1x_model_C3/roc_curve_resnet18_tf_0.03_0.1/nested_cv_random/resnet18/repeat_10_fold_5_metrics.csv,4,4,resnet18,"(0.03, 0.1]",C3,Sensitivity at 95% Specificity,0.7352941176470589
/scratchc/nrlab/wang04/ulyses_results_iteration/iteration_3_merge_below_3/cnn_model/cnn14/plasma_tp1_0.1x_model_C3/roc_curve_resnet18_tf_0.03_0.1/nested_cv_random/resnet18/repeat_10_fold_5_metrics.csv,4,4,resnet18,"(0.03, 0.1]",C3,PPV at 95% Specificity,0.925925925925926
/scratchc/nrlab/wang04/ulyses_results_iteration/iteration_3_merge_below_3/cnn_model/cnn14/plasma_tp1_0.1x_model_C3/roc_curve_resnet18_tf_0.03_0.1/nested_cv_random/resnet18/repeat_10_fold_5_metrics.csv,4,4,resnet18,"(0.03, 0.1]",C3,Accuracy at 95% Specificity,0.8284679543459175
/scratchc/nrlab/wang04/ulyses_results_iteration/iteration_3_merge_below_3/cnn_model/cnn14/plasma_tp1_0.1x_model_C3/roc_curve_resnet18_tf_0.03_0.1/nested_cv_random/resnet18/repeat_10_fold_5_metrics.csv,4,4,resnet18,"(0.03, 0.1]",C3,F1 at 95% Specificity,0.819672131147541
/scratchc/nrlab/wang04/ulyses_results_iteration/iteration_3_merge_below_3/cnn_model/cnn14/plasma_tp1_0.1x_model_C3/roc_curve_resnet18_tf_0.03_0.1/nested_cv_random/resnet18/repeat_10_fold_5_metrics.csv,4,5,resnet18,"(0.03, 0.1]",C3,AUROC,0.9041385135135136
/scratchc/nrlab/wang04/ulyses_results_iteration/iteration_3_merge_below_3/cnn_model/cnn14/plasma_tp1_0.1x_model_C3/roc_curve_resnet18_tf_0.03_0.1/nested_cv_random/resnet18/repeat_10_fold_5_metrics.csv,4,5,resnet18,"(0.03, 0.1]",C3,AUPRC,0.9065641704498676
/scratchc/nrlab/wang04/ulyses_results_iteration/iteration_3_merge_below_3/cnn_model/cnn14/plasma_tp1_0.1x_model_C3/roc_curve_resnet18_tf_0.03_0.1/nested_cv_random/resnet18/repeat_10_fold_5_metrics.csv,4,5,resnet18,"(0.03, 0.1]",C3,Sensitivity at 99% Specificity,0.7297297297297297
/scratchc/nrlab/wang04/ulyses_results_iteration/iteration_3_merge_below_3/cnn_model/cnn14/plasma_tp1_0.1x_model_C3/roc_curve_resnet18_tf_0.03_0.1/nested_cv_random/resnet18/repeat_10_fold_5_metrics.csv,4,5,resnet18,"(0.03, 0.1]",C3,PPV at 99% Specificity,1
/scratchc/nrlab/wang04/ulyses_results_iteration/iteration_3_merge_below_3/cnn_model/cnn14/plasma_tp1_0.1x_model_C3/roc_curve_resnet18_tf_0.03_0.1/nested_cv_random/resnet18/repeat_10_fold_5_metrics.csv,4,5,resnet18,"(0.03, 0.1]",C3,Accuracy at 99% Specificity,0.8598648648648648
/scratchc/nrlab/wang04/ulyses_results_iteration/iteration_3_merge_below_3/cnn_model/cnn14/plasma_tp1_0.1x_model_C3/roc_curve_resnet18_tf_0.03_0.1/nested_cv_random/resnet18/repeat_10_fold_5_metrics.csv,4,5,resnet18,"(0.03, 0.1]",C3,F1 at 99% Specificity,0.84375
/scratchc/nrlab/wang04/ulyses_results_iteration/iteration_3_merge_below_3/cnn_model/cnn14/plasma_tp1_0.1x_model_C3/roc_curve_resnet18_tf_0.03_0.1/nested_cv_random/resnet18/repeat_10_fold_5_metrics.csv,4,5,resnet18,"(0.03, 0.1]",C3,Sensitivity at 98% Specificity,0.7297297297297297
/scratchc/nrlab/wang04/ulyses_results_iteration/iteration_3_merge_below_3/cnn_model/cnn14/plasma_tp1_0.1x_model_C3/roc_curve_resnet18_tf_0.03_0.1/nested_cv_random/resnet18/repeat_10_fold_5_metrics.csv,4,5,resnet18,"(0.03, 0.1]",C3,PPV at 98% Specificity,1
/scratchc/nrlab/wang04/ulyses_results_iteration/iteration_3_merge_below_3/cnn_model/cnn14/plasma_tp1_0.1x_model_C3/roc_curve_resnet18_tf_0.03_0.1/nested_cv_random/resnet18/repeat_10_fold_5_metrics.csv,4,5,resnet18,"(0.03, 0.1]",C3,Accuracy at 98% Specificity,0.8548648648648649
/scratchc/nrlab/wang04/ulyses_results_iteration/iteration_3_merge_below_3/cnn_model/cnn14/plasma_tp1_0.1x_model_C3/roc_curve_resnet18_tf_0.03_0.1/nested_cv_random/resnet18/repeat_10_fold_5_metrics.csv,4,5,resnet18,"(0.03, 0.1]",C3,F1 at 98% Specificity,0.84375
/scratchc/nrlab/wang04/ulyses_results_iteration/iteration_3_merge_below_3/cnn_model/cnn14/plasma_tp1_0.1x_model_C3/roc_curve_resnet18_tf_0.03_0.1/nested_cv_random/resnet18/repeat_10_fold_5_metrics.csv,4,5,resnet18,"(0.03, 0.1]",C3,Sensitivity at 95% Specificity,0.7567567567567568
/scratchc/nrlab/wang04/ulyses_results_iteration/iteration_3_merge_below_3/cnn_model/cnn14/plasma_tp1_0.1x_model_C3/roc_curve_resnet18_tf_0.03_0.1/nested_cv_random/resnet18/repeat_10_fold_5_metrics.csv,4,5,resnet18,"(0.03, 0.1]",C3,PPV at 95% Specificity,0.9032258064516128
/scratchc/nrlab/wang04/ulyses_results_iteration/iteration_3_merge_below_3/cnn_model/cnn14/plasma_tp1_0.1x_model_C3/roc_curve_resnet18_tf_0.03_0.1/nested_cv_random/resnet18/repeat_10_fold_5_metrics.csv,4,5,resnet18,"(0.03, 0.1]",C3,Accuracy at 95% Specificity,0.8311127533783784
/scratchc/nrlab/wang04/ulyses_results_iteration/iteration_3_merge_below_3/cnn_model/cnn14/plasma_tp1_0.1x_model_C3/roc_curve_resnet18_tf_0.03_0.1/nested_cv_random/resnet18/repeat_10_fold_5_metrics.csv,4,5,resnet18,"(0.03, 0.1]",C3,F1 at 95% Specificity,0.8235294117647058
/scratchc/nrlab/wang04/ulyses_results_iteration/iteration_3_merge_below_3/cnn_model/cnn14/plasma_tp1_0.1x_model_C3/roc_curve_resnet18_tf_0.03_0.1/nested_cv_random/resnet18/repeat_10_fold_5_metrics.csv,5,1,resnet18,"(0.03, 0.1]",C3,AUROC,0.9555093555093556
/scratchc/nrlab/wang04/ulyses_results_iteration/iteration_3_merge_below_3/cnn_model/cnn14/plasma_tp1_0.1x_model_C3/roc_curve_resnet18_tf_0.03_0.1/nested_cv_random/resnet18/repeat_10_fold_5_metrics.csv,5,1,resnet18,"(0.03, 0.1]",C3,AUPRC,0.9446743548976066
/scratchc/nrlab/wang04/ulyses_results_iteration/iteration_3_merge_below_3/cnn_model/cnn14/plasma_tp1_0.1x_model_C3/roc_curve_resnet18_tf_0.03_0.1/nested_cv_random/resnet18/repeat_10_fold_5_metrics.csv,5,1,resnet18,"(0.03, 0.1]",C3,Sensitivity at 99% Specificity,0.7027027027027027
/scratchc/nrlab/wang04/ulyses_results_iteration/iteration_3_merge_below_3/cnn_model/cnn14/plasma_tp1_0.1x_model_C3/roc_curve_resnet18_tf_0.03_0.1/nested_cv_random/resnet18/repeat_10_fold_5_metrics.csv,5,1,resnet18,"(0.03, 0.1]",C3,PPV at 99% Specificity,1
/scratchc/nrlab/wang04/ulyses_results_iteration/iteration_3_merge_below_3/cnn_model/cnn14/plasma_tp1_0.1x_model_C3/roc_curve_resnet18_tf_0.03_0.1/nested_cv_random/resnet18/repeat_10_fold_5_metrics.csv,5,1,resnet18,"(0.03, 0.1]",C3,Accuracy at 99% Specificity,0.8463513513513514
/scratchc/nrlab/wang04/ulyses_results_iteration/iteration_3_merge_below_3/cnn_model/cnn14/plasma_tp1_0.1x_model_C3/roc_curve_resnet18_tf_0.03_0.1/nested_cv_random/resnet18/repeat_10_fold_5_metrics.csv,5,1,resnet18,"(0.03, 0.1]",C3,F1 at 99% Specificity,0.8253968253968254
/scratchc/nrlab/wang04/ulyses_results_iteration/iteration_3_merge_below_3/cnn_model/cnn14/plasma_tp1_0.1x_model_C3/roc_curve_resnet18_tf_0.03_0.1/nested_cv_random/resnet18/repeat_10_fold_5_metrics.csv,5,1,resnet18,"(0.03, 0.1]",C3,Sensitivity at 98% Specificity,0.7027027027027027
/scratchc/nrlab/wang04/ulyses_results_iteration/iteration_3_merge_below_3/cnn_model/cnn14/plasma_tp1_0.1x_model_C3/roc_curve_resnet18_tf_0.03_0.1/nested_cv_random/resnet18/repeat_10_fold_5_metrics.csv,5,1,resnet18,"(0.03, 0.1]",C3,PPV at 98% Specificity,1
/scratchc/nrlab/wang04/ulyses_results_iteration/iteration_3_merge_below_3/cnn_model/cnn14/plasma_tp1_0.1x_model_C3/roc_curve_resnet18_tf_0.03_0.1/nested_cv_random/resnet18/repeat_10_fold_5_metrics.csv,5,1,resnet18,"(0.03, 0.1]",C3,Accuracy at 98% Specificity,0.8413513513513513
/scratchc/nrlab/wang04/ulyses_results_iteration/iteration_3_merge_below_3/cnn_model/cnn14/plasma_tp1_0.1x_model_C3/roc_curve_resnet18_tf_0.03_0.1/nested_cv_random/resnet18/repeat_10_fold_5_metrics.csv,5,1,resnet18,"(0.03, 0.1]",C3,F1 at 98% Specificity,0.8253968253968254
/scratchc/nrlab/wang04/ulyses_results_iteration/iteration_3_merge_below_3/cnn_model/cnn14/plasma_tp1_0.1x_model_C3/roc_curve_resnet18_tf_0.03_0.1/nested_cv_random/resnet18/repeat_10_fold_5_metrics.csv,5,1,resnet18,"(0.03, 0.1]",C3,Sensitivity at 95% Specificity,0.7837837837837838
/scratchc/nrlab/wang04/ulyses_results_iteration/iteration_3_merge_below_3/cnn_model/cnn14/plasma_tp1_0.1x_model_C3/roc_curve_resnet18_tf_0.03_0.1/nested_cv_random/resnet18/repeat_10_fold_5_metrics.csv,5,1,resnet18,"(0.03, 0.1]",C3,PPV at 95% Specificity,0.9666666666666668
/scratchc/nrlab/wang04/ulyses_results_iteration/iteration_3_merge_below_3/cnn_model/cnn14/plasma_tp1_0.1x_model_C3/roc_curve_resnet18_tf_0.03_0.1/nested_cv_random/resnet18/repeat_10_fold_5_metrics.csv,5,1,resnet18,"(0.03, 0.1]",C3,Accuracy at 95% Specificity,0.8595841995841995
/scratchc/nrlab/wang04/ulyses_results_iteration/iteration_3_merge_below_3/cnn_model/cnn14/plasma_tp1_0.1x_model_C3/roc_curve_resnet18_tf_0.03_0.1/nested_cv_random/resnet18/repeat_10_fold_5_metrics.csv,5,1,resnet18,"(0.03, 0.1]",C3,F1 at 95% Specificity,0.8656716417910447
/scratchc/nrlab/wang04/ulyses_results_iteration/iteration_3_merge_below_3/cnn_model/cnn14/plasma_tp1_0.1x_model_C3/roc_curve_resnet18_tf_0.03_0.1/nested_cv_random/resnet18/repeat_10_fold_5_metrics.csv,5,2,resnet18,"(0.03, 0.1]",C3,AUROC,0.938961038961039
/scratchc/nrlab/wang04/ulyses_results_iteration/iteration_3_merge_below_3/cnn_model/cnn14/plasma_tp1_0.1x_model_C3/roc_curve_resnet18_tf_0.03_0.1/nested_cv_random/resnet18/repeat_10_fold_5_metrics.csv,5,2,resnet18,"(0.03, 0.1]",C3,AUPRC,0.9102875029734502
/scratchc/nrlab/wang04/ulyses_results_iteration/iteration_3_merge_below_3/cnn_model/cnn14/plasma_tp1_0.1x_model_C3/roc_curve_resnet18_tf_0.03_0.1/nested_cv_random/resnet18/repeat_10_fold_5_metrics.csv,5,2,resnet18,"(0.03, 0.1]",C3,Sensitivity at 99% Specificity,0.5142857142857142
/scratchc/nrlab/wang04/ulyses_results_iteration/iteration_3_merge_below_3/cnn_model/cnn14/plasma_tp1_0.1x_model_C3/roc_curve_resnet18_tf_0.03_0.1/nested_cv_random/resnet18/repeat_10_fold_5_metrics.csv,5,2,resnet18,"(0.03, 0.1]",C3,PPV at 99% Specificity,1
/scratchc/nrlab/wang04/ulyses_results_iteration/iteration_3_merge_below_3/cnn_model/cnn14/plasma_tp1_0.1x_model_C3/roc_curve_resnet18_tf_0.03_0.1/nested_cv_random/resnet18/repeat_10_fold_5_metrics.csv,5,2,resnet18,"(0.03, 0.1]",C3,Accuracy at 99% Specificity,0.7521428571428571
/scratchc/nrlab/wang04/ulyses_results_iteration/iteration_3_merge_below_3/cnn_model/cnn14/plasma_tp1_0.1x_model_C3/roc_curve_resnet18_tf_0.03_0.1/nested_cv_random/resnet18/repeat_10_fold_5_metrics.csv,5,2,resnet18,"(0.03, 0.1]",C3,F1 at 99% Specificity,0.6792452830188679
/scratchc/nrlab/wang04/ulyses_results_iteration/iteration_3_merge_below_3/cnn_model/cnn14/plasma_tp1_0.1x_model_C3/roc_curve_resnet18_tf_0.03_0.1/nested_cv_random/resnet18/repeat_10_fold_5_metrics.csv,5,2,resnet18,"(0.03, 0.1]",C3,Sensitivity at 98% Specificity,0.5142857142857142
/scratchc/nrlab/wang04/ulyses_results_iteration/iteration_3_merge_below_3/cnn_model/cnn14/plasma_tp1_0.1x_model_C3/roc_curve_resnet18_tf_0.03_0.1/nested_cv_random/resnet18/repeat_10_fold_5_metrics.csv,5,2,resnet18,"(0.03, 0.1]",C3,PPV at 98% Specificity,1
/scratchc/nrlab/wang04/ulyses_results_iteration/iteration_3_merge_below_3/cnn_model/cnn14/plasma_tp1_0.1x_model_C3/roc_curve_resnet18_tf_0.03_0.1/nested_cv_random/resnet18/repeat_10_fold_5_metrics.csv,5,2,resnet18,"(0.03, 0.1]",C3,Accuracy at 98% Specificity,0.7471428571428571
/scratchc/nrlab/wang04/ulyses_results_iteration/iteration_3_merge_below_3/cnn_model/cnn14/plasma_tp1_0.1x_model_C3/roc_curve_resnet18_tf_0.03_0.1/nested_cv_random/resnet18/repeat_10_fold_5_metrics.csv,5,2,resnet18,"(0.03, 0.1]",C3,F1 at 98% Specificity,0.6792452830188679
/scratchc/nrlab/wang04/ulyses_results_iteration/iteration_3_merge_below_3/cnn_model/cnn14/plasma_tp1_0.1x_model_C3/roc_curve_resnet18_tf_0.03_0.1/nested_cv_random/resnet18/repeat_10_fold_5_metrics.csv,5,2,resnet18,"(0.03, 0.1]",C3,Sensitivity at 95% Specificity,0.6285714285714286
/scratchc/nrlab/wang04/ulyses_results_iteration/iteration_3_merge_below_3/cnn_model/cnn14/plasma_tp1_0.1x_model_C3/roc_curve_resnet18_tf_0.03_0.1/nested_cv_random/resnet18/repeat_10_fold_5_metrics.csv,5,2,resnet18,"(0.03, 0.1]",C3,PPV at 95% Specificity,0.9166666666666666
/scratchc/nrlab/wang04/ulyses_results_iteration/iteration_3_merge_below_3/cnn_model/cnn14/plasma_tp1_0.1x_model_C3/roc_curve_resnet18_tf_0.03_0.1/nested_cv_random/resnet18/repeat_10_fold_5_metrics.csv,5,2,resnet18,"(0.03, 0.1]",C3,Accuracy at 95% Specificity,0.7748917748917749
/scratchc/nrlab/wang04/ulyses_results_iteration/iteration_3_merge_below_3/cnn_model/cnn14/plasma_tp1_0.1x_model_C3/roc_curve_resnet18_tf_0.03_0.1/nested_cv_random/resnet18/repeat_10_fold_5_metrics.csv,5,2,resnet18,"(0.03, 0.1]",C3,F1 at 95% Specificity,0.7457627118644068
/scratchc/nrlab/wang04/ulyses_results_iteration/iteration_3_merge_below_3/cnn_model/cnn14/plasma_tp1_0.1x_model_C3/roc_curve_resnet18_tf_0.03_0.1/nested_cv_random/resnet18/repeat_10_fold_5_metrics.csv,5,3,resnet18,"(0.03, 0.1]",C3,AUROC,0.9237967914438502
/scratchc/nrlab/wang04/ulyses_results_iteration/iteration_3_merge_below_3/cnn_model/cnn14/plasma_tp1_0.1x_model_C3/roc_curve_resnet18_tf_0.03_0.1/nested_cv_random/resnet18/repeat_10_fold_5_metrics.csv,5,3,resnet18,"(0.03, 0.1]",C3,AUPRC,0.9066912107109508
/scratchc/nrlab/wang04/ulyses_results_iteration/iteration_3_merge_below_3/cnn_model/cnn14/plasma_tp1_0.1x_model_C3/roc_curve_resnet18_tf_0.03_0.1/nested_cv_random/resnet18/repeat_10_fold_5_metrics.csv,5,3,resnet18,"(0.03, 0.1]",C3,Sensitivity at 99% Specificity,0.6060606060606061
/scratchc/nrlab/wang04/ulyses_results_iteration/iteration_3_merge_below_3/cnn_model/cnn14/plasma_tp1_0.1x_model_C3/roc_curve_resnet18_tf_0.03_0.1/nested_cv_random/resnet18/repeat_10_fold_5_metrics.csv,5,3,resnet18,"(0.03, 0.1]",C3,PPV at 99% Specificity,1
/scratchc/nrlab/wang04/ulyses_results_iteration/iteration_3_merge_below_3/cnn_model/cnn14/plasma_tp1_0.1x_model_C3/roc_curve_resnet18_tf_0.03_0.1/nested_cv_random/resnet18/repeat_10_fold_5_metrics.csv,5,3,resnet18,"(0.03, 0.1]",C3,Accuracy at 99% Specificity,0.7980303030303031
/scratchc/nrlab/wang04/ulyses_results_iteration/iteration_3_merge_below_3/cnn_model/cnn14/plasma_tp1_0.1x_model_C3/roc_curve_resnet18_tf_0.03_0.1/nested_cv_random/resnet18/repeat_10_fold_5_metrics.csv,5,3,resnet18,"(0.03, 0.1]",C3,F1 at 99% Specificity,0.7547169811320755
/scratchc/nrlab/wang04/ulyses_results_iteration/iteration_3_merge_below_3/cnn_model/cnn14/plasma_tp1_0.1x_model_C3/roc_curve_resnet18_tf_0.03_0.1/nested_cv_random/resnet18/repeat_10_fold_5_metrics.csv,5,3,resnet18,"(0.03, 0.1]",C3,Sensitivity at 98% Specificity,0.6060606060606061
/scratchc/nrlab/wang04/ulyses_results_iteration/iteration_3_merge_below_3/cnn_model/cnn14/plasma_tp1_0.1x_model_C3/roc_curve_resnet18_tf_0.03_0.1/nested_cv_random/resnet18/repeat_10_fold_5_metrics.csv,5,3,resnet18,"(0.03, 0.1]",C3,PPV at 98% Specificity,1
/scratchc/nrlab/wang04/ulyses_results_iteration/iteration_3_merge_below_3/cnn_model/cnn14/plasma_tp1_0.1x_model_C3/roc_curve_resnet18_tf_0.03_0.1/nested_cv_random/resnet18/repeat_10_fold_5_metrics.csv,5,3,resnet18,"(0.03, 0.1]",C3,Accuracy at 98% Specificity,0.793030303030303
/scratchc/nrlab/wang04/ulyses_results_iteration/iteration_3_merge_below_3/cnn_model/cnn14/plasma_tp1_0.1x_model_C3/roc_curve_resnet18_tf_0.03_0.1/nested_cv_random/resnet18/repeat_10_fold_5_metrics.csv,5,3,resnet18,"(0.03, 0.1]",C3,F1 at 98% Specificity,0.7547169811320755
/scratchc/nrlab/wang04/ulyses_results_iteration/iteration_3_merge_below_3/cnn_model/cnn14/plasma_tp1_0.1x_model_C3/roc_curve_resnet18_tf_0.03_0.1/nested_cv_random/resnet18/repeat_10_fold_5_metrics.csv,5,3,resnet18,"(0.03, 0.1]",C3,Sensitivity at 95% Specificity,0.7272727272727273
/scratchc/nrlab/wang04/ulyses_results_iteration/iteration_3_merge_below_3/cnn_model/cnn14/plasma_tp1_0.1x_model_C3/roc_curve_resnet18_tf_0.03_0.1/nested_cv_random/resnet18/repeat_10_fold_5_metrics.csv,5,3,resnet18,"(0.03, 0.1]",C3,PPV at 95% Specificity,0.8571428571428571
/scratchc/nrlab/wang04/ulyses_results_iteration/iteration_3_merge_below_3/cnn_model/cnn14/plasma_tp1_0.1x_model_C3/roc_curve_resnet18_tf_0.03_0.1/nested_cv_random/resnet18/repeat_10_fold_5_metrics.csv,5,3,resnet18,"(0.03, 0.1]",C3,Accuracy at 95% Specificity,0.8106951871657754
/scratchc/nrlab/wang04/ulyses_results_iteration/iteration_3_merge_below_3/cnn_model/cnn14/plasma_tp1_0.1x_model_C3/roc_curve_resnet18_tf_0.03_0.1/nested_cv_random/resnet18/repeat_10_fold_5_metrics.csv,5,3,resnet18,"(0.03, 0.1]",C3,F1 at 95% Specificity,0.7868852459016393
/scratchc/nrlab/wang04/ulyses_results_iteration/iteration_3_merge_below_3/cnn_model/cnn14/plasma_tp1_0.1x_model_C3/roc_curve_resnet18_tf_0.03_0.1/nested_cv_random/resnet18/repeat_10_fold_5_metrics.csv,5,4,resnet18,"(0.03, 0.1]",C3,AUROC,0.9644945697577276
/scratchc/nrlab/wang04/ulyses_results_iteration/iteration_3_merge_below_3/cnn_model/cnn14/plasma_tp1_0.1x_model_C3/roc_curve_resnet18_tf_0.03_0.1/nested_cv_random/resnet18/repeat_10_fold_5_metrics.csv,5,4,resnet18,"(0.03, 0.1]",C3,AUPRC,0.9600428824342064
/scratchc/nrlab/wang04/ulyses_results_iteration/iteration_3_merge_below_3/cnn_model/cnn14/plasma_tp1_0.1x_model_C3/roc_curve_resnet18_tf_0.03_0.1/nested_cv_random/resnet18/repeat_10_fold_5_metrics.csv,5,4,resnet18,"(0.03, 0.1]",C3,Sensitivity at 99% Specificity,0.7631578947368421
/scratchc/nrlab/wang04/ulyses_results_iteration/iteration_3_merge_below_3/cnn_model/cnn14/plasma_tp1_0.1x_model_C3/roc_curve_resnet18_tf_0.03_0.1/nested_cv_random/resnet18/repeat_10_fold_5_metrics.csv,5,4,resnet18,"(0.03, 0.1]",C3,PPV at 99% Specificity,1
/scratchc/nrlab/wang04/ulyses_results_iteration/iteration_3_merge_below_3/cnn_model/cnn14/plasma_tp1_0.1x_model_C3/roc_curve_resnet18_tf_0.03_0.1/nested_cv_random/resnet18/repeat_10_fold_5_metrics.csv,5,4,resnet18,"(0.03, 0.1]",C3,Accuracy at 99% Specificity,0.8765789473684211
/scratchc/nrlab/wang04/ulyses_results_iteration/iteration_3_merge_below_3/cnn_model/cnn14/plasma_tp1_0.1x_model_C3/roc_curve_resnet18_tf_0.03_0.1/nested_cv_random/resnet18/repeat_10_fold_5_metrics.csv,5,4,resnet18,"(0.03, 0.1]",C3,F1 at 99% Specificity,0.8656716417910447
/scratchc/nrlab/wang04/ulyses_results_iteration/iteration_3_merge_below_3/cnn_model/cnn14/plasma_tp1_0.1x_model_C3/roc_curve_resnet18_tf_0.03_0.1/nested_cv_random/resnet18/repeat_10_fold_5_metrics.csv,5,4,resnet18,"(0.03, 0.1]",C3,Sensitivity at 98% Specificity,0.7631578947368421
/scratchc/nrlab/wang04/ulyses_results_iteration/iteration_3_merge_below_3/cnn_model/cnn14/plasma_tp1_0.1x_model_C3/roc_curve_resnet18_tf_0.03_0.1/nested_cv_random/resnet18/repeat_10_fold_5_metrics.csv,5,4,resnet18,"(0.03, 0.1]",C3,PPV at 98% Specificity,1
/scratchc/nrlab/wang04/ulyses_results_iteration/iteration_3_merge_below_3/cnn_model/cnn14/plasma_tp1_0.1x_model_C3/roc_curve_resnet18_tf_0.03_0.1/nested_cv_random/resnet18/repeat_10_fold_5_metrics.csv,5,4,resnet18,"(0.03, 0.1]",C3,Accuracy at 98% Specificity,0.871578947368421
/scratchc/nrlab/wang04/ulyses_results_iteration/iteration_3_merge_below_3/cnn_model/cnn14/plasma_tp1_0.1x_model_C3/roc_curve_resnet18_tf_0.03_0.1/nested_cv_random/resnet18/repeat_10_fold_5_metrics.csv,5,4,resnet18,"(0.03, 0.1]",C3,F1 at 98% Specificity,0.8656716417910447
/scratchc/nrlab/wang04/ulyses_results_iteration/iteration_3_merge_below_3/cnn_model/cnn14/plasma_tp1_0.1x_model_C3/roc_curve_resnet18_tf_0.03_0.1/nested_cv_random/resnet18/repeat_10_fold_5_metrics.csv,5,4,resnet18,"(0.03, 0.1]",C3,Sensitivity at 95% Specificity,0.868421052631579
/scratchc/nrlab/wang04/ulyses_results_iteration/iteration_3_merge_below_3/cnn_model/cnn14/plasma_tp1_0.1x_model_C3/roc_curve_resnet18_tf_0.03_0.1/nested_cv_random/resnet18/repeat_10_fold_5_metrics.csv,5,4,resnet18,"(0.03, 0.1]",C3,PPV at 95% Specificity,0.9428571428571428
/scratchc/nrlab/wang04/ulyses_results_iteration/iteration_3_merge_below_3/cnn_model/cnn14/plasma_tp1_0.1x_model_C3/roc_curve_resnet18_tf_0.03_0.1/nested_cv_random/resnet18/repeat_10_fold_5_metrics.csv,5,4,resnet18,"(0.03, 0.1]",C3,Accuracy at 95% Specificity,0.8941311612364244
/scratchc/nrlab/wang04/ulyses_results_iteration/iteration_3_merge_below_3/cnn_model/cnn14/plasma_tp1_0.1x_model_C3/roc_curve_resnet18_tf_0.03_0.1/nested_cv_random/resnet18/repeat_10_fold_5_metrics.csv,5,4,resnet18,"(0.03, 0.1]",C3,F1 at 95% Specificity,0.9041095890410958
/scratchc/nrlab/wang04/ulyses_results_iteration/iteration_3_merge_below_3/cnn_model/cnn14/plasma_tp1_0.1x_model_C3/roc_curve_resnet18_tf_0.03_0.1/nested_cv_random/resnet18/repeat_10_fold_5_metrics.csv,5,5,resnet18,"(0.03, 0.1]",C3,AUROC,0.953216374269006
/scratchc/nrlab/wang04/ulyses_results_iteration/iteration_3_merge_below_3/cnn_model/cnn14/plasma_tp1_0.1x_model_C3/roc_curve_resnet18_tf_0.03_0.1/nested_cv_random/resnet18/repeat_10_fold_5_metrics.csv,5,5,resnet18,"(0.03, 0.1]",C3,AUPRC,0.9511829937447018
/scratchc/nrlab/wang04/ulyses_results_iteration/iteration_3_merge_below_3/cnn_model/cnn14/plasma_tp1_0.1x_model_C3/roc_curve_resnet18_tf_0.03_0.1/nested_cv_random/resnet18/repeat_10_fold_5_metrics.csv,5,5,resnet18,"(0.03, 0.1]",C3,Sensitivity at 99% Specificity,0.631578947368421
/scratchc/nrlab/wang04/ulyses_results_iteration/iteration_3_merge_below_3/cnn_model/cnn14/plasma_tp1_0.1x_model_C3/roc_curve_resnet18_tf_0.03_0.1/nested_cv_random/resnet18/repeat_10_fold_5_metrics.csv,5,5,resnet18,"(0.03, 0.1]",C3,PPV at 99% Specificity,1
/scratchc/nrlab/wang04/ulyses_results_iteration/iteration_3_merge_below_3/cnn_model/cnn14/plasma_tp1_0.1x_model_C3/roc_curve_resnet18_tf_0.03_0.1/nested_cv_random/resnet18/repeat_10_fold_5_metrics.csv,5,5,resnet18,"(0.03, 0.1]",C3,Accuracy at 99% Specificity,0.8107894736842105
/scratchc/nrlab/wang04/ulyses_results_iteration/iteration_3_merge_below_3/cnn_model/cnn14/plasma_tp1_0.1x_model_C3/roc_curve_resnet18_tf_0.03_0.1/nested_cv_random/resnet18/repeat_10_fold_5_metrics.csv,5,5,resnet18,"(0.03, 0.1]",C3,F1 at 99% Specificity,0.7741935483870968
/scratchc/nrlab/wang04/ulyses_results_iteration/iteration_3_merge_below_3/cnn_model/cnn14/plasma_tp1_0.1x_model_C3/roc_curve_resnet18_tf_0.03_0.1/nested_cv_random/resnet18/repeat_10_fold_5_metrics.csv,5,5,resnet18,"(0.03, 0.1]",C3,Sensitivity at 98% Specificity,0.631578947368421
/scratchc/nrlab/wang04/ulyses_results_iteration/iteration_3_merge_below_3/cnn_model/cnn14/plasma_tp1_0.1x_model_C3/roc_curve_resnet18_tf_0.03_0.1/nested_cv_random/resnet18/repeat_10_fold_5_metrics.csv,5,5,resnet18,"(0.03, 0.1]",C3,PPV at 98% Specificity,1
/scratchc/nrlab/wang04/ulyses_results_iteration/iteration_3_merge_below_3/cnn_model/cnn14/plasma_tp1_0.1x_model_C3/roc_curve_resnet18_tf_0.03_0.1/nested_cv_random/resnet18/repeat_10_fold_5_metrics.csv,5,5,resnet18,"(0.03, 0.1]",C3,Accuracy at 98% Specificity,0.8057894736842105
/scratchc/nrlab/wang04/ulyses_results_iteration/iteration_3_merge_below_3/cnn_model/cnn14/plasma_tp1_0.1x_model_C3/roc_curve_resnet18_tf_0.03_0.1/nested_cv_random/resnet18/repeat_10_fold_5_metrics.csv,5,5,resnet18,"(0.03, 0.1]",C3,F1 at 98% Specificity,0.7741935483870968
/scratchc/nrlab/wang04/ulyses_results_iteration/iteration_3_merge_below_3/cnn_model/cnn14/plasma_tp1_0.1x_model_C3/roc_curve_resnet18_tf_0.03_0.1/nested_cv_random/resnet18/repeat_10_fold_5_metrics.csv,5,5,resnet18,"(0.03, 0.1]",C3,Sensitivity at 95% Specificity,0.631578947368421
/scratchc/nrlab/wang04/ulyses_results_iteration/iteration_3_merge_below_3/cnn_model/cnn14/plasma_tp1_0.1x_model_C3/roc_curve_resnet18_tf_0.03_0.1/nested_cv_random/resnet18/repeat_10_fold_5_metrics.csv,5,5,resnet18,"(0.03, 0.1]",C3,PPV at 95% Specificity,1
/scratchc/nrlab/wang04/ulyses_results_iteration/iteration_3_merge_below_3/cnn_model/cnn14/plasma_tp1_0.1x_model_C3/roc_curve_resnet18_tf_0.03_0.1/nested_cv_random/resnet18/repeat_10_fold_5_metrics.csv,5,5,resnet18,"(0.03, 0.1]",C3,Accuracy at 95% Specificity,0.7907894736842105
/scratchc/nrlab/wang04/ulyses_results_iteration/iteration_3_merge_below_3/cnn_model/cnn14/plasma_tp1_0.1x_model_C3/roc_curve_resnet18_tf_0.03_0.1/nested_cv_random/resnet18/repeat_10_fold_5_metrics.csv,5,5,resnet18,"(0.03, 0.1]",C3,F1 at 95% Specificity,0.7741935483870968
/scratchc/nrlab/wang04/ulyses_results_iteration/iteration_3_merge_below_3/cnn_model/cnn14/plasma_tp1_0.1x_model_C3/roc_curve_resnet18_tf_0.03_0.1/nested_cv_random/resnet18/repeat_10_fold_5_metrics.csv,6,1,resnet18,"(0.03, 0.1]",C3,AUROC,0.9566498316498316
/scratchc/nrlab/wang04/ulyses_results_iteration/iteration_3_merge_below_3/cnn_model/cnn14/plasma_tp1_0.1x_model_C3/roc_curve_resnet18_tf_0.03_0.1/nested_cv_random/resnet18/repeat_10_fold_5_metrics.csv,6,1,resnet18,"(0.03, 0.1]",C3,AUPRC,0.9498453439400424
/scratchc/nrlab/wang04/ulyses_results_iteration/iteration_3_merge_below_3/cnn_model/cnn14/plasma_tp1_0.1x_model_C3/roc_curve_resnet18_tf_0.03_0.1/nested_cv_random/resnet18/repeat_10_fold_5_metrics.csv,6,1,resnet18,"(0.03, 0.1]",C3,Sensitivity at 99% Specificity,0.6944444444444444
/scratchc/nrlab/wang04/ulyses_results_iteration/iteration_3_merge_below_3/cnn_model/cnn14/plasma_tp1_0.1x_model_C3/roc_curve_resnet18_tf_0.03_0.1/nested_cv_random/resnet18/repeat_10_fold_5_metrics.csv,6,1,resnet18,"(0.03, 0.1]",C3,PPV at 99% Specificity,1
/scratchc/nrlab/wang04/ulyses_results_iteration/iteration_3_merge_below_3/cnn_model/cnn14/plasma_tp1_0.1x_model_C3/roc_curve_resnet18_tf_0.03_0.1/nested_cv_random/resnet18/repeat_10_fold_5_metrics.csv,6,1,resnet18,"(0.03, 0.1]",C3,Accuracy at 99% Specificity,0.8422222222222222
/scratchc/nrlab/wang04/ulyses_results_iteration/iteration_3_merge_below_3/cnn_model/cnn14/plasma_tp1_0.1x_model_C3/roc_curve_resnet18_tf_0.03_0.1/nested_cv_random/resnet18/repeat_10_fold_5_metrics.csv,6,1,resnet18,"(0.03, 0.1]",C3,F1 at 99% Specificity,0.819672131147541
/scratchc/nrlab/wang04/ulyses_results_iteration/iteration_3_merge_below_3/cnn_model/cnn14/plasma_tp1_0.1x_model_C3/roc_curve_resnet18_tf_0.03_0.1/nested_cv_random/resnet18/repeat_10_fold_5_metrics.csv,6,1,resnet18,"(0.03, 0.1]",C3,Sensitivity at 98% Specificity,0.6944444444444444
/scratchc/nrlab/wang04/ulyses_results_iteration/iteration_3_merge_below_3/cnn_model/cnn14/plasma_tp1_0.1x_model_C3/roc_curve_resnet18_tf_0.03_0.1/nested_cv_random/resnet18/repeat_10_fold_5_metrics.csv,6,1,resnet18,"(0.03, 0.1]",C3,PPV at 98% Specificity,1
/scratchc/nrlab/wang04/ulyses_results_iteration/iteration_3_merge_below_3/cnn_model/cnn14/plasma_tp1_0.1x_model_C3/roc_curve_resnet18_tf_0.03_0.1/nested_cv_random/resnet18/repeat_10_fold_5_metrics.csv,6,1,resnet18,"(0.03, 0.1]",C3,Accuracy at 98% Specificity,0.8372222222222222
/scratchc/nrlab/wang04/ulyses_results_iteration/iteration_3_merge_below_3/cnn_model/cnn14/plasma_tp1_0.1x_model_C3/roc_curve_resnet18_tf_0.03_0.1/nested_cv_random/resnet18/repeat_10_fold_5_metrics.csv,6,1,resnet18,"(0.03, 0.1]",C3,F1 at 98% Specificity,0.819672131147541
/scratchc/nrlab/wang04/ulyses_results_iteration/iteration_3_merge_below_3/cnn_model/cnn14/plasma_tp1_0.1x_model_C3/roc_curve_resnet18_tf_0.03_0.1/nested_cv_random/resnet18/repeat_10_fold_5_metrics.csv,6,1,resnet18,"(0.03, 0.1]",C3,Sensitivity at 95% Specificity,0.8333333333333334
/scratchc/nrlab/wang04/ulyses_results_iteration/iteration_3_merge_below_3/cnn_model/cnn14/plasma_tp1_0.1x_model_C3/roc_curve_resnet18_tf_0.03_0.1/nested_cv_random/resnet18/repeat_10_fold_5_metrics.csv,6,1,resnet18,"(0.03, 0.1]",C3,PPV at 95% Specificity,0.967741935483871
/scratchc/nrlab/wang04/ulyses_results_iteration/iteration_3_merge_below_3/cnn_model/cnn14/plasma_tp1_0.1x_model_C3/roc_curve_resnet18_tf_0.03_0.1/nested_cv_random/resnet18/repeat_10_fold_5_metrics.csv,6,1,resnet18,"(0.03, 0.1]",C3,Accuracy at 95% Specificity,0.884469696969697
/scratchc/nrlab/wang04/ulyses_results_iteration/iteration_3_merge_below_3/cnn_model/cnn14/plasma_tp1_0.1x_model_C3/roc_curve_resnet18_tf_0.03_0.1/nested_cv_random/resnet18/repeat_10_fold_5_metrics.csv,6,1,resnet18,"(0.03, 0.1]",C3,F1 at 95% Specificity,0.8955223880597015
/scratchc/nrlab/wang04/ulyses_results_iteration/iteration_3_merge_below_3/cnn_model/cnn14/plasma_tp1_0.1x_model_C3/roc_curve_resnet18_tf_0.03_0.1/nested_cv_random/resnet18/repeat_10_fold_5_metrics.csv,6,2,resnet18,"(0.03, 0.1]",C3,AUROC,0.9350307287093942
/scratchc/nrlab/wang04/ulyses_results_iteration/iteration_3_merge_below_3/cnn_model/cnn14/plasma_tp1_0.1x_model_C3/roc_curve_resnet18_tf_0.03_0.1/nested_cv_random/resnet18/repeat_10_fold_5_metrics.csv,6,2,resnet18,"(0.03, 0.1]",C3,AUPRC,0.9133771173326792
/scratchc/nrlab/wang04/ulyses_results_iteration/iteration_3_merge_below_3/cnn_model/cnn14/plasma_tp1_0.1x_model_C3/roc_curve_resnet18_tf_0.03_0.1/nested_cv_random/resnet18/repeat_10_fold_5_metrics.csv,6,2,resnet18,"(0.03, 0.1]",C3,Sensitivity at 99% Specificity,0.5588235294117647
/scratchc/nrlab/wang04/ulyses_results_iteration/iteration_3_merge_below_3/cnn_model/cnn14/plasma_tp1_0.1x_model_C3/roc_curve_resnet18_tf_0.03_0.1/nested_cv_random/resnet18/repeat_10_fold_5_metrics.csv,6,2,resnet18,"(0.03, 0.1]",C3,PPV at 99% Specificity,1
/scratchc/nrlab/wang04/ulyses_results_iteration/iteration_3_merge_below_3/cnn_model/cnn14/plasma_tp1_0.1x_model_C3/roc_curve_resnet18_tf_0.03_0.1/nested_cv_random/resnet18/repeat_10_fold_5_metrics.csv,6,2,resnet18,"(0.03, 0.1]",C3,Accuracy at 99% Specificity,0.7744117647058824
/scratchc/nrlab/wang04/ulyses_results_iteration/iteration_3_merge_below_3/cnn_model/cnn14/plasma_tp1_0.1x_model_C3/roc_curve_resnet18_tf_0.03_0.1/nested_cv_random/resnet18/repeat_10_fold_5_metrics.csv,6,2,resnet18,"(0.03, 0.1]",C3,F1 at 99% Specificity,0.71698113207547165
/scratchc/nrlab/wang04/ulyses_results_iteration/iteration_3_merge_below_3/cnn_model/cnn14/plasma_tp1_0.1x_model_C3/roc_curve_resnet18_tf_0.03_0.1/nested_cv_random/resnet18/repeat_10_fold_5_metrics.csv,6,2,resnet18,"(0.03, 0.1]",C3,Sensitivity at 98% Specificity,0.5588235294117647
/scratchc/nrlab/wang04/ulyses_results_iteration/iteration_3_merge_below_3/cnn_model/cnn14/plasma_tp1_0.1x_model_C3/roc_curve_resnet18_tf_0.03_0.1/nested_cv_random/resnet18/repeat_10_fold_5_metrics.csv,6,2,resnet18,"(0.03, 0.1]",C3,PPV at 98% Specificity,1
/scratchc/nrlab/wang04/ulyses_results_iteration/iteration_3_merge_below_3/cnn_model/cnn14/plasma_tp1_0.1x_model_C3/roc_curve_resnet18_tf_0.03_0.1/nested_cv_random/resnet18/repeat_10_fold_5_metrics.csv,6,2,resnet18,"(0.03, 0.1]",C3,Accuracy at 98% Specificity,0.7694117647058824
/scratchc/nrlab/wang04/ulyses_results_iteration/iteration_3_merge_below_3/cnn_model/cnn14/plasma_tp1_0.1x_model_C3/roc_curve_resnet18_tf_0.03_0.1/nested_cv_random/resnet18/repeat_10_fold_5_metrics.csv,6,2,resnet18,"(0.03, 0.1]",C3,F1 at 98% Specificity,0.71698113207547165
/scratchc/nrlab/wang04/ulyses_results_iteration/iteration_3_merge_below_3/cnn_model/cnn14/plasma_tp1_0.1x_model_C3/roc_curve_resnet18_tf_0.03_0.1/nested_cv_random/resnet18/repeat_10_fold_5_metrics.csv,6,2,resnet18,"(0.03, 0.1]",C3,Sensitivity at 95% Specificity,0.7647058823529411
/scratchc/nrlab/wang04/ulyses_results_iteration/iteration_3_merge_below_3/cnn_model/cnn14/plasma_tp1_0.1x_model_C3/roc_curve_resnet18_tf_0.03_0.1/nested_cv_random/resnet18/repeat_10_fold_5_metrics.csv,6,2,resnet18,"(0.03, 0.1]",C3,PPV at 95% Specificity,0.896551724137931
/scratchc/nrlab/wang04/ulyses_results_iteration/iteration_3_merge_below_3/cnn_model/cnn14/plasma_tp1_0.1x_model_C3/roc_curve_resnet18_tf_0.03_0.1/nested_cv_random/resnet18/repeat_10_fold_5_metrics.csv,6,2,resnet18,"(0.03, 0.1]",C3,Accuracy at 95% Specificity,0.8360842844600527
/scratchc/nrlab/wang04/ulyses_results_iteration/iteration_3_merge_below_3/cnn_model/cnn14/plasma_tp1_0.1x_model_C3/roc_curve_resnet18_tf_0.03_0.1/nested_cv_random/resnet18/repeat_10_fold_5_metrics.csv,6,2,resnet18,"(0.03, 0.1]",C3,F1 at 95% Specificity,0.8253968253968254
/scratchc/nrlab/wang04/ulyses_results_iteration/iteration_3_merge_below_3/cnn_model/cnn14/plasma_tp1_0.1x_model_C3/roc_curve_resnet18_tf_0.03_0.1/nested_cv_random/resnet18/repeat_10_fold_5_metrics.csv,6,3,resnet18,"(0.03, 0.1]",C3,AUROC,0.9476351351351352
/scratchc/nrlab/wang04/ulyses_results_iteration/iteration_3_merge_below_3/cnn_model/cnn14/plasma_tp1_0.1x_model_C3/roc_curve_resnet18_tf_0.03_0.1/nested_cv_random/resnet18/repeat_10_fold_5_metrics.csv,6,3,resnet18,"(0.03, 0.1]",C3,AUPRC,0.9543054496062237
/scratchc/nrlab/wang04/ulyses_results_iteration/iteration_3_merge_below_3/cnn_model/cnn14/plasma_tp1_0.1x_model_C3/roc_curve_resnet18_tf_0.03_0.1/nested_cv_random/resnet18/repeat_10_fold_5_metrics.csv,6,3,resnet18,"(0.03, 0.1]",C3,Sensitivity at 99% Specificity,0.8378378378378378
/scratchc/nrlab/wang04/ulyses_results_iteration/iteration_3_merge_below_3/cnn_model/cnn14/plasma_tp1_0.1x_model_C3/roc_curve_resnet18_tf_0.03_0.1/nested_cv_random/resnet18/repeat_10_fold_5_metrics.csv,6,3,resnet18,"(0.03, 0.1]",C3,PPV at 99% Specificity,1
/scratchc/nrlab/wang04/ulyses_results_iteration/iteration_3_merge_below_3/cnn_model/cnn14/plasma_tp1_0.1x_model_C3/roc_curve_resnet18_tf_0.03_0.1/nested_cv_random/resnet18/repeat_10_fold_5_metrics.csv,6,3,resnet18,"(0.03, 0.1]",C3,Accuracy at 99% Specificity,0.913918918918919
/scratchc/nrlab/wang04/ulyses_results_iteration/iteration_3_merge_below_3/cnn_model/cnn14/plasma_tp1_0.1x_model_C3/roc_curve_resnet18_tf_0.03_0.1/nested_cv_random/resnet18/repeat_10_fold_5_metrics.csv,6,3,resnet18,"(0.03, 0.1]",C3,F1 at 99% Specificity,0.9117647058823528
/scratchc/nrlab/wang04/ulyses_results_iteration/iteration_3_merge_below_3/cnn_model/cnn14/plasma_tp1_0.1x_model_C3/roc_curve_resnet18_tf_0.03_0.1/nested_cv_random/resnet18/repeat_10_fold_5_metrics.csv,6,3,resnet18,"(0.03, 0.1]",C3,Sensitivity at 98% Specificity,0.8378378378378378
/scratchc/nrlab/wang04/ulyses_results_iteration/iteration_3_merge_below_3/cnn_model/cnn14/plasma_tp1_0.1x_model_C3/roc_curve_resnet18_tf_0.03_0.1/nested_cv_random/resnet18/repeat_10_fold_5_metrics.csv,6,3,resnet18,"(0.03, 0.1]",C3,PPV at 98% Specificity,1
/scratchc/nrlab/wang04/ulyses_results_iteration/iteration_3_merge_below_3/cnn_model/cnn14/plasma_tp1_0.1x_model_C3/roc_curve_resnet18_tf_0.03_0.1/nested_cv_random/resnet18/repeat_10_fold_5_metrics.csv,6,3,resnet18,"(0.03, 0.1]",C3,Accuracy at 98% Specificity,0.90891891891891885
/scratchc/nrlab/wang04/ulyses_results_iteration/iteration_3_merge_below_3/cnn_model/cnn14/plasma_tp1_0.1x_model_C3/roc_curve_resnet18_tf_0.03_0.1/nested_cv_random/resnet18/repeat_10_fold_5_metrics.csv,6,3,resnet18,"(0.03, 0.1]",C3,F1 at 98% Specificity,0.9117647058823528
/scratchc/nrlab/wang04/ulyses_results_iteration/iteration_3_merge_below_3/cnn_model/cnn14/plasma_tp1_0.1x_model_C3/roc_curve_resnet18_tf_0.03_0.1/nested_cv_random/resnet18/repeat_10_fold_5_metrics.csv,6,3,resnet18,"(0.03, 0.1]",C3,Sensitivity at 95% Specificity,0.8648648648648649
/scratchc/nrlab/wang04/ulyses_results_iteration/iteration_3_merge_below_3/cnn_model/cnn14/plasma_tp1_0.1x_model_C3/roc_curve_resnet18_tf_0.03_0.1/nested_cv_random/resnet18/repeat_10_fold_5_metrics.csv,6,3,resnet18,"(0.03, 0.1]",C3,PPV at 95% Specificity,0.9696969696969696
/scratchc/nrlab/wang04/ulyses_results_iteration/iteration_3_merge_below_3/cnn_model/cnn14/plasma_tp1_0.1x_model_C3/roc_curve_resnet18_tf_0.03_0.1/nested_cv_random/resnet18/repeat_10_fold_5_metrics.csv,6,3,resnet18,"(0.03, 0.1]",C3,Accuracy at 95% Specificity,0.9000105574324324
/scratchc/nrlab/wang04/ulyses_results_iteration/iteration_3_merge_below_3/cnn_model/cnn14/plasma_tp1_0.1x_model_C3/roc_curve_resnet18_tf_0.03_0.1/nested_cv_random/resnet18/repeat_10_fold_5_metrics.csv,6,3,resnet18,"(0.03, 0.1]",C3,F1 at 95% Specificity,0.9142857142857144
/scratchc/nrlab/wang04/ulyses_results_iteration/iteration_3_merge_below_3/cnn_model/cnn14/plasma_tp1_0.1x_model_C3/roc_curve_resnet18_tf_0.03_0.1/nested_cv_random/resnet18/repeat_10_fold_5_metrics.csv,6,4,resnet18,"(0.03, 0.1]",C3,AUROC,0.9131161236424394
/scratchc/nrlab/wang04/ulyses_results_iteration/iteration_3_merge_below_3/cnn_model/cnn14/plasma_tp1_0.1x_model_C3/roc_curve_resnet18_tf_0.03_0.1/nested_cv_random/resnet18/repeat_10_fold_5_metrics.csv,6,4,resnet18,"(0.03, 0.1]",C3,AUPRC,0.9277246031672304
/scratchc/nrlab/wang04/ulyses_results_iteration/iteration_3_merge_below_3/cnn_model/cnn14/plasma_tp1_0.1x_model_C3/roc_curve_resnet18_tf_0.03_0.1/nested_cv_random/resnet18/repeat_10_fold_5_metrics.csv,6,4,resnet18,"(0.03, 0.1]",C3,Sensitivity at 99% Specificity,0.7105263157894737
/scratchc/nrlab/wang04/ulyses_results_iteration/iteration_3_merge_below_3/cnn_model/cnn14/plasma_tp1_0.1x_model_C3/roc_curve_resnet18_tf_0.03_0.1/nested_cv_random/resnet18/repeat_10_fold_5_metrics.csv,6,4,resnet18,"(0.03, 0.1]",C3,PPV at 99% Specificity,1
/scratchc/nrlab/wang04/ulyses_results_iteration/iteration_3_merge_below_3/cnn_model/cnn14/plasma_tp1_0.1x_model_C3/roc_curve_resnet18_tf_0.03_0.1/nested_cv_random/resnet18/repeat_10_fold_5_metrics.csv,6,4,resnet18,"(0.03, 0.1]",C3,Accuracy at 99% Specificity,0.8502631578947368
/scratchc/nrlab/wang04/ulyses_results_iteration/iteration_3_merge_below_3/cnn_model/cnn14/plasma_tp1_0.1x_model_C3/roc_curve_resnet18_tf_0.03_0.1/nested_cv_random/resnet18/repeat_10_fold_5_metrics.csv,6,4,resnet18,"(0.03, 0.1]",C3,F1 at 99% Specificity,0.8307692307692308
/scratchc/nrlab/wang04/ulyses_results_iteration/iteration_3_merge_below_3/cnn_model/cnn14/plasma_tp1_0.1x_model_C3/roc_curve_resnet18_tf_0.03_0.1/nested_cv_random/resnet18/repeat_10_fold_5_metrics.csv,6,4,resnet18,"(0.03, 0.1]",C3,Sensitivity at 98% Specificity,0.7105263157894737
/scratchc/nrlab/wang04/ulyses_results_iteration/iteration_3_merge_below_3/cnn_model/cnn14/plasma_tp1_0.1x_model_C3/roc_curve_resnet18_tf_0.03_0.1/nested_cv_random/resnet18/repeat_10_fold_5_metrics.csv,6,4,resnet18,"(0.03, 0.1]",C3,PPV at 98% Specificity,1
/scratchc/nrlab/wang04/ulyses_results_iteration/iteration_3_merge_below_3/cnn_model/cnn14/plasma_tp1_0.1x_model_C3/roc_curve_resnet18_tf_0.03_0.1/nested_cv_random/resnet18/repeat_10_fold_5_metrics.csv,6,4,resnet18,"(0.03, 0.1]",C3,Accuracy at 98% Specificity,0.8452631578947368
/scratchc/nrlab/wang04/ulyses_results_iteration/iteration_3_merge_below_3/cnn_model/cnn14/plasma_tp1_0.1x_model_C3/roc_curve_resnet18_tf_0.03_0.1/nested_cv_random/resnet18/repeat_10_fold_5_metrics.csv,6,4,resnet18,"(0.03, 0.1]",C3,F1 at 98% Specificity,0.8307692307692308
/scratchc/nrlab/wang04/ulyses_results_iteration/iteration_3_merge_below_3/cnn_model/cnn14/plasma_tp1_0.1x_model_C3/roc_curve_resnet18_tf_0.03_0.1/nested_cv_random/resnet18/repeat_10_fold_5_metrics.csv,6,4,resnet18,"(0.03, 0.1]",C3,Sensitivity at 95% Specificity,0.8157894736842105
/scratchc/nrlab/wang04/ulyses_results_iteration/iteration_3_merge_below_3/cnn_model/cnn14/plasma_tp1_0.1x_model_C3/roc_curve_resnet18_tf_0.03_0.1/nested_cv_random/resnet18/repeat_10_fold_5_metrics.csv,6,4,resnet18,"(0.03, 0.1]",C3,PPV at 95% Specificity,0.9393939393939394
/scratchc/nrlab/wang04/ulyses_results_iteration/iteration_3_merge_below_3/cnn_model/cnn14/plasma_tp1_0.1x_model_C3/roc_curve_resnet18_tf_0.03_0.1/nested_cv_random/resnet18/repeat_10_fold_5_metrics.csv,6,4,resnet18,"(0.03, 0.1]",C3,Accuracy at 95% Specificity,0.8678153717627402
/scratchc/nrlab/wang04/ulyses_results_iteration/iteration_3_merge_below_3/cnn_model/cnn14/plasma_tp1_0.1x_model_C3/roc_curve_resnet18_tf_0.03_0.1/nested_cv_random/resnet18/repeat_10_fold_5_metrics.csv,6,4,resnet18,"(0.03, 0.1]",C3,F1 at 95% Specificity,0.8732394366197183
/scratchc/nrlab/wang04/ulyses_results_iteration/iteration_3_merge_below_3/cnn_model/cnn14/plasma_tp1_0.1x_model_C3/roc_curve_resnet18_tf_0.03_0.1/nested_cv_random/resnet18/repeat_10_fold_5_metrics.csv,7,1,resnet18,"(0.03, 0.1]",C3,AUROC,0.9641047297297298
/scratchc/nrlab/wang04/ulyses_results_iteration/iteration_3_merge_below_3/cnn_model/cnn14/plasma_tp1_0.1x_model_C3/roc_curve_resnet18_tf_0.03_0.1/nested_cv_random/resnet18/repeat_10_fold_5_metrics.csv,7,1,resnet18,"(0.03, 0.1]",C3,AUPRC,0.9546962625485862
/scratchc/nrlab/wang04/ulyses_results_iteration/iteration_3_merge_below_3/cnn_model/cnn14/plasma_tp1_0.1x_model_C3/roc_curve_resnet18_tf_0.03_0.1/nested_cv_random/resnet18/repeat_10_fold_5_metrics.csv,7,1,resnet18,"(0.03, 0.1]",C3,Sensitivity at 99% Specificity,0.7027027027027027
/scratchc/nrlab/wang04/ulyses_results_iteration/iteration_3_merge_below_3/cnn_model/cnn14/plasma_tp1_0.1x_model_C3/roc_curve_resnet18_tf_0.03_0.1/nested_cv_random/resnet18/repeat_10_fold_5_metrics.csv,7,1,resnet18,"(0.03, 0.1]",C3,PPV at 99% Specificity,1
/scratchc/nrlab/wang04/ulyses_results_iteration/iteration_3_merge_below_3/cnn_model/cnn14/plasma_tp1_0.1x_model_C3/roc_curve_resnet18_tf_0.03_0.1/nested_cv_random/resnet18/repeat_10_fold_5_metrics.csv,7,1,resnet18,"(0.03, 0.1]",C3,Accuracy at 99% Specificity,0.8463513513513514
/scratchc/nrlab/wang04/ulyses_results_iteration/iteration_3_merge_below_3/cnn_model/cnn14/plasma_tp1_0.1x_model_C3/roc_curve_resnet18_tf_0.03_0.1/nested_cv_random/resnet18/repeat_10_fold_5_metrics.csv,7,1,resnet18,"(0.03, 0.1]",C3,F1 at 99% Specificity,0.8253968253968254
/scratchc/nrlab/wang04/ulyses_results_iteration/iteration_3_merge_below_3/cnn_model/cnn14/plasma_tp1_0.1x_model_C3/roc_curve_resnet18_tf_0.03_0.1/nested_cv_random/resnet18/repeat_10_fold_5_metrics.csv,7,1,resnet18,"(0.03, 0.1]",C3,Sensitivity at 98% Specificity,0.7027027027027027
/scratchc/nrlab/wang04/ulyses_results_iteration/iteration_3_merge_below_3/cnn_model/cnn14/plasma_tp1_0.1x_model_C3/roc_curve_resnet18_tf_0.03_0.1/nested_cv_random/resnet18/repeat_10_fold_5_metrics.csv,7,1,resnet18,"(0.03, 0.1]",C3,PPV at 98% Specificity,1
/scratchc/nrlab/wang04/ulyses_results_iteration/iteration_3_merge_below_3/cnn_model/cnn14/plasma_tp1_0.1x_model_C3/roc_curve_resnet18_tf_0.03_0.1/nested_cv_random/resnet18/repeat_10_fold_5_metrics.csv,7,1,resnet18,"(0.03, 0.1]",C3,Accuracy at 98% Specificity,0.8413513513513513
/scratchc/nrlab/wang04/ulyses_results_iteration/iteration_3_merge_below_3/cnn_model/cnn14/plasma_tp1_0.1x_model_C3/roc_curve_resnet18_tf_0.03_0.1/nested_cv_random/resnet18/repeat_10_fold_5_metrics.csv,7,1,resnet18,"(0.03, 0.1]",C3,F1 at 98% Specificity,0.8253968253968254
/scratchc/nrlab/wang04/ulyses_results_iteration/iteration_3_merge_below_3/cnn_model/cnn14/plasma_tp1_0.1x_model_C3/roc_curve_resnet18_tf_0.03_0.1/nested_cv_random/resnet18/repeat_10_fold_5_metrics.csv,7,1,resnet18,"(0.03, 0.1]",C3,Sensitivity at 95% Specificity,0.8378378378378378
/scratchc/nrlab/wang04/ulyses_results_iteration/iteration_3_merge_below_3/cnn_model/cnn14/plasma_tp1_0.1x_model_C3/roc_curve_resnet18_tf_0.03_0.1/nested_cv_random/resnet18/repeat_10_fold_5_metrics.csv,7,1,resnet18,"(0.03, 0.1]",C3,PPV at 95% Specificity,0.9393939393939394
/scratchc/nrlab/wang04/ulyses_results_iteration/iteration_3_merge_below_3/cnn_model/cnn14/plasma_tp1_0.1x_model_C3/roc_curve_resnet18_tf_0.03_0.1/nested_cv_random/resnet18/repeat_10_fold_5_metrics.csv,7,1,resnet18,"(0.03, 0.1]",C3,Accuracy at 95% Specificity,0.8790751689189189
/scratchc/nrlab/wang04/ulyses_results_iteration/iteration_3_merge_below_3/cnn_model/cnn14/plasma_tp1_0.1x_model_C3/roc_curve_resnet18_tf_0.03_0.1/nested_cv_random/resnet18/repeat_10_fold_5_metrics.csv,7,1,resnet18,"(0.03, 0.1]",C3,F1 at 95% Specificity,0.8857142857142857
/scratchc/nrlab/wang04/ulyses_results_iteration/iteration_3_merge_below_3/cnn_model/cnn14/plasma_tp1_0.1x_model_C3/roc_curve_resnet18_tf_0.03_0.1/nested_cv_random/resnet18/repeat_10_fold_5_metrics.csv,7,2,resnet18,"(0.03, 0.1]",C3,AUROC,0.9216450216450216
/scratchc/nrlab/wang04/ulyses_results_iteration/iteration_3_merge_below_3/cnn_model/cnn14/plasma_tp1_0.1x_model_C3/roc_curve_resnet18_tf_0.03_0.1/nested_cv_random/resnet18/repeat_10_fold_5_metrics.csv,7,2,resnet18,"(0.03, 0.1]",C3,AUPRC,0.9132933220738818
/scratchc/nrlab/wang04/ulyses_results_iteration/iteration_3_merge_below_3/cnn_model/cnn14/plasma_tp1_0.1x_model_C3/roc_curve_resnet18_tf_0.03_0.1/nested_cv_random/resnet18/repeat_10_fold_5_metrics.csv,7,2,resnet18,"(0.03, 0.1]",C3,Sensitivity at 99% Specificity,0.6571428571428571
/scratchc/nrlab/wang04/ulyses_results_iteration/iteration_3_merge_below_3/cnn_model/cnn14/plasma_tp1_0.1x_model_C3/roc_curve_resnet18_tf_0.03_0.1/nested_cv_random/resnet18/repeat_10_fold_5_metrics.csv,7,2,resnet18,"(0.03, 0.1]",C3,PPV at 99% Specificity,1
/scratchc/nrlab/wang04/ulyses_results_iteration/iteration_3_merge_below_3/cnn_model/cnn14/plasma_tp1_0.1x_model_C3/roc_curve_resnet18_tf_0.03_0.1/nested_cv_random/resnet18/repeat_10_fold_5_metrics.csv,7,2,resnet18,"(0.03, 0.1]",C3,Accuracy at 99% Specificity,0.8235714285714286
/scratchc/nrlab/wang04/ulyses_results_iteration/iteration_3_merge_below_3/cnn_model/cnn14/plasma_tp1_0.1x_model_C3/roc_curve_resnet18_tf_0.03_0.1/nested_cv_random/resnet18/repeat_10_fold_5_metrics.csv,7,2,resnet18,"(0.03, 0.1]",C3,F1 at 99% Specificity,0.7931034482758621
/scratchc/nrlab/wang04/ulyses_results_iteration/iteration_3_merge_below_3/cnn_model/cnn14/plasma_tp1_0.1x_model_C3/roc_curve_resnet18_tf_0.03_0.1/nested_cv_random/resnet18/repeat_10_fold_5_metrics.csv,7,2,resnet18,"(0.03, 0.1]",C3,Sensitivity at 98% Specificity,0.6571428571428571
/scratchc/nrlab/wang04/ulyses_results_iteration/iteration_3_merge_below_3/cnn_model/cnn14/plasma_tp1_0.1x_model_C3/roc_curve_resnet18_tf_0.03_0.1/nested_cv_random/resnet18/repeat_10_fold_5_metrics.csv,7,2,resnet18,"(0.03, 0.1]",C3,PPV at 98% Specificity,1
/scratchc/nrlab/wang04/ulyses_results_iteration/iteration_3_merge_below_3/cnn_model/cnn14/plasma_tp1_0.1x_model_C3/roc_curve_resnet18_tf_0.03_0.1/nested_cv_random/resnet18/repeat_10_fold_5_metrics.csv,7,2,resnet18,"(0.03, 0.1]",C3,Accuracy at 98% Specificity,0.8185714285714285
/scratchc/nrlab/wang04/ulyses_results_iteration/iteration_3_merge_below_3/cnn_model/cnn14/plasma_tp1_0.1x_model_C3/roc_curve_resnet18_tf_0.03_0.1/nested_cv_random/resnet18/repeat_10_fold_5_metrics.csv,7,2,resnet18,"(0.03, 0.1]",C3,F1 at 98% Specificity,0.7931034482758621
/scratchc/nrlab/wang04/ulyses_results_iteration/iteration_3_merge_below_3/cnn_model/cnn14/plasma_tp1_0.1x_model_C3/roc_curve_resnet18_tf_0.03_0.1/nested_cv_random/resnet18/repeat_10_fold_5_metrics.csv,7,2,resnet18,"(0.03, 0.1]",C3,Sensitivity at 95% Specificity,0.6571428571428571
/scratchc/nrlab/wang04/ulyses_results_iteration/iteration_3_merge_below_3/cnn_model/cnn14/plasma_tp1_0.1x_model_C3/roc_curve_resnet18_tf_0.03_0.1/nested_cv_random/resnet18/repeat_10_fold_5_metrics.csv,7,2,resnet18,"(0.03, 0.1]",C3,PPV at 95% Specificity,1
/scratchc/nrlab/wang04/ulyses_results_iteration/iteration_3_merge_below_3/cnn_model/cnn14/plasma_tp1_0.1x_model_C3/roc_curve_resnet18_tf_0.03_0.1/nested_cv_random/resnet18/repeat_10_fold_5_metrics.csv,7,2,resnet18,"(0.03, 0.1]",C3,Accuracy at 95% Specificity,0.8035714285714286
/scratchc/nrlab/wang04/ulyses_results_iteration/iteration_3_merge_below_3/cnn_model/cnn14/plasma_tp1_0.1x_model_C3/roc_curve_resnet18_tf_0.03_0.1/nested_cv_random/resnet18/repeat_10_fold_5_metrics.csv,7,2,resnet18,"(0.03, 0.1]",C3,F1 at 95% Specificity,0.7931034482758621
/scratchc/nrlab/wang04/ulyses_results_iteration/iteration_3_merge_below_3/cnn_model/cnn14/plasma_tp1_0.1x_model_C3/roc_curve_resnet18_tf_0.03_0.1/nested_cv_random/resnet18/repeat_10_fold_5_metrics.csv,7,3,resnet18,"(0.03, 0.1]",C3,AUROC,0.9696465696465698
/scratchc/nrlab/wang04/ulyses_results_iteration/iteration_3_merge_below_3/cnn_model/cnn14/plasma_tp1_0.1x_model_C3/roc_curve_resnet18_tf_0.03_0.1/nested_cv_random/resnet18/repeat_10_fold_5_metrics.csv,7,3,resnet18,"(0.03, 0.1]",C3,AUPRC,0.9666665199368372
/scratchc/nrlab/wang04/ulyses_results_iteration/iteration_3_merge_below_3/cnn_model/cnn14/plasma_tp1_0.1x_model_C3/roc_curve_resnet18_tf_0.03_0.1/nested_cv_random/resnet18/repeat_10_fold_5_metrics.csv,7,3,resnet18,"(0.03, 0.1]",C3,Sensitivity at 99% Specificity,0.7567567567567568
/scratchc/nrlab/wang04/ulyses_results_iteration/iteration_3_merge_below_3/cnn_model/cnn14/plasma_tp1_0.1x_model_C3/roc_curve_resnet18_tf_0.03_0.1/nested_cv_random/resnet18/repeat_10_fold_5_metrics.csv,7,3,resnet18,"(0.03, 0.1]",C3,PPV at 99% Specificity,1
/scratchc/nrlab/wang04/ulyses_results_iteration/iteration_3_merge_below_3/cnn_model/cnn14/plasma_tp1_0.1x_model_C3/roc_curve_resnet18_tf_0.03_0.1/nested_cv_random/resnet18/repeat_10_fold_5_metrics.csv,7,3,resnet18,"(0.03, 0.1]",C3,Accuracy at 99% Specificity,0.8733783783783784
/scratchc/nrlab/wang04/ulyses_results_iteration/iteration_3_merge_below_3/cnn_model/cnn14/plasma_tp1_0.1x_model_C3/roc_curve_resnet18_tf_0.03_0.1/nested_cv_random/resnet18/repeat_10_fold_5_metrics.csv,7,3,resnet18,"(0.03, 0.1]",C3,F1 at 99% Specificity,0.8615384615384616
/scratchc/nrlab/wang04/ulyses_results_iteration/iteration_3_merge_below_3/cnn_model/cnn14/plasma_tp1_0.1x_model_C3/roc_curve_resnet18_tf_0.03_0.1/nested_cv_random/resnet18/repeat_10_fold_5_metrics.csv,7,3,resnet18,"(0.03, 0.1]",C3,Sensitivity at 98% Specificity,0.7567567567567568
/scratchc/nrlab/wang04/ulyses_results_iteration/iteration_3_merge_below_3/cnn_model/cnn14/plasma_tp1_0.1x_model_C3/roc_curve_resnet18_tf_0.03_0.1/nested_cv_random/resnet18/repeat_10_fold_5_metrics.csv,7,3,resnet18,"(0.03, 0.1]",C3,PPV at 98% Specificity,1
/scratchc/nrlab/wang04/ulyses_results_iteration/iteration_3_merge_below_3/cnn_model/cnn14/plasma_tp1_0.1x_model_C3/roc_curve_resnet18_tf_0.03_0.1/nested_cv_random/resnet18/repeat_10_fold_5_metrics.csv,7,3,resnet18,"(0.03, 0.1]",C3,Accuracy at 98% Specificity,0.8683783783783784
/scratchc/nrlab/wang04/ulyses_results_iteration/iteration_3_merge_below_3/cnn_model/cnn14/plasma_tp1_0.1x_model_C3/roc_curve_resnet18_tf_0.03_0.1/nested_cv_random/resnet18/repeat_10_fold_5_metrics.csv,7,3,resnet18,"(0.03, 0.1]",C3,F1 at 98% Specificity,0.8615384615384616
/scratchc/nrlab/wang04/ulyses_results_iteration/iteration_3_merge_below_3/cnn_model/cnn14/plasma_tp1_0.1x_model_C3/roc_curve_resnet18_tf_0.03_0.1/nested_cv_random/resnet18/repeat_10_fold_5_metrics.csv,7,3,resnet18,"(0.03, 0.1]",C3,Sensitivity at 95% Specificity,0.8648648648648649
/scratchc/nrlab/wang04/ulyses_results_iteration/iteration_3_merge_below_3/cnn_model/cnn14/plasma_tp1_0.1x_model_C3/roc_curve_resnet18_tf_0.03_0.1/nested_cv_random/resnet18/repeat_10_fold_5_metrics.csv,7,3,resnet18,"(0.03, 0.1]",C3,PPV at 95% Specificity,0.9411764705882352
/scratchc/nrlab/wang04/ulyses_results_iteration/iteration_3_merge_below_3/cnn_model/cnn14/plasma_tp1_0.1x_model_C3/roc_curve_resnet18_tf_0.03_0.1/nested_cv_random/resnet18/repeat_10_fold_5_metrics.csv,7,3,resnet18,"(0.03, 0.1]",C3,Accuracy at 95% Specificity,0.8928170478170478
/scratchc/nrlab/wang04/ulyses_results_iteration/iteration_3_merge_below_3/cnn_model/cnn14/plasma_tp1_0.1x_model_C3/roc_curve_resnet18_tf_0.03_0.1/nested_cv_random/resnet18/repeat_10_fold_5_metrics.csv,7,3,resnet18,"(0.03, 0.1]",C3,F1 at 95% Specificity,0.9014084507042254
/scratchc/nrlab/wang04/ulyses_results_iteration/iteration_3_merge_below_3/cnn_model/cnn14/plasma_tp1_0.1x_model_C3/roc_curve_resnet18_tf_0.03_0.1/nested_cv_random/resnet18/repeat_10_fold_5_metrics.csv,7,5,resnet18,"(0.03, 0.1]",C3,AUROC,0.9177005789909016
/scratchc/nrlab/wang04/ulyses_results_iteration/iteration_3_merge_below_3/cnn_model/cnn14/plasma_tp1_0.1x_model_C3/roc_curve_resnet18_tf_0.03_0.1/nested_cv_random/resnet18/repeat_10_fold_5_metrics.csv,7,5,resnet18,"(0.03, 0.1]",C3,AUPRC,0.9196372621525852
/scratchc/nrlab/wang04/ulyses_results_iteration/iteration_3_merge_below_3/cnn_model/cnn14/plasma_tp1_0.1x_model_C3/roc_curve_resnet18_tf_0.03_0.1/nested_cv_random/resnet18/repeat_10_fold_5_metrics.csv,7,5,resnet18,"(0.03, 0.1]",C3,Sensitivity at 99% Specificity,0.6666666666666666
/scratchc/nrlab/wang04/ulyses_results_iteration/iteration_3_merge_below_3/cnn_model/cnn14/plasma_tp1_0.1x_model_C3/roc_curve_resnet18_tf_0.03_0.1/nested_cv_random/resnet18/repeat_10_fold_5_metrics.csv,7,5,resnet18,"(0.03, 0.1]",C3,PPV at 99% Specificity,1
/scratchc/nrlab/wang04/ulyses_results_iteration/iteration_3_merge_below_3/cnn_model/cnn14/plasma_tp1_0.1x_model_C3/roc_curve_resnet18_tf_0.03_0.1/nested_cv_random/resnet18/repeat_10_fold_5_metrics.csv,7,5,resnet18,"(0.03, 0.1]",C3,Accuracy at 99% Specificity,0.8283333333333334
/scratchc/nrlab/wang04/ulyses_results_iteration/iteration_3_merge_below_3/cnn_model/cnn14/plasma_tp1_0.1x_model_C3/roc_curve_resnet18_tf_0.03_0.1/nested_cv_random/resnet18/repeat_10_fold_5_metrics.csv,7,5,resnet18,"(0.03, 0.1]",C3,F1 at 99% Specificity,0.8
/scratchc/nrlab/wang04/ulyses_results_iteration/iteration_3_merge_below_3/cnn_model/cnn14/plasma_tp1_0.1x_model_C3/roc_curve_resnet18_tf_0.03_0.1/nested_cv_random/resnet18/repeat_10_fold_5_metrics.csv,7,5,resnet18,"(0.03, 0.1]",C3,Sensitivity at 98% Specificity,0.6666666666666666
/scratchc/nrlab/wang04/ulyses_results_iteration/iteration_3_merge_below_3/cnn_model/cnn14/plasma_tp1_0.1x_model_C3/roc_curve_resnet18_tf_0.03_0.1/nested_cv_random/resnet18/repeat_10_fold_5_metrics.csv,7,5,resnet18,"(0.03, 0.1]",C3,PPV at 98% Specificity,1
/scratchc/nrlab/wang04/ulyses_results_iteration/iteration_3_merge_below_3/cnn_model/cnn14/plasma_tp1_0.1x_model_C3/roc_curve_resnet18_tf_0.03_0.1/nested_cv_random/resnet18/repeat_10_fold_5_metrics.csv,7,5,resnet18,"(0.03, 0.1]",C3,Accuracy at 98% Specificity,0.8233333333333333
/scratchc/nrlab/wang04/ulyses_results_iteration/iteration_3_merge_below_3/cnn_model/cnn14/plasma_tp1_0.1x_model_C3/roc_curve_resnet18_tf_0.03_0.1/nested_cv_random/resnet18/repeat_10_fold_5_metrics.csv,7,5,resnet18,"(0.03, 0.1]",C3,F1 at 98% Specificity,0.8
/scratchc/nrlab/wang04/ulyses_results_iteration/iteration_3_merge_below_3/cnn_model/cnn14/plasma_tp1_0.1x_model_C3/roc_curve_resnet18_tf_0.03_0.1/nested_cv_random/resnet18/repeat_10_fold_5_metrics.csv,7,5,resnet18,"(0.03, 0.1]",C3,Sensitivity at 95% Specificity,0.7435897435897436
/scratchc/nrlab/wang04/ulyses_results_iteration/iteration_3_merge_below_3/cnn_model/cnn14/plasma_tp1_0.1x_model_C3/roc_curve_resnet18_tf_0.03_0.1/nested_cv_random/resnet18/repeat_10_fold_5_metrics.csv,7,5,resnet18,"(0.03, 0.1]",C3,PPV at 95% Specificity,0.9666666666666668
/scratchc/nrlab/wang04/ulyses_results_iteration/iteration_3_merge_below_3/cnn_model/cnn14/plasma_tp1_0.1x_model_C3/roc_curve_resnet18_tf_0.03_0.1/nested_cv_random/resnet18/repeat_10_fold_5_metrics.csv,7,5,resnet18,"(0.03, 0.1]",C3,Accuracy at 95% Specificity,0.8391335814722911
/scratchc/nrlab/wang04/ulyses_results_iteration/iteration_3_merge_below_3/cnn_model/cnn14/plasma_tp1_0.1x_model_C3/roc_curve_resnet18_tf_0.03_0.1/nested_cv_random/resnet18/repeat_10_fold_5_metrics.csv,7,5,resnet18,"(0.03, 0.1]",C3,F1 at 95% Specificity,0.8405797101449275
/scratchc/nrlab/wang04/ulyses_results_iteration/iteration_3_merge_below_3/cnn_model/cnn14/plasma_tp1_0.1x_model_C3/roc_curve_resnet18_tf_0.03_0.1/nested_cv_random/resnet18/repeat_10_fold_5_metrics.csv,8,1,resnet18,"(0.03, 0.1]",C3,AUROC,0.9562289562289562
/scratchc/nrlab/wang04/ulyses_results_iteration/iteration_3_merge_below_3/cnn_model/cnn14/plasma_tp1_0.1x_model_C3/roc_curve_resnet18_tf_0.03_0.1/nested_cv_random/resnet18/repeat_10_fold_5_metrics.csv,8,1,resnet18,"(0.03, 0.1]",C3,AUPRC,0.9529671117418383
/scratchc/nrlab/wang04/ulyses_results_iteration/iteration_3_merge_below_3/cnn_model/cnn14/plasma_tp1_0.1x_model_C3/roc_curve_resnet18_tf_0.03_0.1/nested_cv_random/resnet18/repeat_10_fold_5_metrics.csv,8,1,resnet18,"(0.03, 0.1]",C3,Sensitivity at 99% Specificity,0.6944444444444444
/scratchc/nrlab/wang04/ulyses_results_iteration/iteration_3_merge_below_3/cnn_model/cnn14/plasma_tp1_0.1x_model_C3/roc_curve_resnet18_tf_0.03_0.1/nested_cv_random/resnet18/repeat_10_fold_5_metrics.csv,8,1,resnet18,"(0.03, 0.1]",C3,PPV at 99% Specificity,1
/scratchc/nrlab/wang04/ulyses_results_iteration/iteration_3_merge_below_3/cnn_model/cnn14/plasma_tp1_0.1x_model_C3/roc_curve_resnet18_tf_0.03_0.1/nested_cv_random/resnet18/repeat_10_fold_5_metrics.csv,8,1,resnet18,"(0.03, 0.1]",C3,Accuracy at 99% Specificity,0.8422222222222222
/scratchc/nrlab/wang04/ulyses_results_iteration/iteration_3_merge_below_3/cnn_model/cnn14/plasma_tp1_0.1x_model_C3/roc_curve_resnet18_tf_0.03_0.1/nested_cv_random/resnet18/repeat_10_fold_5_metrics.csv,8,1,resnet18,"(0.03, 0.1]",C3,F1 at 99% Specificity,0.819672131147541
/scratchc/nrlab/wang04/ulyses_results_iteration/iteration_3_merge_below_3/cnn_model/cnn14/plasma_tp1_0.1x_model_C3/roc_curve_resnet18_tf_0.03_0.1/nested_cv_random/resnet18/repeat_10_fold_5_metrics.csv,8,1,resnet18,"(0.03, 0.1]",C3,Sensitivity at 98% Specificity,0.6944444444444444
/scratchc/nrlab/wang04/ulyses_results_iteration/iteration_3_merge_below_3/cnn_model/cnn14/plasma_tp1_0.1x_model_C3/roc_curve_resnet18_tf_0.03_0.1/nested_cv_random/resnet18/repeat_10_fold_5_metrics.csv,8,1,resnet18,"(0.03, 0.1]",C3,PPV at 98% Specificity,1
/scratchc/nrlab/wang04/ulyses_results_iteration/iteration_3_merge_below_3/cnn_model/cnn14/plasma_tp1_0.1x_model_C3/roc_curve_resnet18_tf_0.03_0.1/nested_cv_random/resnet18/repeat_10_fold_5_metrics.csv,8,1,resnet18,"(0.03, 0.1]",C3,Accuracy at 98% Specificity,0.8372222222222222
/scratchc/nrlab/wang04/ulyses_results_iteration/iteration_3_merge_below_3/cnn_model/cnn14/plasma_tp1_0.1x_model_C3/roc_curve_resnet18_tf_0.03_0.1/nested_cv_random/resnet18/repeat_10_fold_5_metrics.csv,8,1,resnet18,"(0.03, 0.1]",C3,F1 at 98% Specificity,0.819672131147541
/scratchc/nrlab/wang04/ulyses_results_iteration/iteration_3_merge_below_3/cnn_model/cnn14/plasma_tp1_0.1x_model_C3/roc_curve_resnet18_tf_0.03_0.1/nested_cv_random/resnet18/repeat_10_fold_5_metrics.csv,8,1,resnet18,"(0.03, 0.1]",C3,Sensitivity at 95% Specificity,0.8611111111111112
/scratchc/nrlab/wang04/ulyses_results_iteration/iteration_3_merge_below_3/cnn_model/cnn14/plasma_tp1_0.1x_model_C3/roc_curve_resnet18_tf_0.03_0.1/nested_cv_random/resnet18/repeat_10_fold_5_metrics.csv,8,1,resnet18,"(0.03, 0.1]",C3,PPV at 95% Specificity,0.9393939393939394
/scratchc/nrlab/wang04/ulyses_results_iteration/iteration_3_merge_below_3/cnn_model/cnn14/plasma_tp1_0.1x_model_C3/roc_curve_resnet18_tf_0.03_0.1/nested_cv_random/resnet18/repeat_10_fold_5_metrics.csv,8,1,resnet18,"(0.03, 0.1]",C3,Accuracy at 95% Specificity,0.8911616161616162
/scratchc/nrlab/wang04/ulyses_results_iteration/iteration_3_merge_below_3/cnn_model/cnn14/plasma_tp1_0.1x_model_C3/roc_curve_resnet18_tf_0.03_0.1/nested_cv_random/resnet18/repeat_10_fold_5_metrics.csv,8,1,resnet18,"(0.03, 0.1]",C3,F1 at 95% Specificity,0.8985507246376812
/scratchc/nrlab/wang04/ulyses_results_iteration/iteration_3_merge_below_3/cnn_model/cnn14/plasma_tp1_0.1x_model_C3/roc_curve_resnet18_tf_0.03_0.1/nested_cv_random/resnet18/repeat_10_fold_5_metrics.csv,8,3,resnet18,"(0.03, 0.1]",C3,AUROC,0.9752136752136752
/scratchc/nrlab/wang04/ulyses_results_iteration/iteration_3_merge_below_3/cnn_model/cnn14/plasma_tp1_0.1x_model_C3/roc_curve_resnet18_tf_0.03_0.1/nested_cv_random/resnet18/repeat_10_fold_5_metrics.csv,8,3,resnet18,"(0.03, 0.1]",C3,AUPRC,0.9606472444093018
/scratchc/nrlab/wang04/ulyses_results_iteration/iteration_3_merge_below_3/cnn_model/cnn14/plasma_tp1_0.1x_model_C3/roc_curve_resnet18_tf_0.03_0.1/nested_cv_random/resnet18/repeat_10_fold_5_metrics.csv,8,3,resnet18,"(0.03, 0.1]",C3,Sensitivity at 99% Specificity,0.75
/scratchc/nrlab/wang04/ulyses_results_iteration/iteration_3_merge_below_3/cnn_model/cnn14/plasma_tp1_0.1x_model_C3/roc_curve_resnet18_tf_0.03_0.1/nested_cv_random/resnet18/repeat_10_fold_5_metrics.csv,8,3,resnet18,"(0.03, 0.1]",C3,PPV at 99% Specificity,1
/scratchc/nrlab/wang04/ulyses_results_iteration/iteration_3_merge_below_3/cnn_model/cnn14/plasma_tp1_0.1x_model_C3/roc_curve_resnet18_tf_0.03_0.1/nested_cv_random/resnet18/repeat_10_fold_5_metrics.csv,8,3,resnet18,"(0.03, 0.1]",C3,Accuracy at 99% Specificity,0.87
/scratchc/nrlab/wang04/ulyses_results_iteration/iteration_3_merge_below_3/cnn_model/cnn14/plasma_tp1_0.1x_model_C3/roc_curve_resnet18_tf_0.03_0.1/nested_cv_random/resnet18/repeat_10_fold_5_metrics.csv,8,3,resnet18,"(0.03, 0.1]",C3,F1 at 99% Specificity,0.8571428571428571
/scratchc/nrlab/wang04/ulyses_results_iteration/iteration_3_merge_below_3/cnn_model/cnn14/plasma_tp1_0.1x_model_C3/roc_curve_resnet18_tf_0.03_0.1/nested_cv_random/resnet18/repeat_10_fold_5_metrics.csv,8,3,resnet18,"(0.03, 0.1]",C3,Sensitivity at 98% Specificity,0.75
/scratchc/nrlab/wang04/ulyses_results_iteration/iteration_3_merge_below_3/cnn_model/cnn14/plasma_tp1_0.1x_model_C3/roc_curve_resnet18_tf_0.03_0.1/nested_cv_random/resnet18/repeat_10_fold_5_metrics.csv,8,3,resnet18,"(0.03, 0.1]",C3,PPV at 98% Specificity,1
/scratchc/nrlab/wang04/ulyses_results_iteration/iteration_3_merge_below_3/cnn_model/cnn14/plasma_tp1_0.1x_model_C3/roc_curve_resnet18_tf_0.03_0.1/nested_cv_random/resnet18/repeat_10_fold_5_metrics.csv,8,3,resnet18,"(0.03, 0.1]",C3,Accuracy at 98% Specificity,0.865
/scratchc/nrlab/wang04/ulyses_results_iteration/iteration_3_merge_below_3/cnn_model/cnn14/plasma_tp1_0.1x_model_C3/roc_curve_resnet18_tf_0.03_0.1/nested_cv_random/resnet18/repeat_10_fold_5_metrics.csv,8,3,resnet18,"(0.03, 0.1]",C3,F1 at 98% Specificity,0.8571428571428571
/scratchc/nrlab/wang04/ulyses_results_iteration/iteration_3_merge_below_3/cnn_model/cnn14/plasma_tp1_0.1x_model_C3/roc_curve_resnet18_tf_0.03_0.1/nested_cv_random/resnet18/repeat_10_fold_5_metrics.csv,8,3,resnet18,"(0.03, 0.1]",C3,Sensitivity at 95% Specificity,0.75
/scratchc/nrlab/wang04/ulyses_results_iteration/iteration_3_merge_below_3/cnn_model/cnn14/plasma_tp1_0.1x_model_C3/roc_curve_resnet18_tf_0.03_0.1/nested_cv_random/resnet18/repeat_10_fold_5_metrics.csv,8,3,resnet18,"(0.03, 0.1]",C3,PPV at 95% Specificity,1
/scratchc/nrlab/wang04/ulyses_results_iteration/iteration_3_merge_below_3/cnn_model/cnn14/plasma_tp1_0.1x_model_C3/roc_curve_resnet18_tf_0.03_0.1/nested_cv_random/resnet18/repeat_10_fold_5_metrics.csv,8,3,resnet18,"(0.03, 0.1]",C3,Accuracy at 95% Specificity,0.85
/scratchc/nrlab/wang04/ulyses_results_iteration/iteration_3_merge_below_3/cnn_model/cnn14/plasma_tp1_0.1x_model_C3/roc_curve_resnet18_tf_0.03_0.1/nested_cv_random/resnet18/repeat_10_fold_5_metrics.csv,8,3,resnet18,"(0.03, 0.1]",C3,F1 at 95% Specificity,0.8571428571428571
/scratchc/nrlab/wang04/ulyses_results_iteration/iteration_3_merge_below_3/cnn_model/cnn14/plasma_tp1_0.1x_model_C3/roc_curve_resnet18_tf_0.03_0.1/nested_cv_random/resnet18/repeat_10_fold_5_metrics.csv,8,4,resnet18,"(0.03, 0.1]",C3,AUROC,0.9190476190476192
/scratchc/nrlab/wang04/ulyses_results_iteration/iteration_3_merge_below_3/cnn_model/cnn14/plasma_tp1_0.1x_model_C3/roc_curve_resnet18_tf_0.03_0.1/nested_cv_random/resnet18/repeat_10_fold_5_metrics.csv,8,4,resnet18,"(0.03, 0.1]",C3,AUPRC,0.9062599045992396
/scratchc/nrlab/wang04/ulyses_results_iteration/iteration_3_merge_below_3/cnn_model/cnn14/plasma_tp1_0.1x_model_C3/roc_curve_resnet18_tf_0.03_0.1/nested_cv_random/resnet18/repeat_10_fold_5_metrics.csv,8,4,resnet18,"(0.03, 0.1]",C3,Sensitivity at 99% Specificity,0.5714285714285714
/scratchc/nrlab/wang04/ulyses_results_iteration/iteration_3_merge_below_3/cnn_model/cnn14/plasma_tp1_0.1x_model_C3/roc_curve_resnet18_tf_0.03_0.1/nested_cv_random/resnet18/repeat_10_fold_5_metrics.csv,8,4,resnet18,"(0.03, 0.1]",C3,PPV at 99% Specificity,1
/scratchc/nrlab/wang04/ulyses_results_iteration/iteration_3_merge_below_3/cnn_model/cnn14/plasma_tp1_0.1x_model_C3/roc_curve_resnet18_tf_0.03_0.1/nested_cv_random/resnet18/repeat_10_fold_5_metrics.csv,8,4,resnet18,"(0.03, 0.1]",C3,Accuracy at 99% Specificity,0.7807142857142857
/scratchc/nrlab/wang04/ulyses_results_iteration/iteration_3_merge_below_3/cnn_model/cnn14/plasma_tp1_0.1x_model_C3/roc_curve_resnet18_tf_0.03_0.1/nested_cv_random/resnet18/repeat_10_fold_5_metrics.csv,8,4,resnet18,"(0.03, 0.1]",C3,F1 at 99% Specificity,0.7272727272727273
/scratchc/nrlab/wang04/ulyses_results_iteration/iteration_3_merge_below_3/cnn_model/cnn14/plasma_tp1_0.1x_model_C3/roc_curve_resnet18_tf_0.03_0.1/nested_cv_random/resnet18/repeat_10_fold_5_metrics.csv,8,4,resnet18,"(0.03, 0.1]",C3,Sensitivity at 98% Specificity,0.5714285714285714
/scratchc/nrlab/wang04/ulyses_results_iteration/iteration_3_merge_below_3/cnn_model/cnn14/plasma_tp1_0.1x_model_C3/roc_curve_resnet18_tf_0.03_0.1/nested_cv_random/resnet18/repeat_10_fold_5_metrics.csv,8,4,resnet18,"(0.03, 0.1]",C3,PPV at 98% Specificity,1
/scratchc/nrlab/wang04/ulyses_results_iteration/iteration_3_merge_below_3/cnn_model/cnn14/plasma_tp1_0.1x_model_C3/roc_curve_resnet18_tf_0.03_0.1/nested_cv_random/resnet18/repeat_10_fold_5_metrics.csv,8,4,resnet18,"(0.03, 0.1]",C3,Accuracy at 98% Specificity,0.7757142857142857
/scratchc/nrlab/wang04/ulyses_results_iteration/iteration_3_merge_below_3/cnn_model/cnn14/plasma_tp1_0.1x_model_C3/roc_curve_resnet18_tf_0.03_0.1/nested_cv_random/resnet18/repeat_10_fold_5_metrics.csv,8,4,resnet18,"(0.03, 0.1]",C3,F1 at 98% Specificity,0.7272727272727273
/scratchc/nrlab/wang04/ulyses_results_iteration/iteration_3_merge_below_3/cnn_model/cnn14/plasma_tp1_0.1x_model_C3/roc_curve_resnet18_tf_0.03_0.1/nested_cv_random/resnet18/repeat_10_fold_5_metrics.csv,8,4,resnet18,"(0.03, 0.1]",C3,Sensitivity at 95% Specificity,0.7714285714285715
/scratchc/nrlab/wang04/ulyses_results_iteration/iteration_3_merge_below_3/cnn_model/cnn14/plasma_tp1_0.1x_model_C3/roc_curve_resnet18_tf_0.03_0.1/nested_cv_random/resnet18/repeat_10_fold_5_metrics.csv,8,4,resnet18,"(0.03, 0.1]",C3,PPV at 95% Specificity,0.9
/scratchc/nrlab/wang04/ulyses_results_iteration/iteration_3_merge_below_3/cnn_model/cnn14/plasma_tp1_0.1x_model_C3/roc_curve_resnet18_tf_0.03_0.1/nested_cv_random/resnet18/repeat_10_fold_5_metrics.csv,8,4,resnet18,"(0.03, 0.1]",C3,Accuracy at 95% Specificity,0.8391233766233767
/scratchc/nrlab/wang04/ulyses_results_iteration/iteration_3_merge_below_3/cnn_model/cnn14/plasma_tp1_0.1x_model_C3/roc_curve_resnet18_tf_0.03_0.1/nested_cv_random/resnet18/repeat_10_fold_5_metrics.csv,8,4,resnet18,"(0.03, 0.1]",C3,F1 at 95% Specificity,0.8307692307692308
/scratchc/nrlab/wang04/ulyses_results_iteration/iteration_3_merge_below_3/cnn_model/cnn14/plasma_tp1_0.1x_model_C3/roc_curve_resnet18_tf_0.03_0.1/nested_cv_random/resnet18/repeat_10_fold_5_metrics.csv,8,5,resnet18,"(0.03, 0.1]",C3,AUROC,0.9016047297297298
/scratchc/nrlab/wang04/ulyses_results_iteration/iteration_3_merge_below_3/cnn_model/cnn14/plasma_tp1_0.1x_model_C3/roc_curve_resnet18_tf_0.03_0.1/nested_cv_random/resnet18/repeat_10_fold_5_metrics.csv,8,5,resnet18,"(0.03, 0.1]",C3,AUPRC,0.8959526970975003
/scratchc/nrlab/wang04/ulyses_results_iteration/iteration_3_merge_below_3/cnn_model/cnn14/plasma_tp1_0.1x_model_C3/roc_curve_resnet18_tf_0.03_0.1/nested_cv_random/resnet18/repeat_10_fold_5_metrics.csv,8,5,resnet18,"(0.03, 0.1]",C3,Sensitivity at 99% Specificity,0.5675675675675675
/scratchc/nrlab/wang04/ulyses_results_iteration/iteration_3_merge_below_3/cnn_model/cnn14/plasma_tp1_0.1x_model_C3/roc_curve_resnet18_tf_0.03_0.1/nested_cv_random/resnet18/repeat_10_fold_5_metrics.csv,8,5,resnet18,"(0.03, 0.1]",C3,PPV at 99% Specificity,1
/scratchc/nrlab/wang04/ulyses_results_iteration/iteration_3_merge_below_3/cnn_model/cnn14/plasma_tp1_0.1x_model_C3/roc_curve_resnet18_tf_0.03_0.1/nested_cv_random/resnet18/repeat_10_fold_5_metrics.csv,8,5,resnet18,"(0.03, 0.1]",C3,Accuracy at 99% Specificity,0.7787837837837838
/scratchc/nrlab/wang04/ulyses_results_iteration/iteration_3_merge_below_3/cnn_model/cnn14/plasma_tp1_0.1x_model_C3/roc_curve_resnet18_tf_0.03_0.1/nested_cv_random/resnet18/repeat_10_fold_5_metrics.csv,8,5,resnet18,"(0.03, 0.1]",C3,F1 at 99% Specificity,0.7241379310344828
/scratchc/nrlab/wang04/ulyses_results_iteration/iteration_3_merge_below_3/cnn_model/cnn14/plasma_tp1_0.1x_model_C3/roc_curve_resnet18_tf_0.03_0.1/nested_cv_random/resnet18/repeat_10_fold_5_metrics.csv,8,5,resnet18,"(0.03, 0.1]",C3,Sensitivity at 98% Specificity,0.5675675675675675
/scratchc/nrlab/wang04/ulyses_results_iteration/iteration_3_merge_below_3/cnn_model/cnn14/plasma_tp1_0.1x_model_C3/roc_curve_resnet18_tf_0.03_0.1/nested_cv_random/resnet18/repeat_10_fold_5_metrics.csv,8,5,resnet18,"(0.03, 0.1]",C3,PPV at 98% Specificity,1
/scratchc/nrlab/wang04/ulyses_results_iteration/iteration_3_merge_below_3/cnn_model/cnn14/plasma_tp1_0.1x_model_C3/roc_curve_resnet18_tf_0.03_0.1/nested_cv_random/resnet18/repeat_10_fold_5_metrics.csv,8,5,resnet18,"(0.03, 0.1]",C3,Accuracy at 98% Specificity,0.7737837837837838
/scratchc/nrlab/wang04/ulyses_results_iteration/iteration_3_merge_below_3/cnn_model/cnn14/plasma_tp1_0.1x_model_C3/roc_curve_resnet18_tf_0.03_0.1/nested_cv_random/resnet18/repeat_10_fold_5_metrics.csv,8,5,resnet18,"(0.03, 0.1]",C3,F1 at 98% Specificity,0.7241379310344828
/scratchc/nrlab/wang04/ulyses_results_iteration/iteration_3_merge_below_3/cnn_model/cnn14/plasma_tp1_0.1x_model_C3/roc_curve_resnet18_tf_0.03_0.1/nested_cv_random/resnet18/repeat_10_fold_5_metrics.csv,8,5,resnet18,"(0.03, 0.1]",C3,Sensitivity at 95% Specificity,0.7027027027027027
/scratchc/nrlab/wang04/ulyses_results_iteration/iteration_3_merge_below_3/cnn_model/cnn14/plasma_tp1_0.1x_model_C3/roc_curve_resnet18_tf_0.03_0.1/nested_cv_random/resnet18/repeat_10_fold_5_metrics.csv,8,5,resnet18,"(0.03, 0.1]",C3,PPV at 95% Specificity,0.9285714285714286
/scratchc/nrlab/wang04/ulyses_results_iteration/iteration_3_merge_below_3/cnn_model/cnn14/plasma_tp1_0.1x_model_C3/roc_curve_resnet18_tf_0.03_0.1/nested_cv_random/resnet18/repeat_10_fold_5_metrics.csv,8,5,resnet18,"(0.03, 0.1]",C3,Accuracy at 95% Specificity,0.8115076013513514
/scratchc/nrlab/wang04/ulyses_results_iteration/iteration_3_merge_below_3/cnn_model/cnn14/plasma_tp1_0.1x_model_C3/roc_curve_resnet18_tf_0.03_0.1/nested_cv_random/resnet18/repeat_10_fold_5_metrics.csv,8,5,resnet18,"(0.03, 0.1]",C3,F1 at 95% Specificity,0.8
/scratchc/nrlab/wang04/ulyses_results_iteration/iteration_3_merge_below_3/cnn_model/cnn14/plasma_tp1_0.1x_model_C3/roc_curve_resnet18_tf_0.03_0.1/nested_cv_random/resnet18/repeat_10_fold_5_metrics.csv,9,1,resnet18,"(0.03, 0.1]",C3,AUROC,0.9563148788927336
/scratchc/nrlab/wang04/ulyses_results_iteration/iteration_3_merge_below_3/cnn_model/cnn14/plasma_tp1_0.1x_model_C3/roc_curve_resnet18_tf_0.03_0.1/nested_cv_random/resnet18/repeat_10_fold_5_metrics.csv,9,1,resnet18,"(0.03, 0.1]",C3,AUPRC,0.9441704932066082
/scratchc/nrlab/wang04/ulyses_results_iteration/iteration_3_merge_below_3/cnn_model/cnn14/plasma_tp1_0.1x_model_C3/roc_curve_resnet18_tf_0.03_0.1/nested_cv_random/resnet18/repeat_10_fold_5_metrics.csv,9,1,resnet18,"(0.03, 0.1]",C3,Sensitivity at 99% Specificity,0.6764705882352942
/scratchc/nrlab/wang04/ulyses_results_iteration/iteration_3_merge_below_3/cnn_model/cnn14/plasma_tp1_0.1x_model_C3/roc_curve_resnet18_tf_0.03_0.1/nested_cv_random/resnet18/repeat_10_fold_5_metrics.csv,9,1,resnet18,"(0.03, 0.1]",C3,PPV at 99% Specificity,1
/scratchc/nrlab/wang04/ulyses_results_iteration/iteration_3_merge_below_3/cnn_model/cnn14/plasma_tp1_0.1x_model_C3/roc_curve_resnet18_tf_0.03_0.1/nested_cv_random/resnet18/repeat_10_fold_5_metrics.csv,9,1,resnet18,"(0.03, 0.1]",C3,Accuracy at 99% Specificity,0.8332352941176471
/scratchc/nrlab/wang04/ulyses_results_iteration/iteration_3_merge_below_3/cnn_model/cnn14/plasma_tp1_0.1x_model_C3/roc_curve_resnet18_tf_0.03_0.1/nested_cv_random/resnet18/repeat_10_fold_5_metrics.csv,9,1,resnet18,"(0.03, 0.1]",C3,F1 at 99% Specificity,0.8070175438596491
/scratchc/nrlab/wang04/ulyses_results_iteration/iteration_3_merge_below_3/cnn_model/cnn14/plasma_tp1_0.1x_model_C3/roc_curve_resnet18_tf_0.03_0.1/nested_cv_random/resnet18/repeat_10_fold_5_metrics.csv,9,1,resnet18,"(0.03, 0.1]",C3,Sensitivity at 98% Specificity,0.6764705882352942
/scratchc/nrlab/wang04/ulyses_results_iteration/iteration_3_merge_below_3/cnn_model/cnn14/plasma_tp1_0.1x_model_C3/roc_curve_resnet18_tf_0.03_0.1/nested_cv_random/resnet18/repeat_10_fold_5_metrics.csv,9,1,resnet18,"(0.03, 0.1]",C3,PPV at 98% Specificity,1
/scratchc/nrlab/wang04/ulyses_results_iteration/iteration_3_merge_below_3/cnn_model/cnn14/plasma_tp1_0.1x_model_C3/roc_curve_resnet18_tf_0.03_0.1/nested_cv_random/resnet18/repeat_10_fold_5_metrics.csv,9,1,resnet18,"(0.03, 0.1]",C3,Accuracy at 98% Specificity,0.8282352941176471
/scratchc/nrlab/wang04/ulyses_results_iteration/iteration_3_merge_below_3/cnn_model/cnn14/plasma_tp1_0.1x_model_C3/roc_curve_resnet18_tf_0.03_0.1/nested_cv_random/resnet18/repeat_10_fold_5_metrics.csv,9,1,resnet18,"(0.03, 0.1]",C3,F1 at 98% Specificity,0.8070175438596491
/scratchc/nrlab/wang04/ulyses_results_iteration/iteration_3_merge_below_3/cnn_model/cnn14/plasma_tp1_0.1x_model_C3/roc_curve_resnet18_tf_0.03_0.1/nested_cv_random/resnet18/repeat_10_fold_5_metrics.csv,9,1,resnet18,"(0.03, 0.1]",C3,Sensitivity at 95% Specificity,0.7941176470588235
/scratchc/nrlab/wang04/ulyses_results_iteration/iteration_3_merge_below_3/cnn_model/cnn14/plasma_tp1_0.1x_model_C3/roc_curve_resnet18_tf_0.03_0.1/nested_cv_random/resnet18/repeat_10_fold_5_metrics.csv,9,1,resnet18,"(0.03, 0.1]",C3,PPV at 95% Specificity,0.9310344827586208
/scratchc/nrlab/wang04/ulyses_results_iteration/iteration_3_merge_below_3/cnn_model/cnn14/plasma_tp1_0.1x_model_C3/roc_curve_resnet18_tf_0.03_0.1/nested_cv_random/resnet18/repeat_10_fold_5_metrics.csv,9,1,resnet18,"(0.03, 0.1]",C3,Accuracy at 95% Specificity,0.8580882352941176
/scratchc/nrlab/wang04/ulyses_results_iteration/iteration_3_merge_below_3/cnn_model/cnn14/plasma_tp1_0.1x_model_C3/roc_curve_resnet18_tf_0.03_0.1/nested_cv_random/resnet18/repeat_10_fold_5_metrics.csv,9,1,resnet18,"(0.03, 0.1]",C3,F1 at 95% Specificity,0.8571428571428571
/scratchc/nrlab/wang04/ulyses_results_iteration/iteration_3_merge_below_3/cnn_model/cnn14/plasma_tp1_0.1x_model_C3/roc_curve_resnet18_tf_0.03_0.1/nested_cv_random/resnet18/repeat_10_fold_5_metrics.csv,9,2,resnet18,"(0.03, 0.1]",C3,AUROC,0.9492753623188406
/scratchc/nrlab/wang04/ulyses_results_iteration/iteration_3_merge_below_3/cnn_model/cnn14/plasma_tp1_0.1x_model_C3/roc_curve_resnet18_tf_0.03_0.1/nested_cv_random/resnet18/repeat_10_fold_5_metrics.csv,9,2,resnet18,"(0.03, 0.1]",C3,AUPRC,0.9344039052149566
/scratchc/nrlab/wang04/ulyses_results_iteration/iteration_3_merge_below_3/cnn_model/cnn14/plasma_tp1_0.1x_model_C3/roc_curve_resnet18_tf_0.03_0.1/nested_cv_random/resnet18/repeat_10_fold_5_metrics.csv,9,2,resnet18,"(0.03, 0.1]",C3,Sensitivity at 99% Specificity,0.6875
/scratchc/nrlab/wang04/ulyses_results_iteration/iteration_3_merge_below_3/cnn_model/cnn14/plasma_tp1_0.1x_model_C3/roc_curve_resnet18_tf_0.03_0.1/nested_cv_random/resnet18/repeat_10_fold_5_metrics.csv,9,2,resnet18,"(0.03, 0.1]",C3,PPV at 99% Specificity,1
/scratchc/nrlab/wang04/ulyses_results_iteration/iteration_3_merge_below_3/cnn_model/cnn14/plasma_tp1_0.1x_model_C3/roc_curve_resnet18_tf_0.03_0.1/nested_cv_random/resnet18/repeat_10_fold_5_metrics.csv,9,2,resnet18,"(0.03, 0.1]",C3,Accuracy at 99% Specificity,0.83875
/scratchc/nrlab/wang04/ulyses_results_iteration/iteration_3_merge_below_3/cnn_model/cnn14/plasma_tp1_0.1x_model_C3/roc_curve_resnet18_tf_0.03_0.1/nested_cv_random/resnet18/repeat_10_fold_5_metrics.csv,9,2,resnet18,"(0.03, 0.1]",C3,F1 at 99% Specificity,0.8148148148148148
/scratchc/nrlab/wang04/ulyses_results_iteration/iteration_3_merge_below_3/cnn_model/cnn14/plasma_tp1_0.1x_model_C3/roc_curve_resnet18_tf_0.03_0.1/nested_cv_random/resnet18/repeat_10_fold_5_metrics.csv,9,2,resnet18,"(0.03, 0.1]",C3,Sensitivity at 98% Specificity,0.6875
/scratchc/nrlab/wang04/ulyses_results_iteration/iteration_3_merge_below_3/cnn_model/cnn14/plasma_tp1_0.1x_model_C3/roc_curve_resnet18_tf_0.03_0.1/nested_cv_random/resnet18/repeat_10_fold_5_metrics.csv,9,2,resnet18,"(0.03, 0.1]",C3,PPV at 98% Specificity,1
/scratchc/nrlab/wang04/ulyses_results_iteration/iteration_3_merge_below_3/cnn_model/cnn14/plasma_tp1_0.1x_model_C3/roc_curve_resnet18_tf_0.03_0.1/nested_cv_random/resnet18/repeat_10_fold_5_metrics.csv,9,2,resnet18,"(0.03, 0.1]",C3,Accuracy at 98% Specificity,0.83375
/scratchc/nrlab/wang04/ulyses_results_iteration/iteration_3_merge_below_3/cnn_model/cnn14/plasma_tp1_0.1x_model_C3/roc_curve_resnet18_tf_0.03_0.1/nested_cv_random/resnet18/repeat_10_fold_5_metrics.csv,9,2,resnet18,"(0.03, 0.1]",C3,F1 at 98% Specificity,0.8148148148148148
/scratchc/nrlab/wang04/ulyses_results_iteration/iteration_3_merge_below_3/cnn_model/cnn14/plasma_tp1_0.1x_model_C3/roc_curve_resnet18_tf_0.03_0.1/nested_cv_random/resnet18/repeat_10_fold_5_metrics.csv,9,2,resnet18,"(0.03, 0.1]",C3,Sensitivity at 95% Specificity,0.84375
/scratchc/nrlab/wang04/ulyses_results_iteration/iteration_3_merge_below_3/cnn_model/cnn14/plasma_tp1_0.1x_model_C3/roc_curve_resnet18_tf_0.03_0.1/nested_cv_random/resnet18/repeat_10_fold_5_metrics.csv,9,2,resnet18,"(0.03, 0.1]",C3,PPV at 95% Specificity,0.8709677419354839
/scratchc/nrlab/wang04/ulyses_results_iteration/iteration_3_merge_below_3/cnn_model/cnn14/plasma_tp1_0.1x_model_C3/roc_curve_resnet18_tf_0.03_0.1/nested_cv_random/resnet18/repeat_10_fold_5_metrics.csv,9,2,resnet18,"(0.03, 0.1]",C3,Accuracy at 95% Specificity,0.869338768115942
/scratchc/nrlab/wang04/ulyses_results_iteration/iteration_3_merge_below_3/cnn_model/cnn14/plasma_tp1_0.1x_model_C3/roc_curve_resnet18_tf_0.03_0.1/nested_cv_random/resnet18/repeat_10_fold_5_metrics.csv,9,2,resnet18,"(0.03, 0.1]",C3,F1 at 95% Specificity,0.8571428571428571
/scratchc/nrlab/wang04/ulyses_results_iteration/iteration_3_merge_below_3/cnn_model/cnn14/plasma_tp1_0.1x_model_C3/roc_curve_resnet18_tf_0.03_0.1/nested_cv_random/resnet18/repeat_10_fold_5_metrics.csv,9,3,resnet18,"(0.03, 0.1]",C3,AUROC,0.9487704918032788
/scratchc/nrlab/wang04/ulyses_results_iteration/iteration_3_merge_below_3/cnn_model/cnn14/plasma_tp1_0.1x_model_C3/roc_curve_resnet18_tf_0.03_0.1/nested_cv_random/resnet18/repeat_10_fold_5_metrics.csv,9,3,resnet18,"(0.03, 0.1]",C3,AUPRC,0.931926440542815
/scratchc/nrlab/wang04/ulyses_results_iteration/iteration_3_merge_below_3/cnn_model/cnn14/plasma_tp1_0.1x_model_C3/roc_curve_resnet18_tf_0.03_0.1/nested_cv_random/resnet18/repeat_10_fold_5_metrics.csv,9,3,resnet18,"(0.03, 0.1]",C3,Sensitivity at 99% Specificity,0.425
/scratchc/nrlab/wang04/ulyses_results_iteration/iteration_3_merge_below_3/cnn_model/cnn14/plasma_tp1_0.1x_model_C3/roc_curve_resnet18_tf_0.03_0.1/nested_cv_random/resnet18/repeat_10_fold_5_metrics.csv,9,3,resnet18,"(0.03, 0.1]",C3,PPV at 99% Specificity,1
/scratchc/nrlab/wang04/ulyses_results_iteration/iteration_3_merge_below_3/cnn_model/cnn14/plasma_tp1_0.1x_model_C3/roc_curve_resnet18_tf_0.03_0.1/nested_cv_random/resnet18/repeat_10_fold_5_metrics.csv,9,3,resnet18,"(0.03, 0.1]",C3,Accuracy at 99% Specificity,0.7075
/scratchc/nrlab/wang04/ulyses_results_iteration/iteration_3_merge_below_3/cnn_model/cnn14/plasma_tp1_0.1x_model_C3/roc_curve_resnet18_tf_0.03_0.1/nested_cv_random/resnet18/repeat_10_fold_5_metrics.csv,9,3,resnet18,"(0.03, 0.1]",C3,F1 at 99% Specificity,0.5964912280701754
/scratchc/nrlab/wang04/ulyses_results_iteration/iteration_3_merge_below_3/cnn_model/cnn14/plasma_tp1_0.1x_model_C3/roc_curve_resnet18_tf_0.03_0.1/nested_cv_random/resnet18/repeat_10_fold_5_metrics.csv,9,3,resnet18,"(0.03, 0.1]",C3,Sensitivity at 98% Specificity,0.425
/scratchc/nrlab/wang04/ulyses_results_iteration/iteration_3_merge_below_3/cnn_model/cnn14/plasma_tp1_0.1x_model_C3/roc_curve_resnet18_tf_0.03_0.1/nested_cv_random/resnet18/repeat_10_fold_5_metrics.csv,9,3,resnet18,"(0.03, 0.1]",C3,PPV at 98% Specificity,1
/scratchc/nrlab/wang04/ulyses_results_iteration/iteration_3_merge_below_3/cnn_model/cnn14/plasma_tp1_0.1x_model_C3/roc_curve_resnet18_tf_0.03_0.1/nested_cv_random/resnet18/repeat_10_fold_5_metrics.csv,9,3,resnet18,"(0.03, 0.1]",C3,Accuracy at 98% Specificity,0.7025
/scratchc/nrlab/wang04/ulyses_results_iteration/iteration_3_merge_below_3/cnn_model/cnn14/plasma_tp1_0.1x_model_C3/roc_curve_resnet18_tf_0.03_0.1/nested_cv_random/resnet18/repeat_10_fold_5_metrics.csv,9,3,resnet18,"(0.03, 0.1]",C3,F1 at 98% Specificity,0.5964912280701754
/scratchc/nrlab/wang04/ulyses_results_iteration/iteration_3_merge_below_3/cnn_model/cnn14/plasma_tp1_0.1x_model_C3/roc_curve_resnet18_tf_0.03_0.1/nested_cv_random/resnet18/repeat_10_fold_5_metrics.csv,9,3,resnet18,"(0.03, 0.1]",C3,Sensitivity at 95% Specificity,0.775
/scratchc/nrlab/wang04/ulyses_results_iteration/iteration_3_merge_below_3/cnn_model/cnn14/plasma_tp1_0.1x_model_C3/roc_curve_resnet18_tf_0.03_0.1/nested_cv_random/resnet18/repeat_10_fold_5_metrics.csv,9,3,resnet18,"(0.03, 0.1]",C3,PPV at 95% Specificity,0.9117647058823528
/scratchc/nrlab/wang04/ulyses_results_iteration/iteration_3_merge_below_3/cnn_model/cnn14/plasma_tp1_0.1x_model_C3/roc_curve_resnet18_tf_0.03_0.1/nested_cv_random/resnet18/repeat_10_fold_5_metrics.csv,9,3,resnet18,"(0.03, 0.1]",C3,Accuracy at 95% Specificity,0.839139344262295
/scratchc/nrlab/wang04/ulyses_results_iteration/iteration_3_merge_below_3/cnn_model/cnn14/plasma_tp1_0.1x_model_C3/roc_curve_resnet18_tf_0.03_0.1/nested_cv_random/resnet18/repeat_10_fold_5_metrics.csv,9,3,resnet18,"(0.03, 0.1]",C3,F1 at 95% Specificity,0.8378378378378378
/scratchc/nrlab/wang04/ulyses_results_iteration/iteration_3_merge_below_3/cnn_model/cnn14/plasma_tp1_0.1x_model_C3/roc_curve_resnet18_tf_0.03_0.1/nested_cv_random/resnet18/repeat_10_fold_5_metrics.csv,9,4,resnet18,"(0.03, 0.1]",C3,AUROC,0.9670940170940172
/scratchc/nrlab/wang04/ulyses_results_iteration/iteration_3_merge_below_3/cnn_model/cnn14/plasma_tp1_0.1x_model_C3/roc_curve_resnet18_tf_0.03_0.1/nested_cv_random/resnet18/repeat_10_fold_5_metrics.csv,9,4,resnet18,"(0.03, 0.1]",C3,AUPRC,0.9591924081339404
/scratchc/nrlab/wang04/ulyses_results_iteration/iteration_3_merge_below_3/cnn_model/cnn14/plasma_tp1_0.1x_model_C3/roc_curve_resnet18_tf_0.03_0.1/nested_cv_random/resnet18/repeat_10_fold_5_metrics.csv,9,4,resnet18,"(0.03, 0.1]",C3,Sensitivity at 99% Specificity,0.8333333333333334
/scratchc/nrlab/wang04/ulyses_results_iteration/iteration_3_merge_below_3/cnn_model/cnn14/plasma_tp1_0.1x_model_C3/roc_curve_resnet18_tf_0.03_0.1/nested_cv_random/resnet18/repeat_10_fold_5_metrics.csv,9,4,resnet18,"(0.03, 0.1]",C3,PPV at 99% Specificity,1
/scratchc/nrlab/wang04/ulyses_results_iteration/iteration_3_merge_below_3/cnn_model/cnn14/plasma_tp1_0.1x_model_C3/roc_curve_resnet18_tf_0.03_0.1/nested_cv_random/resnet18/repeat_10_fold_5_metrics.csv,9,4,resnet18,"(0.03, 0.1]",C3,Accuracy at 99% Specificity,0.9116666666666666
/scratchc/nrlab/wang04/ulyses_results_iteration/iteration_3_merge_below_3/cnn_model/cnn14/plasma_tp1_0.1x_model_C3/roc_curve_resnet18_tf_0.03_0.1/nested_cv_random/resnet18/repeat_10_fold_5_metrics.csv,9,4,resnet18,"(0.03, 0.1]",C3,F1 at 99% Specificity,0.9090909090909092
/scratchc/nrlab/wang04/ulyses_results_iteration/iteration_3_merge_below_3/cnn_model/cnn14/plasma_tp1_0.1x_model_C3/roc_curve_resnet18_tf_0.03_0.1/nested_cv_random/resnet18/repeat_10_fold_5_metrics.csv,9,4,resnet18,"(0.03, 0.1]",C3,Sensitivity at 98% Specificity,0.8333333333333334
/scratchc/nrlab/wang04/ulyses_results_iteration/iteration_3_merge_below_3/cnn_model/cnn14/plasma_tp1_0.1x_model_C3/roc_curve_resnet18_tf_0.03_0.1/nested_cv_random/resnet18/repeat_10_fold_5_metrics.csv,9,4,resnet18,"(0.03, 0.1]",C3,PPV at 98% Specificity,1
/scratchc/nrlab/wang04/ulyses_results_iteration/iteration_3_merge_below_3/cnn_model/cnn14/plasma_tp1_0.1x_model_C3/roc_curve_resnet18_tf_0.03_0.1/nested_cv_random/resnet18/repeat_10_fold_5_metrics.csv,9,4,resnet18,"(0.03, 0.1]",C3,Accuracy at 98% Specificity,0.9066666666666668
/scratchc/nrlab/wang04/ulyses_results_iteration/iteration_3_merge_below_3/cnn_model/cnn14/plasma_tp1_0.1x_model_C3/roc_curve_resnet18_tf_0.03_0.1/nested_cv_random/resnet18/repeat_10_fold_5_metrics.csv,9,4,resnet18,"(0.03, 0.1]",C3,F1 at 98% Specificity,0.9090909090909092
/scratchc/nrlab/wang04/ulyses_results_iteration/iteration_3_merge_below_3/cnn_model/cnn14/plasma_tp1_0.1x_model_C3/roc_curve_resnet18_tf_0.03_0.1/nested_cv_random/resnet18/repeat_10_fold_5_metrics.csv,9,4,resnet18,"(0.03, 0.1]",C3,Sensitivity at 95% Specificity,0.8611111111111112
/scratchc/nrlab/wang04/ulyses_results_iteration/iteration_3_merge_below_3/cnn_model/cnn14/plasma_tp1_0.1x_model_C3/roc_curve_resnet18_tf_0.03_0.1/nested_cv_random/resnet18/repeat_10_fold_5_metrics.csv,9,4,resnet18,"(0.03, 0.1]",C3,PPV at 95% Specificity,0.8857142857142857
/scratchc/nrlab/wang04/ulyses_results_iteration/iteration_3_merge_below_3/cnn_model/cnn14/plasma_tp1_0.1x_model_C3/roc_curve_resnet18_tf_0.03_0.1/nested_cv_random/resnet18/repeat_10_fold_5_metrics.csv,9,4,resnet18,"(0.03, 0.1]",C3,Accuracy at 95% Specificity,0.8763247863247863
/scratchc/nrlab/wang04/ulyses_results_iteration/iteration_3_merge_below_3/cnn_model/cnn14/plasma_tp1_0.1x_model_C3/roc_curve_resnet18_tf_0.03_0.1/nested_cv_random/resnet18/repeat_10_fold_5_metrics.csv,9,4,resnet18,"(0.03, 0.1]",C3,F1 at 95% Specificity,0.8732394366197183
/scratchc/nrlab/wang04/ulyses_results_iteration/iteration_3_merge_below_3/cnn_model/cnn14/plasma_tp1_0.1x_model_C3/roc_curve_resnet18_tf_0.03_0.1/nested_cv_random/resnet18/repeat_10_fold_5_metrics.csv,10,1,resnet18,"(0.03, 0.1]",C3,AUROC,0.9603411513859276
/scratchc/nrlab/wang04/ulyses_results_iteration/iteration_3_merge_below_3/cnn_model/cnn14/plasma_tp1_0.1x_model_C3/roc_curve_resnet18_tf_0.03_0.1/nested_cv_random/resnet18/repeat_10_fold_5_metrics.csv,10,1,resnet18,"(0.03, 0.1]",C3,AUPRC,0.936605650961074
/scratchc/nrlab/wang04/ulyses_results_iteration/iteration_3_merge_below_3/cnn_model/cnn14/plasma_tp1_0.1x_model_C3/roc_curve_resnet18_tf_0.03_0.1/nested_cv_random/resnet18/repeat_10_fold_5_metrics.csv,10,1,resnet18,"(0.03, 0.1]",C3,Sensitivity at 99% Specificity,0.45714285714285713
/scratchc/nrlab/wang04/ulyses_results_iteration/iteration_3_merge_below_3/cnn_model/cnn14/plasma_tp1_0.1x_model_C3/roc_curve_resnet18_tf_0.03_0.1/nested_cv_random/resnet18/repeat_10_fold_5_metrics.csv,10,1,resnet18,"(0.03, 0.1]",C3,PPV at 99% Specificity,1
/scratchc/nrlab/wang04/ulyses_results_iteration/iteration_3_merge_below_3/cnn_model/cnn14/plasma_tp1_0.1x_model_C3/roc_curve_resnet18_tf_0.03_0.1/nested_cv_random/resnet18/repeat_10_fold_5_metrics.csv,10,1,resnet18,"(0.03, 0.1]",C3,Accuracy at 99% Specificity,0.7235714285714285
/scratchc/nrlab/wang04/ulyses_results_iteration/iteration_3_merge_below_3/cnn_model/cnn14/plasma_tp1_0.1x_model_C3/roc_curve_resnet18_tf_0.03_0.1/nested_cv_random/resnet18/repeat_10_fold_5_metrics.csv,10,1,resnet18,"(0.03, 0.1]",C3,F1 at 99% Specificity,0.6274509803921569
/scratchc/nrlab/wang04/ulyses_results_iteration/iteration_3_merge_below_3/cnn_model/cnn14/plasma_tp1_0.1x_model_C3/roc_curve_resnet18_tf_0.03_0.1/nested_cv_random/resnet18/repeat_10_fold_5_metrics.csv,10,1,resnet18,"(0.03, 0.1]",C3,Sensitivity at 98% Specificity,0.45714285714285713
/scratchc/nrlab/wang04/ulyses_results_iteration/iteration_3_merge_below_3/cnn_model/cnn14/plasma_tp1_0.1x_model_C3/roc_curve_resnet18_tf_0.03_0.1/nested_cv_random/resnet18/repeat_10_fold_5_metrics.csv,10,1,resnet18,"(0.03, 0.1]",C3,PPV at 98% Specificity,1
/scratchc/nrlab/wang04/ulyses_results_iteration/iteration_3_merge_below_3/cnn_model/cnn14/plasma_tp1_0.1x_model_C3/roc_curve_resnet18_tf_0.03_0.1/nested_cv_random/resnet18/repeat_10_fold_5_metrics.csv,10,1,resnet18,"(0.03, 0.1]",C3,Accuracy at 98% Specificity,0.7185714285714285
/scratchc/nrlab/wang04/ulyses_results_iteration/iteration_3_merge_below_3/cnn_model/cnn14/plasma_tp1_0.1x_model_C3/roc_curve_resnet18_tf_0.03_0.1/nested_cv_random/resnet18/repeat_10_fold_5_metrics.csv,10,1,resnet18,"(0.03, 0.1]",C3,F1 at 98% Specificity,0.6274509803921569
/scratchc/nrlab/wang04/ulyses_results_iteration/iteration_3_merge_below_3/cnn_model/cnn14/plasma_tp1_0.1x_model_C3/roc_curve_resnet18_tf_0.03_0.1/nested_cv_random/resnet18/repeat_10_fold_5_metrics.csv,10,1,resnet18,"(0.03, 0.1]",C3,Sensitivity at 95% Specificity,0.7428571428571429
/scratchc/nrlab/wang04/ulyses_results_iteration/iteration_3_merge_below_3/cnn_model/cnn14/plasma_tp1_0.1x_model_C3/roc_curve_resnet18_tf_0.03_0.1/nested_cv_random/resnet18/repeat_10_fold_5_metrics.csv,10,1,resnet18,"(0.03, 0.1]",C3,PPV at 95% Specificity,0.9285714285714286
/scratchc/nrlab/wang04/ulyses_results_iteration/iteration_3_merge_below_3/cnn_model/cnn14/plasma_tp1_0.1x_model_C3/roc_curve_resnet18_tf_0.03_0.1/nested_cv_random/resnet18/repeat_10_fold_5_metrics.csv,10,1,resnet18,"(0.03, 0.1]",C3,Accuracy at 95% Specificity,0.8322494669509595
/scratchc/nrlab/wang04/ulyses_results_iteration/iteration_3_merge_below_3/cnn_model/cnn14/plasma_tp1_0.1x_model_C3/roc_curve_resnet18_tf_0.03_0.1/nested_cv_random/resnet18/repeat_10_fold_5_metrics.csv,10,1,resnet18,"(0.03, 0.1]",C3,F1 at 95% Specificity,0.8253968253968254
/scratchc/nrlab/wang04/ulyses_results_iteration/iteration_3_merge_below_3/cnn_model/cnn14/plasma_tp1_0.1x_model_C3/roc_curve_resnet18_tf_0.03_0.1/nested_cv_random/resnet18/repeat_10_fold_5_metrics.csv,10,2,resnet18,"(0.03, 0.1]",C3,AUROC,0.9755067567567568
/scratchc/nrlab/wang04/ulyses_results_iteration/iteration_3_merge_below_3/cnn_model/cnn14/plasma_tp1_0.1x_model_C3/roc_curve_resnet18_tf_0.03_0.1/nested_cv_random/resnet18/repeat_10_fold_5_metrics.csv,10,2,resnet18,"(0.03, 0.1]",C3,AUPRC,0.9654167854135508
/scratchc/nrlab/wang04/ulyses_results_iteration/iteration_3_merge_below_3/cnn_model/cnn14/plasma_tp1_0.1x_model_C3/roc_curve_resnet18_tf_0.03_0.1/nested_cv_random/resnet18/repeat_10_fold_5_metrics.csv,10,2,resnet18,"(0.03, 0.1]",C3,Sensitivity at 99% Specificity,0.7027027027027027
/scratchc/nrlab/wang04/ulyses_results_iteration/iteration_3_merge_below_3/cnn_model/cnn14/plasma_tp1_0.1x_model_C3/roc_curve_resnet18_tf_0.03_0.1/nested_cv_random/resnet18/repeat_10_fold_5_metrics.csv,10,2,resnet18,"(0.03, 0.1]",C3,PPV at 99% Specificity,1
/scratchc/nrlab/wang04/ulyses_results_iteration/iteration_3_merge_below_3/cnn_model/cnn14/plasma_tp1_0.1x_model_C3/roc_curve_resnet18_tf_0.03_0.1/nested_cv_random/resnet18/repeat_10_fold_5_metrics.csv,10,2,resnet18,"(0.03, 0.1]",C3,Accuracy at 99% Specificity,0.8463513513513514
/scratchc/nrlab/wang04/ulyses_results_iteration/iteration_3_merge_below_3/cnn_model/cnn14/plasma_tp1_0.1x_model_C3/roc_curve_resnet18_tf_0.03_0.1/nested_cv_random/resnet18/repeat_10_fold_5_metrics.csv,10,2,resnet18,"(0.03, 0.1]",C3,F1 at 99% Specificity,0.8253968253968254
/scratchc/nrlab/wang04/ulyses_results_iteration/iteration_3_merge_below_3/cnn_model/cnn14/plasma_tp1_0.1x_model_C3/roc_curve_resnet18_tf_0.03_0.1/nested_cv_random/resnet18/repeat_10_fold_5_metrics.csv,10,2,resnet18,"(0.03, 0.1]",C3,Sensitivity at 98% Specificity,0.7027027027027027
/scratchc/nrlab/wang04/ulyses_results_iteration/iteration_3_merge_below_3/cnn_model/cnn14/plasma_tp1_0.1x_model_C3/roc_curve_resnet18_tf_0.03_0.1/nested_cv_random/resnet18/repeat_10_fold_5_metrics.csv,10,2,resnet18,"(0.03, 0.1]",C3,PPV at 98% Specificity,1
/scratchc/nrlab/wang04/ulyses_results_iteration/iteration_3_merge_below_3/cnn_model/cnn14/plasma_tp1_0.1x_model_C3/roc_curve_resnet18_tf_0.03_0.1/nested_cv_random/resnet18/repeat_10_fold_5_metrics.csv,10,2,resnet18,"(0.03, 0.1]",C3,Accuracy at 98% Specificity,0.8413513513513513
/scratchc/nrlab/wang04/ulyses_results_iteration/iteration_3_merge_below_3/cnn_model/cnn14/plasma_tp1_0.1x_model_C3/roc_curve_resnet18_tf_0.03_0.1/nested_cv_random/resnet18/repeat_10_fold_5_metrics.csv,10,2,resnet18,"(0.03, 0.1]",C3,F1 at 98% Specificity,0.8253968253968254
/scratchc/nrlab/wang04/ulyses_results_iteration/iteration_3_merge_below_3/cnn_model/cnn14/plasma_tp1_0.1x_model_C3/roc_curve_resnet18_tf_0.03_0.1/nested_cv_random/resnet18/repeat_10_fold_5_metrics.csv,10,2,resnet18,"(0.03, 0.1]",C3,Sensitivity at 95% Specificity,0.8648648648648649
/scratchc/nrlab/wang04/ulyses_results_iteration/iteration_3_merge_below_3/cnn_model/cnn14/plasma_tp1_0.1x_model_C3/roc_curve_resnet18_tf_0.03_0.1/nested_cv_random/resnet18/repeat_10_fold_5_metrics.csv,10,2,resnet18,"(0.03, 0.1]",C3,PPV at 95% Specificity,0.9411764705882352
/scratchc/nrlab/wang04/ulyses_results_iteration/iteration_3_merge_below_3/cnn_model/cnn14/plasma_tp1_0.1x_model_C3/roc_curve_resnet18_tf_0.03_0.1/nested_cv_random/resnet18/repeat_10_fold_5_metrics.csv,10,2,resnet18,"(0.03, 0.1]",C3,Accuracy at 95% Specificity,0.8925886824324325
/scratchc/nrlab/wang04/ulyses_results_iteration/iteration_3_merge_below_3/cnn_model/cnn14/plasma_tp1_0.1x_model_C3/roc_curve_resnet18_tf_0.03_0.1/nested_cv_random/resnet18/repeat_10_fold_5_metrics.csv,10,2,resnet18,"(0.03, 0.1]",C3,F1 at 95% Specificity,0.9014084507042254
/scratchc/nrlab/wang04/ulyses_results_iteration/iteration_3_merge_below_3/cnn_model/cnn14/plasma_tp1_0.1x_model_C3/roc_curve_resnet18_tf_0.03_0.1/nested_cv_random/resnet18/repeat_10_fold_5_metrics.csv,10,3,resnet18,"(0.03, 0.1]",C3,AUROC,0.951127819548872
/scratchc/nrlab/wang04/ulyses_results_iteration/iteration_3_merge_below_3/cnn_model/cnn14/plasma_tp1_0.1x_model_C3/roc_curve_resnet18_tf_0.03_0.1/nested_cv_random/resnet18/repeat_10_fold_5_metrics.csv,10,3,resnet18,"(0.03, 0.1]",C3,AUPRC,0.9493704157766696
/scratchc/nrlab/wang04/ulyses_results_iteration/iteration_3_merge_below_3/cnn_model/cnn14/plasma_tp1_0.1x_model_C3/roc_curve_resnet18_tf_0.03_0.1/nested_cv_random/resnet18/repeat_10_fold_5_metrics.csv,10,3,resnet18,"(0.03, 0.1]",C3,Sensitivity at 99% Specificity,0.7631578947368421
/scratchc/nrlab/wang04/ulyses_results_iteration/iteration_3_merge_below_3/cnn_model/cnn14/plasma_tp1_0.1x_model_C3/roc_curve_resnet18_tf_0.03_0.1/nested_cv_random/resnet18/repeat_10_fold_5_metrics.csv,10,3,resnet18,"(0.03, 0.1]",C3,PPV at 99% Specificity,1
/scratchc/nrlab/wang04/ulyses_results_iteration/iteration_3_merge_below_3/cnn_model/cnn14/plasma_tp1_0.1x_model_C3/roc_curve_resnet18_tf_0.03_0.1/nested_cv_random/resnet18/repeat_10_fold_5_metrics.csv,10,3,resnet18,"(0.03, 0.1]",C3,Accuracy at 99% Specificity,0.8765789473684211
/scratchc/nrlab/wang04/ulyses_results_iteration/iteration_3_merge_below_3/cnn_model/cnn14/plasma_tp1_0.1x_model_C3/roc_curve_resnet18_tf_0.03_0.1/nested_cv_random/resnet18/repeat_10_fold_5_metrics.csv,10,3,resnet18,"(0.03, 0.1]",C3,F1 at 99% Specificity,0.8656716417910447
/scratchc/nrlab/wang04/ulyses_results_iteration/iteration_3_merge_below_3/cnn_model/cnn14/plasma_tp1_0.1x_model_C3/roc_curve_resnet18_tf_0.03_0.1/nested_cv_random/resnet18/repeat_10_fold_5_metrics.csv,10,3,resnet18,"(0.03, 0.1]",C3,Sensitivity at 98% Specificity,0.7631578947368421
/scratchc/nrlab/wang04/ulyses_results_iteration/iteration_3_merge_below_3/cnn_model/cnn14/plasma_tp1_0.1x_model_C3/roc_curve_resnet18_tf_0.03_0.1/nested_cv_random/resnet18/repeat_10_fold_5_metrics.csv,10,3,resnet18,"(0.03, 0.1]",C3,PPV at 98% Specificity,1
/scratchc/nrlab/wang04/ulyses_results_iteration/iteration_3_merge_below_3/cnn_model/cnn14/plasma_tp1_0.1x_model_C3/roc_curve_resnet18_tf_0.03_0.1/nested_cv_random/resnet18/repeat_10_fold_5_metrics.csv,10,3,resnet18,"(0.03, 0.1]",C3,Accuracy at 98% Specificity,0.871578947368421
/scratchc/nrlab/wang04/ulyses_results_iteration/iteration_3_merge_below_3/cnn_model/cnn14/plasma_tp1_0.1x_model_C3/roc_curve_resnet18_tf_0.03_0.1/nested_cv_random/resnet18/repeat_10_fold_5_metrics.csv,10,3,resnet18,"(0.03, 0.1]",C3,F1 at 98% Specificity,0.8656716417910447
/scratchc/nrlab/wang04/ulyses_results_iteration/iteration_3_merge_below_3/cnn_model/cnn14/plasma_tp1_0.1x_model_C3/roc_curve_resnet18_tf_0.03_0.1/nested_cv_random/resnet18/repeat_10_fold_5_metrics.csv,10,3,resnet18,"(0.03, 0.1]",C3,Sensitivity at 95% Specificity,0.7894736842105263
/scratchc/nrlab/wang04/ulyses_results_iteration/iteration_3_merge_below_3/cnn_model/cnn14/plasma_tp1_0.1x_model_C3/roc_curve_resnet18_tf_0.03_0.1/nested_cv_random/resnet18/repeat_10_fold_5_metrics.csv,10,3,resnet18,"(0.03, 0.1]",C3,PPV at 95% Specificity,0.9375
/scratchc/nrlab/wang04/ulyses_results_iteration/iteration_3_merge_below_3/cnn_model/cnn14/plasma_tp1_0.1x_model_C3/roc_curve_resnet18_tf_0.03_0.1/nested_cv_random/resnet18/repeat_10_fold_5_metrics.csv,10,3,resnet18,"(0.03, 0.1]",C3,Accuracy at 95% Specificity,0.8546574770258981
/scratchc/nrlab/wang04/ulyses_results_iteration/iteration_3_merge_below_3/cnn_model/cnn14/plasma_tp1_0.1x_model_C3/roc_curve_resnet18_tf_0.03_0.1/nested_cv_random/resnet18/repeat_10_fold_5_metrics.csv,10,3,resnet18,"(0.03, 0.1]",C3,F1 at 95% Specificity,0.8571428571428571
/scratchc/nrlab/wang04/ulyses_results_iteration/iteration_3_merge_below_3/cnn_model/cnn14/plasma_tp1_0.1x_model_C3/roc_curve_resnet18_tf_0.1_1/nested_cv_random/resnet18/repeat_10_fold_5_metrics.csv,1,1,resnet18,"(0.1, 1]",C3,AUROC,0.9995951417004048
/scratchc/nrlab/wang04/ulyses_results_iteration/iteration_3_merge_below_3/cnn_model/cnn14/plasma_tp1_0.1x_model_C3/roc_curve_resnet18_tf_0.1_1/nested_cv_random/resnet18/repeat_10_fold_5_metrics.csv,1,1,resnet18,"(0.1, 1]",C3,AUPRC,0.9993252361673414
/scratchc/nrlab/wang04/ulyses_results_iteration/iteration_3_merge_below_3/cnn_model/cnn14/plasma_tp1_0.1x_model_C3/roc_curve_resnet18_tf_0.1_1/nested_cv_random/resnet18/repeat_10_fold_5_metrics.csv,1,1,resnet18,"(0.1, 1]",C3,Sensitivity at 99% Specificity,0.9736842105263158
/scratchc/nrlab/wang04/ulyses_results_iteration/iteration_3_merge_below_3/cnn_model/cnn14/plasma_tp1_0.1x_model_C3/roc_curve_resnet18_tf_0.1_1/nested_cv_random/resnet18/repeat_10_fold_5_metrics.csv,1,1,resnet18,"(0.1, 1]",C3,PPV at 99% Specificity,1
/scratchc/nrlab/wang04/ulyses_results_iteration/iteration_3_merge_below_3/cnn_model/cnn14/plasma_tp1_0.1x_model_C3/roc_curve_resnet18_tf_0.1_1/nested_cv_random/resnet18/repeat_10_fold_5_metrics.csv,1,1,resnet18,"(0.1, 1]",C3,Accuracy at 99% Specificity,0.9818421052631578
/scratchc/nrlab/wang04/ulyses_results_iteration/iteration_3_merge_below_3/cnn_model/cnn14/plasma_tp1_0.1x_model_C3/roc_curve_resnet18_tf_0.1_1/nested_cv_random/resnet18/repeat_10_fold_5_metrics.csv,1,1,resnet18,"(0.1, 1]",C3,F1 at 99% Specificity,0.9866666666666668
/scratchc/nrlab/wang04/ulyses_results_iteration/iteration_3_merge_below_3/cnn_model/cnn14/plasma_tp1_0.1x_model_C3/roc_curve_resnet18_tf_0.1_1/nested_cv_random/resnet18/repeat_10_fold_5_metrics.csv,1,1,resnet18,"(0.1, 1]",C3,Sensitivity at 98% Specificity,0.9736842105263158
/scratchc/nrlab/wang04/ulyses_results_iteration/iteration_3_merge_below_3/cnn_model/cnn14/plasma_tp1_0.1x_model_C3/roc_curve_resnet18_tf_0.1_1/nested_cv_random/resnet18/repeat_10_fold_5_metrics.csv,1,1,resnet18,"(0.1, 1]",C3,PPV at 98% Specificity,1
/scratchc/nrlab/wang04/ulyses_results_iteration/iteration_3_merge_below_3/cnn_model/cnn14/plasma_tp1_0.1x_model_C3/roc_curve_resnet18_tf_0.1_1/nested_cv_random/resnet18/repeat_10_fold_5_metrics.csv,1,1,resnet18,"(0.1, 1]",C3,Accuracy at 98% Specificity,0.976842105263158
/scratchc/nrlab/wang04/ulyses_results_iteration/iteration_3_merge_below_3/cnn_model/cnn14/plasma_tp1_0.1x_model_C3/roc_curve_resnet18_tf_0.1_1/nested_cv_random/resnet18/repeat_10_fold_5_metrics.csv,1,1,resnet18,"(0.1, 1]",C3,F1 at 98% Specificity,0.9866666666666668
/scratchc/nrlab/wang04/ulyses_results_iteration/iteration_3_merge_below_3/cnn_model/cnn14/plasma_tp1_0.1x_model_C3/roc_curve_resnet18_tf_0.1_1/nested_cv_random/resnet18/repeat_10_fold_5_metrics.csv,1,1,resnet18,"(0.1, 1]",C3,Sensitivity at 95% Specificity,0.9736842105263158
/scratchc/nrlab/wang04/ulyses_results_iteration/iteration_3_merge_below_3/cnn_model/cnn14/plasma_tp1_0.1x_model_C3/roc_curve_resnet18_tf_0.1_1/nested_cv_random/resnet18/repeat_10_fold_5_metrics.csv,1,1,resnet18,"(0.1, 1]",C3,PPV at 95% Specificity,1
/scratchc/nrlab/wang04/ulyses_results_iteration/iteration_3_merge_below_3/cnn_model/cnn14/plasma_tp1_0.1x_model_C3/roc_curve_resnet18_tf_0.1_1/nested_cv_random/resnet18/repeat_10_fold_5_metrics.csv,1,1,resnet18,"(0.1, 1]",C3,Accuracy at 95% Specificity,0.9618421052631578
/scratchc/nrlab/wang04/ulyses_results_iteration/iteration_3_merge_below_3/cnn_model/cnn14/plasma_tp1_0.1x_model_C3/roc_curve_resnet18_tf_0.1_1/nested_cv_random/resnet18/repeat_10_fold_5_metrics.csv,1,1,resnet18,"(0.1, 1]",C3,F1 at 95% Specificity,0.9866666666666668
/scratchc/nrlab/wang04/ulyses_results_iteration/iteration_3_merge_below_3/cnn_model/cnn14/plasma_tp1_0.1x_model_C3/roc_curve_resnet18_tf_0.1_1/nested_cv_random/resnet18/repeat_10_fold_5_metrics.csv,2,1,resnet18,"(0.1, 1]",C3,AUROC,0.9995798319327732
/scratchc/nrlab/wang04/ulyses_results_iteration/iteration_3_merge_below_3/cnn_model/cnn14/plasma_tp1_0.1x_model_C3/roc_curve_resnet18_tf_0.1_1/nested_cv_random/resnet18/repeat_10_fold_5_metrics.csv,2,1,resnet18,"(0.1, 1]",C3,AUPRC,0.999206349206349
/scratchc/nrlab/wang04/ulyses_results_iteration/iteration_3_merge_below_3/cnn_model/cnn14/plasma_tp1_0.1x_model_C3/roc_curve_resnet18_tf_0.1_1/nested_cv_random/resnet18/repeat_10_fold_5_metrics.csv,2,1,resnet18,"(0.1, 1]",C3,Sensitivity at 99% Specificity,0.9714285714285714
/scratchc/nrlab/wang04/ulyses_results_iteration/iteration_3_merge_below_3/cnn_model/cnn14/plasma_tp1_0.1x_model_C3/roc_curve_resnet18_tf_0.1_1/nested_cv_random/resnet18/repeat_10_fold_5_metrics.csv,2,1,resnet18,"(0.1, 1]",C3,PPV at 99% Specificity,1
/scratchc/nrlab/wang04/ulyses_results_iteration/iteration_3_merge_below_3/cnn_model/cnn14/plasma_tp1_0.1x_model_C3/roc_curve_resnet18_tf_0.1_1/nested_cv_random/resnet18/repeat_10_fold_5_metrics.csv,2,1,resnet18,"(0.1, 1]",C3,Accuracy at 99% Specificity,0.9807142857142856
/scratchc/nrlab/wang04/ulyses_results_iteration/iteration_3_merge_below_3/cnn_model/cnn14/plasma_tp1_0.1x_model_C3/roc_curve_resnet18_tf_0.1_1/nested_cv_random/resnet18/repeat_10_fold_5_metrics.csv,2,1,resnet18,"(0.1, 1]",C3,F1 at 99% Specificity,0.9855072463768116
/scratchc/nrlab/wang04/ulyses_results_iteration/iteration_3_merge_below_3/cnn_model/cnn14/plasma_tp1_0.1x_model_C3/roc_curve_resnet18_tf_0.1_1/nested_cv_random/resnet18/repeat_10_fold_5_metrics.csv,2,1,resnet18,"(0.1, 1]",C3,Sensitivity at 98% Specificity,0.9714285714285714
/scratchc/nrlab/wang04/ulyses_results_iteration/iteration_3_merge_below_3/cnn_model/cnn14/plasma_tp1_0.1x_model_C3/roc_curve_resnet18_tf_0.1_1/nested_cv_random/resnet18/repeat_10_fold_5_metrics.csv,2,1,resnet18,"(0.1, 1]",C3,PPV at 98% Specificity,1
/scratchc/nrlab/wang04/ulyses_results_iteration/iteration_3_merge_below_3/cnn_model/cnn14/plasma_tp1_0.1x_model_C3/roc_curve_resnet18_tf_0.1_1/nested_cv_random/resnet18/repeat_10_fold_5_metrics.csv,2,1,resnet18,"(0.1, 1]",C3,Accuracy at 98% Specificity,0.9757142857142858
/scratchc/nrlab/wang04/ulyses_results_iteration/iteration_3_merge_below_3/cnn_model/cnn14/plasma_tp1_0.1x_model_C3/roc_curve_resnet18_tf_0.1_1/nested_cv_random/resnet18/repeat_10_fold_5_metrics.csv,2,1,resnet18,"(0.1, 1]",C3,F1 at 98% Specificity,0.9855072463768116
/scratchc/nrlab/wang04/ulyses_results_iteration/iteration_3_merge_below_3/cnn_model/cnn14/plasma_tp1_0.1x_model_C3/roc_curve_resnet18_tf_0.1_1/nested_cv_random/resnet18/repeat_10_fold_5_metrics.csv,2,1,resnet18,"(0.1, 1]",C3,Sensitivity at 95% Specificity,0.9714285714285714
/scratchc/nrlab/wang04/ulyses_results_iteration/iteration_3_merge_below_3/cnn_model/cnn14/plasma_tp1_0.1x_model_C3/roc_curve_resnet18_tf_0.1_1/nested_cv_random/resnet18/repeat_10_fold_5_metrics.csv,2,1,resnet18,"(0.1, 1]",C3,PPV at 95% Specificity,1
/scratchc/nrlab/wang04/ulyses_results_iteration/iteration_3_merge_below_3/cnn_model/cnn14/plasma_tp1_0.1x_model_C3/roc_curve_resnet18_tf_0.1_1/nested_cv_random/resnet18/repeat_10_fold_5_metrics.csv,2,1,resnet18,"(0.1, 1]",C3,Accuracy at 95% Specificity,0.9607142857142856
/scratchc/nrlab/wang04/ulyses_results_iteration/iteration_3_merge_below_3/cnn_model/cnn14/plasma_tp1_0.1x_model_C3/roc_curve_resnet18_tf_0.1_1/nested_cv_random/resnet18/repeat_10_fold_5_metrics.csv,2,1,resnet18,"(0.1, 1]",C3,F1 at 95% Specificity,0.9855072463768116
/scratchc/nrlab/wang04/ulyses_results_iteration/iteration_3_merge_below_3/cnn_model/cnn14/plasma_tp1_0.1x_model_C3/roc_curve_resnet18_tf_0.1_1/nested_cv_random/resnet18/repeat_10_fold_5_metrics.csv,2,5,resnet18,"(0.1, 1]",C3,AUROC,0.999609375
/scratchc/nrlab/wang04/ulyses_results_iteration/iteration_3_merge_below_3/cnn_model/cnn14/plasma_tp1_0.1x_model_C3/roc_curve_resnet18_tf_0.1_1/nested_cv_random/resnet18/repeat_10_fold_5_metrics.csv,2,5,resnet18,"(0.1, 1]",C3,AUPRC,0.999390243902439
/scratchc/nrlab/wang04/ulyses_results_iteration/iteration_3_merge_below_3/cnn_model/cnn14/plasma_tp1_0.1x_model_C3/roc_curve_resnet18_tf_0.1_1/nested_cv_random/resnet18/repeat_10_fold_5_metrics.csv,2,5,resnet18,"(0.1, 1]",C3,Sensitivity at 99% Specificity,0.975
/scratchc/nrlab/wang04/ulyses_results_iteration/iteration_3_merge_below_3/cnn_model/cnn14/plasma_tp1_0.1x_model_C3/roc_curve_resnet18_tf_0.1_1/nested_cv_random/resnet18/repeat_10_fold_5_metrics.csv,2,5,resnet18,"(0.1, 1]",C3,PPV at 99% Specificity,1
/scratchc/nrlab/wang04/ulyses_results_iteration/iteration_3_merge_below_3/cnn_model/cnn14/plasma_tp1_0.1x_model_C3/roc_curve_resnet18_tf_0.1_1/nested_cv_random/resnet18/repeat_10_fold_5_metrics.csv,2,5,resnet18,"(0.1, 1]",C3,Accuracy at 99% Specificity,0.9825
/scratchc/nrlab/wang04/ulyses_results_iteration/iteration_3_merge_below_3/cnn_model/cnn14/plasma_tp1_0.1x_model_C3/roc_curve_resnet18_tf_0.1_1/nested_cv_random/resnet18/repeat_10_fold_5_metrics.csv,2,5,resnet18,"(0.1, 1]",C3,F1 at 99% Specificity,0.9873417721518988
/scratchc/nrlab/wang04/ulyses_results_iteration/iteration_3_merge_below_3/cnn_model/cnn14/plasma_tp1_0.1x_model_C3/roc_curve_resnet18_tf_0.1_1/nested_cv_random/resnet18/repeat_10_fold_5_metrics.csv,2,5,resnet18,"(0.1, 1]",C3,Sensitivity at 98% Specificity,0.975
/scratchc/nrlab/wang04/ulyses_results_iteration/iteration_3_merge_below_3/cnn_model/cnn14/plasma_tp1_0.1x_model_C3/roc_curve_resnet18_tf_0.1_1/nested_cv_random/resnet18/repeat_10_fold_5_metrics.csv,2,5,resnet18,"(0.1, 1]",C3,PPV at 98% Specificity,1
/scratchc/nrlab/wang04/ulyses_results_iteration/iteration_3_merge_below_3/cnn_model/cnn14/plasma_tp1_0.1x_model_C3/roc_curve_resnet18_tf_0.1_1/nested_cv_random/resnet18/repeat_10_fold_5_metrics.csv,2,5,resnet18,"(0.1, 1]",C3,Accuracy at 98% Specificity,0.9775
/scratchc/nrlab/wang04/ulyses_results_iteration/iteration_3_merge_below_3/cnn_model/cnn14/plasma_tp1_0.1x_model_C3/roc_curve_resnet18_tf_0.1_1/nested_cv_random/resnet18/repeat_10_fold_5_metrics.csv,2,5,resnet18,"(0.1, 1]",C3,F1 at 98% Specificity,0.9873417721518988
/scratchc/nrlab/wang04/ulyses_results_iteration/iteration_3_merge_below_3/cnn_model/cnn14/plasma_tp1_0.1x_model_C3/roc_curve_resnet18_tf_0.1_1/nested_cv_random/resnet18/repeat_10_fold_5_metrics.csv,2,5,resnet18,"(0.1, 1]",C3,Sensitivity at 95% Specificity,0.975
/scratchc/nrlab/wang04/ulyses_results_iteration/iteration_3_merge_below_3/cnn_model/cnn14/plasma_tp1_0.1x_model_C3/roc_curve_resnet18_tf_0.1_1/nested_cv_random/resnet18/repeat_10_fold_5_metrics.csv,2,5,resnet18,"(0.1, 1]",C3,PPV at 95% Specificity,1
/scratchc/nrlab/wang04/ulyses_results_iteration/iteration_3_merge_below_3/cnn_model/cnn14/plasma_tp1_0.1x_model_C3/roc_curve_resnet18_tf_0.1_1/nested_cv_random/resnet18/repeat_10_fold_5_metrics.csv,2,5,resnet18,"(0.1, 1]",C3,Accuracy at 95% Specificity,0.9625
/scratchc/nrlab/wang04/ulyses_results_iteration/iteration_3_merge_below_3/cnn_model/cnn14/plasma_tp1_0.1x_model_C3/roc_curve_resnet18_tf_0.1_1/nested_cv_random/resnet18/repeat_10_fold_5_metrics.csv,2,5,resnet18,"(0.1, 1]",C3,F1 at 95% Specificity,0.9873417721518988
/scratchc/nrlab/wang04/ulyses_results_iteration/iteration_3_merge_below_3/cnn_model/cnn14/plasma_tp1_0.1x_model_C3/roc_curve_resnet18_tf_0.1_1/nested_cv_random/resnet18/repeat_10_fold_5_metrics.csv,5,2,resnet18,"(0.1, 1]",C3,AUROC,0.9996066089693156
/scratchc/nrlab/wang04/ulyses_results_iteration/iteration_3_merge_below_3/cnn_model/cnn14/plasma_tp1_0.1x_model_C3/roc_curve_resnet18_tf_0.1_1/nested_cv_random/resnet18/repeat_10_fold_5_metrics.csv,5,2,resnet18,"(0.1, 1]",C3,AUPRC,0.9994192799070848
/scratchc/nrlab/wang04/ulyses_results_iteration/iteration_3_merge_below_3/cnn_model/cnn14/plasma_tp1_0.1x_model_C3/roc_curve_resnet18_tf_0.1_1/nested_cv_random/resnet18/repeat_10_fold_5_metrics.csv,5,2,resnet18,"(0.1, 1]",C3,Sensitivity at 99% Specificity,0.975609756097561
/scratchc/nrlab/wang04/ulyses_results_iteration/iteration_3_merge_below_3/cnn_model/cnn14/plasma_tp1_0.1x_model_C3/roc_curve_resnet18_tf_0.1_1/nested_cv_random/resnet18/repeat_10_fold_5_metrics.csv,5,2,resnet18,"(0.1, 1]",C3,PPV at 99% Specificity,1
/scratchc/nrlab/wang04/ulyses_results_iteration/iteration_3_merge_below_3/cnn_model/cnn14/plasma_tp1_0.1x_model_C3/roc_curve_resnet18_tf_0.1_1/nested_cv_random/resnet18/repeat_10_fold_5_metrics.csv,5,2,resnet18,"(0.1, 1]",C3,Accuracy at 99% Specificity,0.9828048780487804
/scratchc/nrlab/wang04/ulyses_results_iteration/iteration_3_merge_below_3/cnn_model/cnn14/plasma_tp1_0.1x_model_C3/roc_curve_resnet18_tf_0.1_1/nested_cv_random/resnet18/repeat_10_fold_5_metrics.csv,5,2,resnet18,"(0.1, 1]",C3,F1 at 99% Specificity,0.9876543209876544
/scratchc/nrlab/wang04/ulyses_results_iteration/iteration_3_merge_below_3/cnn_model/cnn14/plasma_tp1_0.1x_model_C3/roc_curve_resnet18_tf_0.1_1/nested_cv_random/resnet18/repeat_10_fold_5_metrics.csv,5,2,resnet18,"(0.1, 1]",C3,Sensitivity at 98% Specificity,0.975609756097561
/scratchc/nrlab/wang04/ulyses_results_iteration/iteration_3_merge_below_3/cnn_model/cnn14/plasma_tp1_0.1x_model_C3/roc_curve_resnet18_tf_0.1_1/nested_cv_random/resnet18/repeat_10_fold_5_metrics.csv,5,2,resnet18,"(0.1, 1]",C3,PPV at 98% Specificity,1
/scratchc/nrlab/wang04/ulyses_results_iteration/iteration_3_merge_below_3/cnn_model/cnn14/plasma_tp1_0.1x_model_C3/roc_curve_resnet18_tf_0.1_1/nested_cv_random/resnet18/repeat_10_fold_5_metrics.csv,5,2,resnet18,"(0.1, 1]",C3,Accuracy at 98% Specificity,0.9778048780487804
/scratchc/nrlab/wang04/ulyses_results_iteration/iteration_3_merge_below_3/cnn_model/cnn14/plasma_tp1_0.1x_model_C3/roc_curve_resnet18_tf_0.1_1/nested_cv_random/resnet18/repeat_10_fold_5_metrics.csv,5,2,resnet18,"(0.1, 1]",C3,F1 at 98% Specificity,0.9876543209876544
/scratchc/nrlab/wang04/ulyses_results_iteration/iteration_3_merge_below_3/cnn_model/cnn14/plasma_tp1_0.1x_model_C3/roc_curve_resnet18_tf_0.1_1/nested_cv_random/resnet18/repeat_10_fold_5_metrics.csv,5,2,resnet18,"(0.1, 1]",C3,Sensitivity at 95% Specificity,0.975609756097561
/scratchc/nrlab/wang04/ulyses_results_iteration/iteration_3_merge_below_3/cnn_model/cnn14/plasma_tp1_0.1x_model_C3/roc_curve_resnet18_tf_0.1_1/nested_cv_random/resnet18/repeat_10_fold_5_metrics.csv,5,2,resnet18,"(0.1, 1]",C3,PPV at 95% Specificity,1
/scratchc/nrlab/wang04/ulyses_results_iteration/iteration_3_merge_below_3/cnn_model/cnn14/plasma_tp1_0.1x_model_C3/roc_curve_resnet18_tf_0.1_1/nested_cv_random/resnet18/repeat_10_fold_5_metrics.csv,5,2,resnet18,"(0.1, 1]",C3,Accuracy at 95% Specificity,0.9628048780487805
/scratchc/nrlab/wang04/ulyses_results_iteration/iteration_3_merge_below_3/cnn_model/cnn14/plasma_tp1_0.1x_model_C3/roc_curve_resnet18_tf_0.1_1/nested_cv_random/resnet18/repeat_10_fold_5_metrics.csv,5,2,resnet18,"(0.1, 1]",C3,F1 at 95% Specificity,0.9876543209876544
/scratchc/nrlab/wang04/ulyses_results_iteration/iteration_3_merge_below_3/cnn_model/cnn14/plasma_tp1_0.1x_model_C4/roc_curve_resnet18_tf_0_0.03/nested_cv_random/resnet18/repeat_10_fold_5_metrics.csv,1,1,resnet18,"[0, 0.03]",C4,AUROC,0.9128684399712438
/scratchc/nrlab/wang04/ulyses_results_iteration/iteration_3_merge_below_3/cnn_model/cnn14/plasma_tp1_0.1x_model_C4/roc_curve_resnet18_tf_0_0.03/nested_cv_random/resnet18/repeat_10_fold_5_metrics.csv,1,1,resnet18,"[0, 0.03]",C4,AUPRC,0.947213916018093
/scratchc/nrlab/wang04/ulyses_results_iteration/iteration_3_merge_below_3/cnn_model/cnn14/plasma_tp1_0.1x_model_C4/roc_curve_resnet18_tf_0_0.03/nested_cv_random/resnet18/repeat_10_fold_5_metrics.csv,1,1,resnet18,"[0, 0.03]",C4,Sensitivity at 99% Specificity,0.3364485981308411
/scratchc/nrlab/wang04/ulyses_results_iteration/iteration_3_merge_below_3/cnn_model/cnn14/plasma_tp1_0.1x_model_C4/roc_curve_resnet18_tf_0_0.03/nested_cv_random/resnet18/repeat_10_fold_5_metrics.csv,1,1,resnet18,"[0, 0.03]",C4,PPV at 99% Specificity,1
/scratchc/nrlab/wang04/ulyses_results_iteration/iteration_3_merge_below_3/cnn_model/cnn14/plasma_tp1_0.1x_model_C4/roc_curve_resnet18_tf_0_0.03/nested_cv_random/resnet18/repeat_10_fold_5_metrics.csv,1,1,resnet18,"[0, 0.03]",C4,Accuracy at 99% Specificity,0.6632242990654206
/scratchc/nrlab/wang04/ulyses_results_iteration/iteration_3_merge_below_3/cnn_model/cnn14/plasma_tp1_0.1x_model_C4/roc_curve_resnet18_tf_0_0.03/nested_cv_random/resnet18/repeat_10_fold_5_metrics.csv,1,1,resnet18,"[0, 0.03]",C4,F1 at 99% Specificity,0.5034965034965035
/scratchc/nrlab/wang04/ulyses_results_iteration/iteration_3_merge_below_3/cnn_model/cnn14/plasma_tp1_0.1x_model_C4/roc_curve_resnet18_tf_0_0.03/nested_cv_random/resnet18/repeat_10_fold_5_metrics.csv,1,1,resnet18,"[0, 0.03]",C4,Sensitivity at 98% Specificity,0.3364485981308411
/scratchc/nrlab/wang04/ulyses_results_iteration/iteration_3_merge_below_3/cnn_model/cnn14/plasma_tp1_0.1x_model_C4/roc_curve_resnet18_tf_0_0.03/nested_cv_random/resnet18/repeat_10_fold_5_metrics.csv,1,1,resnet18,"[0, 0.03]",C4,PPV at 98% Specificity,1
/scratchc/nrlab/wang04/ulyses_results_iteration/iteration_3_merge_below_3/cnn_model/cnn14/plasma_tp1_0.1x_model_C4/roc_curve_resnet18_tf_0_0.03/nested_cv_random/resnet18/repeat_10_fold_5_metrics.csv,1,1,resnet18,"[0, 0.03]",C4,Accuracy at 98% Specificity,0.6582242990654206
/scratchc/nrlab/wang04/ulyses_results_iteration/iteration_3_merge_below_3/cnn_model/cnn14/plasma_tp1_0.1x_model_C4/roc_curve_resnet18_tf_0_0.03/nested_cv_random/resnet18/repeat_10_fold_5_metrics.csv,1,1,resnet18,"[0, 0.03]",C4,F1 at 98% Specificity,0.5034965034965035
/scratchc/nrlab/wang04/ulyses_results_iteration/iteration_3_merge_below_3/cnn_model/cnn14/plasma_tp1_0.1x_model_C4/roc_curve_resnet18_tf_0_0.03/nested_cv_random/resnet18/repeat_10_fold_5_metrics.csv,1,1,resnet18,"[0, 0.03]",C4,Sensitivity at 95% Specificity,0.5607476635514018
/scratchc/nrlab/wang04/ulyses_results_iteration/iteration_3_merge_below_3/cnn_model/cnn14/plasma_tp1_0.1x_model_C4/roc_curve_resnet18_tf_0_0.03/nested_cv_random/resnet18/repeat_10_fold_5_metrics.csv,1,1,resnet18,"[0, 0.03]",C4,PPV at 95% Specificity,0.967741935483871
/scratchc/nrlab/wang04/ulyses_results_iteration/iteration_3_merge_below_3/cnn_model/cnn14/plasma_tp1_0.1x_model_C4/roc_curve_resnet18_tf_0_0.03/nested_cv_random/resnet18/repeat_10_fold_5_metrics.csv,1,1,resnet18,"[0, 0.03]",C4,Accuracy at 95% Specificity,0.7407584471603162
/scratchc/nrlab/wang04/ulyses_results_iteration/iteration_3_merge_below_3/cnn_model/cnn14/plasma_tp1_0.1x_model_C4/roc_curve_resnet18_tf_0_0.03/nested_cv_random/resnet18/repeat_10_fold_5_metrics.csv,1,1,resnet18,"[0, 0.03]",C4,F1 at 95% Specificity,0.7100591715976331
/scratchc/nrlab/wang04/ulyses_results_iteration/iteration_3_merge_below_3/cnn_model/cnn14/plasma_tp1_0.1x_model_C4/roc_curve_resnet18_tf_0_0.03/nested_cv_random/resnet18/repeat_10_fold_5_metrics.csv,1,2,resnet18,"[0, 0.03]",C4,AUROC,0.937891737891738
/scratchc/nrlab/wang04/ulyses_results_iteration/iteration_3_merge_below_3/cnn_model/cnn14/plasma_tp1_0.1x_model_C4/roc_curve_resnet18_tf_0_0.03/nested_cv_random/resnet18/repeat_10_fold_5_metrics.csv,1,2,resnet18,"[0, 0.03]",C4,AUPRC,0.9612020061128872
/scratchc/nrlab/wang04/ulyses_results_iteration/iteration_3_merge_below_3/cnn_model/cnn14/plasma_tp1_0.1x_model_C4/roc_curve_resnet18_tf_0_0.03/nested_cv_random/resnet18/repeat_10_fold_5_metrics.csv,1,2,resnet18,"[0, 0.03]",C4,Sensitivity at 99% Specificity,0.35185185185185186
/scratchc/nrlab/wang04/ulyses_results_iteration/iteration_3_merge_below_3/cnn_model/cnn14/plasma_tp1_0.1x_model_C4/roc_curve_resnet18_tf_0_0.03/nested_cv_random/resnet18/repeat_10_fold_5_metrics.csv,1,2,resnet18,"[0, 0.03]",C4,PPV at 99% Specificity,1
/scratchc/nrlab/wang04/ulyses_results_iteration/iteration_3_merge_below_3/cnn_model/cnn14/plasma_tp1_0.1x_model_C4/roc_curve_resnet18_tf_0_0.03/nested_cv_random/resnet18/repeat_10_fold_5_metrics.csv,1,2,resnet18,"[0, 0.03]",C4,Accuracy at 99% Specificity,0.6709259259259259
/scratchc/nrlab/wang04/ulyses_results_iteration/iteration_3_merge_below_3/cnn_model/cnn14/plasma_tp1_0.1x_model_C4/roc_curve_resnet18_tf_0_0.03/nested_cv_random/resnet18/repeat_10_fold_5_metrics.csv,1,2,resnet18,"[0, 0.03]",C4,F1 at 99% Specificity,0.5205479452054794
/scratchc/nrlab/wang04/ulyses_results_iteration/iteration_3_merge_below_3/cnn_model/cnn14/plasma_tp1_0.1x_model_C4/roc_curve_resnet18_tf_0_0.03/nested_cv_random/resnet18/repeat_10_fold_5_metrics.csv,1,2,resnet18,"[0, 0.03]",C4,Sensitivity at 98% Specificity,0.35185185185185186
/scratchc/nrlab/wang04/ulyses_results_iteration/iteration_3_merge_below_3/cnn_model/cnn14/plasma_tp1_0.1x_model_C4/roc_curve_resnet18_tf_0_0.03/nested_cv_random/resnet18/repeat_10_fold_5_metrics.csv,1,2,resnet18,"[0, 0.03]",C4,PPV at 98% Specificity,1
/scratchc/nrlab/wang04/ulyses_results_iteration/iteration_3_merge_below_3/cnn_model/cnn14/plasma_tp1_0.1x_model_C4/roc_curve_resnet18_tf_0_0.03/nested_cv_random/resnet18/repeat_10_fold_5_metrics.csv,1,2,resnet18,"[0, 0.03]",C4,Accuracy at 98% Specificity,0.6659259259259259
/scratchc/nrlab/wang04/ulyses_results_iteration/iteration_3_merge_below_3/cnn_model/cnn14/plasma_tp1_0.1x_model_C4/roc_curve_resnet18_tf_0_0.03/nested_cv_random/resnet18/repeat_10_fold_5_metrics.csv,1,2,resnet18,"[0, 0.03]",C4,F1 at 98% Specificity,0.5205479452054794
/scratchc/nrlab/wang04/ulyses_results_iteration/iteration_3_merge_below_3/cnn_model/cnn14/plasma_tp1_0.1x_model_C4/roc_curve_resnet18_tf_0_0.03/nested_cv_random/resnet18/repeat_10_fold_5_metrics.csv,1,2,resnet18,"[0, 0.03]",C4,Sensitivity at 95% Specificity,0.6666666666666666
/scratchc/nrlab/wang04/ulyses_results_iteration/iteration_3_merge_below_3/cnn_model/cnn14/plasma_tp1_0.1x_model_C4/roc_curve_resnet18_tf_0_0.03/nested_cv_random/resnet18/repeat_10_fold_5_metrics.csv,1,2,resnet18,"[0, 0.03]",C4,PPV at 95% Specificity,0.972972972972973
/scratchc/nrlab/wang04/ulyses_results_iteration/iteration_3_merge_below_3/cnn_model/cnn14/plasma_tp1_0.1x_model_C4/roc_curve_resnet18_tf_0_0.03/nested_cv_random/resnet18/repeat_10_fold_5_metrics.csv,1,2,resnet18,"[0, 0.03]",C4,Accuracy at 95% Specificity,0.7937179487179487
/scratchc/nrlab/wang04/ulyses_results_iteration/iteration_3_merge_below_3/cnn_model/cnn14/plasma_tp1_0.1x_model_C4/roc_curve_resnet18_tf_0_0.03/nested_cv_random/resnet18/repeat_10_fold_5_metrics.csv,1,2,resnet18,"[0, 0.03]",C4,F1 at 95% Specificity,0.7912087912087912
/scratchc/nrlab/wang04/ulyses_results_iteration/iteration_3_merge_below_3/cnn_model/cnn14/plasma_tp1_0.1x_model_C4/roc_curve_resnet18_tf_0_0.03/nested_cv_random/resnet18/repeat_10_fold_5_metrics.csv,1,3,resnet18,"[0, 0.03]",C4,AUROC,0.9043250327653996
/scratchc/nrlab/wang04/ulyses_results_iteration/iteration_3_merge_below_3/cnn_model/cnn14/plasma_tp1_0.1x_model_C4/roc_curve_resnet18_tf_0_0.03/nested_cv_random/resnet18/repeat_10_fold_5_metrics.csv,1,3,resnet18,"[0, 0.03]",C4,AUPRC,0.9325157313090908
/scratchc/nrlab/wang04/ulyses_results_iteration/iteration_3_merge_below_3/cnn_model/cnn14/plasma_tp1_0.1x_model_C4/roc_curve_resnet18_tf_0_0.03/nested_cv_random/resnet18/repeat_10_fold_5_metrics.csv,1,3,resnet18,"[0, 0.03]",C4,Sensitivity at 99% Specificity,0.22935779816513763
/scratchc/nrlab/wang04/ulyses_results_iteration/iteration_3_merge_below_3/cnn_model/cnn14/plasma_tp1_0.1x_model_C4/roc_curve_resnet18_tf_0_0.03/nested_cv_random/resnet18/repeat_10_fold_5_metrics.csv,1,3,resnet18,"[0, 0.03]",C4,PPV at 99% Specificity,1
/scratchc/nrlab/wang04/ulyses_results_iteration/iteration_3_merge_below_3/cnn_model/cnn14/plasma_tp1_0.1x_model_C4/roc_curve_resnet18_tf_0_0.03/nested_cv_random/resnet18/repeat_10_fold_5_metrics.csv,1,3,resnet18,"[0, 0.03]",C4,Accuracy at 99% Specificity,0.6096788990825688
/scratchc/nrlab/wang04/ulyses_results_iteration/iteration_3_merge_below_3/cnn_model/cnn14/plasma_tp1_0.1x_model_C4/roc_curve_resnet18_tf_0_0.03/nested_cv_random/resnet18/repeat_10_fold_5_metrics.csv,1,3,resnet18,"[0, 0.03]",C4,F1 at 99% Specificity,0.373134328358209
/scratchc/nrlab/wang04/ulyses_results_iteration/iteration_3_merge_below_3/cnn_model/cnn14/plasma_tp1_0.1x_model_C4/roc_curve_resnet18_tf_0_0.03/nested_cv_random/resnet18/repeat_10_fold_5_metrics.csv,1,3,resnet18,"[0, 0.03]",C4,Sensitivity at 98% Specificity,0.22935779816513763
/scratchc/nrlab/wang04/ulyses_results_iteration/iteration_3_merge_below_3/cnn_model/cnn14/plasma_tp1_0.1x_model_C4/roc_curve_resnet18_tf_0_0.03/nested_cv_random/resnet18/repeat_10_fold_5_metrics.csv,1,3,resnet18,"[0, 0.03]",C4,PPV at 98% Specificity,1
/scratchc/nrlab/wang04/ulyses_results_iteration/iteration_3_merge_below_3/cnn_model/cnn14/plasma_tp1_0.1x_model_C4/roc_curve_resnet18_tf_0_0.03/nested_cv_random/resnet18/repeat_10_fold_5_metrics.csv,1,3,resnet18,"[0, 0.03]",C4,Accuracy at 98% Specificity,0.6046788990825688
/scratchc/nrlab/wang04/ulyses_results_iteration/iteration_3_merge_below_3/cnn_model/cnn14/plasma_tp1_0.1x_model_C4/roc_curve_resnet18_tf_0_0.03/nested_cv_random/resnet18/repeat_10_fold_5_metrics.csv,1,3,resnet18,"[0, 0.03]",C4,F1 at 98% Specificity,0.373134328358209
/scratchc/nrlab/wang04/ulyses_results_iteration/iteration_3_merge_below_3/cnn_model/cnn14/plasma_tp1_0.1x_model_C4/roc_curve_resnet18_tf_0_0.03/nested_cv_random/resnet18/repeat_10_fold_5_metrics.csv,1,3,resnet18,"[0, 0.03]",C4,Sensitivity at 95% Specificity,0.27522935779816515
/scratchc/nrlab/wang04/ulyses_results_iteration/iteration_3_merge_below_3/cnn_model/cnn14/plasma_tp1_0.1x_model_C4/roc_curve_resnet18_tf_0_0.03/nested_cv_random/resnet18/repeat_10_fold_5_metrics.csv,1,3,resnet18,"[0, 0.03]",C4,PPV at 95% Specificity,0.9375
/scratchc/nrlab/wang04/ulyses_results_iteration/iteration_3_merge_below_3/cnn_model/cnn14/plasma_tp1_0.1x_model_C4/roc_curve_resnet18_tf_0_0.03/nested_cv_random/resnet18/repeat_10_fold_5_metrics.csv,1,3,resnet18,"[0, 0.03]",C4,Accuracy at 95% Specificity,0.5975353138197175
/scratchc/nrlab/wang04/ulyses_results_iteration/iteration_3_merge_below_3/cnn_model/cnn14/plasma_tp1_0.1x_model_C4/roc_curve_resnet18_tf_0_0.03/nested_cv_random/resnet18/repeat_10_fold_5_metrics.csv,1,3,resnet18,"[0, 0.03]",C4,F1 at 95% Specificity,0.425531914893617
/scratchc/nrlab/wang04/ulyses_results_iteration/iteration_3_merge_below_3/cnn_model/cnn14/plasma_tp1_0.1x_model_C4/roc_curve_resnet18_tf_0_0.03/nested_cv_random/resnet18/repeat_10_fold_5_metrics.csv,1,4,resnet18,"[0, 0.03]",C4,AUROC,0.8969411092052603
/scratchc/nrlab/wang04/ulyses_results_iteration/iteration_3_merge_below_3/cnn_model/cnn14/plasma_tp1_0.1x_model_C4/roc_curve_resnet18_tf_0_0.03/nested_cv_random/resnet18/repeat_10_fold_5_metrics.csv,1,4,resnet18,"[0, 0.03]",C4,AUPRC,0.9400323678381748
/scratchc/nrlab/wang04/ulyses_results_iteration/iteration_3_merge_below_3/cnn_model/cnn14/plasma_tp1_0.1x_model_C4/roc_curve_resnet18_tf_0_0.03/nested_cv_random/resnet18/repeat_10_fold_5_metrics.csv,1,4,resnet18,"[0, 0.03]",C4,Sensitivity at 99% Specificity,0.4528301886792453
/scratchc/nrlab/wang04/ulyses_results_iteration/iteration_3_merge_below_3/cnn_model/cnn14/plasma_tp1_0.1x_model_C4/roc_curve_resnet18_tf_0_0.03/nested_cv_random/resnet18/repeat_10_fold_5_metrics.csv,1,4,resnet18,"[0, 0.03]",C4,PPV at 99% Specificity,1
/scratchc/nrlab/wang04/ulyses_results_iteration/iteration_3_merge_below_3/cnn_model/cnn14/plasma_tp1_0.1x_model_C4/roc_curve_resnet18_tf_0_0.03/nested_cv_random/resnet18/repeat_10_fold_5_metrics.csv,1,4,resnet18,"[0, 0.03]",C4,Accuracy at 99% Specificity,0.7214150943396227
/scratchc/nrlab/wang04/ulyses_results_iteration/iteration_3_merge_below_3/cnn_model/cnn14/plasma_tp1_0.1x_model_C4/roc_curve_resnet18_tf_0_0.03/nested_cv_random/resnet18/repeat_10_fold_5_metrics.csv,1,4,resnet18,"[0, 0.03]",C4,F1 at 99% Specificity,0.6233766233766234
/scratchc/nrlab/wang04/ulyses_results_iteration/iteration_3_merge_below_3/cnn_model/cnn14/plasma_tp1_0.1x_model_C4/roc_curve_resnet18_tf_0_0.03/nested_cv_random/resnet18/repeat_10_fold_5_metrics.csv,1,4,resnet18,"[0, 0.03]",C4,Sensitivity at 98% Specificity,0.4528301886792453
/scratchc/nrlab/wang04/ulyses_results_iteration/iteration_3_merge_below_3/cnn_model/cnn14/plasma_tp1_0.1x_model_C4/roc_curve_resnet18_tf_0_0.03/nested_cv_random/resnet18/repeat_10_fold_5_metrics.csv,1,4,resnet18,"[0, 0.03]",C4,PPV at 98% Specificity,1
/scratchc/nrlab/wang04/ulyses_results_iteration/iteration_3_merge_below_3/cnn_model/cnn14/plasma_tp1_0.1x_model_C4/roc_curve_resnet18_tf_0_0.03/nested_cv_random/resnet18/repeat_10_fold_5_metrics.csv,1,4,resnet18,"[0, 0.03]",C4,Accuracy at 98% Specificity,0.7164150943396226
/scratchc/nrlab/wang04/ulyses_results_iteration/iteration_3_merge_below_3/cnn_model/cnn14/plasma_tp1_0.1x_model_C4/roc_curve_resnet18_tf_0_0.03/nested_cv_random/resnet18/repeat_10_fold_5_metrics.csv,1,4,resnet18,"[0, 0.03]",C4,F1 at 98% Specificity,0.6233766233766234
/scratchc/nrlab/wang04/ulyses_results_iteration/iteration_3_merge_below_3/cnn_model/cnn14/plasma_tp1_0.1x_model_C4/roc_curve_resnet18_tf_0_0.03/nested_cv_random/resnet18/repeat_10_fold_5_metrics.csv,1,4,resnet18,"[0, 0.03]",C4,Sensitivity at 95% Specificity,0.6037735849056604
/scratchc/nrlab/wang04/ulyses_results_iteration/iteration_3_merge_below_3/cnn_model/cnn14/plasma_tp1_0.1x_model_C4/roc_curve_resnet18_tf_0_0.03/nested_cv_random/resnet18/repeat_10_fold_5_metrics.csv,1,4,resnet18,"[0, 0.03]",C4,PPV at 95% Specificity,0.9696969696969696
/scratchc/nrlab/wang04/ulyses_results_iteration/iteration_3_merge_below_3/cnn_model/cnn14/plasma_tp1_0.1x_model_C4/roc_curve_resnet18_tf_0_0.03/nested_cv_random/resnet18/repeat_10_fold_5_metrics.csv,1,4,resnet18,"[0, 0.03]",C4,Accuracy at 95% Specificity,0.7624928530588908
/scratchc/nrlab/wang04/ulyses_results_iteration/iteration_3_merge_below_3/cnn_model/cnn14/plasma_tp1_0.1x_model_C4/roc_curve_resnet18_tf_0_0.03/nested_cv_random/resnet18/repeat_10_fold_5_metrics.csv,1,4,resnet18,"[0, 0.03]",C4,F1 at 95% Specificity,0.7441860465116279
/scratchc/nrlab/wang04/ulyses_results_iteration/iteration_3_merge_below_3/cnn_model/cnn14/plasma_tp1_0.1x_model_C4/roc_curve_resnet18_tf_0_0.03/nested_cv_random/resnet18/repeat_10_fold_5_metrics.csv,1,5,resnet18,"[0, 0.03]",C4,AUROC,0.8816466552315608
/scratchc/nrlab/wang04/ulyses_results_iteration/iteration_3_merge_below_3/cnn_model/cnn14/plasma_tp1_0.1x_model_C4/roc_curve_resnet18_tf_0_0.03/nested_cv_random/resnet18/repeat_10_fold_5_metrics.csv,1,5,resnet18,"[0, 0.03]",C4,AUPRC,0.9236299753922288
/scratchc/nrlab/wang04/ulyses_results_iteration/iteration_3_merge_below_3/cnn_model/cnn14/plasma_tp1_0.1x_model_C4/roc_curve_resnet18_tf_0_0.03/nested_cv_random/resnet18/repeat_10_fold_5_metrics.csv,1,5,resnet18,"[0, 0.03]",C4,Sensitivity at 99% Specificity,0.27358490566037735
/scratchc/nrlab/wang04/ulyses_results_iteration/iteration_3_merge_below_3/cnn_model/cnn14/plasma_tp1_0.1x_model_C4/roc_curve_resnet18_tf_0_0.03/nested_cv_random/resnet18/repeat_10_fold_5_metrics.csv,1,5,resnet18,"[0, 0.03]",C4,PPV at 99% Specificity,1
/scratchc/nrlab/wang04/ulyses_results_iteration/iteration_3_merge_below_3/cnn_model/cnn14/plasma_tp1_0.1x_model_C4/roc_curve_resnet18_tf_0_0.03/nested_cv_random/resnet18/repeat_10_fold_5_metrics.csv,1,5,resnet18,"[0, 0.03]",C4,Accuracy at 99% Specificity,0.6317924528301887
/scratchc/nrlab/wang04/ulyses_results_iteration/iteration_3_merge_below_3/cnn_model/cnn14/plasma_tp1_0.1x_model_C4/roc_curve_resnet18_tf_0_0.03/nested_cv_random/resnet18/repeat_10_fold_5_metrics.csv,1,5,resnet18,"[0, 0.03]",C4,F1 at 99% Specificity,0.4296296296296296
/scratchc/nrlab/wang04/ulyses_results_iteration/iteration_3_merge_below_3/cnn_model/cnn14/plasma_tp1_0.1x_model_C4/roc_curve_resnet18_tf_0_0.03/nested_cv_random/resnet18/repeat_10_fold_5_metrics.csv,1,5,resnet18,"[0, 0.03]",C4,Sensitivity at 98% Specificity,0.27358490566037735
/scratchc/nrlab/wang04/ulyses_results_iteration/iteration_3_merge_below_3/cnn_model/cnn14/plasma_tp1_0.1x_model_C4/roc_curve_resnet18_tf_0_0.03/nested_cv_random/resnet18/repeat_10_fold_5_metrics.csv,1,5,resnet18,"[0, 0.03]",C4,PPV at 98% Specificity,1
/scratchc/nrlab/wang04/ulyses_results_iteration/iteration_3_merge_below_3/cnn_model/cnn14/plasma_tp1_0.1x_model_C4/roc_curve_resnet18_tf_0_0.03/nested_cv_random/resnet18/repeat_10_fold_5_metrics.csv,1,5,resnet18,"[0, 0.03]",C4,Accuracy at 98% Specificity,0.6267924528301887
/scratchc/nrlab/wang04/ulyses_results_iteration/iteration_3_merge_below_3/cnn_model/cnn14/plasma_tp1_0.1x_model_C4/roc_curve_resnet18_tf_0_0.03/nested_cv_random/resnet18/repeat_10_fold_5_metrics.csv,1,5,resnet18,"[0, 0.03]",C4,F1 at 98% Specificity,0.4296296296296296
/scratchc/nrlab/wang04/ulyses_results_iteration/iteration_3_merge_below_3/cnn_model/cnn14/plasma_tp1_0.1x_model_C4/roc_curve_resnet18_tf_0_0.03/nested_cv_random/resnet18/repeat_10_fold_5_metrics.csv,1,5,resnet18,"[0, 0.03]",C4,Sensitivity at 95% Specificity,0.4433962264150943
/scratchc/nrlab/wang04/ulyses_results_iteration/iteration_3_merge_below_3/cnn_model/cnn14/plasma_tp1_0.1x_model_C4/roc_curve_resnet18_tf_0_0.03/nested_cv_random/resnet18/repeat_10_fold_5_metrics.csv,1,5,resnet18,"[0, 0.03]",C4,PPV at 95% Specificity,0.9591836734693876
/scratchc/nrlab/wang04/ulyses_results_iteration/iteration_3_merge_below_3/cnn_model/cnn14/plasma_tp1_0.1x_model_C4/roc_curve_resnet18_tf_0_0.03/nested_cv_random/resnet18/repeat_10_fold_5_metrics.csv,1,5,resnet18,"[0, 0.03]",C4,Accuracy at 95% Specificity,0.6823041738136078
/scratchc/nrlab/wang04/ulyses_results_iteration/iteration_3_merge_below_3/cnn_model/cnn14/plasma_tp1_0.1x_model_C4/roc_curve_resnet18_tf_0_0.03/nested_cv_random/resnet18/repeat_10_fold_5_metrics.csv,1,5,resnet18,"[0, 0.03]",C4,F1 at 95% Specificity,0.6064516129032258
/scratchc/nrlab/wang04/ulyses_results_iteration/iteration_3_merge_below_3/cnn_model/cnn14/plasma_tp1_0.1x_model_C4/roc_curve_resnet18_tf_0_0.03/nested_cv_random/resnet18/repeat_10_fold_5_metrics.csv,2,1,resnet18,"[0, 0.03]",C4,AUROC,0.8540156361051883
/scratchc/nrlab/wang04/ulyses_results_iteration/iteration_3_merge_below_3/cnn_model/cnn14/plasma_tp1_0.1x_model_C4/roc_curve_resnet18_tf_0_0.03/nested_cv_random/resnet18/repeat_10_fold_5_metrics.csv,2,1,resnet18,"[0, 0.03]",C4,AUPRC,0.8975089920889244
/scratchc/nrlab/wang04/ulyses_results_iteration/iteration_3_merge_below_3/cnn_model/cnn14/plasma_tp1_0.1x_model_C4/roc_curve_resnet18_tf_0_0.03/nested_cv_random/resnet18/repeat_10_fold_5_metrics.csv,2,1,resnet18,"[0, 0.03]",C4,Sensitivity at 99% Specificity,0.1619047619047619
/scratchc/nrlab/wang04/ulyses_results_iteration/iteration_3_merge_below_3/cnn_model/cnn14/plasma_tp1_0.1x_model_C4/roc_curve_resnet18_tf_0_0.03/nested_cv_random/resnet18/repeat_10_fold_5_metrics.csv,2,1,resnet18,"[0, 0.03]",C4,PPV at 99% Specificity,1
/scratchc/nrlab/wang04/ulyses_results_iteration/iteration_3_merge_below_3/cnn_model/cnn14/plasma_tp1_0.1x_model_C4/roc_curve_resnet18_tf_0_0.03/nested_cv_random/resnet18/repeat_10_fold_5_metrics.csv,2,1,resnet18,"[0, 0.03]",C4,Accuracy at 99% Specificity,0.575952380952381
/scratchc/nrlab/wang04/ulyses_results_iteration/iteration_3_merge_below_3/cnn_model/cnn14/plasma_tp1_0.1x_model_C4/roc_curve_resnet18_tf_0_0.03/nested_cv_random/resnet18/repeat_10_fold_5_metrics.csv,2,1,resnet18,"[0, 0.03]",C4,F1 at 99% Specificity,0.2786885245901639
/scratchc/nrlab/wang04/ulyses_results_iteration/iteration_3_merge_below_3/cnn_model/cnn14/plasma_tp1_0.1x_model_C4/roc_curve_resnet18_tf_0_0.03/nested_cv_random/resnet18/repeat_10_fold_5_metrics.csv,2,1,resnet18,"[0, 0.03]",C4,Sensitivity at 98% Specificity,0.1619047619047619
/scratchc/nrlab/wang04/ulyses_results_iteration/iteration_3_merge_below_3/cnn_model/cnn14/plasma_tp1_0.1x_model_C4/roc_curve_resnet18_tf_0_0.03/nested_cv_random/resnet18/repeat_10_fold_5_metrics.csv,2,1,resnet18,"[0, 0.03]",C4,PPV at 98% Specificity,1
/scratchc/nrlab/wang04/ulyses_results_iteration/iteration_3_merge_below_3/cnn_model/cnn14/plasma_tp1_0.1x_model_C4/roc_curve_resnet18_tf_0_0.03/nested_cv_random/resnet18/repeat_10_fold_5_metrics.csv,2,1,resnet18,"[0, 0.03]",C4,Accuracy at 98% Specificity,0.570952380952381
/scratchc/nrlab/wang04/ulyses_results_iteration/iteration_3_merge_below_3/cnn_model/cnn14/plasma_tp1_0.1x_model_C4/roc_curve_resnet18_tf_0_0.03/nested_cv_random/resnet18/repeat_10_fold_5_metrics.csv,2,1,resnet18,"[0, 0.03]",C4,F1 at 98% Specificity,0.2786885245901639
/scratchc/nrlab/wang04/ulyses_results_iteration/iteration_3_merge_below_3/cnn_model/cnn14/plasma_tp1_0.1x_model_C4/roc_curve_resnet18_tf_0_0.03/nested_cv_random/resnet18/repeat_10_fold_5_metrics.csv,2,1,resnet18,"[0, 0.03]",C4,Sensitivity at 95% Specificity,0.3333333333333333
/scratchc/nrlab/wang04/ulyses_results_iteration/iteration_3_merge_below_3/cnn_model/cnn14/plasma_tp1_0.1x_model_C4/roc_curve_resnet18_tf_0_0.03/nested_cv_random/resnet18/repeat_10_fold_5_metrics.csv,2,1,resnet18,"[0, 0.03]",C4,PPV at 95% Specificity,0.9210526315789472
/scratchc/nrlab/wang04/ulyses_results_iteration/iteration_3_merge_below_3/cnn_model/cnn14/plasma_tp1_0.1x_model_C4/roc_curve_resnet18_tf_0_0.03/nested_cv_random/resnet18/repeat_10_fold_5_metrics.csv,2,1,resnet18,"[0, 0.03]",C4,Accuracy at 95% Specificity,0.6203980099502487
/scratchc/nrlab/wang04/ulyses_results_iteration/iteration_3_merge_below_3/cnn_model/cnn14/plasma_tp1_0.1x_model_C4/roc_curve_resnet18_tf_0_0.03/nested_cv_random/resnet18/repeat_10_fold_5_metrics.csv,2,1,resnet18,"[0, 0.03]",C4,F1 at 95% Specificity,0.48951048951048953
/scratchc/nrlab/wang04/ulyses_results_iteration/iteration_3_merge_below_3/cnn_model/cnn14/plasma_tp1_0.1x_model_C4/roc_curve_resnet18_tf_0_0.03/nested_cv_random/resnet18/repeat_10_fold_5_metrics.csv,2,2,resnet18,"[0, 0.03]",C4,AUROC,0.9096626643796456
/scratchc/nrlab/wang04/ulyses_results_iteration/iteration_3_merge_below_3/cnn_model/cnn14/plasma_tp1_0.1x_model_C4/roc_curve_resnet18_tf_0_0.03/nested_cv_random/resnet18/repeat_10_fold_5_metrics.csv,2,2,resnet18,"[0, 0.03]",C4,AUPRC,0.9442102940488156
/scratchc/nrlab/wang04/ulyses_results_iteration/iteration_3_merge_below_3/cnn_model/cnn14/plasma_tp1_0.1x_model_C4/roc_curve_resnet18_tf_0_0.03/nested_cv_random/resnet18/repeat_10_fold_5_metrics.csv,2,2,resnet18,"[0, 0.03]",C4,Sensitivity at 99% Specificity,0.4056603773584906
/scratchc/nrlab/wang04/ulyses_results_iteration/iteration_3_merge_below_3/cnn_model/cnn14/plasma_tp1_0.1x_model_C4/roc_curve_resnet18_tf_0_0.03/nested_cv_random/resnet18/repeat_10_fold_5_metrics.csv,2,2,resnet18,"[0, 0.03]",C4,PPV at 99% Specificity,1
/scratchc/nrlab/wang04/ulyses_results_iteration/iteration_3_merge_below_3/cnn_model/cnn14/plasma_tp1_0.1x_model_C4/roc_curve_resnet18_tf_0_0.03/nested_cv_random/resnet18/repeat_10_fold_5_metrics.csv,2,2,resnet18,"[0, 0.03]",C4,Accuracy at 99% Specificity,0.6978301886792453
/scratchc/nrlab/wang04/ulyses_results_iteration/iteration_3_merge_below_3/cnn_model/cnn14/plasma_tp1_0.1x_model_C4/roc_curve_resnet18_tf_0_0.03/nested_cv_random/resnet18/repeat_10_fold_5_metrics.csv,2,2,resnet18,"[0, 0.03]",C4,F1 at 99% Specificity,0.5771812080536913
/scratchc/nrlab/wang04/ulyses_results_iteration/iteration_3_merge_below_3/cnn_model/cnn14/plasma_tp1_0.1x_model_C4/roc_curve_resnet18_tf_0_0.03/nested_cv_random/resnet18/repeat_10_fold_5_metrics.csv,2,2,resnet18,"[0, 0.03]",C4,Sensitivity at 98% Specificity,0.4056603773584906
/scratchc/nrlab/wang04/ulyses_results_iteration/iteration_3_merge_below_3/cnn_model/cnn14/plasma_tp1_0.1x_model_C4/roc_curve_resnet18_tf_0_0.03/nested_cv_random/resnet18/repeat_10_fold_5_metrics.csv,2,2,resnet18,"[0, 0.03]",C4,PPV at 98% Specificity,1
/scratchc/nrlab/wang04/ulyses_results_iteration/iteration_3_merge_below_3/cnn_model/cnn14/plasma_tp1_0.1x_model_C4/roc_curve_resnet18_tf_0_0.03/nested_cv_random/resnet18/repeat_10_fold_5_metrics.csv,2,2,resnet18,"[0, 0.03]",C4,Accuracy at 98% Specificity,0.6928301886792453
/scratchc/nrlab/wang04/ulyses_results_iteration/iteration_3_merge_below_3/cnn_model/cnn14/plasma_tp1_0.1x_model_C4/roc_curve_resnet18_tf_0_0.03/nested_cv_random/resnet18/repeat_10_fold_5_metrics.csv,2,2,resnet18,"[0, 0.03]",C4,F1 at 98% Specificity,0.5771812080536913
/scratchc/nrlab/wang04/ulyses_results_iteration/iteration_3_merge_below_3/cnn_model/cnn14/plasma_tp1_0.1x_model_C4/roc_curve_resnet18_tf_0_0.03/nested_cv_random/resnet18/repeat_10_fold_5_metrics.csv,2,2,resnet18,"[0, 0.03]",C4,Sensitivity at 95% Specificity,0.5849056603773585
/scratchc/nrlab/wang04/ulyses_results_iteration/iteration_3_merge_below_3/cnn_model/cnn14/plasma_tp1_0.1x_model_C4/roc_curve_resnet18_tf_0_0.03/nested_cv_random/resnet18/repeat_10_fold_5_metrics.csv,2,2,resnet18,"[0, 0.03]",C4,PPV at 95% Specificity,0.96875
/scratchc/nrlab/wang04/ulyses_results_iteration/iteration_3_merge_below_3/cnn_model/cnn14/plasma_tp1_0.1x_model_C4/roc_curve_resnet18_tf_0_0.03/nested_cv_random/resnet18/repeat_10_fold_5_metrics.csv,2,2,resnet18,"[0, 0.03]",C4,Accuracy at 95% Specificity,0.7530588907947398
/scratchc/nrlab/wang04/ulyses_results_iteration/iteration_3_merge_below_3/cnn_model/cnn14/plasma_tp1_0.1x_model_C4/roc_curve_resnet18_tf_0_0.03/nested_cv_random/resnet18/repeat_10_fold_5_metrics.csv,2,2,resnet18,"[0, 0.03]",C4,F1 at 95% Specificity,0.7294117647058823
/scratchc/nrlab/wang04/ulyses_results_iteration/iteration_3_merge_below_3/cnn_model/cnn14/plasma_tp1_0.1x_model_C4/roc_curve_resnet18_tf_0_0.03/nested_cv_random/resnet18/repeat_10_fold_5_metrics.csv,2,3,resnet18,"[0, 0.03]",C4,AUROC,0.918452380952381
/scratchc/nrlab/wang04/ulyses_results_iteration/iteration_3_merge_below_3/cnn_model/cnn14/plasma_tp1_0.1x_model_C4/roc_curve_resnet18_tf_0_0.03/nested_cv_random/resnet18/repeat_10_fold_5_metrics.csv,2,3,resnet18,"[0, 0.03]",C4,AUPRC,0.9504229137921444
/scratchc/nrlab/wang04/ulyses_results_iteration/iteration_3_merge_below_3/cnn_model/cnn14/plasma_tp1_0.1x_model_C4/roc_curve_resnet18_tf_0_0.03/nested_cv_random/resnet18/repeat_10_fold_5_metrics.csv,2,3,resnet18,"[0, 0.03]",C4,Sensitivity at 99% Specificity,0.19642857142857145
/scratchc/nrlab/wang04/ulyses_results_iteration/iteration_3_merge_below_3/cnn_model/cnn14/plasma_tp1_0.1x_model_C4/roc_curve_resnet18_tf_0_0.03/nested_cv_random/resnet18/repeat_10_fold_5_metrics.csv,2,3,resnet18,"[0, 0.03]",C4,PPV at 99% Specificity,1
/scratchc/nrlab/wang04/ulyses_results_iteration/iteration_3_merge_below_3/cnn_model/cnn14/plasma_tp1_0.1x_model_C4/roc_curve_resnet18_tf_0_0.03/nested_cv_random/resnet18/repeat_10_fold_5_metrics.csv,2,3,resnet18,"[0, 0.03]",C4,Accuracy at 99% Specificity,0.5932142857142857
/scratchc/nrlab/wang04/ulyses_results_iteration/iteration_3_merge_below_3/cnn_model/cnn14/plasma_tp1_0.1x_model_C4/roc_curve_resnet18_tf_0_0.03/nested_cv_random/resnet18/repeat_10_fold_5_metrics.csv,2,3,resnet18,"[0, 0.03]",C4,F1 at 99% Specificity,0.3283582089552239
/scratchc/nrlab/wang04/ulyses_results_iteration/iteration_3_merge_below_3/cnn_model/cnn14/plasma_tp1_0.1x_model_C4/roc_curve_resnet18_tf_0_0.03/nested_cv_random/resnet18/repeat_10_fold_5_metrics.csv,2,3,resnet18,"[0, 0.03]",C4,Sensitivity at 98% Specificity,0.19642857142857145
/scratchc/nrlab/wang04/ulyses_results_iteration/iteration_3_merge_below_3/cnn_model/cnn14/plasma_tp1_0.1x_model_C4/roc_curve_resnet18_tf_0_0.03/nested_cv_random/resnet18/repeat_10_fold_5_metrics.csv,2,3,resnet18,"[0, 0.03]",C4,PPV at 98% Specificity,1
/scratchc/nrlab/wang04/ulyses_results_iteration/iteration_3_merge_below_3/cnn_model/cnn14/plasma_tp1_0.1x_model_C4/roc_curve_resnet18_tf_0_0.03/nested_cv_random/resnet18/repeat_10_fold_5_metrics.csv,2,3,resnet18,"[0, 0.03]",C4,Accuracy at 98% Specificity,0.5882142857142857
/scratchc/nrlab/wang04/ulyses_results_iteration/iteration_3_merge_below_3/cnn_model/cnn14/plasma_tp1_0.1x_model_C4/roc_curve_resnet18_tf_0_0.03/nested_cv_random/resnet18/repeat_10_fold_5_metrics.csv,2,3,resnet18,"[0, 0.03]",C4,F1 at 98% Specificity,0.3283582089552239
/scratchc/nrlab/wang04/ulyses_results_iteration/iteration_3_merge_below_3/cnn_model/cnn14/plasma_tp1_0.1x_model_C4/roc_curve_resnet18_tf_0_0.03/nested_cv_random/resnet18/repeat_10_fold_5_metrics.csv,2,3,resnet18,"[0, 0.03]",C4,Sensitivity at 95% Specificity,0.6696428571428571
/scratchc/nrlab/wang04/ulyses_results_iteration/iteration_3_merge_below_3/cnn_model/cnn14/plasma_tp1_0.1x_model_C4/roc_curve_resnet18_tf_0_0.03/nested_cv_random/resnet18/repeat_10_fold_5_metrics.csv,2,3,resnet18,"[0, 0.03]",C4,PPV at 95% Specificity,0.974025974025974
/scratchc/nrlab/wang04/ulyses_results_iteration/iteration_3_merge_below_3/cnn_model/cnn14/plasma_tp1_0.1x_model_C4/roc_curve_resnet18_tf_0_0.03/nested_cv_random/resnet18/repeat_10_fold_5_metrics.csv,2,3,resnet18,"[0, 0.03]",C4,Accuracy at 95% Specificity,0.7939880952380952
/scratchc/nrlab/wang04/ulyses_results_iteration/iteration_3_merge_below_3/cnn_model/cnn14/plasma_tp1_0.1x_model_C4/roc_curve_resnet18_tf_0_0.03/nested_cv_random/resnet18/repeat_10_fold_5_metrics.csv,2,3,resnet18,"[0, 0.03]",C4,F1 at 95% Specificity,0.7936507936507936
/scratchc/nrlab/wang04/ulyses_results_iteration/iteration_3_merge_below_3/cnn_model/cnn14/plasma_tp1_0.1x_model_C4/roc_curve_resnet18_tf_0_0.03/nested_cv_random/resnet18/repeat_10_fold_5_metrics.csv,2,4,resnet18,"[0, 0.03]",C4,AUROC,0.909273903666427
/scratchc/nrlab/wang04/ulyses_results_iteration/iteration_3_merge_below_3/cnn_model/cnn14/plasma_tp1_0.1x_model_C4/roc_curve_resnet18_tf_0_0.03/nested_cv_random/resnet18/repeat_10_fold_5_metrics.csv,2,4,resnet18,"[0, 0.03]",C4,AUPRC,0.9485630471908169
/scratchc/nrlab/wang04/ulyses_results_iteration/iteration_3_merge_below_3/cnn_model/cnn14/plasma_tp1_0.1x_model_C4/roc_curve_resnet18_tf_0_0.03/nested_cv_random/resnet18/repeat_10_fold_5_metrics.csv,2,4,resnet18,"[0, 0.03]",C4,Sensitivity at 99% Specificity,0.5233644859813084
/scratchc/nrlab/wang04/ulyses_results_iteration/iteration_3_merge_below_3/cnn_model/cnn14/plasma_tp1_0.1x_model_C4/roc_curve_resnet18_tf_0_0.03/nested_cv_random/resnet18/repeat_10_fold_5_metrics.csv,2,4,resnet18,"[0, 0.03]",C4,PPV at 99% Specificity,1
/scratchc/nrlab/wang04/ulyses_results_iteration/iteration_3_merge_below_3/cnn_model/cnn14/plasma_tp1_0.1x_model_C4/roc_curve_resnet18_tf_0_0.03/nested_cv_random/resnet18/repeat_10_fold_5_metrics.csv,2,4,resnet18,"[0, 0.03]",C4,Accuracy at 99% Specificity,0.7566822429906541
/scratchc/nrlab/wang04/ulyses_results_iteration/iteration_3_merge_below_3/cnn_model/cnn14/plasma_tp1_0.1x_model_C4/roc_curve_resnet18_tf_0_0.03/nested_cv_random/resnet18/repeat_10_fold_5_metrics.csv,2,4,resnet18,"[0, 0.03]",C4,F1 at 99% Specificity,0.6871165644171779
/scratchc/nrlab/wang04/ulyses_results_iteration/iteration_3_merge_below_3/cnn_model/cnn14/plasma_tp1_0.1x_model_C4/roc_curve_resnet18_tf_0_0.03/nested_cv_random/resnet18/repeat_10_fold_5_metrics.csv,2,4,resnet18,"[0, 0.03]",C4,Sensitivity at 98% Specificity,0.5233644859813084
/scratchc/nrlab/wang04/ulyses_results_iteration/iteration_3_merge_below_3/cnn_model/cnn14/plasma_tp1_0.1x_model_C4/roc_curve_resnet18_tf_0_0.03/nested_cv_random/resnet18/repeat_10_fold_5_metrics.csv,2,4,resnet18,"[0, 0.03]",C4,PPV at 98% Specificity,1
/scratchc/nrlab/wang04/ulyses_results_iteration/iteration_3_merge_below_3/cnn_model/cnn14/plasma_tp1_0.1x_model_C4/roc_curve_resnet18_tf_0_0.03/nested_cv_random/resnet18/repeat_10_fold_5_metrics.csv,2,4,resnet18,"[0, 0.03]",C4,Accuracy at 98% Specificity,0.7516822429906542
/scratchc/nrlab/wang04/ulyses_results_iteration/iteration_3_merge_below_3/cnn_model/cnn14/plasma_tp1_0.1x_model_C4/roc_curve_resnet18_tf_0_0.03/nested_cv_random/resnet18/repeat_10_fold_5_metrics.csv,2,4,resnet18,"[0, 0.03]",C4,F1 at 98% Specificity,0.6871165644171779
/scratchc/nrlab/wang04/ulyses_results_iteration/iteration_3_merge_below_3/cnn_model/cnn14/plasma_tp1_0.1x_model_C4/roc_curve_resnet18_tf_0_0.03/nested_cv_random/resnet18/repeat_10_fold_5_metrics.csv,2,4,resnet18,"[0, 0.03]",C4,Sensitivity at 95% Specificity,0.5607476635514018
/scratchc/nrlab/wang04/ulyses_results_iteration/iteration_3_merge_below_3/cnn_model/cnn14/plasma_tp1_0.1x_model_C4/roc_curve_resnet18_tf_0_0.03/nested_cv_random/resnet18/repeat_10_fold_5_metrics.csv,2,4,resnet18,"[0, 0.03]",C4,PPV at 95% Specificity,0.967741935483871
/scratchc/nrlab/wang04/ulyses_results_iteration/iteration_3_merge_below_3/cnn_model/cnn14/plasma_tp1_0.1x_model_C4/roc_curve_resnet18_tf_0_0.03/nested_cv_random/resnet18/repeat_10_fold_5_metrics.csv,2,4,resnet18,"[0, 0.03]",C4,Accuracy at 95% Specificity,0.7407584471603162
/scratchc/nrlab/wang04/ulyses_results_iteration/iteration_3_merge_below_3/cnn_model/cnn14/plasma_tp1_0.1x_model_C4/roc_curve_resnet18_tf_0_0.03/nested_cv_random/resnet18/repeat_10_fold_5_metrics.csv,2,4,resnet18,"[0, 0.03]",C4,F1 at 95% Specificity,0.7100591715976331
/scratchc/nrlab/wang04/ulyses_results_iteration/iteration_3_merge_below_3/cnn_model/cnn14/plasma_tp1_0.1x_model_C4/roc_curve_resnet18_tf_0_0.03/nested_cv_random/resnet18/repeat_10_fold_5_metrics.csv,2,5,resnet18,"[0, 0.03]",C4,AUROC,0.8666572796395382
/scratchc/nrlab/wang04/ulyses_results_iteration/iteration_3_merge_below_3/cnn_model/cnn14/plasma_tp1_0.1x_model_C4/roc_curve_resnet18_tf_0_0.03/nested_cv_random/resnet18/repeat_10_fold_5_metrics.csv,2,5,resnet18,"[0, 0.03]",C4,AUPRC,0.9036022360741064
/scratchc/nrlab/wang04/ulyses_results_iteration/iteration_3_merge_below_3/cnn_model/cnn14/plasma_tp1_0.1x_model_C4/roc_curve_resnet18_tf_0_0.03/nested_cv_random/resnet18/repeat_10_fold_5_metrics.csv,2,5,resnet18,"[0, 0.03]",C4,Sensitivity at 99% Specificity,0.05660377358490566
/scratchc/nrlab/wang04/ulyses_results_iteration/iteration_3_merge_below_3/cnn_model/cnn14/plasma_tp1_0.1x_model_C4/roc_curve_resnet18_tf_0_0.03/nested_cv_random/resnet18/repeat_10_fold_5_metrics.csv,2,5,resnet18,"[0, 0.03]",C4,PPV at 99% Specificity,1
/scratchc/nrlab/wang04/ulyses_results_iteration/iteration_3_merge_below_3/cnn_model/cnn14/plasma_tp1_0.1x_model_C4/roc_curve_resnet18_tf_0_0.03/nested_cv_random/resnet18/repeat_10_fold_5_metrics.csv,2,5,resnet18,"[0, 0.03]",C4,Accuracy at 99% Specificity,0.5233018867924528
/scratchc/nrlab/wang04/ulyses_results_iteration/iteration_3_merge_below_3/cnn_model/cnn14/plasma_tp1_0.1x_model_C4/roc_curve_resnet18_tf_0_0.03/nested_cv_random/resnet18/repeat_10_fold_5_metrics.csv,2,5,resnet18,"[0, 0.03]",C4,F1 at 99% Specificity,0.10714285714285714
/scratchc/nrlab/wang04/ulyses_results_iteration/iteration_3_merge_below_3/cnn_model/cnn14/plasma_tp1_0.1x_model_C4/roc_curve_resnet18_tf_0_0.03/nested_cv_random/resnet18/repeat_10_fold_5_metrics.csv,2,5,resnet18,"[0, 0.03]",C4,Sensitivity at 98% Specificity,0.05660377358490566
/scratchc/nrlab/wang04/ulyses_results_iteration/iteration_3_merge_below_3/cnn_model/cnn14/plasma_tp1_0.1x_model_C4/roc_curve_resnet18_tf_0_0.03/nested_cv_random/resnet18/repeat_10_fold_5_metrics.csv,2,5,resnet18,"[0, 0.03]",C4,PPV at 98% Specificity,1
/scratchc/nrlab/wang04/ulyses_results_iteration/iteration_3_merge_below_3/cnn_model/cnn14/plasma_tp1_0.1x_model_C4/roc_curve_resnet18_tf_0_0.03/nested_cv_random/resnet18/repeat_10_fold_5_metrics.csv,2,5,resnet18,"[0, 0.03]",C4,Accuracy at 98% Specificity,0.5183018867924528
/scratchc/nrlab/wang04/ulyses_results_iteration/iteration_3_merge_below_3/cnn_model/cnn14/plasma_tp1_0.1x_model_C4/roc_curve_resnet18_tf_0_0.03/nested_cv_random/resnet18/repeat_10_fold_5_metrics.csv,2,5,resnet18,"[0, 0.03]",C4,F1 at 98% Specificity,0.10714285714285714
/scratchc/nrlab/wang04/ulyses_results_iteration/iteration_3_merge_below_3/cnn_model/cnn14/plasma_tp1_0.1x_model_C4/roc_curve_resnet18_tf_0_0.03/nested_cv_random/resnet18/repeat_10_fold_5_metrics.csv,2,5,resnet18,"[0, 0.03]",C4,Sensitivity at 95% Specificity,0.5471698113207547
/scratchc/nrlab/wang04/ulyses_results_iteration/iteration_3_merge_below_3/cnn_model/cnn14/plasma_tp1_0.1x_model_C4/roc_curve_resnet18_tf_0_0.03/nested_cv_random/resnet18/repeat_10_fold_5_metrics.csv,2,5,resnet18,"[0, 0.03]",C4,PPV at 95% Specificity,0.9508196721311476
/scratchc/nrlab/wang04/ulyses_results_iteration/iteration_3_merge_below_3/cnn_model/cnn14/plasma_tp1_0.1x_model_C4/roc_curve_resnet18_tf_0_0.03/nested_cv_random/resnet18/repeat_10_fold_5_metrics.csv,2,5,resnet18,"[0, 0.03]",C4,Accuracy at 95% Specificity,0.7273162489439594
/scratchc/nrlab/wang04/ulyses_results_iteration/iteration_3_merge_below_3/cnn_model/cnn14/plasma_tp1_0.1x_model_C4/roc_curve_resnet18_tf_0_0.03/nested_cv_random/resnet18/repeat_10_fold_5_metrics.csv,2,5,resnet18,"[0, 0.03]",C4,F1 at 95% Specificity,0.6946107784431138
/scratchc/nrlab/wang04/ulyses_results_iteration/iteration_3_merge_below_3/cnn_model/cnn14/plasma_tp1_0.1x_model_C4/roc_curve_resnet18_tf_0_0.03/nested_cv_random/resnet18/repeat_10_fold_5_metrics.csv,3,1,resnet18,"[0, 0.03]",C4,AUROC,0.8881880733944953
/scratchc/nrlab/wang04/ulyses_results_iteration/iteration_3_merge_below_3/cnn_model/cnn14/plasma_tp1_0.1x_model_C4/roc_curve_resnet18_tf_0_0.03/nested_cv_random/resnet18/repeat_10_fold_5_metrics.csv,3,1,resnet18,"[0, 0.03]",C4,AUPRC,0.9328488922373548
/scratchc/nrlab/wang04/ulyses_results_iteration/iteration_3_merge_below_3/cnn_model/cnn14/plasma_tp1_0.1x_model_C4/roc_curve_resnet18_tf_0_0.03/nested_cv_random/resnet18/repeat_10_fold_5_metrics.csv,3,1,resnet18,"[0, 0.03]",C4,Sensitivity at 99% Specificity,0.3853211009174312
/scratchc/nrlab/wang04/ulyses_results_iteration/iteration_3_merge_below_3/cnn_model/cnn14/plasma_tp1_0.1x_model_C4/roc_curve_resnet18_tf_0_0.03/nested_cv_random/resnet18/repeat_10_fold_5_metrics.csv,3,1,resnet18,"[0, 0.03]",C4,PPV at 99% Specificity,1
/scratchc/nrlab/wang04/ulyses_results_iteration/iteration_3_merge_below_3/cnn_model/cnn14/plasma_tp1_0.1x_model_C4/roc_curve_resnet18_tf_0_0.03/nested_cv_random/resnet18/repeat_10_fold_5_metrics.csv,3,1,resnet18,"[0, 0.03]",C4,Accuracy at 99% Specificity,0.6876605504587157
/scratchc/nrlab/wang04/ulyses_results_iteration/iteration_3_merge_below_3/cnn_model/cnn14/plasma_tp1_0.1x_model_C4/roc_curve_resnet18_tf_0_0.03/nested_cv_random/resnet18/repeat_10_fold_5_metrics.csv,3,1,resnet18,"[0, 0.03]",C4,F1 at 99% Specificity,0.5562913907284768
/scratchc/nrlab/wang04/ulyses_results_iteration/iteration_3_merge_below_3/cnn_model/cnn14/plasma_tp1_0.1x_model_C4/roc_curve_resnet18_tf_0_0.03/nested_cv_random/resnet18/repeat_10_fold_5_metrics.csv,3,1,resnet18,"[0, 0.03]",C4,Sensitivity at 98% Specificity,0.3853211009174312
/scratchc/nrlab/wang04/ulyses_results_iteration/iteration_3_merge_below_3/cnn_model/cnn14/plasma_tp1_0.1x_model_C4/roc_curve_resnet18_tf_0_0.03/nested_cv_random/resnet18/repeat_10_fold_5_metrics.csv,3,1,resnet18,"[0, 0.03]",C4,PPV at 98% Specificity,1
/scratchc/nrlab/wang04/ulyses_results_iteration/iteration_3_merge_below_3/cnn_model/cnn14/plasma_tp1_0.1x_model_C4/roc_curve_resnet18_tf_0_0.03/nested_cv_random/resnet18/repeat_10_fold_5_metrics.csv,3,1,resnet18,"[0, 0.03]",C4,Accuracy at 98% Specificity,0.6826605504587155
/scratchc/nrlab/wang04/ulyses_results_iteration/iteration_3_merge_below_3/cnn_model/cnn14/plasma_tp1_0.1x_model_C4/roc_curve_resnet18_tf_0_0.03/nested_cv_random/resnet18/repeat_10_fold_5_metrics.csv,3,1,resnet18,"[0, 0.03]",C4,F1 at 98% Specificity,0.5562913907284768
/scratchc/nrlab/wang04/ulyses_results_iteration/iteration_3_merge_below_3/cnn_model/cnn14/plasma_tp1_0.1x_model_C4/roc_curve_resnet18_tf_0_0.03/nested_cv_random/resnet18/repeat_10_fold_5_metrics.csv,3,1,resnet18,"[0, 0.03]",C4,Sensitivity at 95% Specificity,0.47706422018348627
/scratchc/nrlab/wang04/ulyses_results_iteration/iteration_3_merge_below_3/cnn_model/cnn14/plasma_tp1_0.1x_model_C4/roc_curve_resnet18_tf_0_0.03/nested_cv_random/resnet18/repeat_10_fold_5_metrics.csv,3,1,resnet18,"[0, 0.03]",C4,PPV at 95% Specificity,0.9629629629629628
/scratchc/nrlab/wang04/ulyses_results_iteration/iteration_3_merge_below_3/cnn_model/cnn14/plasma_tp1_0.1x_model_C4/roc_curve_resnet18_tf_0_0.03/nested_cv_random/resnet18/repeat_10_fold_5_metrics.csv,3,1,resnet18,"[0, 0.03]",C4,Accuracy at 95% Specificity,0.6986883600917431
/scratchc/nrlab/wang04/ulyses_results_iteration/iteration_3_merge_below_3/cnn_model/cnn14/plasma_tp1_0.1x_model_C4/roc_curve_resnet18_tf_0_0.03/nested_cv_random/resnet18/repeat_10_fold_5_metrics.csv,3,1,resnet18,"[0, 0.03]",C4,F1 at 95% Specificity,0.6380368098159509
/scratchc/nrlab/wang04/ulyses_results_iteration/iteration_3_merge_below_3/cnn_model/cnn14/plasma_tp1_0.1x_model_C4/roc_curve_resnet18_tf_0_0.03/nested_cv_random/resnet18/repeat_10_fold_5_metrics.csv,3,2,resnet18,"[0, 0.03]",C4,AUROC,0.9401866515837104
/scratchc/nrlab/wang04/ulyses_results_iteration/iteration_3_merge_below_3/cnn_model/cnn14/plasma_tp1_0.1x_model_C4/roc_curve_resnet18_tf_0_0.03/nested_cv_random/resnet18/repeat_10_fold_5_metrics.csv,3,2,resnet18,"[0, 0.03]",C4,AUPRC,0.9572775602526044
/scratchc/nrlab/wang04/ulyses_results_iteration/iteration_3_merge_below_3/cnn_model/cnn14/plasma_tp1_0.1x_model_C4/roc_curve_resnet18_tf_0_0.03/nested_cv_random/resnet18/repeat_10_fold_5_metrics.csv,3,2,resnet18,"[0, 0.03]",C4,Sensitivity at 99% Specificity,0.3557692307692308
/scratchc/nrlab/wang04/ulyses_results_iteration/iteration_3_merge_below_3/cnn_model/cnn14/plasma_tp1_0.1x_model_C4/roc_curve_resnet18_tf_0_0.03/nested_cv_random/resnet18/repeat_10_fold_5_metrics.csv,3,2,resnet18,"[0, 0.03]",C4,PPV at 99% Specificity,1
/scratchc/nrlab/wang04/ulyses_results_iteration/iteration_3_merge_below_3/cnn_model/cnn14/plasma_tp1_0.1x_model_C4/roc_curve_resnet18_tf_0_0.03/nested_cv_random/resnet18/repeat_10_fold_5_metrics.csv,3,2,resnet18,"[0, 0.03]",C4,Accuracy at 99% Specificity,0.6728846153846154
/scratchc/nrlab/wang04/ulyses_results_iteration/iteration_3_merge_below_3/cnn_model/cnn14/plasma_tp1_0.1x_model_C4/roc_curve_resnet18_tf_0_0.03/nested_cv_random/resnet18/repeat_10_fold_5_metrics.csv,3,2,resnet18,"[0, 0.03]",C4,F1 at 99% Specificity,0.524822695035461
/scratchc/nrlab/wang04/ulyses_results_iteration/iteration_3_merge_below_3/cnn_model/cnn14/plasma_tp1_0.1x_model_C4/roc_curve_resnet18_tf_0_0.03/nested_cv_random/resnet18/repeat_10_fold_5_metrics.csv,3,2,resnet18,"[0, 0.03]",C4,Sensitivity at 98% Specificity,0.3557692307692308
/scratchc/nrlab/wang04/ulyses_results_iteration/iteration_3_merge_below_3/cnn_model/cnn14/plasma_tp1_0.1x_model_C4/roc_curve_resnet18_tf_0_0.03/nested_cv_random/resnet18/repeat_10_fold_5_metrics.csv,3,2,resnet18,"[0, 0.03]",C4,PPV at 98% Specificity,1
/scratchc/nrlab/wang04/ulyses_results_iteration/iteration_3_merge_below_3/cnn_model/cnn14/plasma_tp1_0.1x_model_C4/roc_curve_resnet18_tf_0_0.03/nested_cv_random/resnet18/repeat_10_fold_5_metrics.csv,3,2,resnet18,"[0, 0.03]",C4,Accuracy at 98% Specificity,0.6678846153846154
/scratchc/nrlab/wang04/ulyses_results_iteration/iteration_3_merge_below_3/cnn_model/cnn14/plasma_tp1_0.1x_model_C4/roc_curve_resnet18_tf_0_0.03/nested_cv_random/resnet18/repeat_10_fold_5_metrics.csv,3,2,resnet18,"[0, 0.03]",C4,F1 at 98% Specificity,0.524822695035461
/scratchc/nrlab/wang04/ulyses_results_iteration/iteration_3_merge_below_3/cnn_model/cnn14/plasma_tp1_0.1x_model_C4/roc_curve_resnet18_tf_0_0.03/nested_cv_random/resnet18/repeat_10_fold_5_metrics.csv,3,2,resnet18,"[0, 0.03]",C4,Sensitivity at 95% Specificity,0.5288461538461539
/scratchc/nrlab/wang04/ulyses_results_iteration/iteration_3_merge_below_3/cnn_model/cnn14/plasma_tp1_0.1x_model_C4/roc_curve_resnet18_tf_0_0.03/nested_cv_random/resnet18/repeat_10_fold_5_metrics.csv,3,2,resnet18,"[0, 0.03]",C4,PPV at 95% Specificity,0.9649122807017544
/scratchc/nrlab/wang04/ulyses_results_iteration/iteration_3_merge_below_3/cnn_model/cnn14/plasma_tp1_0.1x_model_C4/roc_curve_resnet18_tf_0_0.03/nested_cv_random/resnet18/repeat_10_fold_5_metrics.csv,3,2,resnet18,"[0, 0.03]",C4,Accuracy at 95% Specificity,0.7254524886877828
/scratchc/nrlab/wang04/ulyses_results_iteration/iteration_3_merge_below_3/cnn_model/cnn14/plasma_tp1_0.1x_model_C4/roc_curve_resnet18_tf_0_0.03/nested_cv_random/resnet18/repeat_10_fold_5_metrics.csv,3,2,resnet18,"[0, 0.03]",C4,F1 at 95% Specificity,0.6832298136645962
/scratchc/nrlab/wang04/ulyses_results_iteration/iteration_3_merge_below_3/cnn_model/cnn14/plasma_tp1_0.1x_model_C4/roc_curve_resnet18_tf_0_0.03/nested_cv_random/resnet18/repeat_10_fold_5_metrics.csv,3,4,resnet18,"[0, 0.03]",C4,AUROC,0.908842559309849
/scratchc/nrlab/wang04/ulyses_results_iteration/iteration_3_merge_below_3/cnn_model/cnn14/plasma_tp1_0.1x_model_C4/roc_curve_resnet18_tf_0_0.03/nested_cv_random/resnet18/repeat_10_fold_5_metrics.csv,3,4,resnet18,"[0, 0.03]",C4,AUPRC,0.9406086752242128
/scratchc/nrlab/wang04/ulyses_results_iteration/iteration_3_merge_below_3/cnn_model/cnn14/plasma_tp1_0.1x_model_C4/roc_curve_resnet18_tf_0_0.03/nested_cv_random/resnet18/repeat_10_fold_5_metrics.csv,3,4,resnet18,"[0, 0.03]",C4,Sensitivity at 99% Specificity,0.19626168224299065
/scratchc/nrlab/wang04/ulyses_results_iteration/iteration_3_merge_below_3/cnn_model/cnn14/plasma_tp1_0.1x_model_C4/roc_curve_resnet18_tf_0_0.03/nested_cv_random/resnet18/repeat_10_fold_5_metrics.csv,3,4,resnet18,"[0, 0.03]",C4,PPV at 99% Specificity,1
/scratchc/nrlab/wang04/ulyses_results_iteration/iteration_3_merge_below_3/cnn_model/cnn14/plasma_tp1_0.1x_model_C4/roc_curve_resnet18_tf_0_0.03/nested_cv_random/resnet18/repeat_10_fold_5_metrics.csv,3,4,resnet18,"[0, 0.03]",C4,Accuracy at 99% Specificity,0.5931308411214953
/scratchc/nrlab/wang04/ulyses_results_iteration/iteration_3_merge_below_3/cnn_model/cnn14/plasma_tp1_0.1x_model_C4/roc_curve_resnet18_tf_0_0.03/nested_cv_random/resnet18/repeat_10_fold_5_metrics.csv,3,4,resnet18,"[0, 0.03]",C4,F1 at 99% Specificity,0.328125
/scratchc/nrlab/wang04/ulyses_results_iteration/iteration_3_merge_below_3/cnn_model/cnn14/plasma_tp1_0.1x_model_C4/roc_curve_resnet18_tf_0_0.03/nested_cv_random/resnet18/repeat_10_fold_5_metrics.csv,3,4,resnet18,"[0, 0.03]",C4,Sensitivity at 98% Specificity,0.19626168224299065
/scratchc/nrlab/wang04/ulyses_results_iteration/iteration_3_merge_below_3/cnn_model/cnn14/plasma_tp1_0.1x_model_C4/roc_curve_resnet18_tf_0_0.03/nested_cv_random/resnet18/repeat_10_fold_5_metrics.csv,3,4,resnet18,"[0, 0.03]",C4,PPV at 98% Specificity,1
/scratchc/nrlab/wang04/ulyses_results_iteration/iteration_3_merge_below_3/cnn_model/cnn14/plasma_tp1_0.1x_model_C4/roc_curve_resnet18_tf_0_0.03/nested_cv_random/resnet18/repeat_10_fold_5_metrics.csv,3,4,resnet18,"[0, 0.03]",C4,Accuracy at 98% Specificity,0.5881308411214953
/scratchc/nrlab/wang04/ulyses_results_iteration/iteration_3_merge_below_3/cnn_model/cnn14/plasma_tp1_0.1x_model_C4/roc_curve_resnet18_tf_0_0.03/nested_cv_random/resnet18/repeat_10_fold_5_metrics.csv,3,4,resnet18,"[0, 0.03]",C4,F1 at 98% Specificity,0.328125
/scratchc/nrlab/wang04/ulyses_results_iteration/iteration_3_merge_below_3/cnn_model/cnn14/plasma_tp1_0.1x_model_C4/roc_curve_resnet18_tf_0_0.03/nested_cv_random/resnet18/repeat_10_fold_5_metrics.csv,3,4,resnet18,"[0, 0.03]",C4,Sensitivity at 95% Specificity,0.6355140186915887
/scratchc/nrlab/wang04/ulyses_results_iteration/iteration_3_merge_below_3/cnn_model/cnn14/plasma_tp1_0.1x_model_C4/roc_curve_resnet18_tf_0_0.03/nested_cv_random/resnet18/repeat_10_fold_5_metrics.csv,3,4,resnet18,"[0, 0.03]",C4,PPV at 95% Specificity,0.9714285714285714
/scratchc/nrlab/wang04/ulyses_results_iteration/iteration_3_merge_below_3/cnn_model/cnn14/plasma_tp1_0.1x_model_C4/roc_curve_resnet18_tf_0_0.03/nested_cv_random/resnet18/repeat_10_fold_5_metrics.csv,3,4,resnet18,"[0, 0.03]",C4,Accuracy at 95% Specificity,0.7781416247304097
/scratchc/nrlab/wang04/ulyses_results_iteration/iteration_3_merge_below_3/cnn_model/cnn14/plasma_tp1_0.1x_model_C4/roc_curve_resnet18_tf_0_0.03/nested_cv_random/resnet18/repeat_10_fold_5_metrics.csv,3,4,resnet18,"[0, 0.03]",C4,F1 at 95% Specificity,0.768361581920904
/scratchc/nrlab/wang04/ulyses_results_iteration/iteration_3_merge_below_3/cnn_model/cnn14/plasma_tp1_0.1x_model_C4/roc_curve_resnet18_tf_0_0.03/nested_cv_random/resnet18/repeat_10_fold_5_metrics.csv,3,5,resnet18,"[0, 0.03]",C4,AUROC,0.9011863425925926
/scratchc/nrlab/wang04/ulyses_results_iteration/iteration_3_merge_below_3/cnn_model/cnn14/plasma_tp1_0.1x_model_C4/roc_curve_resnet18_tf_0_0.03/nested_cv_random/resnet18/repeat_10_fold_5_metrics.csv,3,5,resnet18,"[0, 0.03]",C4,AUPRC,0.9434293278432534
/scratchc/nrlab/wang04/ulyses_results_iteration/iteration_3_merge_below_3/cnn_model/cnn14/plasma_tp1_0.1x_model_C4/roc_curve_resnet18_tf_0_0.03/nested_cv_random/resnet18/repeat_10_fold_5_metrics.csv,3,5,resnet18,"[0, 0.03]",C4,Sensitivity at 99% Specificity,0.5092592592592593
/scratchc/nrlab/wang04/ulyses_results_iteration/iteration_3_merge_below_3/cnn_model/cnn14/plasma_tp1_0.1x_model_C4/roc_curve_resnet18_tf_0_0.03/nested_cv_random/resnet18/repeat_10_fold_5_metrics.csv,3,5,resnet18,"[0, 0.03]",C4,PPV at 99% Specificity,1
/scratchc/nrlab/wang04/ulyses_results_iteration/iteration_3_merge_below_3/cnn_model/cnn14/plasma_tp1_0.1x_model_C4/roc_curve_resnet18_tf_0_0.03/nested_cv_random/resnet18/repeat_10_fold_5_metrics.csv,3,5,resnet18,"[0, 0.03]",C4,Accuracy at 99% Specificity,0.7496296296296296
/scratchc/nrlab/wang04/ulyses_results_iteration/iteration_3_merge_below_3/cnn_model/cnn14/plasma_tp1_0.1x_model_C4/roc_curve_resnet18_tf_0_0.03/nested_cv_random/resnet18/repeat_10_fold_5_metrics.csv,3,5,resnet18,"[0, 0.03]",C4,F1 at 99% Specificity,0.6748466257668712
/scratchc/nrlab/wang04/ulyses_results_iteration/iteration_3_merge_below_3/cnn_model/cnn14/plasma_tp1_0.1x_model_C4/roc_curve_resnet18_tf_0_0.03/nested_cv_random/resnet18/repeat_10_fold_5_metrics.csv,3,5,resnet18,"[0, 0.03]",C4,Sensitivity at 98% Specificity,0.5092592592592593
/scratchc/nrlab/wang04/ulyses_results_iteration/iteration_3_merge_below_3/cnn_model/cnn14/plasma_tp1_0.1x_model_C4/roc_curve_resnet18_tf_0_0.03/nested_cv_random/resnet18/repeat_10_fold_5_metrics.csv,3,5,resnet18,"[0, 0.03]",C4,PPV at 98% Specificity,1
/scratchc/nrlab/wang04/ulyses_results_iteration/iteration_3_merge_below_3/cnn_model/cnn14/plasma_tp1_0.1x_model_C4/roc_curve_resnet18_tf_0_0.03/nested_cv_random/resnet18/repeat_10_fold_5_metrics.csv,3,5,resnet18,"[0, 0.03]",C4,Accuracy at 98% Specificity,0.7446296296296296
/scratchc/nrlab/wang04/ulyses_results_iteration/iteration_3_merge_below_3/cnn_model/cnn14/plasma_tp1_0.1x_model_C4/roc_curve_resnet18_tf_0_0.03/nested_cv_random/resnet18/repeat_10_fold_5_metrics.csv,3,5,resnet18,"[0, 0.03]",C4,F1 at 98% Specificity,0.6748466257668712
/scratchc/nrlab/wang04/ulyses_results_iteration/iteration_3_merge_below_3/cnn_model/cnn14/plasma_tp1_0.1x_model_C4/roc_curve_resnet18_tf_0_0.03/nested_cv_random/resnet18/repeat_10_fold_5_metrics.csv,3,5,resnet18,"[0, 0.03]",C4,Sensitivity at 95% Specificity,0.5555555555555556
/scratchc/nrlab/wang04/ulyses_results_iteration/iteration_3_merge_below_3/cnn_model/cnn14/plasma_tp1_0.1x_model_C4/roc_curve_resnet18_tf_0_0.03/nested_cv_random/resnet18/repeat_10_fold_5_metrics.csv,3,5,resnet18,"[0, 0.03]",C4,PPV at 95% Specificity,0.967741935483871
/scratchc/nrlab/wang04/ulyses_results_iteration/iteration_3_merge_below_3/cnn_model/cnn14/plasma_tp1_0.1x_model_C4/roc_curve_resnet18_tf_0_0.03/nested_cv_random/resnet18/repeat_10_fold_5_metrics.csv,3,5,resnet18,"[0, 0.03]",C4,Accuracy at 95% Specificity,0.7379340277777777
/scratchc/nrlab/wang04/ulyses_results_iteration/iteration_3_merge_below_3/cnn_model/cnn14/plasma_tp1_0.1x_model_C4/roc_curve_resnet18_tf_0_0.03/nested_cv_random/resnet18/repeat_10_fold_5_metrics.csv,3,5,resnet18,"[0, 0.03]",C4,F1 at 95% Specificity,0.7058823529411765
/scratchc/nrlab/wang04/ulyses_results_iteration/iteration_3_merge_below_3/cnn_model/cnn14/plasma_tp1_0.1x_model_C4/roc_curve_resnet18_tf_0_0.03/nested_cv_random/resnet18/repeat_10_fold_5_metrics.csv,4,1,resnet18,"[0, 0.03]",C4,AUROC,0.9191261574074074
/scratchc/nrlab/wang04/ulyses_results_iteration/iteration_3_merge_below_3/cnn_model/cnn14/plasma_tp1_0.1x_model_C4/roc_curve_resnet18_tf_0_0.03/nested_cv_random/resnet18/repeat_10_fold_5_metrics.csv,4,1,resnet18,"[0, 0.03]",C4,AUPRC,0.9457570412991144
/scratchc/nrlab/wang04/ulyses_results_iteration/iteration_3_merge_below_3/cnn_model/cnn14/plasma_tp1_0.1x_model_C4/roc_curve_resnet18_tf_0_0.03/nested_cv_random/resnet18/repeat_10_fold_5_metrics.csv,4,1,resnet18,"[0, 0.03]",C4,Sensitivity at 99% Specificity,0.2037037037037037
/scratchc/nrlab/wang04/ulyses_results_iteration/iteration_3_merge_below_3/cnn_model/cnn14/plasma_tp1_0.1x_model_C4/roc_curve_resnet18_tf_0_0.03/nested_cv_random/resnet18/repeat_10_fold_5_metrics.csv,4,1,resnet18,"[0, 0.03]",C4,PPV at 99% Specificity,1
/scratchc/nrlab/wang04/ulyses_results_iteration/iteration_3_merge_below_3/cnn_model/cnn14/plasma_tp1_0.1x_model_C4/roc_curve_resnet18_tf_0_0.03/nested_cv_random/resnet18/repeat_10_fold_5_metrics.csv,4,1,resnet18,"[0, 0.03]",C4,Accuracy at 99% Specificity,0.5968518518518519
/scratchc/nrlab/wang04/ulyses_results_iteration/iteration_3_merge_below_3/cnn_model/cnn14/plasma_tp1_0.1x_model_C4/roc_curve_resnet18_tf_0_0.03/nested_cv_random/resnet18/repeat_10_fold_5_metrics.csv,4,1,resnet18,"[0, 0.03]",C4,F1 at 99% Specificity,0.3384615384615385
/scratchc/nrlab/wang04/ulyses_results_iteration/iteration_3_merge_below_3/cnn_model/cnn14/plasma_tp1_0.1x_model_C4/roc_curve_resnet18_tf_0_0.03/nested_cv_random/resnet18/repeat_10_fold_5_metrics.csv,4,1,resnet18,"[0, 0.03]",C4,Sensitivity at 98% Specificity,0.2037037037037037
/scratchc/nrlab/wang04/ulyses_results_iteration/iteration_3_merge_below_3/cnn_model/cnn14/plasma_tp1_0.1x_model_C4/roc_curve_resnet18_tf_0_0.03/nested_cv_random/resnet18/repeat_10_fold_5_metrics.csv,4,1,resnet18,"[0, 0.03]",C4,PPV at 98% Specificity,1
/scratchc/nrlab/wang04/ulyses_results_iteration/iteration_3_merge_below_3/cnn_model/cnn14/plasma_tp1_0.1x_model_C4/roc_curve_resnet18_tf_0_0.03/nested_cv_random/resnet18/repeat_10_fold_5_metrics.csv,4,1,resnet18,"[0, 0.03]",C4,Accuracy at 98% Specificity,0.5918518518518519
/scratchc/nrlab/wang04/ulyses_results_iteration/iteration_3_merge_below_3/cnn_model/cnn14/plasma_tp1_0.1x_model_C4/roc_curve_resnet18_tf_0_0.03/nested_cv_random/resnet18/repeat_10_fold_5_metrics.csv,4,1,resnet18,"[0, 0.03]",C4,F1 at 98% Specificity,0.3384615384615385
/scratchc/nrlab/wang04/ulyses_results_iteration/iteration_3_merge_below_3/cnn_model/cnn14/plasma_tp1_0.1x_model_C4/roc_curve_resnet18_tf_0_0.03/nested_cv_random/resnet18/repeat_10_fold_5_metrics.csv,4,1,resnet18,"[0, 0.03]",C4,Sensitivity at 95% Specificity,0.5092592592592593
/scratchc/nrlab/wang04/ulyses_results_iteration/iteration_3_merge_below_3/cnn_model/cnn14/plasma_tp1_0.1x_model_C4/roc_curve_resnet18_tf_0_0.03/nested_cv_random/resnet18/repeat_10_fold_5_metrics.csv,4,1,resnet18,"[0, 0.03]",C4,PPV at 95% Specificity,0.9649122807017544
/scratchc/nrlab/wang04/ulyses_results_iteration/iteration_3_merge_below_3/cnn_model/cnn14/plasma_tp1_0.1x_model_C4/roc_curve_resnet18_tf_0_0.03/nested_cv_random/resnet18/repeat_10_fold_5_metrics.csv,4,1,resnet18,"[0, 0.03]",C4,Accuracy at 95% Specificity,0.7147858796296296
/scratchc/nrlab/wang04/ulyses_results_iteration/iteration_3_merge_below_3/cnn_model/cnn14/plasma_tp1_0.1x_model_C4/roc_curve_resnet18_tf_0_0.03/nested_cv_random/resnet18/repeat_10_fold_5_metrics.csv,4,1,resnet18,"[0, 0.03]",C4,F1 at 95% Specificity,0.6666666666666666
/scratchc/nrlab/wang04/ulyses_results_iteration/iteration_3_merge_below_3/cnn_model/cnn14/plasma_tp1_0.1x_model_C4/roc_curve_resnet18_tf_0_0.03/nested_cv_random/resnet18/repeat_10_fold_5_metrics.csv,4,2,resnet18,"[0, 0.03]",C4,AUROC,0.9135607798165138
/scratchc/nrlab/wang04/ulyses_results_iteration/iteration_3_merge_below_3/cnn_model/cnn14/plasma_tp1_0.1x_model_C4/roc_curve_resnet18_tf_0_0.03/nested_cv_random/resnet18/repeat_10_fold_5_metrics.csv,4,2,resnet18,"[0, 0.03]",C4,AUPRC,0.9507196828115684
/scratchc/nrlab/wang04/ulyses_results_iteration/iteration_3_merge_below_3/cnn_model/cnn14/plasma_tp1_0.1x_model_C4/roc_curve_resnet18_tf_0_0.03/nested_cv_random/resnet18/repeat_10_fold_5_metrics.csv,4,2,resnet18,"[0, 0.03]",C4,Sensitivity at 99% Specificity,0.43119266055045874
/scratchc/nrlab/wang04/ulyses_results_iteration/iteration_3_merge_below_3/cnn_model/cnn14/plasma_tp1_0.1x_model_C4/roc_curve_resnet18_tf_0_0.03/nested_cv_random/resnet18/repeat_10_fold_5_metrics.csv,4,2,resnet18,"[0, 0.03]",C4,PPV at 99% Specificity,1
/scratchc/nrlab/wang04/ulyses_results_iteration/iteration_3_merge_below_3/cnn_model/cnn14/plasma_tp1_0.1x_model_C4/roc_curve_resnet18_tf_0_0.03/nested_cv_random/resnet18/repeat_10_fold_5_metrics.csv,4,2,resnet18,"[0, 0.03]",C4,Accuracy at 99% Specificity,0.7105963302752294
/scratchc/nrlab/wang04/ulyses_results_iteration/iteration_3_merge_below_3/cnn_model/cnn14/plasma_tp1_0.1x_model_C4/roc_curve_resnet18_tf_0_0.03/nested_cv_random/resnet18/repeat_10_fold_5_metrics.csv,4,2,resnet18,"[0, 0.03]",C4,F1 at 99% Specificity,0.6025641025641025
/scratchc/nrlab/wang04/ulyses_results_iteration/iteration_3_merge_below_3/cnn_model/cnn14/plasma_tp1_0.1x_model_C4/roc_curve_resnet18_tf_0_0.03/nested_cv_random/resnet18/repeat_10_fold_5_metrics.csv,4,2,resnet18,"[0, 0.03]",C4,Sensitivity at 98% Specificity,0.43119266055045874
/scratchc/nrlab/wang04/ulyses_results_iteration/iteration_3_merge_below_3/cnn_model/cnn14/plasma_tp1_0.1x_model_C4/roc_curve_resnet18_tf_0_0.03/nested_cv_random/resnet18/repeat_10_fold_5_metrics.csv,4,2,resnet18,"[0, 0.03]",C4,PPV at 98% Specificity,1
/scratchc/nrlab/wang04/ulyses_results_iteration/iteration_3_merge_below_3/cnn_model/cnn14/plasma_tp1_0.1x_model_C4/roc_curve_resnet18_tf_0_0.03/nested_cv_random/resnet18/repeat_10_fold_5_metrics.csv,4,2,resnet18,"[0, 0.03]",C4,Accuracy at 98% Specificity,0.7055963302752294
/scratchc/nrlab/wang04/ulyses_results_iteration/iteration_3_merge_below_3/cnn_model/cnn14/plasma_tp1_0.1x_model_C4/roc_curve_resnet18_tf_0_0.03/nested_cv_random/resnet18/repeat_10_fold_5_metrics.csv,4,2,resnet18,"[0, 0.03]",C4,F1 at 98% Specificity,0.6025641025641025
/scratchc/nrlab/wang04/ulyses_results_iteration/iteration_3_merge_below_3/cnn_model/cnn14/plasma_tp1_0.1x_model_C4/roc_curve_resnet18_tf_0_0.03/nested_cv_random/resnet18/repeat_10_fold_5_metrics.csv,4,2,resnet18,"[0, 0.03]",C4,Sensitivity at 95% Specificity,0.6422018348623854
/scratchc/nrlab/wang04/ulyses_results_iteration/iteration_3_merge_below_3/cnn_model/cnn14/plasma_tp1_0.1x_model_C4/roc_curve_resnet18_tf_0_0.03/nested_cv_random/resnet18/repeat_10_fold_5_metrics.csv,4,2,resnet18,"[0, 0.03]",C4,PPV at 95% Specificity,0.9722222222222222
/scratchc/nrlab/wang04/ulyses_results_iteration/iteration_3_merge_below_3/cnn_model/cnn14/plasma_tp1_0.1x_model_C4/roc_curve_resnet18_tf_0_0.03/nested_cv_random/resnet18/repeat_10_fold_5_metrics.csv,4,2,resnet18,"[0, 0.03]",C4,Accuracy at 95% Specificity,0.7812571674311927
/scratchc/nrlab/wang04/ulyses_results_iteration/iteration_3_merge_below_3/cnn_model/cnn14/plasma_tp1_0.1x_model_C4/roc_curve_resnet18_tf_0_0.03/nested_cv_random/resnet18/repeat_10_fold_5_metrics.csv,4,2,resnet18,"[0, 0.03]",C4,F1 at 95% Specificity,0.7734806629834254
/scratchc/nrlab/wang04/ulyses_results_iteration/iteration_3_merge_below_3/cnn_model/cnn14/plasma_tp1_0.1x_model_C4/roc_curve_resnet18_tf_0_0.03/nested_cv_random/resnet18/repeat_10_fold_5_metrics.csv,4,3,resnet18,"[0, 0.03]",C4,AUROC,0.9029475197699496
/scratchc/nrlab/wang04/ulyses_results_iteration/iteration_3_merge_below_3/cnn_model/cnn14/plasma_tp1_0.1x_model_C4/roc_curve_resnet18_tf_0_0.03/nested_cv_random/resnet18/repeat_10_fold_5_metrics.csv,4,3,resnet18,"[0, 0.03]",C4,AUPRC,0.9415055270948312
/scratchc/nrlab/wang04/ulyses_results_iteration/iteration_3_merge_below_3/cnn_model/cnn14/plasma_tp1_0.1x_model_C4/roc_curve_resnet18_tf_0_0.03/nested_cv_random/resnet18/repeat_10_fold_5_metrics.csv,4,3,resnet18,"[0, 0.03]",C4,Sensitivity at 99% Specificity,0.4205607476635514
/scratchc/nrlab/wang04/ulyses_results_iteration/iteration_3_merge_below_3/cnn_model/cnn14/plasma_tp1_0.1x_model_C4/roc_curve_resnet18_tf_0_0.03/nested_cv_random/resnet18/repeat_10_fold_5_metrics.csv,4,3,resnet18,"[0, 0.03]",C4,PPV at 99% Specificity,1
/scratchc/nrlab/wang04/ulyses_results_iteration/iteration_3_merge_below_3/cnn_model/cnn14/plasma_tp1_0.1x_model_C4/roc_curve_resnet18_tf_0_0.03/nested_cv_random/resnet18/repeat_10_fold_5_metrics.csv,4,3,resnet18,"[0, 0.03]",C4,Accuracy at 99% Specificity,0.7052803738317757
/scratchc/nrlab/wang04/ulyses_results_iteration/iteration_3_merge_below_3/cnn_model/cnn14/plasma_tp1_0.1x_model_C4/roc_curve_resnet18_tf_0_0.03/nested_cv_random/resnet18/repeat_10_fold_5_metrics.csv,4,3,resnet18,"[0, 0.03]",C4,F1 at 99% Specificity,0.5921052631578947
/scratchc/nrlab/wang04/ulyses_results_iteration/iteration_3_merge_below_3/cnn_model/cnn14/plasma_tp1_0.1x_model_C4/roc_curve_resnet18_tf_0_0.03/nested_cv_random/resnet18/repeat_10_fold_5_metrics.csv,4,3,resnet18,"[0, 0.03]",C4,Sensitivity at 98% Specificity,0.4205607476635514
/scratchc/nrlab/wang04/ulyses_results_iteration/iteration_3_merge_below_3/cnn_model/cnn14/plasma_tp1_0.1x_model_C4/roc_curve_resnet18_tf_0_0.03/nested_cv_random/resnet18/repeat_10_fold_5_metrics.csv,4,3,resnet18,"[0, 0.03]",C4,PPV at 98% Specificity,1
/scratchc/nrlab/wang04/ulyses_results_iteration/iteration_3_merge_below_3/cnn_model/cnn14/plasma_tp1_0.1x_model_C4/roc_curve_resnet18_tf_0_0.03/nested_cv_random/resnet18/repeat_10_fold_5_metrics.csv,4,3,resnet18,"[0, 0.03]",C4,Accuracy at 98% Specificity,0.7002803738317757
/scratchc/nrlab/wang04/ulyses_results_iteration/iteration_3_merge_below_3/cnn_model/cnn14/plasma_tp1_0.1x_model_C4/roc_curve_resnet18_tf_0_0.03/nested_cv_random/resnet18/repeat_10_fold_5_metrics.csv,4,3,resnet18,"[0, 0.03]",C4,F1 at 98% Specificity,0.5921052631578947
/scratchc/nrlab/wang04/ulyses_results_iteration/iteration_3_merge_below_3/cnn_model/cnn14/plasma_tp1_0.1x_model_C4/roc_curve_resnet18_tf_0_0.03/nested_cv_random/resnet18/repeat_10_fold_5_metrics.csv,4,3,resnet18,"[0, 0.03]",C4,Sensitivity at 95% Specificity,0.5887850467289719
/scratchc/nrlab/wang04/ulyses_results_iteration/iteration_3_merge_below_3/cnn_model/cnn14/plasma_tp1_0.1x_model_C4/roc_curve_resnet18_tf_0_0.03/nested_cv_random/resnet18/repeat_10_fold_5_metrics.csv,4,3,resnet18,"[0, 0.03]",C4,PPV at 95% Specificity,0.9692307692307692
/scratchc/nrlab/wang04/ulyses_results_iteration/iteration_3_merge_below_3/cnn_model/cnn14/plasma_tp1_0.1x_model_C4/roc_curve_resnet18_tf_0_0.03/nested_cv_random/resnet18/repeat_10_fold_5_metrics.csv,4,3,resnet18,"[0, 0.03]",C4,Accuracy at 95% Specificity,0.7547771387491014
/scratchc/nrlab/wang04/ulyses_results_iteration/iteration_3_merge_below_3/cnn_model/cnn14/plasma_tp1_0.1x_model_C4/roc_curve_resnet18_tf_0_0.03/nested_cv_random/resnet18/repeat_10_fold_5_metrics.csv,4,3,resnet18,"[0, 0.03]",C4,F1 at 95% Specificity,0.7325581395348837
/scratchc/nrlab/wang04/ulyses_results_iteration/iteration_3_merge_below_3/cnn_model/cnn14/plasma_tp1_0.1x_model_C4/roc_curve_resnet18_tf_0_0.03/nested_cv_random/resnet18/repeat_10_fold_5_metrics.csv,4,4,resnet18,"[0, 0.03]",C4,AUROC,0.8806613946800862
/scratchc/nrlab/wang04/ulyses_results_iteration/iteration_3_merge_below_3/cnn_model/cnn14/plasma_tp1_0.1x_model_C4/roc_curve_resnet18_tf_0_0.03/nested_cv_random/resnet18/repeat_10_fold_5_metrics.csv,4,4,resnet18,"[0, 0.03]",C4,AUPRC,0.9107290809354848
/scratchc/nrlab/wang04/ulyses_results_iteration/iteration_3_merge_below_3/cnn_model/cnn14/plasma_tp1_0.1x_model_C4/roc_curve_resnet18_tf_0_0.03/nested_cv_random/resnet18/repeat_10_fold_5_metrics.csv,4,4,resnet18,"[0, 0.03]",C4,Sensitivity at 99% Specificity,0.14953271028037382
/scratchc/nrlab/wang04/ulyses_results_iteration/iteration_3_merge_below_3/cnn_model/cnn14/plasma_tp1_0.1x_model_C4/roc_curve_resnet18_tf_0_0.03/nested_cv_random/resnet18/repeat_10_fold_5_metrics.csv,4,4,resnet18,"[0, 0.03]",C4,PPV at 99% Specificity,1
/scratchc/nrlab/wang04/ulyses_results_iteration/iteration_3_merge_below_3/cnn_model/cnn14/plasma_tp1_0.1x_model_C4/roc_curve_resnet18_tf_0_0.03/nested_cv_random/resnet18/repeat_10_fold_5_metrics.csv,4,4,resnet18,"[0, 0.03]",C4,Accuracy at 99% Specificity,0.5697663551401869
/scratchc/nrlab/wang04/ulyses_results_iteration/iteration_3_merge_below_3/cnn_model/cnn14/plasma_tp1_0.1x_model_C4/roc_curve_resnet18_tf_0_0.03/nested_cv_random/resnet18/repeat_10_fold_5_metrics.csv,4,4,resnet18,"[0, 0.03]",C4,F1 at 99% Specificity,0.2601626016260163
/scratchc/nrlab/wang04/ulyses_results_iteration/iteration_3_merge_below_3/cnn_model/cnn14/plasma_tp1_0.1x_model_C4/roc_curve_resnet18_tf_0_0.03/nested_cv_random/resnet18/repeat_10_fold_5_metrics.csv,4,4,resnet18,"[0, 0.03]",C4,Sensitivity at 98% Specificity,0.14953271028037382
/scratchc/nrlab/wang04/ulyses_results_iteration/iteration_3_merge_below_3/cnn_model/cnn14/plasma_tp1_0.1x_model_C4/roc_curve_resnet18_tf_0_0.03/nested_cv_random/resnet18/repeat_10_fold_5_metrics.csv,4,4,resnet18,"[0, 0.03]",C4,PPV at 98% Specificity,1
/scratchc/nrlab/wang04/ulyses_results_iteration/iteration_3_merge_below_3/cnn_model/cnn14/plasma_tp1_0.1x_model_C4/roc_curve_resnet18_tf_0_0.03/nested_cv_random/resnet18/repeat_10_fold_5_metrics.csv,4,4,resnet18,"[0, 0.03]",C4,Accuracy at 98% Specificity,0.5647663551401869
/scratchc/nrlab/wang04/ulyses_results_iteration/iteration_3_merge_below_3/cnn_model/cnn14/plasma_tp1_0.1x_model_C4/roc_curve_resnet18_tf_0_0.03/nested_cv_random/resnet18/repeat_10_fold_5_metrics.csv,4,4,resnet18,"[0, 0.03]",C4,F1 at 98% Specificity,0.2601626016260163
/scratchc/nrlab/wang04/ulyses_results_iteration/iteration_3_merge_below_3/cnn_model/cnn14/plasma_tp1_0.1x_model_C4/roc_curve_resnet18_tf_0_0.03/nested_cv_random/resnet18/repeat_10_fold_5_metrics.csv,4,4,resnet18,"[0, 0.03]",C4,Sensitivity at 95% Specificity,0.3177570093457944
/scratchc/nrlab/wang04/ulyses_results_iteration/iteration_3_merge_below_3/cnn_model/cnn14/plasma_tp1_0.1x_model_C4/roc_curve_resnet18_tf_0_0.03/nested_cv_random/resnet18/repeat_10_fold_5_metrics.csv,4,4,resnet18,"[0, 0.03]",C4,PPV at 95% Specificity,0.9444444444444444
/scratchc/nrlab/wang04/ulyses_results_iteration/iteration_3_merge_below_3/cnn_model/cnn14/plasma_tp1_0.1x_model_C4/roc_curve_resnet18_tf_0_0.03/nested_cv_random/resnet18/repeat_10_fold_5_metrics.csv,4,4,resnet18,"[0, 0.03]",C4,Accuracy at 95% Specificity,0.6192631200575125
/scratchc/nrlab/wang04/ulyses_results_iteration/iteration_3_merge_below_3/cnn_model/cnn14/plasma_tp1_0.1x_model_C4/roc_curve_resnet18_tf_0_0.03/nested_cv_random/resnet18/repeat_10_fold_5_metrics.csv,4,4,resnet18,"[0, 0.03]",C4,F1 at 95% Specificity,0.4755244755244755
/scratchc/nrlab/wang04/ulyses_results_iteration/iteration_3_merge_below_3/cnn_model/cnn14/plasma_tp1_0.1x_model_C4/roc_curve_resnet18_tf_0_0.03/nested_cv_random/resnet18/repeat_10_fold_5_metrics.csv,4,5,resnet18,"[0, 0.03]",C4,AUROC,0.931769722814499
/scratchc/nrlab/wang04/ulyses_results_iteration/iteration_3_merge_below_3/cnn_model/cnn14/plasma_tp1_0.1x_model_C4/roc_curve_resnet18_tf_0_0.03/nested_cv_random/resnet18/repeat_10_fold_5_metrics.csv,4,5,resnet18,"[0, 0.03]",C4,AUPRC,0.9641323171970072
/scratchc/nrlab/wang04/ulyses_results_iteration/iteration_3_merge_below_3/cnn_model/cnn14/plasma_tp1_0.1x_model_C4/roc_curve_resnet18_tf_0_0.03/nested_cv_random/resnet18/repeat_10_fold_5_metrics.csv,4,5,resnet18,"[0, 0.03]",C4,Sensitivity at 99% Specificity,0.6857142857142857
/scratchc/nrlab/wang04/ulyses_results_iteration/iteration_3_merge_below_3/cnn_model/cnn14/plasma_tp1_0.1x_model_C4/roc_curve_resnet18_tf_0_0.03/nested_cv_random/resnet18/repeat_10_fold_5_metrics.csv,4,5,resnet18,"[0, 0.03]",C4,PPV at 99% Specificity,1
/scratchc/nrlab/wang04/ulyses_results_iteration/iteration_3_merge_below_3/cnn_model/cnn14/plasma_tp1_0.1x_model_C4/roc_curve_resnet18_tf_0_0.03/nested_cv_random/resnet18/repeat_10_fold_5_metrics.csv,4,5,resnet18,"[0, 0.03]",C4,Accuracy at 99% Specificity,0.8378571428571429
/scratchc/nrlab/wang04/ulyses_results_iteration/iteration_3_merge_below_3/cnn_model/cnn14/plasma_tp1_0.1x_model_C4/roc_curve_resnet18_tf_0_0.03/nested_cv_random/resnet18/repeat_10_fold_5_metrics.csv,4,5,resnet18,"[0, 0.03]",C4,F1 at 99% Specificity,0.8135593220338984
/scratchc/nrlab/wang04/ulyses_results_iteration/iteration_3_merge_below_3/cnn_model/cnn14/plasma_tp1_0.1x_model_C4/roc_curve_resnet18_tf_0_0.03/nested_cv_random/resnet18/repeat_10_fold_5_metrics.csv,4,5,resnet18,"[0, 0.03]",C4,Sensitivity at 98% Specificity,0.6857142857142857
/scratchc/nrlab/wang04/ulyses_results_iteration/iteration_3_merge_below_3/cnn_model/cnn14/plasma_tp1_0.1x_model_C4/roc_curve_resnet18_tf_0_0.03/nested_cv_random/resnet18/repeat_10_fold_5_metrics.csv,4,5,resnet18,"[0, 0.03]",C4,PPV at 98% Specificity,1
/scratchc/nrlab/wang04/ulyses_results_iteration/iteration_3_merge_below_3/cnn_model/cnn14/plasma_tp1_0.1x_model_C4/roc_curve_resnet18_tf_0_0.03/nested_cv_random/resnet18/repeat_10_fold_5_metrics.csv,4,5,resnet18,"[0, 0.03]",C4,Accuracy at 98% Specificity,0.8328571428571429
/scratchc/nrlab/wang04/ulyses_results_iteration/iteration_3_merge_below_3/cnn_model/cnn14/plasma_tp1_0.1x_model_C4/roc_curve_resnet18_tf_0_0.03/nested_cv_random/resnet18/repeat_10_fold_5_metrics.csv,4,5,resnet18,"[0, 0.03]",C4,F1 at 98% Specificity,0.8135593220338984
/scratchc/nrlab/wang04/ulyses_results_iteration/iteration_3_merge_below_3/cnn_model/cnn14/plasma_tp1_0.1x_model_C4/roc_curve_resnet18_tf_0_0.03/nested_cv_random/resnet18/repeat_10_fold_5_metrics.csv,4,5,resnet18,"[0, 0.03]",C4,Sensitivity at 95% Specificity,0.7714285714285715
/scratchc/nrlab/wang04/ulyses_results_iteration/iteration_3_merge_below_3/cnn_model/cnn14/plasma_tp1_0.1x_model_C4/roc_curve_resnet18_tf_0_0.03/nested_cv_random/resnet18/repeat_10_fold_5_metrics.csv,4,5,resnet18,"[0, 0.03]",C4,PPV at 95% Specificity,0.9759036144578314
/scratchc/nrlab/wang04/ulyses_results_iteration/iteration_3_merge_below_3/cnn_model/cnn14/plasma_tp1_0.1x_model_C4/roc_curve_resnet18_tf_0_0.03/nested_cv_random/resnet18/repeat_10_fold_5_metrics.csv,4,5,resnet18,"[0, 0.03]",C4,Accuracy at 95% Specificity,0.8465351812366737
/scratchc/nrlab/wang04/ulyses_results_iteration/iteration_3_merge_below_3/cnn_model/cnn14/plasma_tp1_0.1x_model_C4/roc_curve_resnet18_tf_0_0.03/nested_cv_random/resnet18/repeat_10_fold_5_metrics.csv,4,5,resnet18,"[0, 0.03]",C4,F1 at 95% Specificity,0.8617021276595744
/scratchc/nrlab/wang04/ulyses_results_iteration/iteration_3_merge_below_3/cnn_model/cnn14/plasma_tp1_0.1x_model_C4/roc_curve_resnet18_tf_0_0.03/nested_cv_random/resnet18/repeat_10_fold_5_metrics.csv,5,1,resnet18,"[0, 0.03]",C4,AUROC,0.8977967306325516
/scratchc/nrlab/wang04/ulyses_results_iteration/iteration_3_merge_below_3/cnn_model/cnn14/plasma_tp1_0.1x_model_C4/roc_curve_resnet18_tf_0_0.03/nested_cv_random/resnet18/repeat_10_fold_5_metrics.csv,5,1,resnet18,"[0, 0.03]",C4,AUPRC,0.9299710996309546
/scratchc/nrlab/wang04/ulyses_results_iteration/iteration_3_merge_below_3/cnn_model/cnn14/plasma_tp1_0.1x_model_C4/roc_curve_resnet18_tf_0_0.03/nested_cv_random/resnet18/repeat_10_fold_5_metrics.csv,5,1,resnet18,"[0, 0.03]",C4,Sensitivity at 99% Specificity,0.2571428571428571
/scratchc/nrlab/wang04/ulyses_results_iteration/iteration_3_merge_below_3/cnn_model/cnn14/plasma_tp1_0.1x_model_C4/roc_curve_resnet18_tf_0_0.03/nested_cv_random/resnet18/repeat_10_fold_5_metrics.csv,5,1,resnet18,"[0, 0.03]",C4,PPV at 99% Specificity,1
/scratchc/nrlab/wang04/ulyses_results_iteration/iteration_3_merge_below_3/cnn_model/cnn14/plasma_tp1_0.1x_model_C4/roc_curve_resnet18_tf_0_0.03/nested_cv_random/resnet18/repeat_10_fold_5_metrics.csv,5,1,resnet18,"[0, 0.03]",C4,Accuracy at 99% Specificity,0.6235714285714286
/scratchc/nrlab/wang04/ulyses_results_iteration/iteration_3_merge_below_3/cnn_model/cnn14/plasma_tp1_0.1x_model_C4/roc_curve_resnet18_tf_0_0.03/nested_cv_random/resnet18/repeat_10_fold_5_metrics.csv,5,1,resnet18,"[0, 0.03]",C4,F1 at 99% Specificity,0.4090909090909091
/scratchc/nrlab/wang04/ulyses_results_iteration/iteration_3_merge_below_3/cnn_model/cnn14/plasma_tp1_0.1x_model_C4/roc_curve_resnet18_tf_0_0.03/nested_cv_random/resnet18/repeat_10_fold_5_metrics.csv,5,1,resnet18,"[0, 0.03]",C4,Sensitivity at 98% Specificity,0.2571428571428571
/scratchc/nrlab/wang04/ulyses_results_iteration/iteration_3_merge_below_3/cnn_model/cnn14/plasma_tp1_0.1x_model_C4/roc_curve_resnet18_tf_0_0.03/nested_cv_random/resnet18/repeat_10_fold_5_metrics.csv,5,1,resnet18,"[0, 0.03]",C4,PPV at 98% Specificity,1
/scratchc/nrlab/wang04/ulyses_results_iteration/iteration_3_merge_below_3/cnn_model/cnn14/plasma_tp1_0.1x_model_C4/roc_curve_resnet18_tf_0_0.03/nested_cv_random/resnet18/repeat_10_fold_5_metrics.csv,5,1,resnet18,"[0, 0.03]",C4,Accuracy at 98% Specificity,0.6185714285714285
/scratchc/nrlab/wang04/ulyses_results_iteration/iteration_3_merge_below_3/cnn_model/cnn14/plasma_tp1_0.1x_model_C4/roc_curve_resnet18_tf_0_0.03/nested_cv_random/resnet18/repeat_10_fold_5_metrics.csv,5,1,resnet18,"[0, 0.03]",C4,F1 at 98% Specificity,0.4090909090909091
/scratchc/nrlab/wang04/ulyses_results_iteration/iteration_3_merge_below_3/cnn_model/cnn14/plasma_tp1_0.1x_model_C4/roc_curve_resnet18_tf_0_0.03/nested_cv_random/resnet18/repeat_10_fold_5_metrics.csv,5,1,resnet18,"[0, 0.03]",C4,Sensitivity at 95% Specificity,0.5047619047619047
/scratchc/nrlab/wang04/ulyses_results_iteration/iteration_3_merge_below_3/cnn_model/cnn14/plasma_tp1_0.1x_model_C4/roc_curve_resnet18_tf_0_0.03/nested_cv_random/resnet18/repeat_10_fold_5_metrics.csv,5,1,resnet18,"[0, 0.03]",C4,PPV at 95% Specificity,0.9636363636363636
/scratchc/nrlab/wang04/ulyses_results_iteration/iteration_3_merge_below_3/cnn_model/cnn14/plasma_tp1_0.1x_model_C4/roc_curve_resnet18_tf_0_0.03/nested_cv_random/resnet18/repeat_10_fold_5_metrics.csv,5,1,resnet18,"[0, 0.03]",C4,Accuracy at 95% Specificity,0.7132018479033404
/scratchc/nrlab/wang04/ulyses_results_iteration/iteration_3_merge_below_3/cnn_model/cnn14/plasma_tp1_0.1x_model_C4/roc_curve_resnet18_tf_0_0.03/nested_cv_random/resnet18/repeat_10_fold_5_metrics.csv,5,1,resnet18,"[0, 0.03]",C4,F1 at 95% Specificity,0.6625
/scratchc/nrlab/wang04/ulyses_results_iteration/iteration_3_merge_below_3/cnn_model/cnn14/plasma_tp1_0.1x_model_C4/roc_curve_resnet18_tf_0_0.03/nested_cv_random/resnet18/repeat_10_fold_5_metrics.csv,5,2,resnet18,"[0, 0.03]",C4,AUROC,0.9150752314814814
/scratchc/nrlab/wang04/ulyses_results_iteration/iteration_3_merge_below_3/cnn_model/cnn14/plasma_tp1_0.1x_model_C4/roc_curve_resnet18_tf_0_0.03/nested_cv_random/resnet18/repeat_10_fold_5_metrics.csv,5,2,resnet18,"[0, 0.03]",C4,AUPRC,0.9439067329338728
/scratchc/nrlab/wang04/ulyses_results_iteration/iteration_3_merge_below_3/cnn_model/cnn14/plasma_tp1_0.1x_model_C4/roc_curve_resnet18_tf_0_0.03/nested_cv_random/resnet18/repeat_10_fold_5_metrics.csv,5,2,resnet18,"[0, 0.03]",C4,Sensitivity at 99% Specificity,0.24074074074074073
/scratchc/nrlab/wang04/ulyses_results_iteration/iteration_3_merge_below_3/cnn_model/cnn14/plasma_tp1_0.1x_model_C4/roc_curve_resnet18_tf_0_0.03/nested_cv_random/resnet18/repeat_10_fold_5_metrics.csv,5,2,resnet18,"[0, 0.03]",C4,PPV at 99% Specificity,1
/scratchc/nrlab/wang04/ulyses_results_iteration/iteration_3_merge_below_3/cnn_model/cnn14/plasma_tp1_0.1x_model_C4/roc_curve_resnet18_tf_0_0.03/nested_cv_random/resnet18/repeat_10_fold_5_metrics.csv,5,2,resnet18,"[0, 0.03]",C4,Accuracy at 99% Specificity,0.6153703703703703
/scratchc/nrlab/wang04/ulyses_results_iteration/iteration_3_merge_below_3/cnn_model/cnn14/plasma_tp1_0.1x_model_C4/roc_curve_resnet18_tf_0_0.03/nested_cv_random/resnet18/repeat_10_fold_5_metrics.csv,5,2,resnet18,"[0, 0.03]",C4,F1 at 99% Specificity,0.3880597014925373
/scratchc/nrlab/wang04/ulyses_results_iteration/iteration_3_merge_below_3/cnn_model/cnn14/plasma_tp1_0.1x_model_C4/roc_curve_resnet18_tf_0_0.03/nested_cv_random/resnet18/repeat_10_fold_5_metrics.csv,5,2,resnet18,"[0, 0.03]",C4,Sensitivity at 98% Specificity,0.24074074074074073
/scratchc/nrlab/wang04/ulyses_results_iteration/iteration_3_merge_below_3/cnn_model/cnn14/plasma_tp1_0.1x_model_C4/roc_curve_resnet18_tf_0_0.03/nested_cv_random/resnet18/repeat_10_fold_5_metrics.csv,5,2,resnet18,"[0, 0.03]",C4,PPV at 98% Specificity,1
/scratchc/nrlab/wang04/ulyses_results_iteration/iteration_3_merge_below_3/cnn_model/cnn14/plasma_tp1_0.1x_model_C4/roc_curve_resnet18_tf_0_0.03/nested_cv_random/resnet18/repeat_10_fold_5_metrics.csv,5,2,resnet18,"[0, 0.03]",C4,Accuracy at 98% Specificity,0.6103703703703703
/scratchc/nrlab/wang04/ulyses_results_iteration/iteration_3_merge_below_3/cnn_model/cnn14/plasma_tp1_0.1x_model_C4/roc_curve_resnet18_tf_0_0.03/nested_cv_random/resnet18/repeat_10_fold_5_metrics.csv,5,2,resnet18,"[0, 0.03]",C4,F1 at 98% Specificity,0.3880597014925373
/scratchc/nrlab/wang04/ulyses_results_iteration/iteration_3_merge_below_3/cnn_model/cnn14/plasma_tp1_0.1x_model_C4/roc_curve_resnet18_tf_0_0.03/nested_cv_random/resnet18/repeat_10_fold_5_metrics.csv,5,2,resnet18,"[0, 0.03]",C4,Sensitivity at 95% Specificity,0.5740740740740741
/scratchc/nrlab/wang04/ulyses_results_iteration/iteration_3_merge_below_3/cnn_model/cnn14/plasma_tp1_0.1x_model_C4/roc_curve_resnet18_tf_0_0.03/nested_cv_random/resnet18/repeat_10_fold_5_metrics.csv,5,2,resnet18,"[0, 0.03]",C4,PPV at 95% Specificity,0.96875
/scratchc/nrlab/wang04/ulyses_results_iteration/iteration_3_merge_below_3/cnn_model/cnn14/plasma_tp1_0.1x_model_C4/roc_curve_resnet18_tf_0_0.03/nested_cv_random/resnet18/repeat_10_fold_5_metrics.csv,5,2,resnet18,"[0, 0.03]",C4,Accuracy at 95% Specificity,0.747193287037037
/scratchc/nrlab/wang04/ulyses_results_iteration/iteration_3_merge_below_3/cnn_model/cnn14/plasma_tp1_0.1x_model_C4/roc_curve_resnet18_tf_0_0.03/nested_cv_random/resnet18/repeat_10_fold_5_metrics.csv,5,2,resnet18,"[0, 0.03]",C4,F1 at 95% Specificity,0.7209302325581395
/scratchc/nrlab/wang04/ulyses_results_iteration/iteration_3_merge_below_3/cnn_model/cnn14/plasma_tp1_0.1x_model_C4/roc_curve_resnet18_tf_0_0.03/nested_cv_random/resnet18/repeat_10_fold_5_metrics.csv,5,3,resnet18,"[0, 0.03]",C4,AUROC,0.9350516965195864
/scratchc/nrlab/wang04/ulyses_results_iteration/iteration_3_merge_below_3/cnn_model/cnn14/plasma_tp1_0.1x_model_C4/roc_curve_resnet18_tf_0_0.03/nested_cv_random/resnet18/repeat_10_fold_5_metrics.csv,5,3,resnet18,"[0, 0.03]",C4,AUPRC,0.9652242560590244
/scratchc/nrlab/wang04/ulyses_results_iteration/iteration_3_merge_below_3/cnn_model/cnn14/plasma_tp1_0.1x_model_C4/roc_curve_resnet18_tf_0_0.03/nested_cv_random/resnet18/repeat_10_fold_5_metrics.csv,5,3,resnet18,"[0, 0.03]",C4,Sensitivity at 99% Specificity,0.5321100917431193
/scratchc/nrlab/wang04/ulyses_results_iteration/iteration_3_merge_below_3/cnn_model/cnn14/plasma_tp1_0.1x_model_C4/roc_curve_resnet18_tf_0_0.03/nested_cv_random/resnet18/repeat_10_fold_5_metrics.csv,5,3,resnet18,"[0, 0.03]",C4,PPV at 99% Specificity,1
/scratchc/nrlab/wang04/ulyses_results_iteration/iteration_3_merge_below_3/cnn_model/cnn14/plasma_tp1_0.1x_model_C4/roc_curve_resnet18_tf_0_0.03/nested_cv_random/resnet18/repeat_10_fold_5_metrics.csv,5,3,resnet18,"[0, 0.03]",C4,Accuracy at 99% Specificity,0.7610550458715597
/scratchc/nrlab/wang04/ulyses_results_iteration/iteration_3_merge_below_3/cnn_model/cnn14/plasma_tp1_0.1x_model_C4/roc_curve_resnet18_tf_0_0.03/nested_cv_random/resnet18/repeat_10_fold_5_metrics.csv,5,3,resnet18,"[0, 0.03]",C4,F1 at 99% Specificity,0.6946107784431138
/scratchc/nrlab/wang04/ulyses_results_iteration/iteration_3_merge_below_3/cnn_model/cnn14/plasma_tp1_0.1x_model_C4/roc_curve_resnet18_tf_0_0.03/nested_cv_random/resnet18/repeat_10_fold_5_metrics.csv,5,3,resnet18,"[0, 0.03]",C4,Sensitivity at 98% Specificity,0.5321100917431193
/scratchc/nrlab/wang04/ulyses_results_iteration/iteration_3_merge_below_3/cnn_model/cnn14/plasma_tp1_0.1x_model_C4/roc_curve_resnet18_tf_0_0.03/nested_cv_random/resnet18/repeat_10_fold_5_metrics.csv,5,3,resnet18,"[0, 0.03]",C4,PPV at 98% Specificity,1
/scratchc/nrlab/wang04/ulyses_results_iteration/iteration_3_merge_below_3/cnn_model/cnn14/plasma_tp1_0.1x_model_C4/roc_curve_resnet18_tf_0_0.03/nested_cv_random/resnet18/repeat_10_fold_5_metrics.csv,5,3,resnet18,"[0, 0.03]",C4,Accuracy at 98% Specificity,0.7560550458715596
/scratchc/nrlab/wang04/ulyses_results_iteration/iteration_3_merge_below_3/cnn_model/cnn14/plasma_tp1_0.1x_model_C4/roc_curve_resnet18_tf_0_0.03/nested_cv_random/resnet18/repeat_10_fold_5_metrics.csv,5,3,resnet18,"[0, 0.03]",C4,F1 at 98% Specificity,0.6946107784431138
/scratchc/nrlab/wang04/ulyses_results_iteration/iteration_3_merge_below_3/cnn_model/cnn14/plasma_tp1_0.1x_model_C4/roc_curve_resnet18_tf_0_0.03/nested_cv_random/resnet18/repeat_10_fold_5_metrics.csv,5,3,resnet18,"[0, 0.03]",C4,Sensitivity at 95% Specificity,0.7706422018348624
/scratchc/nrlab/wang04/ulyses_results_iteration/iteration_3_merge_below_3/cnn_model/cnn14/plasma_tp1_0.1x_model_C4/roc_curve_resnet18_tf_0_0.03/nested_cv_random/resnet18/repeat_10_fold_5_metrics.csv,5,3,resnet18,"[0, 0.03]",C4,PPV at 95% Specificity,0.9767441860465116
/scratchc/nrlab/wang04/ulyses_results_iteration/iteration_3_merge_below_3/cnn_model/cnn14/plasma_tp1_0.1x_model_C4/roc_curve_resnet18_tf_0_0.03/nested_cv_random/resnet18/repeat_10_fold_5_metrics.csv,5,3,resnet18,"[0, 0.03]",C4,Accuracy at 95% Specificity,0.8452417358380662
/scratchc/nrlab/wang04/ulyses_results_iteration/iteration_3_merge_below_3/cnn_model/cnn14/plasma_tp1_0.1x_model_C4/roc_curve_resnet18_tf_0_0.03/nested_cv_random/resnet18/repeat_10_fold_5_metrics.csv,5,3,resnet18,"[0, 0.03]",C4,F1 at 95% Specificity,0.8615384615384616
/scratchc/nrlab/wang04/ulyses_results_iteration/iteration_3_merge_below_3/cnn_model/cnn14/plasma_tp1_0.1x_model_C4/roc_curve_resnet18_tf_0_0.03/nested_cv_random/resnet18/repeat_10_fold_5_metrics.csv,5,4,resnet18,"[0, 0.03]",C4,AUROC,0.8943520642201834
/scratchc/nrlab/wang04/ulyses_results_iteration/iteration_3_merge_below_3/cnn_model/cnn14/plasma_tp1_0.1x_model_C4/roc_curve_resnet18_tf_0_0.03/nested_cv_random/resnet18/repeat_10_fold_5_metrics.csv,5,4,resnet18,"[0, 0.03]",C4,AUPRC,0.939310320946506
/scratchc/nrlab/wang04/ulyses_results_iteration/iteration_3_merge_below_3/cnn_model/cnn14/plasma_tp1_0.1x_model_C4/roc_curve_resnet18_tf_0_0.03/nested_cv_random/resnet18/repeat_10_fold_5_metrics.csv,5,4,resnet18,"[0, 0.03]",C4,Sensitivity at 99% Specificity,0.44954128440366975
/scratchc/nrlab/wang04/ulyses_results_iteration/iteration_3_merge_below_3/cnn_model/cnn14/plasma_tp1_0.1x_model_C4/roc_curve_resnet18_tf_0_0.03/nested_cv_random/resnet18/repeat_10_fold_5_metrics.csv,5,4,resnet18,"[0, 0.03]",C4,PPV at 99% Specificity,1
/scratchc/nrlab/wang04/ulyses_results_iteration/iteration_3_merge_below_3/cnn_model/cnn14/plasma_tp1_0.1x_model_C4/roc_curve_resnet18_tf_0_0.03/nested_cv_random/resnet18/repeat_10_fold_5_metrics.csv,5,4,resnet18,"[0, 0.03]",C4,Accuracy at 99% Specificity,0.7197706422018348
/scratchc/nrlab/wang04/ulyses_results_iteration/iteration_3_merge_below_3/cnn_model/cnn14/plasma_tp1_0.1x_model_C4/roc_curve_resnet18_tf_0_0.03/nested_cv_random/resnet18/repeat_10_fold_5_metrics.csv,5,4,resnet18,"[0, 0.03]",C4,F1 at 99% Specificity,0.620253164556962
/scratchc/nrlab/wang04/ulyses_results_iteration/iteration_3_merge_below_3/cnn_model/cnn14/plasma_tp1_0.1x_model_C4/roc_curve_resnet18_tf_0_0.03/nested_cv_random/resnet18/repeat_10_fold_5_metrics.csv,5,4,resnet18,"[0, 0.03]",C4,Sensitivity at 98% Specificity,0.44954128440366975
/scratchc/nrlab/wang04/ulyses_results_iteration/iteration_3_merge_below_3/cnn_model/cnn14/plasma_tp1_0.1x_model_C4/roc_curve_resnet18_tf_0_0.03/nested_cv_random/resnet18/repeat_10_fold_5_metrics.csv,5,4,resnet18,"[0, 0.03]",C4,PPV at 98% Specificity,1
/scratchc/nrlab/wang04/ulyses_results_iteration/iteration_3_merge_below_3/cnn_model/cnn14/plasma_tp1_0.1x_model_C4/roc_curve_resnet18_tf_0_0.03/nested_cv_random/resnet18/repeat_10_fold_5_metrics.csv,5,4,resnet18,"[0, 0.03]",C4,Accuracy at 98% Specificity,0.7147706422018348
/scratchc/nrlab/wang04/ulyses_results_iteration/iteration_3_merge_below_3/cnn_model/cnn14/plasma_tp1_0.1x_model_C4/roc_curve_resnet18_tf_0_0.03/nested_cv_random/resnet18/repeat_10_fold_5_metrics.csv,5,4,resnet18,"[0, 0.03]",C4,F1 at 98% Specificity,0.620253164556962
/scratchc/nrlab/wang04/ulyses_results_iteration/iteration_3_merge_below_3/cnn_model/cnn14/plasma_tp1_0.1x_model_C4/roc_curve_resnet18_tf_0_0.03/nested_cv_random/resnet18/repeat_10_fold_5_metrics.csv,5,4,resnet18,"[0, 0.03]",C4,Sensitivity at 95% Specificity,0.5688073394495413
/scratchc/nrlab/wang04/ulyses_results_iteration/iteration_3_merge_below_3/cnn_model/cnn14/plasma_tp1_0.1x_model_C4/roc_curve_resnet18_tf_0_0.03/nested_cv_random/resnet18/repeat_10_fold_5_metrics.csv,5,4,resnet18,"[0, 0.03]",C4,PPV at 95% Specificity,0.96875
/scratchc/nrlab/wang04/ulyses_results_iteration/iteration_3_merge_below_3/cnn_model/cnn14/plasma_tp1_0.1x_model_C4/roc_curve_resnet18_tf_0_0.03/nested_cv_random/resnet18/repeat_10_fold_5_metrics.csv,5,4,resnet18,"[0, 0.03]",C4,Accuracy at 95% Specificity,0.7445599197247706
/scratchc/nrlab/wang04/ulyses_results_iteration/iteration_3_merge_below_3/cnn_model/cnn14/plasma_tp1_0.1x_model_C4/roc_curve_resnet18_tf_0_0.03/nested_cv_random/resnet18/repeat_10_fold_5_metrics.csv,5,4,resnet18,"[0, 0.03]",C4,F1 at 95% Specificity,0.7167630057803468
/scratchc/nrlab/wang04/ulyses_results_iteration/iteration_3_merge_below_3/cnn_model/cnn14/plasma_tp1_0.1x_model_C4/roc_curve_resnet18_tf_0_0.03/nested_cv_random/resnet18/repeat_10_fold_5_metrics.csv,5,5,resnet18,"[0, 0.03]",C4,AUROC,0.917412935323383
/scratchc/nrlab/wang04/ulyses_results_iteration/iteration_3_merge_below_3/cnn_model/cnn14/plasma_tp1_0.1x_model_C4/roc_curve_resnet18_tf_0_0.03/nested_cv_random/resnet18/repeat_10_fold_5_metrics.csv,5,5,resnet18,"[0, 0.03]",C4,AUPRC,0.9480010201369158
/scratchc/nrlab/wang04/ulyses_results_iteration/iteration_3_merge_below_3/cnn_model/cnn14/plasma_tp1_0.1x_model_C4/roc_curve_resnet18_tf_0_0.03/nested_cv_random/resnet18/repeat_10_fold_5_metrics.csv,5,5,resnet18,"[0, 0.03]",C4,Sensitivity at 99% Specificity,0.4476190476190477
/scratchc/nrlab/wang04/ulyses_results_iteration/iteration_3_merge_below_3/cnn_model/cnn14/plasma_tp1_0.1x_model_C4/roc_curve_resnet18_tf_0_0.03/nested_cv_random/resnet18/repeat_10_fold_5_metrics.csv,5,5,resnet18,"[0, 0.03]",C4,PPV at 99% Specificity,1
/scratchc/nrlab/wang04/ulyses_results_iteration/iteration_3_merge_below_3/cnn_model/cnn14/plasma_tp1_0.1x_model_C4/roc_curve_resnet18_tf_0_0.03/nested_cv_random/resnet18/repeat_10_fold_5_metrics.csv,5,5,resnet18,"[0, 0.03]",C4,Accuracy at 99% Specificity,0.7188095238095238
/scratchc/nrlab/wang04/ulyses_results_iteration/iteration_3_merge_below_3/cnn_model/cnn14/plasma_tp1_0.1x_model_C4/roc_curve_resnet18_tf_0_0.03/nested_cv_random/resnet18/repeat_10_fold_5_metrics.csv,5,5,resnet18,"[0, 0.03]",C4,F1 at 99% Specificity,0.618421052631579
/scratchc/nrlab/wang04/ulyses_results_iteration/iteration_3_merge_below_3/cnn_model/cnn14/plasma_tp1_0.1x_model_C4/roc_curve_resnet18_tf_0_0.03/nested_cv_random/resnet18/repeat_10_fold_5_metrics.csv,5,5,resnet18,"[0, 0.03]",C4,Sensitivity at 98% Specificity,0.4476190476190477
/scratchc/nrlab/wang04/ulyses_results_iteration/iteration_3_merge_below_3/cnn_model/cnn14/plasma_tp1_0.1x_model_C4/roc_curve_resnet18_tf_0_0.03/nested_cv_random/resnet18/repeat_10_fold_5_metrics.csv,5,5,resnet18,"[0, 0.03]",C4,PPV at 98% Specificity,1
/scratchc/nrlab/wang04/ulyses_results_iteration/iteration_3_merge_below_3/cnn_model/cnn14/plasma_tp1_0.1x_model_C4/roc_curve_resnet18_tf_0_0.03/nested_cv_random/resnet18/repeat_10_fold_5_metrics.csv,5,5,resnet18,"[0, 0.03]",C4,Accuracy at 98% Specificity,0.7138095238095238
/scratchc/nrlab/wang04/ulyses_results_iteration/iteration_3_merge_below_3/cnn_model/cnn14/plasma_tp1_0.1x_model_C4/roc_curve_resnet18_tf_0_0.03/nested_cv_random/resnet18/repeat_10_fold_5_metrics.csv,5,5,resnet18,"[0, 0.03]",C4,F1 at 98% Specificity,0.618421052631579
/scratchc/nrlab/wang04/ulyses_results_iteration/iteration_3_merge_below_3/cnn_model/cnn14/plasma_tp1_0.1x_model_C4/roc_curve_resnet18_tf_0_0.03/nested_cv_random/resnet18/repeat_10_fold_5_metrics.csv,5,5,resnet18,"[0, 0.03]",C4,Sensitivity at 95% Specificity,0.5714285714285714
/scratchc/nrlab/wang04/ulyses_results_iteration/iteration_3_merge_below_3/cnn_model/cnn14/plasma_tp1_0.1x_model_C4/roc_curve_resnet18_tf_0_0.03/nested_cv_random/resnet18/repeat_10_fold_5_metrics.csv,5,5,resnet18,"[0, 0.03]",C4,PPV at 95% Specificity,0.967741935483871
/scratchc/nrlab/wang04/ulyses_results_iteration/iteration_3_merge_below_3/cnn_model/cnn14/plasma_tp1_0.1x_model_C4/roc_curve_resnet18_tf_0_0.03/nested_cv_random/resnet18/repeat_10_fold_5_metrics.csv,5,5,resnet18,"[0, 0.03]",C4,Accuracy at 95% Specificity,0.7465351812366737
/scratchc/nrlab/wang04/ulyses_results_iteration/iteration_3_merge_below_3/cnn_model/cnn14/plasma_tp1_0.1x_model_C4/roc_curve_resnet18_tf_0_0.03/nested_cv_random/resnet18/repeat_10_fold_5_metrics.csv,5,5,resnet18,"[0, 0.03]",C4,F1 at 95% Specificity,0.718562874251497
/scratchc/nrlab/wang04/ulyses_results_iteration/iteration_3_merge_below_3/cnn_model/cnn14/plasma_tp1_0.1x_model_C4/roc_curve_resnet18_tf_0_0.03/nested_cv_random/resnet18/repeat_10_fold_5_metrics.csv,6,1,resnet18,"[0, 0.03]",C4,AUROC,0.937641402714932
/scratchc/nrlab/wang04/ulyses_results_iteration/iteration_3_merge_below_3/cnn_model/cnn14/plasma_tp1_0.1x_model_C4/roc_curve_resnet18_tf_0_0.03/nested_cv_random/resnet18/repeat_10_fold_5_metrics.csv,6,1,resnet18,"[0, 0.03]",C4,AUPRC,0.9617121591564745
/scratchc/nrlab/wang04/ulyses_results_iteration/iteration_3_merge_below_3/cnn_model/cnn14/plasma_tp1_0.1x_model_C4/roc_curve_resnet18_tf_0_0.03/nested_cv_random/resnet18/repeat_10_fold_5_metrics.csv,6,1,resnet18,"[0, 0.03]",C4,Sensitivity at 99% Specificity,0.4519230769230769
/scratchc/nrlab/wang04/ulyses_results_iteration/iteration_3_merge_below_3/cnn_model/cnn14/plasma_tp1_0.1x_model_C4/roc_curve_resnet18_tf_0_0.03/nested_cv_random/resnet18/repeat_10_fold_5_metrics.csv,6,1,resnet18,"[0, 0.03]",C4,PPV at 99% Specificity,1
/scratchc/nrlab/wang04/ulyses_results_iteration/iteration_3_merge_below_3/cnn_model/cnn14/plasma_tp1_0.1x_model_C4/roc_curve_resnet18_tf_0_0.03/nested_cv_random/resnet18/repeat_10_fold_5_metrics.csv,6,1,resnet18,"[0, 0.03]",C4,Accuracy at 99% Specificity,0.7209615384615384
/scratchc/nrlab/wang04/ulyses_results_iteration/iteration_3_merge_below_3/cnn_model/cnn14/plasma_tp1_0.1x_model_C4/roc_curve_resnet18_tf_0_0.03/nested_cv_random/resnet18/repeat_10_fold_5_metrics.csv,6,1,resnet18,"[0, 0.03]",C4,F1 at 99% Specificity,0.6225165562913907
/scratchc/nrlab/wang04/ulyses_results_iteration/iteration_3_merge_below_3/cnn_model/cnn14/plasma_tp1_0.1x_model_C4/roc_curve_resnet18_tf_0_0.03/nested_cv_random/resnet18/repeat_10_fold_5_metrics.csv,6,1,resnet18,"[0, 0.03]",C4,Sensitivity at 98% Specificity,0.4519230769230769
/scratchc/nrlab/wang04/ulyses_results_iteration/iteration_3_merge_below_3/cnn_model/cnn14/plasma_tp1_0.1x_model_C4/roc_curve_resnet18_tf_0_0.03/nested_cv_random/resnet18/repeat_10_fold_5_metrics.csv,6,1,resnet18,"[0, 0.03]",C4,PPV at 98% Specificity,1
/scratchc/nrlab/wang04/ulyses_results_iteration/iteration_3_merge_below_3/cnn_model/cnn14/plasma_tp1_0.1x_model_C4/roc_curve_resnet18_tf_0_0.03/nested_cv_random/resnet18/repeat_10_fold_5_metrics.csv,6,1,resnet18,"[0, 0.03]",C4,Accuracy at 98% Specificity,0.7159615384615384
/scratchc/nrlab/wang04/ulyses_results_iteration/iteration_3_merge_below_3/cnn_model/cnn14/plasma_tp1_0.1x_model_C4/roc_curve_resnet18_tf_0_0.03/nested_cv_random/resnet18/repeat_10_fold_5_metrics.csv,6,1,resnet18,"[0, 0.03]",C4,F1 at 98% Specificity,0.6225165562913907
/scratchc/nrlab/wang04/ulyses_results_iteration/iteration_3_merge_below_3/cnn_model/cnn14/plasma_tp1_0.1x_model_C4/roc_curve_resnet18_tf_0_0.03/nested_cv_random/resnet18/repeat_10_fold_5_metrics.csv,6,1,resnet18,"[0, 0.03]",C4,Sensitivity at 95% Specificity,0.7115384615384616
/scratchc/nrlab/wang04/ulyses_results_iteration/iteration_3_merge_below_3/cnn_model/cnn14/plasma_tp1_0.1x_model_C4/roc_curve_resnet18_tf_0_0.03/nested_cv_random/resnet18/repeat_10_fold_5_metrics.csv,6,1,resnet18,"[0, 0.03]",C4,PPV at 95% Specificity,0.9736842105263158
/scratchc/nrlab/wang04/ulyses_results_iteration/iteration_3_merge_below_3/cnn_model/cnn14/plasma_tp1_0.1x_model_C4/roc_curve_resnet18_tf_0_0.03/nested_cv_random/resnet18/repeat_10_fold_5_metrics.csv,6,1,resnet18,"[0, 0.03]",C4,Accuracy at 95% Specificity,0.8167986425339366
/scratchc/nrlab/wang04/ulyses_results_iteration/iteration_3_merge_below_3/cnn_model/cnn14/plasma_tp1_0.1x_model_C4/roc_curve_resnet18_tf_0_0.03/nested_cv_random/resnet18/repeat_10_fold_5_metrics.csv,6,1,resnet18,"[0, 0.03]",C4,F1 at 95% Specificity,0.8222222222222222
/scratchc/nrlab/wang04/ulyses_results_iteration/iteration_3_merge_below_3/cnn_model/cnn14/plasma_tp1_0.1x_model_C4/roc_curve_resnet18_tf_0_0.03/nested_cv_random/resnet18/repeat_10_fold_5_metrics.csv,6,3,resnet18,"[0, 0.03]",C4,AUROC,0.9012221423436376
/scratchc/nrlab/wang04/ulyses_results_iteration/iteration_3_merge_below_3/cnn_model/cnn14/plasma_tp1_0.1x_model_C4/roc_curve_resnet18_tf_0_0.03/nested_cv_random/resnet18/repeat_10_fold_5_metrics.csv,6,3,resnet18,"[0, 0.03]",C4,AUPRC,0.9391699767112108
/scratchc/nrlab/wang04/ulyses_results_iteration/iteration_3_merge_below_3/cnn_model/cnn14/plasma_tp1_0.1x_model_C4/roc_curve_resnet18_tf_0_0.03/nested_cv_random/resnet18/repeat_10_fold_5_metrics.csv,6,3,resnet18,"[0, 0.03]",C4,Sensitivity at 99% Specificity,0.308411214953271
/scratchc/nrlab/wang04/ulyses_results_iteration/iteration_3_merge_below_3/cnn_model/cnn14/plasma_tp1_0.1x_model_C4/roc_curve_resnet18_tf_0_0.03/nested_cv_random/resnet18/repeat_10_fold_5_metrics.csv,6,3,resnet18,"[0, 0.03]",C4,PPV at 99% Specificity,1
/scratchc/nrlab/wang04/ulyses_results_iteration/iteration_3_merge_below_3/cnn_model/cnn14/plasma_tp1_0.1x_model_C4/roc_curve_resnet18_tf_0_0.03/nested_cv_random/resnet18/repeat_10_fold_5_metrics.csv,6,3,resnet18,"[0, 0.03]",C4,Accuracy at 99% Specificity,0.6492056074766355
/scratchc/nrlab/wang04/ulyses_results_iteration/iteration_3_merge_below_3/cnn_model/cnn14/plasma_tp1_0.1x_model_C4/roc_curve_resnet18_tf_0_0.03/nested_cv_random/resnet18/repeat_10_fold_5_metrics.csv,6,3,resnet18,"[0, 0.03]",C4,F1 at 99% Specificity,0.4714285714285714
/scratchc/nrlab/wang04/ulyses_results_iteration/iteration_3_merge_below_3/cnn_model/cnn14/plasma_tp1_0.1x_model_C4/roc_curve_resnet18_tf_0_0.03/nested_cv_random/resnet18/repeat_10_fold_5_metrics.csv,6,3,resnet18,"[0, 0.03]",C4,Sensitivity at 98% Specificity,0.308411214953271
/scratchc/nrlab/wang04/ulyses_results_iteration/iteration_3_merge_below_3/cnn_model/cnn14/plasma_tp1_0.1x_model_C4/roc_curve_resnet18_tf_0_0.03/nested_cv_random/resnet18/repeat_10_fold_5_metrics.csv,6,3,resnet18,"[0, 0.03]",C4,PPV at 98% Specificity,1
/scratchc/nrlab/wang04/ulyses_results_iteration/iteration_3_merge_below_3/cnn_model/cnn14/plasma_tp1_0.1x_model_C4/roc_curve_resnet18_tf_0_0.03/nested_cv_random/resnet18/repeat_10_fold_5_metrics.csv,6,3,resnet18,"[0, 0.03]",C4,Accuracy at 98% Specificity,0.6442056074766355
/scratchc/nrlab/wang04/ulyses_results_iteration/iteration_3_merge_below_3/cnn_model/cnn14/plasma_tp1_0.1x_model_C4/roc_curve_resnet18_tf_0_0.03/nested_cv_random/resnet18/repeat_10_fold_5_metrics.csv,6,3,resnet18,"[0, 0.03]",C4,F1 at 98% Specificity,0.4714285714285714
/scratchc/nrlab/wang04/ulyses_results_iteration/iteration_3_merge_below_3/cnn_model/cnn14/plasma_tp1_0.1x_model_C4/roc_curve_resnet18_tf_0_0.03/nested_cv_random/resnet18/repeat_10_fold_5_metrics.csv,6,3,resnet18,"[0, 0.03]",C4,Sensitivity at 95% Specificity,0.5700934579439252
/scratchc/nrlab/wang04/ulyses_results_iteration/iteration_3_merge_below_3/cnn_model/cnn14/plasma_tp1_0.1x_model_C4/roc_curve_resnet18_tf_0_0.03/nested_cv_random/resnet18/repeat_10_fold_5_metrics.csv,6,3,resnet18,"[0, 0.03]",C4,PPV at 95% Specificity,0.9682539682539684
/scratchc/nrlab/wang04/ulyses_results_iteration/iteration_3_merge_below_3/cnn_model/cnn14/plasma_tp1_0.1x_model_C4/roc_curve_resnet18_tf_0_0.03/nested_cv_random/resnet18/repeat_10_fold_5_metrics.csv,6,3,resnet18,"[0, 0.03]",C4,Accuracy at 95% Specificity,0.7454313443565779
/scratchc/nrlab/wang04/ulyses_results_iteration/iteration_3_merge_below_3/cnn_model/cnn14/plasma_tp1_0.1x_model_C4/roc_curve_resnet18_tf_0_0.03/nested_cv_random/resnet18/repeat_10_fold_5_metrics.csv,6,3,resnet18,"[0, 0.03]",C4,F1 at 95% Specificity,0.7176470588235294
/scratchc/nrlab/wang04/ulyses_results_iteration/iteration_3_merge_below_3/cnn_model/cnn14/plasma_tp1_0.1x_model_C4/roc_curve_resnet18_tf_0_0.03/nested_cv_random/resnet18/repeat_10_fold_5_metrics.csv,6,4,resnet18,"[0, 0.03]",C4,AUROC,0.9111238532110092
/scratchc/nrlab/wang04/ulyses_results_iteration/iteration_3_merge_below_3/cnn_model/cnn14/plasma_tp1_0.1x_model_C4/roc_curve_resnet18_tf_0_0.03/nested_cv_random/resnet18/repeat_10_fold_5_metrics.csv,6,4,resnet18,"[0, 0.03]",C4,AUPRC,0.9520758462503148
/scratchc/nrlab/wang04/ulyses_results_iteration/iteration_3_merge_below_3/cnn_model/cnn14/plasma_tp1_0.1x_model_C4/roc_curve_resnet18_tf_0_0.03/nested_cv_random/resnet18/repeat_10_fold_5_metrics.csv,6,4,resnet18,"[0, 0.03]",C4,Sensitivity at 99% Specificity,0.5779816513761468
/scratchc/nrlab/wang04/ulyses_results_iteration/iteration_3_merge_below_3/cnn_model/cnn14/plasma_tp1_0.1x_model_C4/roc_curve_resnet18_tf_0_0.03/nested_cv_random/resnet18/repeat_10_fold_5_metrics.csv,6,4,resnet18,"[0, 0.03]",C4,PPV at 99% Specificity,1
/scratchc/nrlab/wang04/ulyses_results_iteration/iteration_3_merge_below_3/cnn_model/cnn14/plasma_tp1_0.1x_model_C4/roc_curve_resnet18_tf_0_0.03/nested_cv_random/resnet18/repeat_10_fold_5_metrics.csv,6,4,resnet18,"[0, 0.03]",C4,Accuracy at 99% Specificity,0.7839908256880734
/scratchc/nrlab/wang04/ulyses_results_iteration/iteration_3_merge_below_3/cnn_model/cnn14/plasma_tp1_0.1x_model_C4/roc_curve_resnet18_tf_0_0.03/nested_cv_random/resnet18/repeat_10_fold_5_metrics.csv,6,4,resnet18,"[0, 0.03]",C4,F1 at 99% Specificity,0.7325581395348837
/scratchc/nrlab/wang04/ulyses_results_iteration/iteration_3_merge_below_3/cnn_model/cnn14/plasma_tp1_0.1x_model_C4/roc_curve_resnet18_tf_0_0.03/nested_cv_random/resnet18/repeat_10_fold_5_metrics.csv,6,4,resnet18,"[0, 0.03]",C4,Sensitivity at 98% Specificity,0.5779816513761468
/scratchc/nrlab/wang04/ulyses_results_iteration/iteration_3_merge_below_3/cnn_model/cnn14/plasma_tp1_0.1x_model_C4/roc_curve_resnet18_tf_0_0.03/nested_cv_random/resnet18/repeat_10_fold_5_metrics.csv,6,4,resnet18,"[0, 0.03]",C4,PPV at 98% Specificity,1
/scratchc/nrlab/wang04/ulyses_results_iteration/iteration_3_merge_below_3/cnn_model/cnn14/plasma_tp1_0.1x_model_C4/roc_curve_resnet18_tf_0_0.03/nested_cv_random/resnet18/repeat_10_fold_5_metrics.csv,6,4,resnet18,"[0, 0.03]",C4,Accuracy at 98% Specificity,0.7789908256880733
/scratchc/nrlab/wang04/ulyses_results_iteration/iteration_3_merge_below_3/cnn_model/cnn14/plasma_tp1_0.1x_model_C4/roc_curve_resnet18_tf_0_0.03/nested_cv_random/resnet18/repeat_10_fold_5_metrics.csv,6,4,resnet18,"[0, 0.03]",C4,F1 at 98% Specificity,0.7325581395348837
/scratchc/nrlab/wang04/ulyses_results_iteration/iteration_3_merge_below_3/cnn_model/cnn14/plasma_tp1_0.1x_model_C4/roc_curve_resnet18_tf_0_0.03/nested_cv_random/resnet18/repeat_10_fold_5_metrics.csv,6,4,resnet18,"[0, 0.03]",C4,Sensitivity at 95% Specificity,0.6513761467889908
/scratchc/nrlab/wang04/ulyses_results_iteration/iteration_3_merge_below_3/cnn_model/cnn14/plasma_tp1_0.1x_model_C4/roc_curve_resnet18_tf_0_0.03/nested_cv_random/resnet18/repeat_10_fold_5_metrics.csv,6,4,resnet18,"[0, 0.03]",C4,PPV at 95% Specificity,0.9726027397260274
/scratchc/nrlab/wang04/ulyses_results_iteration/iteration_3_merge_below_3/cnn_model/cnn14/plasma_tp1_0.1x_model_C4/roc_curve_resnet18_tf_0_0.03/nested_cv_random/resnet18/repeat_10_fold_5_metrics.csv,6,4,resnet18,"[0, 0.03]",C4,Accuracy at 95% Specificity,0.7858443233944954
/scratchc/nrlab/wang04/ulyses_results_iteration/iteration_3_merge_below_3/cnn_model/cnn14/plasma_tp1_0.1x_model_C4/roc_curve_resnet18_tf_0_0.03/nested_cv_random/resnet18/repeat_10_fold_5_metrics.csv,6,4,resnet18,"[0, 0.03]",C4,F1 at 95% Specificity,0.7802197802197802
/scratchc/nrlab/wang04/ulyses_results_iteration/iteration_3_merge_below_3/cnn_model/cnn14/plasma_tp1_0.1x_model_C4/roc_curve_resnet18_tf_0_0.03/nested_cv_random/resnet18/repeat_10_fold_5_metrics.csv,6,5,resnet18,"[0, 0.03]",C4,AUROC,0.87907375643224706
/scratchc/nrlab/wang04/ulyses_results_iteration/iteration_3_merge_below_3/cnn_model/cnn14/plasma_tp1_0.1x_model_C4/roc_curve_resnet18_tf_0_0.03/nested_cv_random/resnet18/repeat_10_fold_5_metrics.csv,6,5,resnet18,"[0, 0.03]",C4,AUPRC,0.9247220953344312
/scratchc/nrlab/wang04/ulyses_results_iteration/iteration_3_merge_below_3/cnn_model/cnn14/plasma_tp1_0.1x_model_C4/roc_curve_resnet18_tf_0_0.03/nested_cv_random/resnet18/repeat_10_fold_5_metrics.csv,6,5,resnet18,"[0, 0.03]",C4,Sensitivity at 99% Specificity,0.41509433962264153
/scratchc/nrlab/wang04/ulyses_results_iteration/iteration_3_merge_below_3/cnn_model/cnn14/plasma_tp1_0.1x_model_C4/roc_curve_resnet18_tf_0_0.03/nested_cv_random/resnet18/repeat_10_fold_5_metrics.csv,6,5,resnet18,"[0, 0.03]",C4,PPV at 99% Specificity,1
/scratchc/nrlab/wang04/ulyses_results_iteration/iteration_3_merge_below_3/cnn_model/cnn14/plasma_tp1_0.1x_model_C4/roc_curve_resnet18_tf_0_0.03/nested_cv_random/resnet18/repeat_10_fold_5_metrics.csv,6,5,resnet18,"[0, 0.03]",C4,Accuracy at 99% Specificity,0.7025471698113208
/scratchc/nrlab/wang04/ulyses_results_iteration/iteration_3_merge_below_3/cnn_model/cnn14/plasma_tp1_0.1x_model_C4/roc_curve_resnet18_tf_0_0.03/nested_cv_random/resnet18/repeat_10_fold_5_metrics.csv,6,5,resnet18,"[0, 0.03]",C4,F1 at 99% Specificity,0.5866666666666667
/scratchc/nrlab/wang04/ulyses_results_iteration/iteration_3_merge_below_3/cnn_model/cnn14/plasma_tp1_0.1x_model_C4/roc_curve_resnet18_tf_0_0.03/nested_cv_random/resnet18/repeat_10_fold_5_metrics.csv,6,5,resnet18,"[0, 0.03]",C4,Sensitivity at 98% Specificity,0.41509433962264153
/scratchc/nrlab/wang04/ulyses_results_iteration/iteration_3_merge_below_3/cnn_model/cnn14/plasma_tp1_0.1x_model_C4/roc_curve_resnet18_tf_0_0.03/nested_cv_random/resnet18/repeat_10_fold_5_metrics.csv,6,5,resnet18,"[0, 0.03]",C4,PPV at 98% Specificity,1
/scratchc/nrlab/wang04/ulyses_results_iteration/iteration_3_merge_below_3/cnn_model/cnn14/plasma_tp1_0.1x_model_C4/roc_curve_resnet18_tf_0_0.03/nested_cv_random/resnet18/repeat_10_fold_5_metrics.csv,6,5,resnet18,"[0, 0.03]",C4,Accuracy at 98% Specificity,0.6975471698113207
/scratchc/nrlab/wang04/ulyses_results_iteration/iteration_3_merge_below_3/cnn_model/cnn14/plasma_tp1_0.1x_model_C4/roc_curve_resnet18_tf_0_0.03/nested_cv_random/resnet18/repeat_10_fold_5_metrics.csv,6,5,resnet18,"[0, 0.03]",C4,F1 at 98% Specificity,0.5866666666666667
/scratchc/nrlab/wang04/ulyses_results_iteration/iteration_3_merge_below_3/cnn_model/cnn14/plasma_tp1_0.1x_model_C4/roc_curve_resnet18_tf_0_0.03/nested_cv_random/resnet18/repeat_10_fold_5_metrics.csv,6,5,resnet18,"[0, 0.03]",C4,Sensitivity at 95% Specificity,0.5188679245283019
/scratchc/nrlab/wang04/ulyses_results_iteration/iteration_3_merge_below_3/cnn_model/cnn14/plasma_tp1_0.1x_model_C4/roc_curve_resnet18_tf_0_0.03/nested_cv_random/resnet18/repeat_10_fold_5_metrics.csv,6,5,resnet18,"[0, 0.03]",C4,PPV at 95% Specificity,0.9482758620689656
/scratchc/nrlab/wang04/ulyses_results_iteration/iteration_3_merge_below_3/cnn_model/cnn14/plasma_tp1_0.1x_model_C4/roc_curve_resnet18_tf_0_0.03/nested_cv_random/resnet18/repeat_10_fold_5_metrics.csv,6,5,resnet18,"[0, 0.03]",C4,Accuracy at 95% Specificity,0.7128430531732419
/scratchc/nrlab/wang04/ulyses_results_iteration/iteration_3_merge_below_3/cnn_model/cnn14/plasma_tp1_0.1x_model_C4/roc_curve_resnet18_tf_0_0.03/nested_cv_random/resnet18/repeat_10_fold_5_metrics.csv,6,5,resnet18,"[0, 0.03]",C4,F1 at 95% Specificity,0.6707317073170732
/scratchc/nrlab/wang04/ulyses_results_iteration/iteration_3_merge_below_3/cnn_model/cnn14/plasma_tp1_0.1x_model_C4/roc_curve_resnet18_tf_0_0.03/nested_cv_random/resnet18/repeat_10_fold_5_metrics.csv,7,1,resnet18,"[0, 0.03]",C4,AUROC,0.9158878504672896
/scratchc/nrlab/wang04/ulyses_results_iteration/iteration_3_merge_below_3/cnn_model/cnn14/plasma_tp1_0.1x_model_C4/roc_curve_resnet18_tf_0_0.03/nested_cv_random/resnet18/repeat_10_fold_5_metrics.csv,7,1,resnet18,"[0, 0.03]",C4,AUPRC,0.9547088774234924
/scratchc/nrlab/wang04/ulyses_results_iteration/iteration_3_merge_below_3/cnn_model/cnn14/plasma_tp1_0.1x_model_C4/roc_curve_resnet18_tf_0_0.03/nested_cv_random/resnet18/repeat_10_fold_5_metrics.csv,7,1,resnet18,"[0, 0.03]",C4,Sensitivity at 99% Specificity,0.5233644859813084
/scratchc/nrlab/wang04/ulyses_results_iteration/iteration_3_merge_below_3/cnn_model/cnn14/plasma_tp1_0.1x_model_C4/roc_curve_resnet18_tf_0_0.03/nested_cv_random/resnet18/repeat_10_fold_5_metrics.csv,7,1,resnet18,"[0, 0.03]",C4,PPV at 99% Specificity,1
/scratchc/nrlab/wang04/ulyses_results_iteration/iteration_3_merge_below_3/cnn_model/cnn14/plasma_tp1_0.1x_model_C4/roc_curve_resnet18_tf_0_0.03/nested_cv_random/resnet18/repeat_10_fold_5_metrics.csv,7,1,resnet18,"[0, 0.03]",C4,Accuracy at 99% Specificity,0.7566822429906541
/scratchc/nrlab/wang04/ulyses_results_iteration/iteration_3_merge_below_3/cnn_model/cnn14/plasma_tp1_0.1x_model_C4/roc_curve_resnet18_tf_0_0.03/nested_cv_random/resnet18/repeat_10_fold_5_metrics.csv,7,1,resnet18,"[0, 0.03]",C4,F1 at 99% Specificity,0.6871165644171779
/scratchc/nrlab/wang04/ulyses_results_iteration/iteration_3_merge_below_3/cnn_model/cnn14/plasma_tp1_0.1x_model_C4/roc_curve_resnet18_tf_0_0.03/nested_cv_random/resnet18/repeat_10_fold_5_metrics.csv,7,1,resnet18,"[0, 0.03]",C4,Sensitivity at 98% Specificity,0.5233644859813084
/scratchc/nrlab/wang04/ulyses_results_iteration/iteration_3_merge_below_3/cnn_model/cnn14/plasma_tp1_0.1x_model_C4/roc_curve_resnet18_tf_0_0.03/nested_cv_random/resnet18/repeat_10_fold_5_metrics.csv,7,1,resnet18,"[0, 0.03]",C4,PPV at 98% Specificity,1
/scratchc/nrlab/wang04/ulyses_results_iteration/iteration_3_merge_below_3/cnn_model/cnn14/plasma_tp1_0.1x_model_C4/roc_curve_resnet18_tf_0_0.03/nested_cv_random/resnet18/repeat_10_fold_5_metrics.csv,7,1,resnet18,"[0, 0.03]",C4,Accuracy at 98% Specificity,0.7516822429906542
/scratchc/nrlab/wang04/ulyses_results_iteration/iteration_3_merge_below_3/cnn_model/cnn14/plasma_tp1_0.1x_model_C4/roc_curve_resnet18_tf_0_0.03/nested_cv_random/resnet18/repeat_10_fold_5_metrics.csv,7,1,resnet18,"[0, 0.03]",C4,F1 at 98% Specificity,0.6871165644171779
/scratchc/nrlab/wang04/ulyses_results_iteration/iteration_3_merge_below_3/cnn_model/cnn14/plasma_tp1_0.1x_model_C4/roc_curve_resnet18_tf_0_0.03/nested_cv_random/resnet18/repeat_10_fold_5_metrics.csv,7,1,resnet18,"[0, 0.03]",C4,Sensitivity at 95% Specificity,0.7102803738317757
/scratchc/nrlab/wang04/ulyses_results_iteration/iteration_3_merge_below_3/cnn_model/cnn14/plasma_tp1_0.1x_model_C4/roc_curve_resnet18_tf_0_0.03/nested_cv_random/resnet18/repeat_10_fold_5_metrics.csv,7,1,resnet18,"[0, 0.03]",C4,PPV at 95% Specificity,0.97435897435897445
/scratchc/nrlab/wang04/ulyses_results_iteration/iteration_3_merge_below_3/cnn_model/cnn14/plasma_tp1_0.1x_model_C4/roc_curve_resnet18_tf_0_0.03/nested_cv_random/resnet18/repeat_10_fold_5_metrics.csv,7,1,resnet18,"[0, 0.03]",C4,Accuracy at 95% Specificity,0.8155248023005032
/scratchc/nrlab/wang04/ulyses_results_iteration/iteration_3_merge_below_3/cnn_model/cnn14/plasma_tp1_0.1x_model_C4/roc_curve_resnet18_tf_0_0.03/nested_cv_random/resnet18/repeat_10_fold_5_metrics.csv,7,1,resnet18,"[0, 0.03]",C4,F1 at 95% Specificity,0.8216216216216217
/scratchc/nrlab/wang04/ulyses_results_iteration/iteration_3_merge_below_3/cnn_model/cnn14/plasma_tp1_0.1x_model_C4/roc_curve_resnet18_tf_0_0.03/nested_cv_random/resnet18/repeat_10_fold_5_metrics.csv,7,2,resnet18,"[0, 0.03]",C4,AUROC,0.9143796455117212
/scratchc/nrlab/wang04/ulyses_results_iteration/iteration_3_merge_below_3/cnn_model/cnn14/plasma_tp1_0.1x_model_C4/roc_curve_resnet18_tf_0_0.03/nested_cv_random/resnet18/repeat_10_fold_5_metrics.csv,7,2,resnet18,"[0, 0.03]",C4,AUPRC,0.9423199867772376
/scratchc/nrlab/wang04/ulyses_results_iteration/iteration_3_merge_below_3/cnn_model/cnn14/plasma_tp1_0.1x_model_C4/roc_curve_resnet18_tf_0_0.03/nested_cv_random/resnet18/repeat_10_fold_5_metrics.csv,7,2,resnet18,"[0, 0.03]",C4,Sensitivity at 99% Specificity,0.2169811320754717
/scratchc/nrlab/wang04/ulyses_results_iteration/iteration_3_merge_below_3/cnn_model/cnn14/plasma_tp1_0.1x_model_C4/roc_curve_resnet18_tf_0_0.03/nested_cv_random/resnet18/repeat_10_fold_5_metrics.csv,7,2,resnet18,"[0, 0.03]",C4,PPV at 99% Specificity,1
/scratchc/nrlab/wang04/ulyses_results_iteration/iteration_3_merge_below_3/cnn_model/cnn14/plasma_tp1_0.1x_model_C4/roc_curve_resnet18_tf_0_0.03/nested_cv_random/resnet18/repeat_10_fold_5_metrics.csv,7,2,resnet18,"[0, 0.03]",C4,Accuracy at 99% Specificity,0.6034905660377359
/scratchc/nrlab/wang04/ulyses_results_iteration/iteration_3_merge_below_3/cnn_model/cnn14/plasma_tp1_0.1x_model_C4/roc_curve_resnet18_tf_0_0.03/nested_cv_random/resnet18/repeat_10_fold_5_metrics.csv,7,2,resnet18,"[0, 0.03]",C4,F1 at 99% Specificity,0.35658914728682173
/scratchc/nrlab/wang04/ulyses_results_iteration/iteration_3_merge_below_3/cnn_model/cnn14/plasma_tp1_0.1x_model_C4/roc_curve_resnet18_tf_0_0.03/nested_cv_random/resnet18/repeat_10_fold_5_metrics.csv,7,2,resnet18,"[0, 0.03]",C4,Sensitivity at 98% Specificity,0.2169811320754717
/scratchc/nrlab/wang04/ulyses_results_iteration/iteration_3_merge_below_3/cnn_model/cnn14/plasma_tp1_0.1x_model_C4/roc_curve_resnet18_tf_0_0.03/nested_cv_random/resnet18/repeat_10_fold_5_metrics.csv,7,2,resnet18,"[0, 0.03]",C4,PPV at 98% Specificity,1
/scratchc/nrlab/wang04/ulyses_results_iteration/iteration_3_merge_below_3/cnn_model/cnn14/plasma_tp1_0.1x_model_C4/roc_curve_resnet18_tf_0_0.03/nested_cv_random/resnet18/repeat_10_fold_5_metrics.csv,7,2,resnet18,"[0, 0.03]",C4,Accuracy at 98% Specificity,0.5984905660377359
/scratchc/nrlab/wang04/ulyses_results_iteration/iteration_3_merge_below_3/cnn_model/cnn14/plasma_tp1_0.1x_model_C4/roc_curve_resnet18_tf_0_0.03/nested_cv_random/resnet18/repeat_10_fold_5_metrics.csv,7,2,resnet18,"[0, 0.03]",C4,F1 at 98% Specificity,0.35658914728682173
/scratchc/nrlab/wang04/ulyses_results_iteration/iteration_3_merge_below_3/cnn_model/cnn14/plasma_tp1_0.1x_model_C4/roc_curve_resnet18_tf_0_0.03/nested_cv_random/resnet18/repeat_10_fold_5_metrics.csv,7,2,resnet18,"[0, 0.03]",C4,Sensitivity at 95% Specificity,0.4716981132075472
/scratchc/nrlab/wang04/ulyses_results_iteration/iteration_3_merge_below_3/cnn_model/cnn14/plasma_tp1_0.1x_model_C4/roc_curve_resnet18_tf_0_0.03/nested_cv_random/resnet18/repeat_10_fold_5_metrics.csv,7,2,resnet18,"[0, 0.03]",C4,PPV at 95% Specificity,0.9615384615384616
/scratchc/nrlab/wang04/ulyses_results_iteration/iteration_3_merge_below_3/cnn_model/cnn14/plasma_tp1_0.1x_model_C4/roc_curve_resnet18_tf_0_0.03/nested_cv_random/resnet18/repeat_10_fold_5_metrics.csv,7,2,resnet18,"[0, 0.03]",C4,Accuracy at 95% Specificity,0.6964551172098341
/scratchc/nrlab/wang04/ulyses_results_iteration/iteration_3_merge_below_3/cnn_model/cnn14/plasma_tp1_0.1x_model_C4/roc_curve_resnet18_tf_0_0.03/nested_cv_random/resnet18/repeat_10_fold_5_metrics.csv,7,2,resnet18,"[0, 0.03]",C4,F1 at 95% Specificity,0.6329113924050633
/scratchc/nrlab/wang04/ulyses_results_iteration/iteration_3_merge_below_3/cnn_model/cnn14/plasma_tp1_0.1x_model_C4/roc_curve_resnet18_tf_0_0.03/nested_cv_random/resnet18/repeat_10_fold_5_metrics.csv,7,3,resnet18,"[0, 0.03]",C4,AUROC,0.8676616915422886
/scratchc/nrlab/wang04/ulyses_results_iteration/iteration_3_merge_below_3/cnn_model/cnn14/plasma_tp1_0.1x_model_C4/roc_curve_resnet18_tf_0_0.03/nested_cv_random/resnet18/repeat_10_fold_5_metrics.csv,7,3,resnet18,"[0, 0.03]",C4,AUPRC,0.9044412354522364
/scratchc/nrlab/wang04/ulyses_results_iteration/iteration_3_merge_below_3/cnn_model/cnn14/plasma_tp1_0.1x_model_C4/roc_curve_resnet18_tf_0_0.03/nested_cv_random/resnet18/repeat_10_fold_5_metrics.csv,7,3,resnet18,"[0, 0.03]",C4,Sensitivity at 99% Specificity,0.17142857142857143
/scratchc/nrlab/wang04/ulyses_results_iteration/iteration_3_merge_below_3/cnn_model/cnn14/plasma_tp1_0.1x_model_C4/roc_curve_resnet18_tf_0_0.03/nested_cv_random/resnet18/repeat_10_fold_5_metrics.csv,7,3,resnet18,"[0, 0.03]",C4,PPV at 99% Specificity,1
/scratchc/nrlab/wang04/ulyses_results_iteration/iteration_3_merge_below_3/cnn_model/cnn14/plasma_tp1_0.1x_model_C4/roc_curve_resnet18_tf_0_0.03/nested_cv_random/resnet18/repeat_10_fold_5_metrics.csv,7,3,resnet18,"[0, 0.03]",C4,Accuracy at 99% Specificity,0.5807142857142857
/scratchc/nrlab/wang04/ulyses_results_iteration/iteration_3_merge_below_3/cnn_model/cnn14/plasma_tp1_0.1x_model_C4/roc_curve_resnet18_tf_0_0.03/nested_cv_random/resnet18/repeat_10_fold_5_metrics.csv,7,3,resnet18,"[0, 0.03]",C4,F1 at 99% Specificity,0.2926829268292683
/scratchc/nrlab/wang04/ulyses_results_iteration/iteration_3_merge_below_3/cnn_model/cnn14/plasma_tp1_0.1x_model_C4/roc_curve_resnet18_tf_0_0.03/nested_cv_random/resnet18/repeat_10_fold_5_metrics.csv,7,3,resnet18,"[0, 0.03]",C4,Sensitivity at 98% Specificity,0.17142857142857143
/scratchc/nrlab/wang04/ulyses_results_iteration/iteration_3_merge_below_3/cnn_model/cnn14/plasma_tp1_0.1x_model_C4/roc_curve_resnet18_tf_0_0.03/nested_cv_random/resnet18/repeat_10_fold_5_metrics.csv,7,3,resnet18,"[0, 0.03]",C4,PPV at 98% Specificity,1
/scratchc/nrlab/wang04/ulyses_results_iteration/iteration_3_merge_below_3/cnn_model/cnn14/plasma_tp1_0.1x_model_C4/roc_curve_resnet18_tf_0_0.03/nested_cv_random/resnet18/repeat_10_fold_5_metrics.csv,7,3,resnet18,"[0, 0.03]",C4,Accuracy at 98% Specificity,0.5757142857142857
/scratchc/nrlab/wang04/ulyses_results_iteration/iteration_3_merge_below_3/cnn_model/cnn14/plasma_tp1_0.1x_model_C4/roc_curve_resnet18_tf_0_0.03/nested_cv_random/resnet18/repeat_10_fold_5_metrics.csv,7,3,resnet18,"[0, 0.03]",C4,F1 at 98% Specificity,0.2926829268292683
/scratchc/nrlab/wang04/ulyses_results_iteration/iteration_3_merge_below_3/cnn_model/cnn14/plasma_tp1_0.1x_model_C4/roc_curve_resnet18_tf_0_0.03/nested_cv_random/resnet18/repeat_10_fold_5_metrics.csv,7,3,resnet18,"[0, 0.03]",C4,Sensitivity at 95% Specificity,0.2571428571428571
/scratchc/nrlab/wang04/ulyses_results_iteration/iteration_3_merge_below_3/cnn_model/cnn14/plasma_tp1_0.1x_model_C4/roc_curve_resnet18_tf_0_0.03/nested_cv_random/resnet18/repeat_10_fold_5_metrics.csv,7,3,resnet18,"[0, 0.03]",C4,PPV at 95% Specificity,0.9310344827586208
/scratchc/nrlab/wang04/ulyses_results_iteration/iteration_3_merge_below_3/cnn_model/cnn14/plasma_tp1_0.1x_model_C4/roc_curve_resnet18_tf_0_0.03/nested_cv_random/resnet18/repeat_10_fold_5_metrics.csv,7,3,resnet18,"[0, 0.03]",C4,Accuracy at 95% Specificity,0.5893923240938166
/scratchc/nrlab/wang04/ulyses_results_iteration/iteration_3_merge_below_3/cnn_model/cnn14/plasma_tp1_0.1x_model_C4/roc_curve_resnet18_tf_0_0.03/nested_cv_random/resnet18/repeat_10_fold_5_metrics.csv,7,3,resnet18,"[0, 0.03]",C4,F1 at 95% Specificity,0.40298507462686567
/scratchc/nrlab/wang04/ulyses_results_iteration/iteration_3_merge_below_3/cnn_model/cnn14/plasma_tp1_0.1x_model_C4/roc_curve_resnet18_tf_0_0.03/nested_cv_random/resnet18/repeat_10_fold_5_metrics.csv,7,4,resnet18,"[0, 0.03]",C4,AUROC,0.904816513761468
/scratchc/nrlab/wang04/ulyses_results_iteration/iteration_3_merge_below_3/cnn_model/cnn14/plasma_tp1_0.1x_model_C4/roc_curve_resnet18_tf_0_0.03/nested_cv_random/resnet18/repeat_10_fold_5_metrics.csv,7,4,resnet18,"[0, 0.03]",C4,AUPRC,0.9380571195959096
/scratchc/nrlab/wang04/ulyses_results_iteration/iteration_3_merge_below_3/cnn_model/cnn14/plasma_tp1_0.1x_model_C4/roc_curve_resnet18_tf_0_0.03/nested_cv_random/resnet18/repeat_10_fold_5_metrics.csv,7,4,resnet18,"[0, 0.03]",C4,Sensitivity at 99% Specificity,0.30275229357798167
/scratchc/nrlab/wang04/ulyses_results_iteration/iteration_3_merge_below_3/cnn_model/cnn14/plasma_tp1_0.1x_model_C4/roc_curve_resnet18_tf_0_0.03/nested_cv_random/resnet18/repeat_10_fold_5_metrics.csv,7,4,resnet18,"[0, 0.03]",C4,PPV at 99% Specificity,1
/scratchc/nrlab/wang04/ulyses_results_iteration/iteration_3_merge_below_3/cnn_model/cnn14/plasma_tp1_0.1x_model_C4/roc_curve_resnet18_tf_0_0.03/nested_cv_random/resnet18/repeat_10_fold_5_metrics.csv,7,4,resnet18,"[0, 0.03]",C4,Accuracy at 99% Specificity,0.6463761467889908
/scratchc/nrlab/wang04/ulyses_results_iteration/iteration_3_merge_below_3/cnn_model/cnn14/plasma_tp1_0.1x_model_C4/roc_curve_resnet18_tf_0_0.03/nested_cv_random/resnet18/repeat_10_fold_5_metrics.csv,7,4,resnet18,"[0, 0.03]",C4,F1 at 99% Specificity,0.4647887323943662
/scratchc/nrlab/wang04/ulyses_results_iteration/iteration_3_merge_below_3/cnn_model/cnn14/plasma_tp1_0.1x_model_C4/roc_curve_resnet18_tf_0_0.03/nested_cv_random/resnet18/repeat_10_fold_5_metrics.csv,7,4,resnet18,"[0, 0.03]",C4,Sensitivity at 98% Specificity,0.30275229357798167
/scratchc/nrlab/wang04/ulyses_results_iteration/iteration_3_merge_below_3/cnn_model/cnn14/plasma_tp1_0.1x_model_C4/roc_curve_resnet18_tf_0_0.03/nested_cv_random/resnet18/repeat_10_fold_5_metrics.csv,7,4,resnet18,"[0, 0.03]",C4,PPV at 98% Specificity,1
/scratchc/nrlab/wang04/ulyses_results_iteration/iteration_3_merge_below_3/cnn_model/cnn14/plasma_tp1_0.1x_model_C4/roc_curve_resnet18_tf_0_0.03/nested_cv_random/resnet18/repeat_10_fold_5_metrics.csv,7,4,resnet18,"[0, 0.03]",C4,Accuracy at 98% Specificity,0.6413761467889908
/scratchc/nrlab/wang04/ulyses_results_iteration/iteration_3_merge_below_3/cnn_model/cnn14/plasma_tp1_0.1x_model_C4/roc_curve_resnet18_tf_0_0.03/nested_cv_random/resnet18/repeat_10_fold_5_metrics.csv,7,4,resnet18,"[0, 0.03]",C4,F1 at 98% Specificity,0.4647887323943662
/scratchc/nrlab/wang04/ulyses_results_iteration/iteration_3_merge_below_3/cnn_model/cnn14/plasma_tp1_0.1x_model_C4/roc_curve_resnet18_tf_0_0.03/nested_cv_random/resnet18/repeat_10_fold_5_metrics.csv,7,4,resnet18,"[0, 0.03]",C4,Sensitivity at 95% Specificity,0.4954128440366973
/scratchc/nrlab/wang04/ulyses_results_iteration/iteration_3_merge_below_3/cnn_model/cnn14/plasma_tp1_0.1x_model_C4/roc_curve_resnet18_tf_0_0.03/nested_cv_random/resnet18/repeat_10_fold_5_metrics.csv,7,4,resnet18,"[0, 0.03]",C4,PPV at 95% Specificity,0.9642857142857144
/scratchc/nrlab/wang04/ulyses_results_iteration/iteration_3_merge_below_3/cnn_model/cnn14/plasma_tp1_0.1x_model_C4/roc_curve_resnet18_tf_0_0.03/nested_cv_random/resnet18/repeat_10_fold_5_metrics.csv,7,4,resnet18,"[0, 0.03]",C4,Accuracy at 95% Specificity,0.7078626720183486
/scratchc/nrlab/wang04/ulyses_results_iteration/iteration_3_merge_below_3/cnn_model/cnn14/plasma_tp1_0.1x_model_C4/roc_curve_resnet18_tf_0_0.03/nested_cv_random/resnet18/repeat_10_fold_5_metrics.csv,7,4,resnet18,"[0, 0.03]",C4,F1 at 95% Specificity,0.6545454545454545
/scratchc/nrlab/wang04/ulyses_results_iteration/iteration_3_merge_below_3/cnn_model/cnn14/plasma_tp1_0.1x_model_C4/roc_curve_resnet18_tf_0_0.03/nested_cv_random/resnet18/repeat_10_fold_5_metrics.csv,7,5,resnet18,"[0, 0.03]",C4,AUROC,0.9100043687199652
/scratchc/nrlab/wang04/ulyses_results_iteration/iteration_3_merge_below_3/cnn_model/cnn14/plasma_tp1_0.1x_model_C4/roc_curve_resnet18_tf_0_0.03/nested_cv_random/resnet18/repeat_10_fold_5_metrics.csv,7,5,resnet18,"[0, 0.03]",C4,AUPRC,0.949004035682926
/scratchc/nrlab/wang04/ulyses_results_iteration/iteration_3_merge_below_3/cnn_model/cnn14/plasma_tp1_0.1x_model_C4/roc_curve_resnet18_tf_0_0.03/nested_cv_random/resnet18/repeat_10_fold_5_metrics.csv,7,5,resnet18,"[0, 0.03]",C4,Sensitivity at 99% Specificity,0.4678899082568808
/scratchc/nrlab/wang04/ulyses_results_iteration/iteration_3_merge_below_3/cnn_model/cnn14/plasma_tp1_0.1x_model_C4/roc_curve_resnet18_tf_0_0.03/nested_cv_random/resnet18/repeat_10_fold_5_metrics.csv,7,5,resnet18,"[0, 0.03]",C4,PPV at 99% Specificity,1
/scratchc/nrlab/wang04/ulyses_results_iteration/iteration_3_merge_below_3/cnn_model/cnn14/plasma_tp1_0.1x_model_C4/roc_curve_resnet18_tf_0_0.03/nested_cv_random/resnet18/repeat_10_fold_5_metrics.csv,7,5,resnet18,"[0, 0.03]",C4,Accuracy at 99% Specificity,0.7289449541284404
/scratchc/nrlab/wang04/ulyses_results_iteration/iteration_3_merge_below_3/cnn_model/cnn14/plasma_tp1_0.1x_model_C4/roc_curve_resnet18_tf_0_0.03/nested_cv_random/resnet18/repeat_10_fold_5_metrics.csv,7,5,resnet18,"[0, 0.03]",C4,F1 at 99% Specificity,0.6375
/scratchc/nrlab/wang04/ulyses_results_iteration/iteration_3_merge_below_3/cnn_model/cnn14/plasma_tp1_0.1x_model_C4/roc_curve_resnet18_tf_0_0.03/nested_cv_random/resnet18/repeat_10_fold_5_metrics.csv,7,5,resnet18,"[0, 0.03]",C4,Sensitivity at 98% Specificity,0.4678899082568808
/scratchc/nrlab/wang04/ulyses_results_iteration/iteration_3_merge_below_3/cnn_model/cnn14/plasma_tp1_0.1x_model_C4/roc_curve_resnet18_tf_0_0.03/nested_cv_random/resnet18/repeat_10_fold_5_metrics.csv,7,5,resnet18,"[0, 0.03]",C4,PPV at 98% Specificity,1
/scratchc/nrlab/wang04/ulyses_results_iteration/iteration_3_merge_below_3/cnn_model/cnn14/plasma_tp1_0.1x_model_C4/roc_curve_resnet18_tf_0_0.03/nested_cv_random/resnet18/repeat_10_fold_5_metrics.csv,7,5,resnet18,"[0, 0.03]",C4,Accuracy at 98% Specificity,0.7239449541284404
/scratchc/nrlab/wang04/ulyses_results_iteration/iteration_3_merge_below_3/cnn_model/cnn14/plasma_tp1_0.1x_model_C4/roc_curve_resnet18_tf_0_0.03/nested_cv_random/resnet18/repeat_10_fold_5_metrics.csv,7,5,resnet18,"[0, 0.03]",C4,F1 at 98% Specificity,0.6375
/scratchc/nrlab/wang04/ulyses_results_iteration/iteration_3_merge_below_3/cnn_model/cnn14/plasma_tp1_0.1x_model_C4/roc_curve_resnet18_tf_0_0.03/nested_cv_random/resnet18/repeat_10_fold_5_metrics.csv,7,5,resnet18,"[0, 0.03]",C4,Sensitivity at 95% Specificity,0.6146788990825688
/scratchc/nrlab/wang04/ulyses_results_iteration/iteration_3_merge_below_3/cnn_model/cnn14/plasma_tp1_0.1x_model_C4/roc_curve_resnet18_tf_0_0.03/nested_cv_random/resnet18/repeat_10_fold_5_metrics.csv,7,5,resnet18,"[0, 0.03]",C4,PPV at 95% Specificity,0.9710144927536232
/scratchc/nrlab/wang04/ulyses_results_iteration/iteration_3_merge_below_3/cnn_model/cnn14/plasma_tp1_0.1x_model_C4/roc_curve_resnet18_tf_0_0.03/nested_cv_random/resnet18/repeat_10_fold_5_metrics.csv,7,5,resnet18,"[0, 0.03]",C4,Accuracy at 95% Specificity,0.7672600844619193
/scratchc/nrlab/wang04/ulyses_results_iteration/iteration_3_merge_below_3/cnn_model/cnn14/plasma_tp1_0.1x_model_C4/roc_curve_resnet18_tf_0_0.03/nested_cv_random/resnet18/repeat_10_fold_5_metrics.csv,7,5,resnet18,"[0, 0.03]",C4,F1 at 95% Specificity,0.7528089887640449
/scratchc/nrlab/wang04/ulyses_results_iteration/iteration_3_merge_below_3/cnn_model/cnn14/plasma_tp1_0.1x_model_C4/roc_curve_resnet18_tf_0_0.03/nested_cv_random/resnet18/repeat_10_fold_5_metrics.csv,8,1,resnet18,"[0, 0.03]",C4,AUROC,0.8824786324786323
/scratchc/nrlab/wang04/ulyses_results_iteration/iteration_3_merge_below_3/cnn_model/cnn14/plasma_tp1_0.1x_model_C4/roc_curve_resnet18_tf_0_0.03/nested_cv_random/resnet18/repeat_10_fold_5_metrics.csv,8,1,resnet18,"[0, 0.03]",C4,AUPRC,0.9318030258394364
/scratchc/nrlab/wang04/ulyses_results_iteration/iteration_3_merge_below_3/cnn_model/cnn14/plasma_tp1_0.1x_model_C4/roc_curve_resnet18_tf_0_0.03/nested_cv_random/resnet18/repeat_10_fold_5_metrics.csv,8,1,resnet18,"[0, 0.03]",C4,Sensitivity at 99% Specificity,0.3425925925925926
/scratchc/nrlab/wang04/ulyses_results_iteration/iteration_3_merge_below_3/cnn_model/cnn14/plasma_tp1_0.1x_model_C4/roc_curve_resnet18_tf_0_0.03/nested_cv_random/resnet18/repeat_10_fold_5_metrics.csv,8,1,resnet18,"[0, 0.03]",C4,PPV at 99% Specificity,1
/scratchc/nrlab/wang04/ulyses_results_iteration/iteration_3_merge_below_3/cnn_model/cnn14/plasma_tp1_0.1x_model_C4/roc_curve_resnet18_tf_0_0.03/nested_cv_random/resnet18/repeat_10_fold_5_metrics.csv,8,1,resnet18,"[0, 0.03]",C4,Accuracy at 99% Specificity,0.6662962962962963
/scratchc/nrlab/wang04/ulyses_results_iteration/iteration_3_merge_below_3/cnn_model/cnn14/plasma_tp1_0.1x_model_C4/roc_curve_resnet18_tf_0_0.03/nested_cv_random/resnet18/repeat_10_fold_5_metrics.csv,8,1,resnet18,"[0, 0.03]",C4,F1 at 99% Specificity,0.5103448275862069
/scratchc/nrlab/wang04/ulyses_results_iteration/iteration_3_merge_below_3/cnn_model/cnn14/plasma_tp1_0.1x_model_C4/roc_curve_resnet18_tf_0_0.03/nested_cv_random/resnet18/repeat_10_fold_5_metrics.csv,8,1,resnet18,"[0, 0.03]",C4,Sensitivity at 98% Specificity,0.3425925925925926
/scratchc/nrlab/wang04/ulyses_results_iteration/iteration_3_merge_below_3/cnn_model/cnn14/plasma_tp1_0.1x_model_C4/roc_curve_resnet18_tf_0_0.03/nested_cv_random/resnet18/repeat_10_fold_5_metrics.csv,8,1,resnet18,"[0, 0.03]",C4,PPV at 98% Specificity,1
/scratchc/nrlab/wang04/ulyses_results_iteration/iteration_3_merge_below_3/cnn_model/cnn14/plasma_tp1_0.1x_model_C4/roc_curve_resnet18_tf_0_0.03/nested_cv_random/resnet18/repeat_10_fold_5_metrics.csv,8,1,resnet18,"[0, 0.03]",C4,Accuracy at 98% Specificity,0.6612962962962963
/scratchc/nrlab/wang04/ulyses_results_iteration/iteration_3_merge_below_3/cnn_model/cnn14/plasma_tp1_0.1x_model_C4/roc_curve_resnet18_tf_0_0.03/nested_cv_random/resnet18/repeat_10_fold_5_metrics.csv,8,1,resnet18,"[0, 0.03]",C4,F1 at 98% Specificity,0.5103448275862069
/scratchc/nrlab/wang04/ulyses_results_iteration/iteration_3_merge_below_3/cnn_model/cnn14/plasma_tp1_0.1x_model_C4/roc_curve_resnet18_tf_0_0.03/nested_cv_random/resnet18/repeat_10_fold_5_metrics.csv,8,1,resnet18,"[0, 0.03]",C4,Sensitivity at 95% Specificity,0.5370370370370371
/scratchc/nrlab/wang04/ulyses_results_iteration/iteration_3_merge_below_3/cnn_model/cnn14/plasma_tp1_0.1x_model_C4/roc_curve_resnet18_tf_0_0.03/nested_cv_random/resnet18/repeat_10_fold_5_metrics.csv,8,1,resnet18,"[0, 0.03]",C4,PPV at 95% Specificity,0.9666666666666668
/scratchc/nrlab/wang04/ulyses_results_iteration/iteration_3_merge_below_3/cnn_model/cnn14/plasma_tp1_0.1x_model_C4/roc_curve_resnet18_tf_0_0.03/nested_cv_random/resnet18/repeat_10_fold_5_metrics.csv,8,1,resnet18,"[0, 0.03]",C4,Accuracy at 95% Specificity,0.7289031339031339
/scratchc/nrlab/wang04/ulyses_results_iteration/iteration_3_merge_below_3/cnn_model/cnn14/plasma_tp1_0.1x_model_C4/roc_curve_resnet18_tf_0_0.03/nested_cv_random/resnet18/repeat_10_fold_5_metrics.csv,8,1,resnet18,"[0, 0.03]",C4,F1 at 95% Specificity,0.6904761904761905
/scratchc/nrlab/wang04/ulyses_results_iteration/iteration_3_merge_below_3/cnn_model/cnn14/plasma_tp1_0.1x_model_C4/roc_curve_resnet18_tf_0_0.03/nested_cv_random/resnet18/repeat_10_fold_5_metrics.csv,8,2,resnet18,"[0, 0.03]",C4,AUROC,0.8925100057175529
/scratchc/nrlab/wang04/ulyses_results_iteration/iteration_3_merge_below_3/cnn_model/cnn14/plasma_tp1_0.1x_model_C4/roc_curve_resnet18_tf_0_0.03/nested_cv_random/resnet18/repeat_10_fold_5_metrics.csv,8,2,resnet18,"[0, 0.03]",C4,AUPRC,0.9379319298011778
/scratchc/nrlab/wang04/ulyses_results_iteration/iteration_3_merge_below_3/cnn_model/cnn14/plasma_tp1_0.1x_model_C4/roc_curve_resnet18_tf_0_0.03/nested_cv_random/resnet18/repeat_10_fold_5_metrics.csv,8,2,resnet18,"[0, 0.03]",C4,Sensitivity at 99% Specificity,0.3584905660377358
/scratchc/nrlab/wang04/ulyses_results_iteration/iteration_3_merge_below_3/cnn_model/cnn14/plasma_tp1_0.1x_model_C4/roc_curve_resnet18_tf_0_0.03/nested_cv_random/resnet18/repeat_10_fold_5_metrics.csv,8,2,resnet18,"[0, 0.03]",C4,PPV at 99% Specificity,1
/scratchc/nrlab/wang04/ulyses_results_iteration/iteration_3_merge_below_3/cnn_model/cnn14/plasma_tp1_0.1x_model_C4/roc_curve_resnet18_tf_0_0.03/nested_cv_random/resnet18/repeat_10_fold_5_metrics.csv,8,2,resnet18,"[0, 0.03]",C4,Accuracy at 99% Specificity,0.6742452830188679
/scratchc/nrlab/wang04/ulyses_results_iteration/iteration_3_merge_below_3/cnn_model/cnn14/plasma_tp1_0.1x_model_C4/roc_curve_resnet18_tf_0_0.03/nested_cv_random/resnet18/repeat_10_fold_5_metrics.csv,8,2,resnet18,"[0, 0.03]",C4,F1 at 99% Specificity,0.5277777777777778
/scratchc/nrlab/wang04/ulyses_results_iteration/iteration_3_merge_below_3/cnn_model/cnn14/plasma_tp1_0.1x_model_C4/roc_curve_resnet18_tf_0_0.03/nested_cv_random/resnet18/repeat_10_fold_5_metrics.csv,8,2,resnet18,"[0, 0.03]",C4,Sensitivity at 98% Specificity,0.3584905660377358
/scratchc/nrlab/wang04/ulyses_results_iteration/iteration_3_merge_below_3/cnn_model/cnn14/plasma_tp1_0.1x_model_C4/roc_curve_resnet18_tf_0_0.03/nested_cv_random/resnet18/repeat_10_fold_5_metrics.csv,8,2,resnet18,"[0, 0.03]",C4,PPV at 98% Specificity,1
/scratchc/nrlab/wang04/ulyses_results_iteration/iteration_3_merge_below_3/cnn_model/cnn14/plasma_tp1_0.1x_model_C4/roc_curve_resnet18_tf_0_0.03/nested_cv_random/resnet18/repeat_10_fold_5_metrics.csv,8,2,resnet18,"[0, 0.03]",C4,Accuracy at 98% Specificity,0.6692452830188679
/scratchc/nrlab/wang04/ulyses_results_iteration/iteration_3_merge_below_3/cnn_model/cnn14/plasma_tp1_0.1x_model_C4/roc_curve_resnet18_tf_0_0.03/nested_cv_random/resnet18/repeat_10_fold_5_metrics.csv,8,2,resnet18,"[0, 0.03]",C4,F1 at 98% Specificity,0.5277777777777778
/scratchc/nrlab/wang04/ulyses_results_iteration/iteration_3_merge_below_3/cnn_model/cnn14/plasma_tp1_0.1x_model_C4/roc_curve_resnet18_tf_0_0.03/nested_cv_random/resnet18/repeat_10_fold_5_metrics.csv,8,2,resnet18,"[0, 0.03]",C4,Sensitivity at 95% Specificity,0.5754716981132075
/scratchc/nrlab/wang04/ulyses_results_iteration/iteration_3_merge_below_3/cnn_model/cnn14/plasma_tp1_0.1x_model_C4/roc_curve_resnet18_tf_0_0.03/nested_cv_random/resnet18/repeat_10_fold_5_metrics.csv,8,2,resnet18,"[0, 0.03]",C4,PPV at 95% Specificity,0.9682539682539684
/scratchc/nrlab/wang04/ulyses_results_iteration/iteration_3_merge_below_3/cnn_model/cnn14/plasma_tp1_0.1x_model_C4/roc_curve_resnet18_tf_0_0.03/nested_cv_random/resnet18/repeat_10_fold_5_metrics.csv,8,2,resnet18,"[0, 0.03]",C4,Accuracy at 95% Specificity,0.7483419096626643
/scratchc/nrlab/wang04/ulyses_results_iteration/iteration_3_merge_below_3/cnn_model/cnn14/plasma_tp1_0.1x_model_C4/roc_curve_resnet18_tf_0_0.03/nested_cv_random/resnet18/repeat_10_fold_5_metrics.csv,8,2,resnet18,"[0, 0.03]",C4,F1 at 95% Specificity,0.7218934911242604
/scratchc/nrlab/wang04/ulyses_results_iteration/iteration_3_merge_below_3/cnn_model/cnn14/plasma_tp1_0.1x_model_C4/roc_curve_resnet18_tf_0_0.03/nested_cv_random/resnet18/repeat_10_fold_5_metrics.csv,8,3,resnet18,"[0, 0.03]",C4,AUROC,0.8979151689432063
/scratchc/nrlab/wang04/ulyses_results_iteration/iteration_3_merge_below_3/cnn_model/cnn14/plasma_tp1_0.1x_model_C4/roc_curve_resnet18_tf_0_0.03/nested_cv_random/resnet18/repeat_10_fold_5_metrics.csv,8,3,resnet18,"[0, 0.03]",C4,AUPRC,0.9403531604295072
/scratchc/nrlab/wang04/ulyses_results_iteration/iteration_3_merge_below_3/cnn_model/cnn14/plasma_tp1_0.1x_model_C4/roc_curve_resnet18_tf_0_0.03/nested_cv_random/resnet18/repeat_10_fold_5_metrics.csv,8,3,resnet18,"[0, 0.03]",C4,Sensitivity at 99% Specificity,0.4205607476635514
/scratchc/nrlab/wang04/ulyses_results_iteration/iteration_3_merge_below_3/cnn_model/cnn14/plasma_tp1_0.1x_model_C4/roc_curve_resnet18_tf_0_0.03/nested_cv_random/resnet18/repeat_10_fold_5_metrics.csv,8,3,resnet18,"[0, 0.03]",C4,PPV at 99% Specificity,1
/scratchc/nrlab/wang04/ulyses_results_iteration/iteration_3_merge_below_3/cnn_model/cnn14/plasma_tp1_0.1x_model_C4/roc_curve_resnet18_tf_0_0.03/nested_cv_random/resnet18/repeat_10_fold_5_metrics.csv,8,3,resnet18,"[0, 0.03]",C4,Accuracy at 99% Specificity,0.7052803738317757
/scratchc/nrlab/wang04/ulyses_results_iteration/iteration_3_merge_below_3/cnn_model/cnn14/plasma_tp1_0.1x_model_C4/roc_curve_resnet18_tf_0_0.03/nested_cv_random/resnet18/repeat_10_fold_5_metrics.csv,8,3,resnet18,"[0, 0.03]",C4,F1 at 99% Specificity,0.5921052631578947
/scratchc/nrlab/wang04/ulyses_results_iteration/iteration_3_merge_below_3/cnn_model/cnn14/plasma_tp1_0.1x_model_C4/roc_curve_resnet18_tf_0_0.03/nested_cv_random/resnet18/repeat_10_fold_5_metrics.csv,8,3,resnet18,"[0, 0.03]",C4,Sensitivity at 98% Specificity,0.4205607476635514
/scratchc/nrlab/wang04/ulyses_results_iteration/iteration_3_merge_below_3/cnn_model/cnn14/plasma_tp1_0.1x_model_C4/roc_curve_resnet18_tf_0_0.03/nested_cv_random/resnet18/repeat_10_fold_5_metrics.csv,8,3,resnet18,"[0, 0.03]",C4,PPV at 98% Specificity,1
/scratchc/nrlab/wang04/ulyses_results_iteration/iteration_3_merge_below_3/cnn_model/cnn14/plasma_tp1_0.1x_model_C4/roc_curve_resnet18_tf_0_0.03/nested_cv_random/resnet18/repeat_10_fold_5_metrics.csv,8,3,resnet18,"[0, 0.03]",C4,Accuracy at 98% Specificity,0.7002803738317757
/scratchc/nrlab/wang04/ulyses_results_iteration/iteration_3_merge_below_3/cnn_model/cnn14/plasma_tp1_0.1x_model_C4/roc_curve_resnet18_tf_0_0.03/nested_cv_random/resnet18/repeat_10_fold_5_metrics.csv,8,3,resnet18,"[0, 0.03]",C4,F1 at 98% Specificity,0.5921052631578947
/scratchc/nrlab/wang04/ulyses_results_iteration/iteration_3_merge_below_3/cnn_model/cnn14/plasma_tp1_0.1x_model_C4/roc_curve_resnet18_tf_0_0.03/nested_cv_random/resnet18/repeat_10_fold_5_metrics.csv,8,3,resnet18,"[0, 0.03]",C4,Sensitivity at 95% Specificity,0.5514018691588785
/scratchc/nrlab/wang04/ulyses_results_iteration/iteration_3_merge_below_3/cnn_model/cnn14/plasma_tp1_0.1x_model_C4/roc_curve_resnet18_tf_0_0.03/nested_cv_random/resnet18/repeat_10_fold_5_metrics.csv,8,3,resnet18,"[0, 0.03]",C4,PPV at 95% Specificity,0.9672131147540984
/scratchc/nrlab/wang04/ulyses_results_iteration/iteration_3_merge_below_3/cnn_model/cnn14/plasma_tp1_0.1x_model_C4/roc_curve_resnet18_tf_0_0.03/nested_cv_random/resnet18/repeat_10_fold_5_metrics.csv,8,3,resnet18,"[0, 0.03]",C4,Accuracy at 95% Specificity,0.7360855499640546
/scratchc/nrlab/wang04/ulyses_results_iteration/iteration_3_merge_below_3/cnn_model/cnn14/plasma_tp1_0.1x_model_C4/roc_curve_resnet18_tf_0_0.03/nested_cv_random/resnet18/repeat_10_fold_5_metrics.csv,8,3,resnet18,"[0, 0.03]",C4,F1 at 95% Specificity,0.7023809523809523
/scratchc/nrlab/wang04/ulyses_results_iteration/iteration_3_merge_below_3/cnn_model/cnn14/plasma_tp1_0.1x_model_C4/roc_curve_resnet18_tf_0_0.03/nested_cv_random/resnet18/repeat_10_fold_5_metrics.csv,8,4,resnet18,"[0, 0.03]",C4,AUROC,0.9163773148148148
/scratchc/nrlab/wang04/ulyses_results_iteration/iteration_3_merge_below_3/cnn_model/cnn14/plasma_tp1_0.1x_model_C4/roc_curve_resnet18_tf_0_0.03/nested_cv_random/resnet18/repeat_10_fold_5_metrics.csv,8,4,resnet18,"[0, 0.03]",C4,AUPRC,0.9514190387634224
/scratchc/nrlab/wang04/ulyses_results_iteration/iteration_3_merge_below_3/cnn_model/cnn14/plasma_tp1_0.1x_model_C4/roc_curve_resnet18_tf_0_0.03/nested_cv_random/resnet18/repeat_10_fold_5_metrics.csv,8,4,resnet18,"[0, 0.03]",C4,Sensitivity at 99% Specificity,0.3148148148148148
/scratchc/nrlab/wang04/ulyses_results_iteration/iteration_3_merge_below_3/cnn_model/cnn14/plasma_tp1_0.1x_model_C4/roc_curve_resnet18_tf_0_0.03/nested_cv_random/resnet18/repeat_10_fold_5_metrics.csv,8,4,resnet18,"[0, 0.03]",C4,PPV at 99% Specificity,1
/scratchc/nrlab/wang04/ulyses_results_iteration/iteration_3_merge_below_3/cnn_model/cnn14/plasma_tp1_0.1x_model_C4/roc_curve_resnet18_tf_0_0.03/nested_cv_random/resnet18/repeat_10_fold_5_metrics.csv,8,4,resnet18,"[0, 0.03]",C4,Accuracy at 99% Specificity,0.6524074074074074
/scratchc/nrlab/wang04/ulyses_results_iteration/iteration_3_merge_below_3/cnn_model/cnn14/plasma_tp1_0.1x_model_C4/roc_curve_resnet18_tf_0_0.03/nested_cv_random/resnet18/repeat_10_fold_5_metrics.csv,8,4,resnet18,"[0, 0.03]",C4,F1 at 99% Specificity,0.4788732394366197
/scratchc/nrlab/wang04/ulyses_results_iteration/iteration_3_merge_below_3/cnn_model/cnn14/plasma_tp1_0.1x_model_C4/roc_curve_resnet18_tf_0_0.03/nested_cv_random/resnet18/repeat_10_fold_5_metrics.csv,8,4,resnet18,"[0, 0.03]",C4,Sensitivity at 98% Specificity,0.3148148148148148
/scratchc/nrlab/wang04/ulyses_results_iteration/iteration_3_merge_below_3/cnn_model/cnn14/plasma_tp1_0.1x_model_C4/roc_curve_resnet18_tf_0_0.03/nested_cv_random/resnet18/repeat_10_fold_5_metrics.csv,8,4,resnet18,"[0, 0.03]",C4,PPV at 98% Specificity,1
/scratchc/nrlab/wang04/ulyses_results_iteration/iteration_3_merge_below_3/cnn_model/cnn14/plasma_tp1_0.1x_model_C4/roc_curve_resnet18_tf_0_0.03/nested_cv_random/resnet18/repeat_10_fold_5_metrics.csv,8,4,resnet18,"[0, 0.03]",C4,Accuracy at 98% Specificity,0.6474074074074074
/scratchc/nrlab/wang04/ulyses_results_iteration/iteration_3_merge_below_3/cnn_model/cnn14/plasma_tp1_0.1x_model_C4/roc_curve_resnet18_tf_0_0.03/nested_cv_random/resnet18/repeat_10_fold_5_metrics.csv,8,4,resnet18,"[0, 0.03]",C4,F1 at 98% Specificity,0.4788732394366197
/scratchc/nrlab/wang04/ulyses_results_iteration/iteration_3_merge_below_3/cnn_model/cnn14/plasma_tp1_0.1x_model_C4/roc_curve_resnet18_tf_0_0.03/nested_cv_random/resnet18/repeat_10_fold_5_metrics.csv,8,4,resnet18,"[0, 0.03]",C4,Sensitivity at 95% Specificity,0.6666666666666666
/scratchc/nrlab/wang04/ulyses_results_iteration/iteration_3_merge_below_3/cnn_model/cnn14/plasma_tp1_0.1x_model_C4/roc_curve_resnet18_tf_0_0.03/nested_cv_random/resnet18/repeat_10_fold_5_metrics.csv,8,4,resnet18,"[0, 0.03]",C4,PPV at 95% Specificity,0.972972972972973
/scratchc/nrlab/wang04/ulyses_results_iteration/iteration_3_merge_below_3/cnn_model/cnn14/plasma_tp1_0.1x_model_C4/roc_curve_resnet18_tf_0_0.03/nested_cv_random/resnet18/repeat_10_fold_5_metrics.csv,8,4,resnet18,"[0, 0.03]",C4,Accuracy at 95% Specificity,0.7934895833333333
/scratchc/nrlab/wang04/ulyses_results_iteration/iteration_3_merge_below_3/cnn_model/cnn14/plasma_tp1_0.1x_model_C4/roc_curve_resnet18_tf_0_0.03/nested_cv_random/resnet18/repeat_10_fold_5_metrics.csv,8,4,resnet18,"[0, 0.03]",C4,F1 at 95% Specificity,0.7912087912087912
/scratchc/nrlab/wang04/ulyses_results_iteration/iteration_3_merge_below_3/cnn_model/cnn14/plasma_tp1_0.1x_model_C4/roc_curve_resnet18_tf_0_0.03/nested_cv_random/resnet18/repeat_10_fold_5_metrics.csv,8,5,resnet18,"[0, 0.03]",C4,AUROC,0.8697340043134436
/scratchc/nrlab/wang04/ulyses_results_iteration/iteration_3_merge_below_3/cnn_model/cnn14/plasma_tp1_0.1x_model_C4/roc_curve_resnet18_tf_0_0.03/nested_cv_random/resnet18/repeat_10_fold_5_metrics.csv,8,5,resnet18,"[0, 0.03]",C4,AUPRC,0.9001672484724349
/scratchc/nrlab/wang04/ulyses_results_iteration/iteration_3_merge_below_3/cnn_model/cnn14/plasma_tp1_0.1x_model_C4/roc_curve_resnet18_tf_0_0.03/nested_cv_random/resnet18/repeat_10_fold_5_metrics.csv,8,5,resnet18,"[0, 0.03]",C4,Sensitivity at 99% Specificity,0.19626168224299065
/scratchc/nrlab/wang04/ulyses_results_iteration/iteration_3_merge_below_3/cnn_model/cnn14/plasma_tp1_0.1x_model_C4/roc_curve_resnet18_tf_0_0.03/nested_cv_random/resnet18/repeat_10_fold_5_metrics.csv,8,5,resnet18,"[0, 0.03]",C4,PPV at 99% Specificity,1
/scratchc/nrlab/wang04/ulyses_results_iteration/iteration_3_merge_below_3/cnn_model/cnn14/plasma_tp1_0.1x_model_C4/roc_curve_resnet18_tf_0_0.03/nested_cv_random/resnet18/repeat_10_fold_5_metrics.csv,8,5,resnet18,"[0, 0.03]",C4,Accuracy at 99% Specificity,0.5931308411214953
/scratchc/nrlab/wang04/ulyses_results_iteration/iteration_3_merge_below_3/cnn_model/cnn14/plasma_tp1_0.1x_model_C4/roc_curve_resnet18_tf_0_0.03/nested_cv_random/resnet18/repeat_10_fold_5_metrics.csv,8,5,resnet18,"[0, 0.03]",C4,F1 at 99% Specificity,0.328125
/scratchc/nrlab/wang04/ulyses_results_iteration/iteration_3_merge_below_3/cnn_model/cnn14/plasma_tp1_0.1x_model_C4/roc_curve_resnet18_tf_0_0.03/nested_cv_random/resnet18/repeat_10_fold_5_metrics.csv,8,5,resnet18,"[0, 0.03]",C4,Sensitivity at 98% Specificity,0.19626168224299065
/scratchc/nrlab/wang04/ulyses_results_iteration/iteration_3_merge_below_3/cnn_model/cnn14/plasma_tp1_0.1x_model_C4/roc_curve_resnet18_tf_0_0.03/nested_cv_random/resnet18/repeat_10_fold_5_metrics.csv,8,5,resnet18,"[0, 0.03]",C4,PPV at 98% Specificity,1
/scratchc/nrlab/wang04/ulyses_results_iteration/iteration_3_merge_below_3/cnn_model/cnn14/plasma_tp1_0.1x_model_C4/roc_curve_resnet18_tf_0_0.03/nested_cv_random/resnet18/repeat_10_fold_5_metrics.csv,8,5,resnet18,"[0, 0.03]",C4,Accuracy at 98% Specificity,0.5881308411214953
/scratchc/nrlab/wang04/ulyses_results_iteration/iteration_3_merge_below_3/cnn_model/cnn14/plasma_tp1_0.1x_model_C4/roc_curve_resnet18_tf_0_0.03/nested_cv_random/resnet18/repeat_10_fold_5_metrics.csv,8,5,resnet18,"[0, 0.03]",C4,F1 at 98% Specificity,0.328125
/scratchc/nrlab/wang04/ulyses_results_iteration/iteration_3_merge_below_3/cnn_model/cnn14/plasma_tp1_0.1x_model_C4/roc_curve_resnet18_tf_0_0.03/nested_cv_random/resnet18/repeat_10_fold_5_metrics.csv,8,5,resnet18,"[0, 0.03]",C4,Sensitivity at 95% Specificity,0.22429906542056072
/scratchc/nrlab/wang04/ulyses_results_iteration/iteration_3_merge_below_3/cnn_model/cnn14/plasma_tp1_0.1x_model_C4/roc_curve_resnet18_tf_0_0.03/nested_cv_random/resnet18/repeat_10_fold_5_metrics.csv,8,5,resnet18,"[0, 0.03]",C4,PPV at 95% Specificity,0.9230769230769232
/scratchc/nrlab/wang04/ulyses_results_iteration/iteration_3_merge_below_3/cnn_model/cnn14/plasma_tp1_0.1x_model_C4/roc_curve_resnet18_tf_0_0.03/nested_cv_random/resnet18/repeat_10_fold_5_metrics.csv,8,5,resnet18,"[0, 0.03]",C4,Accuracy at 95% Specificity,0.5725341480948957
/scratchc/nrlab/wang04/ulyses_results_iteration/iteration_3_merge_below_3/cnn_model/cnn14/plasma_tp1_0.1x_model_C4/roc_curve_resnet18_tf_0_0.03/nested_cv_random/resnet18/repeat_10_fold_5_metrics.csv,8,5,resnet18,"[0, 0.03]",C4,F1 at 95% Specificity,0.3609022556390977
/scratchc/nrlab/wang04/ulyses_results_iteration/iteration_3_merge_below_3/cnn_model/cnn14/plasma_tp1_0.1x_model_C4/roc_curve_resnet18_tf_0_0.03/nested_cv_random/resnet18/repeat_10_fold_5_metrics.csv,9,1,resnet18,"[0, 0.03]",C4,AUROC,0.8551793981481481
/scratchc/nrlab/wang04/ulyses_results_iteration/iteration_3_merge_below_3/cnn_model/cnn14/plasma_tp1_0.1x_model_C4/roc_curve_resnet18_tf_0_0.03/nested_cv_random/resnet18/repeat_10_fold_5_metrics.csv,9,1,resnet18,"[0, 0.03]",C4,AUPRC,0.8868724632214376
/scratchc/nrlab/wang04/ulyses_results_iteration/iteration_3_merge_below_3/cnn_model/cnn14/plasma_tp1_0.1x_model_C4/roc_curve_resnet18_tf_0_0.03/nested_cv_random/resnet18/repeat_10_fold_5_metrics.csv,9,1,resnet18,"[0, 0.03]",C4,Sensitivity at 99% Specificity,0.04629629629629629
/scratchc/nrlab/wang04/ulyses_results_iteration/iteration_3_merge_below_3/cnn_model/cnn14/plasma_tp1_0.1x_model_C4/roc_curve_resnet18_tf_0_0.03/nested_cv_random/resnet18/repeat_10_fold_5_metrics.csv,9,1,resnet18,"[0, 0.03]",C4,PPV at 99% Specificity,1
/scratchc/nrlab/wang04/ulyses_results_iteration/iteration_3_merge_below_3/cnn_model/cnn14/plasma_tp1_0.1x_model_C4/roc_curve_resnet18_tf_0_0.03/nested_cv_random/resnet18/repeat_10_fold_5_metrics.csv,9,1,resnet18,"[0, 0.03]",C4,Accuracy at 99% Specificity,0.5181481481481481
/scratchc/nrlab/wang04/ulyses_results_iteration/iteration_3_merge_below_3/cnn_model/cnn14/plasma_tp1_0.1x_model_C4/roc_curve_resnet18_tf_0_0.03/nested_cv_random/resnet18/repeat_10_fold_5_metrics.csv,9,1,resnet18,"[0, 0.03]",C4,F1 at 99% Specificity,0.08849557522123894
/scratchc/nrlab/wang04/ulyses_results_iteration/iteration_3_merge_below_3/cnn_model/cnn14/plasma_tp1_0.1x_model_C4/roc_curve_resnet18_tf_0_0.03/nested_cv_random/resnet18/repeat_10_fold_5_metrics.csv,9,1,resnet18,"[0, 0.03]",C4,Sensitivity at 98% Specificity,0.04629629629629629
/scratchc/nrlab/wang04/ulyses_results_iteration/iteration_3_merge_below_3/cnn_model/cnn14/plasma_tp1_0.1x_model_C4/roc_curve_resnet18_tf_0_0.03/nested_cv_random/resnet18/repeat_10_fold_5_metrics.csv,9,1,resnet18,"[0, 0.03]",C4,PPV at 98% Specificity,1
/scratchc/nrlab/wang04/ulyses_results_iteration/iteration_3_merge_below_3/cnn_model/cnn14/plasma_tp1_0.1x_model_C4/roc_curve_resnet18_tf_0_0.03/nested_cv_random/resnet18/repeat_10_fold_5_metrics.csv,9,1,resnet18,"[0, 0.03]",C4,Accuracy at 98% Specificity,0.5131481481481481
/scratchc/nrlab/wang04/ulyses_results_iteration/iteration_3_merge_below_3/cnn_model/cnn14/plasma_tp1_0.1x_model_C4/roc_curve_resnet18_tf_0_0.03/nested_cv_random/resnet18/repeat_10_fold_5_metrics.csv,9,1,resnet18,"[0, 0.03]",C4,F1 at 98% Specificity,0.08849557522123894
/scratchc/nrlab/wang04/ulyses_results_iteration/iteration_3_merge_below_3/cnn_model/cnn14/plasma_tp1_0.1x_model_C4/roc_curve_resnet18_tf_0_0.03/nested_cv_random/resnet18/repeat_10_fold_5_metrics.csv,9,1,resnet18,"[0, 0.03]",C4,Sensitivity at 95% Specificity,0.21296296296296297
/scratchc/nrlab/wang04/ulyses_results_iteration/iteration_3_merge_below_3/cnn_model/cnn14/plasma_tp1_0.1x_model_C4/roc_curve_resnet18_tf_0_0.03/nested_cv_random/resnet18/repeat_10_fold_5_metrics.csv,9,1,resnet18,"[0, 0.03]",C4,PPV at 95% Specificity,0.92
/scratchc/nrlab/wang04/ulyses_results_iteration/iteration_3_merge_below_3/cnn_model/cnn14/plasma_tp1_0.1x_model_C4/roc_curve_resnet18_tf_0_0.03/nested_cv_random/resnet18/repeat_10_fold_5_metrics.csv,9,1,resnet18,"[0, 0.03]",C4,Accuracy at 95% Specificity,0.5666377314814814
/scratchc/nrlab/wang04/ulyses_results_iteration/iteration_3_merge_below_3/cnn_model/cnn14/plasma_tp1_0.1x_model_C4/roc_curve_resnet18_tf_0_0.03/nested_cv_random/resnet18/repeat_10_fold_5_metrics.csv,9,1,resnet18,"[0, 0.03]",C4,F1 at 95% Specificity,0.3458646616541353
/scratchc/nrlab/wang04/ulyses_results_iteration/iteration_3_merge_below_3/cnn_model/cnn14/plasma_tp1_0.1x_model_C4/roc_curve_resnet18_tf_0_0.03/nested_cv_random/resnet18/repeat_10_fold_5_metrics.csv,9,2,resnet18,"[0, 0.03]",C4,AUROC,0.9215265866209263
/scratchc/nrlab/wang04/ulyses_results_iteration/iteration_3_merge_below_3/cnn_model/cnn14/plasma_tp1_0.1x_model_C4/roc_curve_resnet18_tf_0_0.03/nested_cv_random/resnet18/repeat_10_fold_5_metrics.csv,9,2,resnet18,"[0, 0.03]",C4,AUPRC,0.9502142308736
/scratchc/nrlab/wang04/ulyses_results_iteration/iteration_3_merge_below_3/cnn_model/cnn14/plasma_tp1_0.1x_model_C4/roc_curve_resnet18_tf_0_0.03/nested_cv_random/resnet18/repeat_10_fold_5_metrics.csv,9,2,resnet18,"[0, 0.03]",C4,Sensitivity at 99% Specificity,0.49056603773584906
/scratchc/nrlab/wang04/ulyses_results_iteration/iteration_3_merge_below_3/cnn_model/cnn14/plasma_tp1_0.1x_model_C4/roc_curve_resnet18_tf_0_0.03/nested_cv_random/resnet18/repeat_10_fold_5_metrics.csv,9,2,resnet18,"[0, 0.03]",C4,PPV at 99% Specificity,1
/scratchc/nrlab/wang04/ulyses_results_iteration/iteration_3_merge_below_3/cnn_model/cnn14/plasma_tp1_0.1x_model_C4/roc_curve_resnet18_tf_0_0.03/nested_cv_random/resnet18/repeat_10_fold_5_metrics.csv,9,2,resnet18,"[0, 0.03]",C4,Accuracy at 99% Specificity,0.7402830188679246
/scratchc/nrlab/wang04/ulyses_results_iteration/iteration_3_merge_below_3/cnn_model/cnn14/plasma_tp1_0.1x_model_C4/roc_curve_resnet18_tf_0_0.03/nested_cv_random/resnet18/repeat_10_fold_5_metrics.csv,9,2,resnet18,"[0, 0.03]",C4,F1 at 99% Specificity,0.6582278481012658
/scratchc/nrlab/wang04/ulyses_results_iteration/iteration_3_merge_below_3/cnn_model/cnn14/plasma_tp1_0.1x_model_C4/roc_curve_resnet18_tf_0_0.03/nested_cv_random/resnet18/repeat_10_fold_5_metrics.csv,9,2,resnet18,"[0, 0.03]",C4,Sensitivity at 98% Specificity,0.49056603773584906
/scratchc/nrlab/wang04/ulyses_results_iteration/iteration_3_merge_below_3/cnn_model/cnn14/plasma_tp1_0.1x_model_C4/roc_curve_resnet18_tf_0_0.03/nested_cv_random/resnet18/repeat_10_fold_5_metrics.csv,9,2,resnet18,"[0, 0.03]",C4,PPV at 98% Specificity,1
/scratchc/nrlab/wang04/ulyses_results_iteration/iteration_3_merge_below_3/cnn_model/cnn14/plasma_tp1_0.1x_model_C4/roc_curve_resnet18_tf_0_0.03/nested_cv_random/resnet18/repeat_10_fold_5_metrics.csv,9,2,resnet18,"[0, 0.03]",C4,Accuracy at 98% Specificity,0.7352830188679245
/scratchc/nrlab/wang04/ulyses_results_iteration/iteration_3_merge_below_3/cnn_model/cnn14/plasma_tp1_0.1x_model_C4/roc_curve_resnet18_tf_0_0.03/nested_cv_random/resnet18/repeat_10_fold_5_metrics.csv,9,2,resnet18,"[0, 0.03]",C4,F1 at 98% Specificity,0.6582278481012658
/scratchc/nrlab/wang04/ulyses_results_iteration/iteration_3_merge_below_3/cnn_model/cnn14/plasma_tp1_0.1x_model_C4/roc_curve_resnet18_tf_0_0.03/nested_cv_random/resnet18/repeat_10_fold_5_metrics.csv,9,2,resnet18,"[0, 0.03]",C4,Sensitivity at 95% Specificity,0.6226415094339622
/scratchc/nrlab/wang04/ulyses_results_iteration/iteration_3_merge_below_3/cnn_model/cnn14/plasma_tp1_0.1x_model_C4/roc_curve_resnet18_tf_0_0.03/nested_cv_random/resnet18/repeat_10_fold_5_metrics.csv,9,2,resnet18,"[0, 0.03]",C4,PPV at 95% Specificity,0.9565217391304348
/scratchc/nrlab/wang04/ulyses_results_iteration/iteration_3_merge_below_3/cnn_model/cnn14/plasma_tp1_0.1x_model_C4/roc_curve_resnet18_tf_0_0.03/nested_cv_random/resnet18/repeat_10_fold_5_metrics.csv,9,2,resnet18,"[0, 0.03]",C4,Accuracy at 95% Specificity,0.764729845626072
/scratchc/nrlab/wang04/ulyses_results_iteration/iteration_3_merge_below_3/cnn_model/cnn14/plasma_tp1_0.1x_model_C4/roc_curve_resnet18_tf_0_0.03/nested_cv_random/resnet18/repeat_10_fold_5_metrics.csv,9,2,resnet18,"[0, 0.03]",C4,F1 at 95% Specificity,0.7542857142857143
/scratchc/nrlab/wang04/ulyses_results_iteration/iteration_3_merge_below_3/cnn_model/cnn14/plasma_tp1_0.1x_model_C4/roc_curve_resnet18_tf_0_0.03/nested_cv_random/resnet18/repeat_10_fold_5_metrics.csv,9,3,resnet18,"[0, 0.03]",C4,AUROC,0.91131498470948
/scratchc/nrlab/wang04/ulyses_results_iteration/iteration_3_merge_below_3/cnn_model/cnn14/plasma_tp1_0.1x_model_C4/roc_curve_resnet18_tf_0_0.03/nested_cv_random/resnet18/repeat_10_fold_5_metrics.csv,9,3,resnet18,"[0, 0.03]",C4,AUPRC,0.9493122419795574
/scratchc/nrlab/wang04/ulyses_results_iteration/iteration_3_merge_below_3/cnn_model/cnn14/plasma_tp1_0.1x_model_C4/roc_curve_resnet18_tf_0_0.03/nested_cv_random/resnet18/repeat_10_fold_5_metrics.csv,9,3,resnet18,"[0, 0.03]",C4,Sensitivity at 99% Specificity,0.44036697247706424
/scratchc/nrlab/wang04/ulyses_results_iteration/iteration_3_merge_below_3/cnn_model/cnn14/plasma_tp1_0.1x_model_C4/roc_curve_resnet18_tf_0_0.03/nested_cv_random/resnet18/repeat_10_fold_5_metrics.csv,9,3,resnet18,"[0, 0.03]",C4,PPV at 99% Specificity,1
/scratchc/nrlab/wang04/ulyses_results_iteration/iteration_3_merge_below_3/cnn_model/cnn14/plasma_tp1_0.1x_model_C4/roc_curve_resnet18_tf_0_0.03/nested_cv_random/resnet18/repeat_10_fold_5_metrics.csv,9,3,resnet18,"[0, 0.03]",C4,Accuracy at 99% Specificity,0.7151834862385321
/scratchc/nrlab/wang04/ulyses_results_iteration/iteration_3_merge_below_3/cnn_model/cnn14/plasma_tp1_0.1x_model_C4/roc_curve_resnet18_tf_0_0.03/nested_cv_random/resnet18/repeat_10_fold_5_metrics.csv,9,3,resnet18,"[0, 0.03]",C4,F1 at 99% Specificity,0.6114649681528662
/scratchc/nrlab/wang04/ulyses_results_iteration/iteration_3_merge_below_3/cnn_model/cnn14/plasma_tp1_0.1x_model_C4/roc_curve_resnet18_tf_0_0.03/nested_cv_random/resnet18/repeat_10_fold_5_metrics.csv,9,3,resnet18,"[0, 0.03]",C4,Sensitivity at 98% Specificity,0.44036697247706424
/scratchc/nrlab/wang04/ulyses_results_iteration/iteration_3_merge_below_3/cnn_model/cnn14/plasma_tp1_0.1x_model_C4/roc_curve_resnet18_tf_0_0.03/nested_cv_random/resnet18/repeat_10_fold_5_metrics.csv,9,3,resnet18,"[0, 0.03]",C4,PPV at 98% Specificity,1
/scratchc/nrlab/wang04/ulyses_results_iteration/iteration_3_merge_below_3/cnn_model/cnn14/plasma_tp1_0.1x_model_C4/roc_curve_resnet18_tf_0_0.03/nested_cv_random/resnet18/repeat_10_fold_5_metrics.csv,9,3,resnet18,"[0, 0.03]",C4,Accuracy at 98% Specificity,0.7101834862385321
/scratchc/nrlab/wang04/ulyses_results_iteration/iteration_3_merge_below_3/cnn_model/cnn14/plasma_tp1_0.1x_model_C4/roc_curve_resnet18_tf_0_0.03/nested_cv_random/resnet18/repeat_10_fold_5_metrics.csv,9,3,resnet18,"[0, 0.03]",C4,F1 at 98% Specificity,0.6114649681528662
/scratchc/nrlab/wang04/ulyses_results_iteration/iteration_3_merge_below_3/cnn_model/cnn14/plasma_tp1_0.1x_model_C4/roc_curve_resnet18_tf_0_0.03/nested_cv_random/resnet18/repeat_10_fold_5_metrics.csv,9,3,resnet18,"[0, 0.03]",C4,Sensitivity at 95% Specificity,0.5963302752293578
/scratchc/nrlab/wang04/ulyses_results_iteration/iteration_3_merge_below_3/cnn_model/cnn14/plasma_tp1_0.1x_model_C4/roc_curve_resnet18_tf_0_0.03/nested_cv_random/resnet18/repeat_10_fold_5_metrics.csv,9,3,resnet18,"[0, 0.03]",C4,PPV at 95% Specificity,0.9701492537313432
/scratchc/nrlab/wang04/ulyses_results_iteration/iteration_3_merge_below_3/cnn_model/cnn14/plasma_tp1_0.1x_model_C4/roc_curve_resnet18_tf_0_0.03/nested_cv_random/resnet18/repeat_10_fold_5_metrics.csv,9,3,resnet18,"[0, 0.03]",C4,Accuracy at 95% Specificity,0.7580857725353138
/scratchc/nrlab/wang04/ulyses_results_iteration/iteration_3_merge_below_3/cnn_model/cnn14/plasma_tp1_0.1x_model_C4/roc_curve_resnet18_tf_0_0.03/nested_cv_random/resnet18/repeat_10_fold_5_metrics.csv,9,3,resnet18,"[0, 0.03]",C4,F1 at 95% Specificity,0.7386363636363636
/scratchc/nrlab/wang04/ulyses_results_iteration/iteration_3_merge_below_3/cnn_model/cnn14/plasma_tp1_0.1x_model_C4/roc_curve_resnet18_tf_0_0.03/nested_cv_random/resnet18/repeat_10_fold_5_metrics.csv,9,4,resnet18,"[0, 0.03]",C4,AUROC,0.8651084201633343
/scratchc/nrlab/wang04/ulyses_results_iteration/iteration_3_merge_below_3/cnn_model/cnn14/plasma_tp1_0.1x_model_C4/roc_curve_resnet18_tf_0_0.03/nested_cv_random/resnet18/repeat_10_fold_5_metrics.csv,9,4,resnet18,"[0, 0.03]",C4,AUPRC,0.8945113638047795
/scratchc/nrlab/wang04/ulyses_results_iteration/iteration_3_merge_below_3/cnn_model/cnn14/plasma_tp1_0.1x_model_C4/roc_curve_resnet18_tf_0_0.03/nested_cv_random/resnet18/repeat_10_fold_5_metrics.csv,9,4,resnet18,"[0, 0.03]",C4,Sensitivity at 99% Specificity,0.03773584905660377
/scratchc/nrlab/wang04/ulyses_results_iteration/iteration_3_merge_below_3/cnn_model/cnn14/plasma_tp1_0.1x_model_C4/roc_curve_resnet18_tf_0_0.03/nested_cv_random/resnet18/repeat_10_fold_5_metrics.csv,9,4,resnet18,"[0, 0.03]",C4,PPV at 99% Specificity,1
/scratchc/nrlab/wang04/ulyses_results_iteration/iteration_3_merge_below_3/cnn_model/cnn14/plasma_tp1_0.1x_model_C4/roc_curve_resnet18_tf_0_0.03/nested_cv_random/resnet18/repeat_10_fold_5_metrics.csv,9,4,resnet18,"[0, 0.03]",C4,Accuracy at 99% Specificity,0.5138679245283019
/scratchc/nrlab/wang04/ulyses_results_iteration/iteration_3_merge_below_3/cnn_model/cnn14/plasma_tp1_0.1x_model_C4/roc_curve_resnet18_tf_0_0.03/nested_cv_random/resnet18/repeat_10_fold_5_metrics.csv,9,4,resnet18,"[0, 0.03]",C4,F1 at 99% Specificity,0.07272727272727272
/scratchc/nrlab/wang04/ulyses_results_iteration/iteration_3_merge_below_3/cnn_model/cnn14/plasma_tp1_0.1x_model_C4/roc_curve_resnet18_tf_0_0.03/nested_cv_random/resnet18/repeat_10_fold_5_metrics.csv,9,4,resnet18,"[0, 0.03]",C4,Sensitivity at 98% Specificity,0.03773584905660377
/scratchc/nrlab/wang04/ulyses_results_iteration/iteration_3_merge_below_3/cnn_model/cnn14/plasma_tp1_0.1x_model_C4/roc_curve_resnet18_tf_0_0.03/nested_cv_random/resnet18/repeat_10_fold_5_metrics.csv,9,4,resnet18,"[0, 0.03]",C4,PPV at 98% Specificity,1
/scratchc/nrlab/wang04/ulyses_results_iteration/iteration_3_merge_below_3/cnn_model/cnn14/plasma_tp1_0.1x_model_C4/roc_curve_resnet18_tf_0_0.03/nested_cv_random/resnet18/repeat_10_fold_5_metrics.csv,9,4,resnet18,"[0, 0.03]",C4,Accuracy at 98% Specificity,0.5088679245283019
/scratchc/nrlab/wang04/ulyses_results_iteration/iteration_3_merge_below_3/cnn_model/cnn14/plasma_tp1_0.1x_model_C4/roc_curve_resnet18_tf_0_0.03/nested_cv_random/resnet18/repeat_10_fold_5_metrics.csv,9,4,resnet18,"[0, 0.03]",C4,F1 at 98% Specificity,0.07272727272727272
/scratchc/nrlab/wang04/ulyses_results_iteration/iteration_3_merge_below_3/cnn_model/cnn14/plasma_tp1_0.1x_model_C4/roc_curve_resnet18_tf_0_0.03/nested_cv_random/resnet18/repeat_10_fold_5_metrics.csv,9,4,resnet18,"[0, 0.03]",C4,Sensitivity at 95% Specificity,0.5377358490566038
/scratchc/nrlab/wang04/ulyses_results_iteration/iteration_3_merge_below_3/cnn_model/cnn14/plasma_tp1_0.1x_model_C4/roc_curve_resnet18_tf_0_0.03/nested_cv_random/resnet18/repeat_10_fold_5_metrics.csv,9,4,resnet18,"[0, 0.03]",C4,PPV at 95% Specificity,0.9661016949152542
/scratchc/nrlab/wang04/ulyses_results_iteration/iteration_3_merge_below_3/cnn_model/cnn14/plasma_tp1_0.1x_model_C4/roc_curve_resnet18_tf_0_0.03/nested_cv_random/resnet18/repeat_10_fold_5_metrics.csv,9,4,resnet18,"[0, 0.03]",C4,Accuracy at 95% Specificity,0.7296888200506899
/scratchc/nrlab/wang04/ulyses_results_iteration/iteration_3_merge_below_3/cnn_model/cnn14/plasma_tp1_0.1x_model_C4/roc_curve_resnet18_tf_0_0.03/nested_cv_random/resnet18/repeat_10_fold_5_metrics.csv,9,4,resnet18,"[0, 0.03]",C4,F1 at 95% Specificity,0.6909090909090909
/scratchc/nrlab/wang04/ulyses_results_iteration/iteration_3_merge_below_3/cnn_model/cnn14/plasma_tp1_0.1x_model_C4/roc_curve_resnet18_tf_0_0.03/nested_cv_random/resnet18/repeat_10_fold_5_metrics.csv,9,5,resnet18,"[0, 0.03]",C4,AUROC,0.9250898634076204
/scratchc/nrlab/wang04/ulyses_results_iteration/iteration_3_merge_below_3/cnn_model/cnn14/plasma_tp1_0.1x_model_C4/roc_curve_resnet18_tf_0_0.03/nested_cv_random/resnet18/repeat_10_fold_5_metrics.csv,9,5,resnet18,"[0, 0.03]",C4,AUPRC,0.9543771846982004
/scratchc/nrlab/wang04/ulyses_results_iteration/iteration_3_merge_below_3/cnn_model/cnn14/plasma_tp1_0.1x_model_C4/roc_curve_resnet18_tf_0_0.03/nested_cv_random/resnet18/repeat_10_fold_5_metrics.csv,9,5,resnet18,"[0, 0.03]",C4,Sensitivity at 99% Specificity,0.3925233644859813
/scratchc/nrlab/wang04/ulyses_results_iteration/iteration_3_merge_below_3/cnn_model/cnn14/plasma_tp1_0.1x_model_C4/roc_curve_resnet18_tf_0_0.03/nested_cv_random/resnet18/repeat_10_fold_5_metrics.csv,9,5,resnet18,"[0, 0.03]",C4,PPV at 99% Specificity,1
/scratchc/nrlab/wang04/ulyses_results_iteration/iteration_3_merge_below_3/cnn_model/cnn14/plasma_tp1_0.1x_model_C4/roc_curve_resnet18_tf_0_0.03/nested_cv_random/resnet18/repeat_10_fold_5_metrics.csv,9,5,resnet18,"[0, 0.03]",C4,Accuracy at 99% Specificity,0.6912616822429907
/scratchc/nrlab/wang04/ulyses_results_iteration/iteration_3_merge_below_3/cnn_model/cnn14/plasma_tp1_0.1x_model_C4/roc_curve_resnet18_tf_0_0.03/nested_cv_random/resnet18/repeat_10_fold_5_metrics.csv,9,5,resnet18,"[0, 0.03]",C4,F1 at 99% Specificity,0.5637583892617449
/scratchc/nrlab/wang04/ulyses_results_iteration/iteration_3_merge_below_3/cnn_model/cnn14/plasma_tp1_0.1x_model_C4/roc_curve_resnet18_tf_0_0.03/nested_cv_random/resnet18/repeat_10_fold_5_metrics.csv,9,5,resnet18,"[0, 0.03]",C4,Sensitivity at 98% Specificity,0.3925233644859813
/scratchc/nrlab/wang04/ulyses_results_iteration/iteration_3_merge_below_3/cnn_model/cnn14/plasma_tp1_0.1x_model_C4/roc_curve_resnet18_tf_0_0.03/nested_cv_random/resnet18/repeat_10_fold_5_metrics.csv,9,5,resnet18,"[0, 0.03]",C4,PPV at 98% Specificity,1
/scratchc/nrlab/wang04/ulyses_results_iteration/iteration_3_merge_below_3/cnn_model/cnn14/plasma_tp1_0.1x_model_C4/roc_curve_resnet18_tf_0_0.03/nested_cv_random/resnet18/repeat_10_fold_5_metrics.csv,9,5,resnet18,"[0, 0.03]",C4,Accuracy at 98% Specificity,0.6862616822429907
/scratchc/nrlab/wang04/ulyses_results_iteration/iteration_3_merge_below_3/cnn_model/cnn14/plasma_tp1_0.1x_model_C4/roc_curve_resnet18_tf_0_0.03/nested_cv_random/resnet18/repeat_10_fold_5_metrics.csv,9,5,resnet18,"[0, 0.03]",C4,F1 at 98% Specificity,0.5637583892617449
/scratchc/nrlab/wang04/ulyses_results_iteration/iteration_3_merge_below_3/cnn_model/cnn14/plasma_tp1_0.1x_model_C4/roc_curve_resnet18_tf_0_0.03/nested_cv_random/resnet18/repeat_10_fold_5_metrics.csv,9,5,resnet18,"[0, 0.03]",C4,Sensitivity at 95% Specificity,0.6915887850467289
/scratchc/nrlab/wang04/ulyses_results_iteration/iteration_3_merge_below_3/cnn_model/cnn14/plasma_tp1_0.1x_model_C4/roc_curve_resnet18_tf_0_0.03/nested_cv_random/resnet18/repeat_10_fold_5_metrics.csv,9,5,resnet18,"[0, 0.03]",C4,PPV at 95% Specificity,0.9736842105263158
/scratchc/nrlab/wang04/ulyses_results_iteration/iteration_3_merge_below_3/cnn_model/cnn14/plasma_tp1_0.1x_model_C4/roc_curve_resnet18_tf_0_0.03/nested_cv_random/resnet18/repeat_10_fold_5_metrics.csv,9,5,resnet18,"[0, 0.03]",C4,Accuracy at 95% Specificity,0.8061790079079798
/scratchc/nrlab/wang04/ulyses_results_iteration/iteration_3_merge_below_3/cnn_model/cnn14/plasma_tp1_0.1x_model_C4/roc_curve_resnet18_tf_0_0.03/nested_cv_random/resnet18/repeat_10_fold_5_metrics.csv,9,5,resnet18,"[0, 0.03]",C4,F1 at 95% Specificity,0.8087431693989071
/scratchc/nrlab/wang04/ulyses_results_iteration/iteration_3_merge_below_3/cnn_model/cnn14/plasma_tp1_0.1x_model_C4/roc_curve_resnet18_tf_0_0.03/nested_cv_random/resnet18/repeat_10_fold_5_metrics.csv,10,1,resnet18,"[0, 0.03]",C4,AUROC,0.9367361610352264
/scratchc/nrlab/wang04/ulyses_results_iteration/iteration_3_merge_below_3/cnn_model/cnn14/plasma_tp1_0.1x_model_C4/roc_curve_resnet18_tf_0_0.03/nested_cv_random/resnet18/repeat_10_fold_5_metrics.csv,10,1,resnet18,"[0, 0.03]",C4,AUPRC,0.9615737278594664
/scratchc/nrlab/wang04/ulyses_results_iteration/iteration_3_merge_below_3/cnn_model/cnn14/plasma_tp1_0.1x_model_C4/roc_curve_resnet18_tf_0_0.03/nested_cv_random/resnet18/repeat_10_fold_5_metrics.csv,10,1,resnet18,"[0, 0.03]",C4,Sensitivity at 99% Specificity,0.4485981308411215
/scratchc/nrlab/wang04/ulyses_results_iteration/iteration_3_merge_below_3/cnn_model/cnn14/plasma_tp1_0.1x_model_C4/roc_curve_resnet18_tf_0_0.03/nested_cv_random/resnet18/repeat_10_fold_5_metrics.csv,10,1,resnet18,"[0, 0.03]",C4,PPV at 99% Specificity,1
/scratchc/nrlab/wang04/ulyses_results_iteration/iteration_3_merge_below_3/cnn_model/cnn14/plasma_tp1_0.1x_model_C4/roc_curve_resnet18_tf_0_0.03/nested_cv_random/resnet18/repeat_10_fold_5_metrics.csv,10,1,resnet18,"[0, 0.03]",C4,Accuracy at 99% Specificity,0.7192990654205608
/scratchc/nrlab/wang04/ulyses_results_iteration/iteration_3_merge_below_3/cnn_model/cnn14/plasma_tp1_0.1x_model_C4/roc_curve_resnet18_tf_0_0.03/nested_cv_random/resnet18/repeat_10_fold_5_metrics.csv,10,1,resnet18,"[0, 0.03]",C4,F1 at 99% Specificity,0.6193548387096774
/scratchc/nrlab/wang04/ulyses_results_iteration/iteration_3_merge_below_3/cnn_model/cnn14/plasma_tp1_0.1x_model_C4/roc_curve_resnet18_tf_0_0.03/nested_cv_random/resnet18/repeat_10_fold_5_metrics.csv,10,1,resnet18,"[0, 0.03]",C4,Sensitivity at 98% Specificity,0.4485981308411215
/scratchc/nrlab/wang04/ulyses_results_iteration/iteration_3_merge_below_3/cnn_model/cnn14/plasma_tp1_0.1x_model_C4/roc_curve_resnet18_tf_0_0.03/nested_cv_random/resnet18/repeat_10_fold_5_metrics.csv,10,1,resnet18,"[0, 0.03]",C4,PPV at 98% Specificity,1
/scratchc/nrlab/wang04/ulyses_results_iteration/iteration_3_merge_below_3/cnn_model/cnn14/plasma_tp1_0.1x_model_C4/roc_curve_resnet18_tf_0_0.03/nested_cv_random/resnet18/repeat_10_fold_5_metrics.csv,10,1,resnet18,"[0, 0.03]",C4,Accuracy at 98% Specificity,0.7142990654205608
/scratchc/nrlab/wang04/ulyses_results_iteration/iteration_3_merge_below_3/cnn_model/cnn14/plasma_tp1_0.1x_model_C4/roc_curve_resnet18_tf_0_0.03/nested_cv_random/resnet18/repeat_10_fold_5_metrics.csv,10,1,resnet18,"[0, 0.03]",C4,F1 at 98% Specificity,0.6193548387096774
/scratchc/nrlab/wang04/ulyses_results_iteration/iteration_3_merge_below_3/cnn_model/cnn14/plasma_tp1_0.1x_model_C4/roc_curve_resnet18_tf_0_0.03/nested_cv_random/resnet18/repeat_10_fold_5_metrics.csv,10,1,resnet18,"[0, 0.03]",C4,Sensitivity at 95% Specificity,0.6448598130841121
/scratchc/nrlab/wang04/ulyses_results_iteration/iteration_3_merge_below_3/cnn_model/cnn14/plasma_tp1_0.1x_model_C4/roc_curve_resnet18_tf_0_0.03/nested_cv_random/resnet18/repeat_10_fold_5_metrics.csv,10,1,resnet18,"[0, 0.03]",C4,PPV at 95% Specificity,0.971830985915493
/scratchc/nrlab/wang04/ulyses_results_iteration/iteration_3_merge_below_3/cnn_model/cnn14/plasma_tp1_0.1x_model_C4/roc_curve_resnet18_tf_0_0.03/nested_cv_random/resnet18/repeat_10_fold_5_metrics.csv,10,1,resnet18,"[0, 0.03]",C4,Accuracy at 95% Specificity,0.7828145219266713
/scratchc/nrlab/wang04/ulyses_results_iteration/iteration_3_merge_below_3/cnn_model/cnn14/plasma_tp1_0.1x_model_C4/roc_curve_resnet18_tf_0_0.03/nested_cv_random/resnet18/repeat_10_fold_5_metrics.csv,10,1,resnet18,"[0, 0.03]",C4,F1 at 95% Specificity,0.7752808988764045
/scratchc/nrlab/wang04/ulyses_results_iteration/iteration_3_merge_below_3/cnn_model/cnn14/plasma_tp1_0.1x_model_C4/roc_curve_resnet18_tf_0_0.03/nested_cv_random/resnet18/repeat_10_fold_5_metrics.csv,10,2,resnet18,"[0, 0.03]",C4,AUROC,0.9226736566186108
/scratchc/nrlab/wang04/ulyses_results_iteration/iteration_3_merge_below_3/cnn_model/cnn14/plasma_tp1_0.1x_model_C4/roc_curve_resnet18_tf_0_0.03/nested_cv_random/resnet18/repeat_10_fold_5_metrics.csv,10,2,resnet18,"[0, 0.03]",C4,AUPRC,0.9526344928451976
/scratchc/nrlab/wang04/ulyses_results_iteration/iteration_3_merge_below_3/cnn_model/cnn14/plasma_tp1_0.1x_model_C4/roc_curve_resnet18_tf_0_0.03/nested_cv_random/resnet18/repeat_10_fold_5_metrics.csv,10,2,resnet18,"[0, 0.03]",C4,Sensitivity at 99% Specificity,0.28440366972477066
/scratchc/nrlab/wang04/ulyses_results_iteration/iteration_3_merge_below_3/cnn_model/cnn14/plasma_tp1_0.1x_model_C4/roc_curve_resnet18_tf_0_0.03/nested_cv_random/resnet18/repeat_10_fold_5_metrics.csv,10,2,resnet18,"[0, 0.03]",C4,PPV at 99% Specificity,1
/scratchc/nrlab/wang04/ulyses_results_iteration/iteration_3_merge_below_3/cnn_model/cnn14/plasma_tp1_0.1x_model_C4/roc_curve_resnet18_tf_0_0.03/nested_cv_random/resnet18/repeat_10_fold_5_metrics.csv,10,2,resnet18,"[0, 0.03]",C4,Accuracy at 99% Specificity,0.6372018348623854
/scratchc/nrlab/wang04/ulyses_results_iteration/iteration_3_merge_below_3/cnn_model/cnn14/plasma_tp1_0.1x_model_C4/roc_curve_resnet18_tf_0_0.03/nested_cv_random/resnet18/repeat_10_fold_5_metrics.csv,10,2,resnet18,"[0, 0.03]",C4,F1 at 99% Specificity,0.4428571428571429
/scratchc/nrlab/wang04/ulyses_results_iteration/iteration_3_merge_below_3/cnn_model/cnn14/plasma_tp1_0.1x_model_C4/roc_curve_resnet18_tf_0_0.03/nested_cv_random/resnet18/repeat_10_fold_5_metrics.csv,10,2,resnet18,"[0, 0.03]",C4,Sensitivity at 98% Specificity,0.28440366972477066
/scratchc/nrlab/wang04/ulyses_results_iteration/iteration_3_merge_below_3/cnn_model/cnn14/plasma_tp1_0.1x_model_C4/roc_curve_resnet18_tf_0_0.03/nested_cv_random/resnet18/repeat_10_fold_5_metrics.csv,10,2,resnet18,"[0, 0.03]",C4,PPV at 98% Specificity,1
/scratchc/nrlab/wang04/ulyses_results_iteration/iteration_3_merge_below_3/cnn_model/cnn14/plasma_tp1_0.1x_model_C4/roc_curve_resnet18_tf_0_0.03/nested_cv_random/resnet18/repeat_10_fold_5_metrics.csv,10,2,resnet18,"[0, 0.03]",C4,Accuracy at 98% Specificity,0.6322018348623853
/scratchc/nrlab/wang04/ulyses_results_iteration/iteration_3_merge_below_3/cnn_model/cnn14/plasma_tp1_0.1x_model_C4/roc_curve_resnet18_tf_0_0.03/nested_cv_random/resnet18/repeat_10_fold_5_metrics.csv,10,2,resnet18,"[0, 0.03]",C4,F1 at 98% Specificity,0.4428571428571429
/scratchc/nrlab/wang04/ulyses_results_iteration/iteration_3_merge_below_3/cnn_model/cnn14/plasma_tp1_0.1x_model_C4/roc_curve_resnet18_tf_0_0.03/nested_cv_random/resnet18/repeat_10_fold_5_metrics.csv,10,2,resnet18,"[0, 0.03]",C4,Sensitivity at 95% Specificity,0.5871559633027523
/scratchc/nrlab/wang04/ulyses_results_iteration/iteration_3_merge_below_3/cnn_model/cnn14/plasma_tp1_0.1x_model_C4/roc_curve_resnet18_tf_0_0.03/nested_cv_random/resnet18/repeat_10_fold_5_metrics.csv,10,2,resnet18,"[0, 0.03]",C4,PPV at 95% Specificity,0.9696969696969696
/scratchc/nrlab/wang04/ulyses_results_iteration/iteration_3_merge_below_3/cnn_model/cnn14/plasma_tp1_0.1x_model_C4/roc_curve_resnet18_tf_0_0.03/nested_cv_random/resnet18/repeat_10_fold_5_metrics.csv,10,2,resnet18,"[0, 0.03]",C4,Accuracy at 95% Specificity,0.753498616572011
/scratchc/nrlab/wang04/ulyses_results_iteration/iteration_3_merge_below_3/cnn_model/cnn14/plasma_tp1_0.1x_model_C4/roc_curve_resnet18_tf_0_0.03/nested_cv_random/resnet18/repeat_10_fold_5_metrics.csv,10,2,resnet18,"[0, 0.03]",C4,F1 at 95% Specificity,0.7314285714285714
/scratchc/nrlab/wang04/ulyses_results_iteration/iteration_3_merge_below_3/cnn_model/cnn14/plasma_tp1_0.1x_model_C4/roc_curve_resnet18_tf_0_0.03/nested_cv_random/resnet18/repeat_10_fold_5_metrics.csv,10,3,resnet18,"[0, 0.03]",C4,AUROC,0.9089743589743589
/scratchc/nrlab/wang04/ulyses_results_iteration/iteration_3_merge_below_3/cnn_model/cnn14/plasma_tp1_0.1x_model_C4/roc_curve_resnet18_tf_0_0.03/nested_cv_random/resnet18/repeat_10_fold_5_metrics.csv,10,3,resnet18,"[0, 0.03]",C4,AUPRC,0.9478174558945036
/scratchc/nrlab/wang04/ulyses_results_iteration/iteration_3_merge_below_3/cnn_model/cnn14/plasma_tp1_0.1x_model_C4/roc_curve_resnet18_tf_0_0.03/nested_cv_random/resnet18/repeat_10_fold_5_metrics.csv,10,3,resnet18,"[0, 0.03]",C4,Sensitivity at 99% Specificity,0.32407407407407407
/scratchc/nrlab/wang04/ulyses_results_iteration/iteration_3_merge_below_3/cnn_model/cnn14/plasma_tp1_0.1x_model_C4/roc_curve_resnet18_tf_0_0.03/nested_cv_random/resnet18/repeat_10_fold_5_metrics.csv,10,3,resnet18,"[0, 0.03]",C4,PPV at 99% Specificity,1
/scratchc/nrlab/wang04/ulyses_results_iteration/iteration_3_merge_below_3/cnn_model/cnn14/plasma_tp1_0.1x_model_C4/roc_curve_resnet18_tf_0_0.03/nested_cv_random/resnet18/repeat_10_fold_5_metrics.csv,10,3,resnet18,"[0, 0.03]",C4,Accuracy at 99% Specificity,0.6570370370370371
/scratchc/nrlab/wang04/ulyses_results_iteration/iteration_3_merge_below_3/cnn_model/cnn14/plasma_tp1_0.1x_model_C4/roc_curve_resnet18_tf_0_0.03/nested_cv_random/resnet18/repeat_10_fold_5_metrics.csv,10,3,resnet18,"[0, 0.03]",C4,F1 at 99% Specificity,0.48951048951048953
/scratchc/nrlab/wang04/ulyses_results_iteration/iteration_3_merge_below_3/cnn_model/cnn14/plasma_tp1_0.1x_model_C4/roc_curve_resnet18_tf_0_0.03/nested_cv_random/resnet18/repeat_10_fold_5_metrics.csv,10,3,resnet18,"[0, 0.03]",C4,Sensitivity at 98% Specificity,0.32407407407407407
/scratchc/nrlab/wang04/ulyses_results_iteration/iteration_3_merge_below_3/cnn_model/cnn14/plasma_tp1_0.1x_model_C4/roc_curve_resnet18_tf_0_0.03/nested_cv_random/resnet18/repeat_10_fold_5_metrics.csv,10,3,resnet18,"[0, 0.03]",C4,PPV at 98% Specificity,1
/scratchc/nrlab/wang04/ulyses_results_iteration/iteration_3_merge_below_3/cnn_model/cnn14/plasma_tp1_0.1x_model_C4/roc_curve_resnet18_tf_0_0.03/nested_cv_random/resnet18/repeat_10_fold_5_metrics.csv,10,3,resnet18,"[0, 0.03]",C4,Accuracy at 98% Specificity,0.652037037037037
/scratchc/nrlab/wang04/ulyses_results_iteration/iteration_3_merge_below_3/cnn_model/cnn14/plasma_tp1_0.1x_model_C4/roc_curve_resnet18_tf_0_0.03/nested_cv_random/resnet18/repeat_10_fold_5_metrics.csv,10,3,resnet18,"[0, 0.03]",C4,F1 at 98% Specificity,0.48951048951048953
/scratchc/nrlab/wang04/ulyses_results_iteration/iteration_3_merge_below_3/cnn_model/cnn14/plasma_tp1_0.1x_model_C4/roc_curve_resnet18_tf_0_0.03/nested_cv_random/resnet18/repeat_10_fold_5_metrics.csv,10,3,resnet18,"[0, 0.03]",C4,Sensitivity at 95% Specificity,0.6388888888888888
/scratchc/nrlab/wang04/ulyses_results_iteration/iteration_3_merge_below_3/cnn_model/cnn14/plasma_tp1_0.1x_model_C4/roc_curve_resnet18_tf_0_0.03/nested_cv_random/resnet18/repeat_10_fold_5_metrics.csv,10,3,resnet18,"[0, 0.03]",C4,PPV at 95% Specificity,0.9583333333333334
/scratchc/nrlab/wang04/ulyses_results_iteration/iteration_3_merge_below_3/cnn_model/cnn14/plasma_tp1_0.1x_model_C4/roc_curve_resnet18_tf_0_0.03/nested_cv_random/resnet18/repeat_10_fold_5_metrics.csv,10,3,resnet18,"[0, 0.03]",C4,Accuracy at 95% Specificity,0.7725213675213676
/scratchc/nrlab/wang04/ulyses_results_iteration/iteration_3_merge_below_3/cnn_model/cnn14/plasma_tp1_0.1x_model_C4/roc_curve_resnet18_tf_0_0.03/nested_cv_random/resnet18/repeat_10_fold_5_metrics.csv,10,3,resnet18,"[0, 0.03]",C4,F1 at 95% Specificity,0.7666666666666667
/scratchc/nrlab/wang04/ulyses_results_iteration/iteration_3_merge_below_3/cnn_model/cnn14/plasma_tp1_0.1x_model_C4/roc_curve_resnet18_tf_0_0.03/nested_cv_random/resnet18/repeat_10_fold_5_metrics.csv,10,4,resnet18,"[0, 0.03]",C4,AUROC,0.8659233847913094
/scratchc/nrlab/wang04/ulyses_results_iteration/iteration_3_merge_below_3/cnn_model/cnn14/plasma_tp1_0.1x_model_C4/roc_curve_resnet18_tf_0_0.03/nested_cv_random/resnet18/repeat_10_fold_5_metrics.csv,10,4,resnet18,"[0, 0.03]",C4,AUPRC,0.913858092208258
/scratchc/nrlab/wang04/ulyses_results_iteration/iteration_3_merge_below_3/cnn_model/cnn14/plasma_tp1_0.1x_model_C4/roc_curve_resnet18_tf_0_0.03/nested_cv_random/resnet18/repeat_10_fold_5_metrics.csv,10,4,resnet18,"[0, 0.03]",C4,Sensitivity at 99% Specificity,0.3490566037735849
/scratchc/nrlab/wang04/ulyses_results_iteration/iteration_3_merge_below_3/cnn_model/cnn14/plasma_tp1_0.1x_model_C4/roc_curve_resnet18_tf_0_0.03/nested_cv_random/resnet18/repeat_10_fold_5_metrics.csv,10,4,resnet18,"[0, 0.03]",C4,PPV at 99% Specificity,1
/scratchc/nrlab/wang04/ulyses_results_iteration/iteration_3_merge_below_3/cnn_model/cnn14/plasma_tp1_0.1x_model_C4/roc_curve_resnet18_tf_0_0.03/nested_cv_random/resnet18/repeat_10_fold_5_metrics.csv,10,4,resnet18,"[0, 0.03]",C4,Accuracy at 99% Specificity,0.6695283018867925
/scratchc/nrlab/wang04/ulyses_results_iteration/iteration_3_merge_below_3/cnn_model/cnn14/plasma_tp1_0.1x_model_C4/roc_curve_resnet18_tf_0_0.03/nested_cv_random/resnet18/repeat_10_fold_5_metrics.csv,10,4,resnet18,"[0, 0.03]",C4,F1 at 99% Specificity,0.5174825174825175
/scratchc/nrlab/wang04/ulyses_results_iteration/iteration_3_merge_below_3/cnn_model/cnn14/plasma_tp1_0.1x_model_C4/roc_curve_resnet18_tf_0_0.03/nested_cv_random/resnet18/repeat_10_fold_5_metrics.csv,10,4,resnet18,"[0, 0.03]",C4,Sensitivity at 98% Specificity,0.3490566037735849
/scratchc/nrlab/wang04/ulyses_results_iteration/iteration_3_merge_below_3/cnn_model/cnn14/plasma_tp1_0.1x_model_C4/roc_curve_resnet18_tf_0_0.03/nested_cv_random/resnet18/repeat_10_fold_5_metrics.csv,10,4,resnet18,"[0, 0.03]",C4,PPV at 98% Specificity,1
/scratchc/nrlab/wang04/ulyses_results_iteration/iteration_3_merge_below_3/cnn_model/cnn14/plasma_tp1_0.1x_model_C4/roc_curve_resnet18_tf_0_0.03/nested_cv_random/resnet18/repeat_10_fold_5_metrics.csv,10,4,resnet18,"[0, 0.03]",C4,Accuracy at 98% Specificity,0.6645283018867925
/scratchc/nrlab/wang04/ulyses_results_iteration/iteration_3_merge_below_3/cnn_model/cnn14/plasma_tp1_0.1x_model_C4/roc_curve_resnet18_tf_0_0.03/nested_cv_random/resnet18/repeat_10_fold_5_metrics.csv,10,4,resnet18,"[0, 0.03]",C4,F1 at 98% Specificity,0.5174825174825175
/scratchc/nrlab/wang04/ulyses_results_iteration/iteration_3_merge_below_3/cnn_model/cnn14/plasma_tp1_0.1x_model_C4/roc_curve_resnet18_tf_0_0.03/nested_cv_random/resnet18/repeat_10_fold_5_metrics.csv,10,4,resnet18,"[0, 0.03]",C4,Sensitivity at 95% Specificity,0.4056603773584906
/scratchc/nrlab/wang04/ulyses_results_iteration/iteration_3_merge_below_3/cnn_model/cnn14/plasma_tp1_0.1x_model_C4/roc_curve_resnet18_tf_0_0.03/nested_cv_random/resnet18/repeat_10_fold_5_metrics.csv,10,4,resnet18,"[0, 0.03]",C4,PPV at 95% Specificity,0.9555555555555556
/scratchc/nrlab/wang04/ulyses_results_iteration/iteration_3_merge_below_3/cnn_model/cnn14/plasma_tp1_0.1x_model_C4/roc_curve_resnet18_tf_0_0.03/nested_cv_random/resnet18/repeat_10_fold_5_metrics.csv,10,4,resnet18,"[0, 0.03]",C4,Accuracy at 95% Specificity,0.6634362492853059
/scratchc/nrlab/wang04/ulyses_results_iteration/iteration_3_merge_below_3/cnn_model/cnn14/plasma_tp1_0.1x_model_C4/roc_curve_resnet18_tf_0_0.03/nested_cv_random/resnet18/repeat_10_fold_5_metrics.csv,10,4,resnet18,"[0, 0.03]",C4,F1 at 95% Specificity,0.5695364238410596
/scratchc/nrlab/wang04/ulyses_results_iteration/iteration_3_merge_below_3/cnn_model/cnn14/plasma_tp1_0.1x_model_C4/roc_curve_resnet18_tf_0_0.03/nested_cv_random/resnet18/repeat_10_fold_5_metrics.csv,10,5,resnet18,"[0, 0.03]",C4,AUROC,0.9123785020011436
/scratchc/nrlab/wang04/ulyses_results_iteration/iteration_3_merge_below_3/cnn_model/cnn14/plasma_tp1_0.1x_model_C4/roc_curve_resnet18_tf_0_0.03/nested_cv_random/resnet18/repeat_10_fold_5_metrics.csv,10,5,resnet18,"[0, 0.03]",C4,AUPRC,0.9352657523628892
/scratchc/nrlab/wang04/ulyses_results_iteration/iteration_3_merge_below_3/cnn_model/cnn14/plasma_tp1_0.1x_model_C4/roc_curve_resnet18_tf_0_0.03/nested_cv_random/resnet18/repeat_10_fold_5_metrics.csv,10,5,resnet18,"[0, 0.03]",C4,Sensitivity at 99% Specificity,0.29245283018867924
/scratchc/nrlab/wang04/ulyses_results_iteration/iteration_3_merge_below_3/cnn_model/cnn14/plasma_tp1_0.1x_model_C4/roc_curve_resnet18_tf_0_0.03/nested_cv_random/resnet18/repeat_10_fold_5_metrics.csv,10,5,resnet18,"[0, 0.03]",C4,PPV at 99% Specificity,1
/scratchc/nrlab/wang04/ulyses_results_iteration/iteration_3_merge_below_3/cnn_model/cnn14/plasma_tp1_0.1x_model_C4/roc_curve_resnet18_tf_0_0.03/nested_cv_random/resnet18/repeat_10_fold_5_metrics.csv,10,5,resnet18,"[0, 0.03]",C4,Accuracy at 99% Specificity,0.6412264150943396
/scratchc/nrlab/wang04/ulyses_results_iteration/iteration_3_merge_below_3/cnn_model/cnn14/plasma_tp1_0.1x_model_C4/roc_curve_resnet18_tf_0_0.03/nested_cv_random/resnet18/repeat_10_fold_5_metrics.csv,10,5,resnet18,"[0, 0.03]",C4,F1 at 99% Specificity,0.45255474452554745
/scratchc/nrlab/wang04/ulyses_results_iteration/iteration_3_merge_below_3/cnn_model/cnn14/plasma_tp1_0.1x_model_C4/roc_curve_resnet18_tf_0_0.03/nested_cv_random/resnet18/repeat_10_fold_5_metrics.csv,10,5,resnet18,"[0, 0.03]",C4,Sensitivity at 98% Specificity,0.29245283018867924
/scratchc/nrlab/wang04/ulyses_results_iteration/iteration_3_merge_below_3/cnn_model/cnn14/plasma_tp1_0.1x_model_C4/roc_curve_resnet18_tf_0_0.03/nested_cv_random/resnet18/repeat_10_fold_5_metrics.csv,10,5,resnet18,"[0, 0.03]",C4,PPV at 98% Specificity,1
/scratchc/nrlab/wang04/ulyses_results_iteration/iteration_3_merge_below_3/cnn_model/cnn14/plasma_tp1_0.1x_model_C4/roc_curve_resnet18_tf_0_0.03/nested_cv_random/resnet18/repeat_10_fold_5_metrics.csv,10,5,resnet18,"[0, 0.03]",C4,Accuracy at 98% Specificity,0.6362264150943396
/scratchc/nrlab/wang04/ulyses_results_iteration/iteration_3_merge_below_3/cnn_model/cnn14/plasma_tp1_0.1x_model_C4/roc_curve_resnet18_tf_0_0.03/nested_cv_random/resnet18/repeat_10_fold_5_metrics.csv,10,5,resnet18,"[0, 0.03]",C4,F1 at 98% Specificity,0.45255474452554745
/scratchc/nrlab/wang04/ulyses_results_iteration/iteration_3_merge_below_3/cnn_model/cnn14/plasma_tp1_0.1x_model_C4/roc_curve_resnet18_tf_0_0.03/nested_cv_random/resnet18/repeat_10_fold_5_metrics.csv,10,5,resnet18,"[0, 0.03]",C4,Sensitivity at 95% Specificity,0.33962264150943394
/scratchc/nrlab/wang04/ulyses_results_iteration/iteration_3_merge_below_3/cnn_model/cnn14/plasma_tp1_0.1x_model_C4/roc_curve_resnet18_tf_0_0.03/nested_cv_random/resnet18/repeat_10_fold_5_metrics.csv,10,5,resnet18,"[0, 0.03]",C4,PPV at 95% Specificity,0.9473684210526316
/scratchc/nrlab/wang04/ulyses_results_iteration/iteration_3_merge_below_3/cnn_model/cnn14/plasma_tp1_0.1x_model_C4/roc_curve_resnet18_tf_0_0.03/nested_cv_random/resnet18/repeat_10_fold_5_metrics.csv,10,5,resnet18,"[0, 0.03]",C4,Accuracy at 95% Specificity,0.6304173813607775
/scratchc/nrlab/wang04/ulyses_results_iteration/iteration_3_merge_below_3/cnn_model/cnn14/plasma_tp1_0.1x_model_C4/roc_curve_resnet18_tf_0_0.03/nested_cv_random/resnet18/repeat_10_fold_5_metrics.csv,10,5,resnet18,"[0, 0.03]",C4,F1 at 95% Specificity,0.5
/scratchc/nrlab/wang04/ulyses_results_iteration/iteration_3_merge_below_3/cnn_model/cnn14/plasma_tp1_0.1x_model_C4/roc_curve_resnet18_tf_0_1/nested_cv_random/resnet18/repeat_10_fold_5_metrics.csv,1,1,resnet18,all,C4,AUROC,0.925094577553594
/scratchc/nrlab/wang04/ulyses_results_iteration/iteration_3_merge_below_3/cnn_model/cnn14/plasma_tp1_0.1x_model_C4/roc_curve_resnet18_tf_0_1/nested_cv_random/resnet18/repeat_10_fold_5_metrics.csv,1,1,resnet18,all,C4,AUPRC,0.973353450226372
/scratchc/nrlab/wang04/ulyses_results_iteration/iteration_3_merge_below_3/cnn_model/cnn14/plasma_tp1_0.1x_model_C4/roc_curve_resnet18_tf_0_1/nested_cv_random/resnet18/repeat_10_fold_5_metrics.csv,1,1,resnet18,all,C4,Sensitivity at 99% Specificity,0.4808743169398907
/scratchc/nrlab/wang04/ulyses_results_iteration/iteration_3_merge_below_3/cnn_model/cnn14/plasma_tp1_0.1x_model_C4/roc_curve_resnet18_tf_0_1/nested_cv_random/resnet18/repeat_10_fold_5_metrics.csv,1,1,resnet18,all,C4,PPV at 99% Specificity,1
/scratchc/nrlab/wang04/ulyses_results_iteration/iteration_3_merge_below_3/cnn_model/cnn14/plasma_tp1_0.1x_model_C4/roc_curve_resnet18_tf_0_1/nested_cv_random/resnet18/repeat_10_fold_5_metrics.csv,1,1,resnet18,all,C4,Accuracy at 99% Specificity,0.7354371584699453
/scratchc/nrlab/wang04/ulyses_results_iteration/iteration_3_merge_below_3/cnn_model/cnn14/plasma_tp1_0.1x_model_C4/roc_curve_resnet18_tf_0_1/nested_cv_random/resnet18/repeat_10_fold_5_metrics.csv,1,1,resnet18,all,C4,F1 at 99% Specificity,0.6494464944649446
/scratchc/nrlab/wang04/ulyses_results_iteration/iteration_3_merge_below_3/cnn_model/cnn14/plasma_tp1_0.1x_model_C4/roc_curve_resnet18_tf_0_1/nested_cv_random/resnet18/repeat_10_fold_5_metrics.csv,1,1,resnet18,all,C4,Sensitivity at 98% Specificity,0.4808743169398907
/scratchc/nrlab/wang04/ulyses_results_iteration/iteration_3_merge_below_3/cnn_model/cnn14/plasma_tp1_0.1x_model_C4/roc_curve_resnet18_tf_0_1/nested_cv_random/resnet18/repeat_10_fold_5_metrics.csv,1,1,resnet18,all,C4,PPV at 98% Specificity,1
/scratchc/nrlab/wang04/ulyses_results_iteration/iteration_3_merge_below_3/cnn_model/cnn14/plasma_tp1_0.1x_model_C4/roc_curve_resnet18_tf_0_1/nested_cv_random/resnet18/repeat_10_fold_5_metrics.csv,1,1,resnet18,all,C4,Accuracy at 98% Specificity,0.7304371584699454
/scratchc/nrlab/wang04/ulyses_results_iteration/iteration_3_merge_below_3/cnn_model/cnn14/plasma_tp1_0.1x_model_C4/roc_curve_resnet18_tf_0_1/nested_cv_random/resnet18/repeat_10_fold_5_metrics.csv,1,1,resnet18,all,C4,F1 at 98% Specificity,0.6494464944649446
/scratchc/nrlab/wang04/ulyses_results_iteration/iteration_3_merge_below_3/cnn_model/cnn14/plasma_tp1_0.1x_model_C4/roc_curve_resnet18_tf_0_1/nested_cv_random/resnet18/repeat_10_fold_5_metrics.csv,1,1,resnet18,all,C4,Sensitivity at 95% Specificity,0.6994535519125683
/scratchc/nrlab/wang04/ulyses_results_iteration/iteration_3_merge_below_3/cnn_model/cnn14/plasma_tp1_0.1x_model_C4/roc_curve_resnet18_tf_0_1/nested_cv_random/resnet18/repeat_10_fold_5_metrics.csv,1,1,resnet18,all,C4,PPV at 95% Specificity,0.9846153846153848
/scratchc/nrlab/wang04/ulyses_results_iteration/iteration_3_merge_below_3/cnn_model/cnn14/plasma_tp1_0.1x_model_C4/roc_curve_resnet18_tf_0_1/nested_cv_random/resnet18/repeat_10_fold_5_metrics.csv,1,1,resnet18,all,C4,Accuracy at 95% Specificity,0.8101113913408995
/scratchc/nrlab/wang04/ulyses_results_iteration/iteration_3_merge_below_3/cnn_model/cnn14/plasma_tp1_0.1x_model_C4/roc_curve_resnet18_tf_0_1/nested_cv_random/resnet18/repeat_10_fold_5_metrics.csv,1,1,resnet18,all,C4,F1 at 95% Specificity,0.8178913738019169
/scratchc/nrlab/wang04/ulyses_results_iteration/iteration_3_merge_below_3/cnn_model/cnn14/plasma_tp1_0.1x_model_C4/roc_curve_resnet18_tf_0_1/nested_cv_random/resnet18/repeat_10_fold_5_metrics.csv,1,2,resnet18,all,C4,AUROC,0.9471789720408506
/scratchc/nrlab/wang04/ulyses_results_iteration/iteration_3_merge_below_3/cnn_model/cnn14/plasma_tp1_0.1x_model_C4/roc_curve_resnet18_tf_0_1/nested_cv_random/resnet18/repeat_10_fold_5_metrics.csv,1,2,resnet18,all,C4,AUPRC,0.98159875644261
/scratchc/nrlab/wang04/ulyses_results_iteration/iteration_3_merge_below_3/cnn_model/cnn14/plasma_tp1_0.1x_model_C4/roc_curve_resnet18_tf_0_1/nested_cv_random/resnet18/repeat_10_fold_5_metrics.csv,1,2,resnet18,all,C4,Sensitivity at 99% Specificity,0.6906077348066298
/scratchc/nrlab/wang04/ulyses_results_iteration/iteration_3_merge_below_3/cnn_model/cnn14/plasma_tp1_0.1x_model_C4/roc_curve_resnet18_tf_0_1/nested_cv_random/resnet18/repeat_10_fold_5_metrics.csv,1,2,resnet18,all,C4,PPV at 99% Specificity,1
/scratchc/nrlab/wang04/ulyses_results_iteration/iteration_3_merge_below_3/cnn_model/cnn14/plasma_tp1_0.1x_model_C4/roc_curve_resnet18_tf_0_1/nested_cv_random/resnet18/repeat_10_fold_5_metrics.csv,1,2,resnet18,all,C4,Accuracy at 99% Specificity,0.840303867403315
/scratchc/nrlab/wang04/ulyses_results_iteration/iteration_3_merge_below_3/cnn_model/cnn14/plasma_tp1_0.1x_model_C4/roc_curve_resnet18_tf_0_1/nested_cv_random/resnet18/repeat_10_fold_5_metrics.csv,1,2,resnet18,all,C4,F1 at 99% Specificity,0.8169934640522876
/scratchc/nrlab/wang04/ulyses_results_iteration/iteration_3_merge_below_3/cnn_model/cnn14/plasma_tp1_0.1x_model_C4/roc_curve_resnet18_tf_0_1/nested_cv_random/resnet18/repeat_10_fold_5_metrics.csv,1,2,resnet18,all,C4,Sensitivity at 98% Specificity,0.6906077348066298
/scratchc/nrlab/wang04/ulyses_results_iteration/iteration_3_merge_below_3/cnn_model/cnn14/plasma_tp1_0.1x_model_C4/roc_curve_resnet18_tf_0_1/nested_cv_random/resnet18/repeat_10_fold_5_metrics.csv,1,2,resnet18,all,C4,PPV at 98% Specificity,1
/scratchc/nrlab/wang04/ulyses_results_iteration/iteration_3_merge_below_3/cnn_model/cnn14/plasma_tp1_0.1x_model_C4/roc_curve_resnet18_tf_0_1/nested_cv_random/resnet18/repeat_10_fold_5_metrics.csv,1,2,resnet18,all,C4,Accuracy at 98% Specificity,0.8353038674033149
/scratchc/nrlab/wang04/ulyses_results_iteration/iteration_3_merge_below_3/cnn_model/cnn14/plasma_tp1_0.1x_model_C4/roc_curve_resnet18_tf_0_1/nested_cv_random/resnet18/repeat_10_fold_5_metrics.csv,1,2,resnet18,all,C4,F1 at 98% Specificity,0.8169934640522876
/scratchc/nrlab/wang04/ulyses_results_iteration/iteration_3_merge_below_3/cnn_model/cnn14/plasma_tp1_0.1x_model_C4/roc_curve_resnet18_tf_0_1/nested_cv_random/resnet18/repeat_10_fold_5_metrics.csv,1,2,resnet18,all,C4,Sensitivity at 95% Specificity,0.7569060773480663
/scratchc/nrlab/wang04/ulyses_results_iteration/iteration_3_merge_below_3/cnn_model/cnn14/plasma_tp1_0.1x_model_C4/roc_curve_resnet18_tf_0_1/nested_cv_random/resnet18/repeat_10_fold_5_metrics.csv,1,2,resnet18,all,C4,PPV at 95% Specificity,0.9856115107913668
/scratchc/nrlab/wang04/ulyses_results_iteration/iteration_3_merge_below_3/cnn_model/cnn14/plasma_tp1_0.1x_model_C4/roc_curve_resnet18_tf_0_1/nested_cv_random/resnet18/repeat_10_fold_5_metrics.csv,1,2,resnet18,all,C4,Accuracy at 95% Specificity,0.8390590992800937
/scratchc/nrlab/wang04/ulyses_results_iteration/iteration_3_merge_below_3/cnn_model/cnn14/plasma_tp1_0.1x_model_C4/roc_curve_resnet18_tf_0_1/nested_cv_random/resnet18/repeat_10_fold_5_metrics.csv,1,2,resnet18,all,C4,F1 at 95% Specificity,0.85625
/scratchc/nrlab/wang04/ulyses_results_iteration/iteration_3_merge_below_3/cnn_model/cnn14/plasma_tp1_0.1x_model_C4/roc_curve_resnet18_tf_0_1/nested_cv_random/resnet18/repeat_10_fold_5_metrics.csv,1,3,resnet18,all,C4,AUROC,0.9354508196721312
/scratchc/nrlab/wang04/ulyses_results_iteration/iteration_3_merge_below_3/cnn_model/cnn14/plasma_tp1_0.1x_model_C4/roc_curve_resnet18_tf_0_1/nested_cv_random/resnet18/repeat_10_fold_5_metrics.csv,1,3,resnet18,all,C4,AUPRC,0.9771685766083862
/scratchc/nrlab/wang04/ulyses_results_iteration/iteration_3_merge_below_3/cnn_model/cnn14/plasma_tp1_0.1x_model_C4/roc_curve_resnet18_tf_0_1/nested_cv_random/resnet18/repeat_10_fold_5_metrics.csv,1,3,resnet18,all,C4,Sensitivity at 99% Specificity,0.5573770491803278
/scratchc/nrlab/wang04/ulyses_results_iteration/iteration_3_merge_below_3/cnn_model/cnn14/plasma_tp1_0.1x_model_C4/roc_curve_resnet18_tf_0_1/nested_cv_random/resnet18/repeat_10_fold_5_metrics.csv,1,3,resnet18,all,C4,PPV at 99% Specificity,1
/scratchc/nrlab/wang04/ulyses_results_iteration/iteration_3_merge_below_3/cnn_model/cnn14/plasma_tp1_0.1x_model_C4/roc_curve_resnet18_tf_0_1/nested_cv_random/resnet18/repeat_10_fold_5_metrics.csv,1,3,resnet18,all,C4,Accuracy at 99% Specificity,0.7736885245901639
/scratchc/nrlab/wang04/ulyses_results_iteration/iteration_3_merge_below_3/cnn_model/cnn14/plasma_tp1_0.1x_model_C4/roc_curve_resnet18_tf_0_1/nested_cv_random/resnet18/repeat_10_fold_5_metrics.csv,1,3,resnet18,all,C4,F1 at 99% Specificity,0.7157894736842105
/scratchc/nrlab/wang04/ulyses_results_iteration/iteration_3_merge_below_3/cnn_model/cnn14/plasma_tp1_0.1x_model_C4/roc_curve_resnet18_tf_0_1/nested_cv_random/resnet18/repeat_10_fold_5_metrics.csv,1,3,resnet18,all,C4,Sensitivity at 98% Specificity,0.5573770491803278
/scratchc/nrlab/wang04/ulyses_results_iteration/iteration_3_merge_below_3/cnn_model/cnn14/plasma_tp1_0.1x_model_C4/roc_curve_resnet18_tf_0_1/nested_cv_random/resnet18/repeat_10_fold_5_metrics.csv,1,3,resnet18,all,C4,PPV at 98% Specificity,1
/scratchc/nrlab/wang04/ulyses_results_iteration/iteration_3_merge_below_3/cnn_model/cnn14/plasma_tp1_0.1x_model_C4/roc_curve_resnet18_tf_0_1/nested_cv_random/resnet18/repeat_10_fold_5_metrics.csv,1,3,resnet18,all,C4,Accuracy at 98% Specificity,0.7686885245901639
/scratchc/nrlab/wang04/ulyses_results_iteration/iteration_3_merge_below_3/cnn_model/cnn14/plasma_tp1_0.1x_model_C4/roc_curve_resnet18_tf_0_1/nested_cv_random/resnet18/repeat_10_fold_5_metrics.csv,1,3,resnet18,all,C4,F1 at 98% Specificity,0.7157894736842105
/scratchc/nrlab/wang04/ulyses_results_iteration/iteration_3_merge_below_3/cnn_model/cnn14/plasma_tp1_0.1x_model_C4/roc_curve_resnet18_tf_0_1/nested_cv_random/resnet18/repeat_10_fold_5_metrics.csv,1,3,resnet18,all,C4,Sensitivity at 95% Specificity,0.7486338797814208
/scratchc/nrlab/wang04/ulyses_results_iteration/iteration_3_merge_below_3/cnn_model/cnn14/plasma_tp1_0.1x_model_C4/roc_curve_resnet18_tf_0_1/nested_cv_random/resnet18/repeat_10_fold_5_metrics.csv,1,3,resnet18,all,C4,PPV at 95% Specificity,0.9856115107913668
/scratchc/nrlab/wang04/ulyses_results_iteration/iteration_3_merge_below_3/cnn_model/cnn14/plasma_tp1_0.1x_model_C4/roc_curve_resnet18_tf_0_1/nested_cv_random/resnet18/repeat_10_fold_5_metrics.csv,1,3,resnet18,all,C4,Accuracy at 95% Specificity,0.8344731898907104
/scratchc/nrlab/wang04/ulyses_results_iteration/iteration_3_merge_below_3/cnn_model/cnn14/plasma_tp1_0.1x_model_C4/roc_curve_resnet18_tf_0_1/nested_cv_random/resnet18/repeat_10_fold_5_metrics.csv,1,3,resnet18,all,C4,F1 at 95% Specificity,0.8509316770186336
/scratchc/nrlab/wang04/ulyses_results_iteration/iteration_3_merge_below_3/cnn_model/cnn14/plasma_tp1_0.1x_model_C4/roc_curve_resnet18_tf_0_1/nested_cv_random/resnet18/repeat_10_fold_5_metrics.csv,1,4,resnet18,all,C4,AUROC,0.9313319530710836
/scratchc/nrlab/wang04/ulyses_results_iteration/iteration_3_merge_below_3/cnn_model/cnn14/plasma_tp1_0.1x_model_C4/roc_curve_resnet18_tf_0_1/nested_cv_random/resnet18/repeat_10_fold_5_metrics.csv,1,4,resnet18,all,C4,AUPRC,0.9742748100103747
/scratchc/nrlab/wang04/ulyses_results_iteration/iteration_3_merge_below_3/cnn_model/cnn14/plasma_tp1_0.1x_model_C4/roc_curve_resnet18_tf_0_1/nested_cv_random/resnet18/repeat_10_fold_5_metrics.csv,1,4,resnet18,all,C4,Sensitivity at 99% Specificity,0.4130434782608696
/scratchc/nrlab/wang04/ulyses_results_iteration/iteration_3_merge_below_3/cnn_model/cnn14/plasma_tp1_0.1x_model_C4/roc_curve_resnet18_tf_0_1/nested_cv_random/resnet18/repeat_10_fold_5_metrics.csv,1,4,resnet18,all,C4,PPV at 99% Specificity,1
/scratchc/nrlab/wang04/ulyses_results_iteration/iteration_3_merge_below_3/cnn_model/cnn14/plasma_tp1_0.1x_model_C4/roc_curve_resnet18_tf_0_1/nested_cv_random/resnet18/repeat_10_fold_5_metrics.csv,1,4,resnet18,all,C4,Accuracy at 99% Specificity,0.7015217391304348
/scratchc/nrlab/wang04/ulyses_results_iteration/iteration_3_merge_below_3/cnn_model/cnn14/plasma_tp1_0.1x_model_C4/roc_curve_resnet18_tf_0_1/nested_cv_random/resnet18/repeat_10_fold_5_metrics.csv,1,4,resnet18,all,C4,F1 at 99% Specificity,0.5846153846153846
/scratchc/nrlab/wang04/ulyses_results_iteration/iteration_3_merge_below_3/cnn_model/cnn14/plasma_tp1_0.1x_model_C4/roc_curve_resnet18_tf_0_1/nested_cv_random/resnet18/repeat_10_fold_5_metrics.csv,1,4,resnet18,all,C4,Sensitivity at 98% Specificity,0.4130434782608696
/scratchc/nrlab/wang04/ulyses_results_iteration/iteration_3_merge_below_3/cnn_model/cnn14/plasma_tp1_0.1x_model_C4/roc_curve_resnet18_tf_0_1/nested_cv_random/resnet18/repeat_10_fold_5_metrics.csv,1,4,resnet18,all,C4,PPV at 98% Specificity,1
/scratchc/nrlab/wang04/ulyses_results_iteration/iteration_3_merge_below_3/cnn_model/cnn14/plasma_tp1_0.1x_model_C4/roc_curve_resnet18_tf_0_1/nested_cv_random/resnet18/repeat_10_fold_5_metrics.csv,1,4,resnet18,all,C4,Accuracy at 98% Specificity,0.6965217391304348
/scratchc/nrlab/wang04/ulyses_results_iteration/iteration_3_merge_below_3/cnn_model/cnn14/plasma_tp1_0.1x_model_C4/roc_curve_resnet18_tf_0_1/nested_cv_random/resnet18/repeat_10_fold_5_metrics.csv,1,4,resnet18,all,C4,F1 at 98% Specificity,0.5846153846153846
/scratchc/nrlab/wang04/ulyses_results_iteration/iteration_3_merge_below_3/cnn_model/cnn14/plasma_tp1_0.1x_model_C4/roc_curve_resnet18_tf_0_1/nested_cv_random/resnet18/repeat_10_fold_5_metrics.csv,1,4,resnet18,all,C4,Sensitivity at 95% Specificity,0.592391304347826
/scratchc/nrlab/wang04/ulyses_results_iteration/iteration_3_merge_below_3/cnn_model/cnn14/plasma_tp1_0.1x_model_C4/roc_curve_resnet18_tf_0_1/nested_cv_random/resnet18/repeat_10_fold_5_metrics.csv,1,4,resnet18,all,C4,PPV at 95% Specificity,0.981981981981982
/scratchc/nrlab/wang04/ulyses_results_iteration/iteration_3_merge_below_3/cnn_model/cnn14/plasma_tp1_0.1x_model_C4/roc_curve_resnet18_tf_0_1/nested_cv_random/resnet18/repeat_10_fold_5_metrics.csv,1,4,resnet18,all,C4,Accuracy at 95% Specificity,0.7561162870945479
/scratchc/nrlab/wang04/ulyses_results_iteration/iteration_3_merge_below_3/cnn_model/cnn14/plasma_tp1_0.1x_model_C4/roc_curve_resnet18_tf_0_1/nested_cv_random/resnet18/repeat_10_fold_5_metrics.csv,1,4,resnet18,all,C4,F1 at 95% Specificity,0.7389830508474576
/scratchc/nrlab/wang04/ulyses_results_iteration/iteration_3_merge_below_3/cnn_model/cnn14/plasma_tp1_0.1x_model_C4/roc_curve_resnet18_tf_0_1/nested_cv_random/resnet18/repeat_10_fold_5_metrics.csv,1,5,resnet18,all,C4,AUROC,0.9260328193287704
/scratchc/nrlab/wang04/ulyses_results_iteration/iteration_3_merge_below_3/cnn_model/cnn14/plasma_tp1_0.1x_model_C4/roc_curve_resnet18_tf_0_1/nested_cv_random/resnet18/repeat_10_fold_5_metrics.csv,1,5,resnet18,all,C4,AUPRC,0.9731483702069844
/scratchc/nrlab/wang04/ulyses_results_iteration/iteration_3_merge_below_3/cnn_model/cnn14/plasma_tp1_0.1x_model_C4/roc_curve_resnet18_tf_0_1/nested_cv_random/resnet18/repeat_10_fold_5_metrics.csv,1,5,resnet18,all,C4,Sensitivity at 99% Specificity,0.6353591160220995
/scratchc/nrlab/wang04/ulyses_results_iteration/iteration_3_merge_below_3/cnn_model/cnn14/plasma_tp1_0.1x_model_C4/roc_curve_resnet18_tf_0_1/nested_cv_random/resnet18/repeat_10_fold_5_metrics.csv,1,5,resnet18,all,C4,PPV at 99% Specificity,1
/scratchc/nrlab/wang04/ulyses_results_iteration/iteration_3_merge_below_3/cnn_model/cnn14/plasma_tp1_0.1x_model_C4/roc_curve_resnet18_tf_0_1/nested_cv_random/resnet18/repeat_10_fold_5_metrics.csv,1,5,resnet18,all,C4,Accuracy at 99% Specificity,0.8126795580110497
/scratchc/nrlab/wang04/ulyses_results_iteration/iteration_3_merge_below_3/cnn_model/cnn14/plasma_tp1_0.1x_model_C4/roc_curve_resnet18_tf_0_1/nested_cv_random/resnet18/repeat_10_fold_5_metrics.csv,1,5,resnet18,all,C4,F1 at 99% Specificity,0.777027027027027
/scratchc/nrlab/wang04/ulyses_results_iteration/iteration_3_merge_below_3/cnn_model/cnn14/plasma_tp1_0.1x_model_C4/roc_curve_resnet18_tf_0_1/nested_cv_random/resnet18/repeat_10_fold_5_metrics.csv,1,5,resnet18,all,C4,Sensitivity at 98% Specificity,0.6353591160220995
/scratchc/nrlab/wang04/ulyses_results_iteration/iteration_3_merge_below_3/cnn_model/cnn14/plasma_tp1_0.1x_model_C4/roc_curve_resnet18_tf_0_1/nested_cv_random/resnet18/repeat_10_fold_5_metrics.csv,1,5,resnet18,all,C4,PPV at 98% Specificity,1
/scratchc/nrlab/wang04/ulyses_results_iteration/iteration_3_merge_below_3/cnn_model/cnn14/plasma_tp1_0.1x_model_C4/roc_curve_resnet18_tf_0_1/nested_cv_random/resnet18/repeat_10_fold_5_metrics.csv,1,5,resnet18,all,C4,Accuracy at 98% Specificity,0.8076795580110497
/scratchc/nrlab/wang04/ulyses_results_iteration/iteration_3_merge_below_3/cnn_model/cnn14/plasma_tp1_0.1x_model_C4/roc_curve_resnet18_tf_0_1/nested_cv_random/resnet18/repeat_10_fold_5_metrics.csv,1,5,resnet18,all,C4,F1 at 98% Specificity,0.777027027027027
/scratchc/nrlab/wang04/ulyses_results_iteration/iteration_3_merge_below_3/cnn_model/cnn14/plasma_tp1_0.1x_model_C4/roc_curve_resnet18_tf_0_1/nested_cv_random/resnet18/repeat_10_fold_5_metrics.csv,1,5,resnet18,all,C4,Sensitivity at 95% Specificity,0.6519337016574586
/scratchc/nrlab/wang04/ulyses_results_iteration/iteration_3_merge_below_3/cnn_model/cnn14/plasma_tp1_0.1x_model_C4/roc_curve_resnet18_tf_0_1/nested_cv_random/resnet18/repeat_10_fold_5_metrics.csv,1,5,resnet18,all,C4,PPV at 95% Specificity,0.9833333333333332
/scratchc/nrlab/wang04/ulyses_results_iteration/iteration_3_merge_below_3/cnn_model/cnn14/plasma_tp1_0.1x_model_C4/roc_curve_resnet18_tf_0_1/nested_cv_random/resnet18/repeat_10_fold_5_metrics.csv,1,5,resnet18,all,C4,Accuracy at 95% Specificity,0.7867877463511173
/scratchc/nrlab/wang04/ulyses_results_iteration/iteration_3_merge_below_3/cnn_model/cnn14/plasma_tp1_0.1x_model_C4/roc_curve_resnet18_tf_0_1/nested_cv_random/resnet18/repeat_10_fold_5_metrics.csv,1,5,resnet18,all,C4,F1 at 95% Specificity,0.7840531561461794
/scratchc/nrlab/wang04/ulyses_results_iteration/iteration_3_merge_below_3/cnn_model/cnn14/plasma_tp1_0.1x_model_C4/roc_curve_resnet18_tf_0_1/nested_cv_random/resnet18/repeat_10_fold_5_metrics.csv,2,1,resnet18,all,C4,AUROC,0.9082584082584084
/scratchc/nrlab/wang04/ulyses_results_iteration/iteration_3_merge_below_3/cnn_model/cnn14/plasma_tp1_0.1x_model_C4/roc_curve_resnet18_tf_0_1/nested_cv_random/resnet18/repeat_10_fold_5_metrics.csv,2,1,resnet18,all,C4,AUPRC,0.961804576535601
/scratchc/nrlab/wang04/ulyses_results_iteration/iteration_3_merge_below_3/cnn_model/cnn14/plasma_tp1_0.1x_model_C4/roc_curve_resnet18_tf_0_1/nested_cv_random/resnet18/repeat_10_fold_5_metrics.csv,2,1,resnet18,all,C4,Sensitivity at 99% Specificity,0.2472527472527473
/scratchc/nrlab/wang04/ulyses_results_iteration/iteration_3_merge_below_3/cnn_model/cnn14/plasma_tp1_0.1x_model_C4/roc_curve_resnet18_tf_0_1/nested_cv_random/resnet18/repeat_10_fold_5_metrics.csv,2,1,resnet18,all,C4,PPV at 99% Specificity,1
/scratchc/nrlab/wang04/ulyses_results_iteration/iteration_3_merge_below_3/cnn_model/cnn14/plasma_tp1_0.1x_model_C4/roc_curve_resnet18_tf_0_1/nested_cv_random/resnet18/repeat_10_fold_5_metrics.csv,2,1,resnet18,all,C4,Accuracy at 99% Specificity,0.6186263736263736
/scratchc/nrlab/wang04/ulyses_results_iteration/iteration_3_merge_below_3/cnn_model/cnn14/plasma_tp1_0.1x_model_C4/roc_curve_resnet18_tf_0_1/nested_cv_random/resnet18/repeat_10_fold_5_metrics.csv,2,1,resnet18,all,C4,F1 at 99% Specificity,0.3964757709251101
/scratchc/nrlab/wang04/ulyses_results_iteration/iteration_3_merge_below_3/cnn_model/cnn14/plasma_tp1_0.1x_model_C4/roc_curve_resnet18_tf_0_1/nested_cv_random/resnet18/repeat_10_fold_5_metrics.csv,2,1,resnet18,all,C4,Sensitivity at 98% Specificity,0.2472527472527473
/scratchc/nrlab/wang04/ulyses_results_iteration/iteration_3_merge_below_3/cnn_model/cnn14/plasma_tp1_0.1x_model_C4/roc_curve_resnet18_tf_0_1/nested_cv_random/resnet18/repeat_10_fold_5_metrics.csv,2,1,resnet18,all,C4,PPV at 98% Specificity,1
/scratchc/nrlab/wang04/ulyses_results_iteration/iteration_3_merge_below_3/cnn_model/cnn14/plasma_tp1_0.1x_model_C4/roc_curve_resnet18_tf_0_1/nested_cv_random/resnet18/repeat_10_fold_5_metrics.csv,2,1,resnet18,all,C4,Accuracy at 98% Specificity,0.6136263736263736
/scratchc/nrlab/wang04/ulyses_results_iteration/iteration_3_merge_below_3/cnn_model/cnn14/plasma_tp1_0.1x_model_C4/roc_curve_resnet18_tf_0_1/nested_cv_random/resnet18/repeat_10_fold_5_metrics.csv,2,1,resnet18,all,C4,F1 at 98% Specificity,0.3964757709251101
/scratchc/nrlab/wang04/ulyses_results_iteration/iteration_3_merge_below_3/cnn_model/cnn14/plasma_tp1_0.1x_model_C4/roc_curve_resnet18_tf_0_1/nested_cv_random/resnet18/repeat_10_fold_5_metrics.csv,2,1,resnet18,all,C4,Sensitivity at 95% Specificity,0.5164835164835165
/scratchc/nrlab/wang04/ulyses_results_iteration/iteration_3_merge_below_3/cnn_model/cnn14/plasma_tp1_0.1x_model_C4/roc_curve_resnet18_tf_0_1/nested_cv_random/resnet18/repeat_10_fold_5_metrics.csv,2,1,resnet18,all,C4,PPV at 95% Specificity,0.9690721649484536
/scratchc/nrlab/wang04/ulyses_results_iteration/iteration_3_merge_below_3/cnn_model/cnn14/plasma_tp1_0.1x_model_C4/roc_curve_resnet18_tf_0_1/nested_cv_random/resnet18/repeat_10_fold_5_metrics.csv,2,1,resnet18,all,C4,Accuracy at 95% Specificity,0.7116508491508492
/scratchc/nrlab/wang04/ulyses_results_iteration/iteration_3_merge_below_3/cnn_model/cnn14/plasma_tp1_0.1x_model_C4/roc_curve_resnet18_tf_0_1/nested_cv_random/resnet18/repeat_10_fold_5_metrics.csv,2,1,resnet18,all,C4,F1 at 95% Specificity,0.6738351254480287
/scratchc/nrlab/wang04/ulyses_results_iteration/iteration_3_merge_below_3/cnn_model/cnn14/plasma_tp1_0.1x_model_C4/roc_curve_resnet18_tf_0_1/nested_cv_random/resnet18/repeat_10_fold_5_metrics.csv,2,2,resnet18,all,C4,AUROC,0.8946977818091861
/scratchc/nrlab/wang04/ulyses_results_iteration/iteration_3_merge_below_3/cnn_model/cnn14/plasma_tp1_0.1x_model_C4/roc_curve_resnet18_tf_0_1/nested_cv_random/resnet18/repeat_10_fold_5_metrics.csv,2,2,resnet18,all,C4,AUPRC,0.941160557022218
/scratchc/nrlab/wang04/ulyses_results_iteration/iteration_3_merge_below_3/cnn_model/cnn14/plasma_tp1_0.1x_model_C4/roc_curve_resnet18_tf_0_1/nested_cv_random/resnet18/repeat_10_fold_5_metrics.csv,2,2,resnet18,all,C4,Sensitivity at 99% Specificity,0.05524861878453038
/scratchc/nrlab/wang04/ulyses_results_iteration/iteration_3_merge_below_3/cnn_model/cnn14/plasma_tp1_0.1x_model_C4/roc_curve_resnet18_tf_0_1/nested_cv_random/resnet18/repeat_10_fold_5_metrics.csv,2,2,resnet18,all,C4,PPV at 99% Specificity,1
/scratchc/nrlab/wang04/ulyses_results_iteration/iteration_3_merge_below_3/cnn_model/cnn14/plasma_tp1_0.1x_model_C4/roc_curve_resnet18_tf_0_1/nested_cv_random/resnet18/repeat_10_fold_5_metrics.csv,2,2,resnet18,all,C4,Accuracy at 99% Specificity,0.5226243093922652
/scratchc/nrlab/wang04/ulyses_results_iteration/iteration_3_merge_below_3/cnn_model/cnn14/plasma_tp1_0.1x_model_C4/roc_curve_resnet18_tf_0_1/nested_cv_random/resnet18/repeat_10_fold_5_metrics.csv,2,2,resnet18,all,C4,F1 at 99% Specificity,0.10471204188481675
/scratchc/nrlab/wang04/ulyses_results_iteration/iteration_3_merge_below_3/cnn_model/cnn14/plasma_tp1_0.1x_model_C4/roc_curve_resnet18_tf_0_1/nested_cv_random/resnet18/repeat_10_fold_5_metrics.csv,2,2,resnet18,all,C4,Sensitivity at 98% Specificity,0.05524861878453038
/scratchc/nrlab/wang04/ulyses_results_iteration/iteration_3_merge_below_3/cnn_model/cnn14/plasma_tp1_0.1x_model_C4/roc_curve_resnet18_tf_0_1/nested_cv_random/resnet18/repeat_10_fold_5_metrics.csv,2,2,resnet18,all,C4,PPV at 98% Specificity,1
/scratchc/nrlab/wang04/ulyses_results_iteration/iteration_3_merge_below_3/cnn_model/cnn14/plasma_tp1_0.1x_model_C4/roc_curve_resnet18_tf_0_1/nested_cv_random/resnet18/repeat_10_fold_5_metrics.csv,2,2,resnet18,all,C4,Accuracy at 98% Specificity,0.5176243093922652
/scratchc/nrlab/wang04/ulyses_results_iteration/iteration_3_merge_below_3/cnn_model/cnn14/plasma_tp1_0.1x_model_C4/roc_curve_resnet18_tf_0_1/nested_cv_random/resnet18/repeat_10_fold_5_metrics.csv,2,2,resnet18,all,C4,F1 at 98% Specificity,0.10471204188481675
/scratchc/nrlab/wang04/ulyses_results_iteration/iteration_3_merge_below_3/cnn_model/cnn14/plasma_tp1_0.1x_model_C4/roc_curve_resnet18_tf_0_1/nested_cv_random/resnet18/repeat_10_fold_5_metrics.csv,2,2,resnet18,all,C4,Sensitivity at 95% Specificity,0.3867403314917127
/scratchc/nrlab/wang04/ulyses_results_iteration/iteration_3_merge_below_3/cnn_model/cnn14/plasma_tp1_0.1x_model_C4/roc_curve_resnet18_tf_0_1/nested_cv_random/resnet18/repeat_10_fold_5_metrics.csv,2,2,resnet18,all,C4,PPV at 95% Specificity,0.9722222222222222
/scratchc/nrlab/wang04/ulyses_results_iteration/iteration_3_merge_below_3/cnn_model/cnn14/plasma_tp1_0.1x_model_C4/roc_curve_resnet18_tf_0_1/nested_cv_random/resnet18/repeat_10_fold_5_metrics.csv,2,2,resnet18,all,C4,Accuracy at 95% Specificity,0.6541910612682444
/scratchc/nrlab/wang04/ulyses_results_iteration/iteration_3_merge_below_3/cnn_model/cnn14/plasma_tp1_0.1x_model_C4/roc_curve_resnet18_tf_0_1/nested_cv_random/resnet18/repeat_10_fold_5_metrics.csv,2,2,resnet18,all,C4,F1 at 95% Specificity,0.5533596837944664
/scratchc/nrlab/wang04/ulyses_results_iteration/iteration_3_merge_below_3/cnn_model/cnn14/plasma_tp1_0.1x_model_C4/roc_curve_resnet18_tf_0_1/nested_cv_random/resnet18/repeat_10_fold_5_metrics.csv,2,3,resnet18,all,C4,AUROC,0.8925084175084176
/scratchc/nrlab/wang04/ulyses_results_iteration/iteration_3_merge_below_3/cnn_model/cnn14/plasma_tp1_0.1x_model_C4/roc_curve_resnet18_tf_0_1/nested_cv_random/resnet18/repeat_10_fold_5_metrics.csv,2,3,resnet18,all,C4,AUPRC,0.9559701062321392
/scratchc/nrlab/wang04/ulyses_results_iteration/iteration_3_merge_below_3/cnn_model/cnn14/plasma_tp1_0.1x_model_C4/roc_curve_resnet18_tf_0_1/nested_cv_random/resnet18/repeat_10_fold_5_metrics.csv,2,3,resnet18,all,C4,Sensitivity at 99% Specificity,0.17222222222222222
/scratchc/nrlab/wang04/ulyses_results_iteration/iteration_3_merge_below_3/cnn_model/cnn14/plasma_tp1_0.1x_model_C4/roc_curve_resnet18_tf_0_1/nested_cv_random/resnet18/repeat_10_fold_5_metrics.csv,2,3,resnet18,all,C4,PPV at 99% Specificity,1
/scratchc/nrlab/wang04/ulyses_results_iteration/iteration_3_merge_below_3/cnn_model/cnn14/plasma_tp1_0.1x_model_C4/roc_curve_resnet18_tf_0_1/nested_cv_random/resnet18/repeat_10_fold_5_metrics.csv,2,3,resnet18,all,C4,Accuracy at 99% Specificity,0.5811111111111111
/scratchc/nrlab/wang04/ulyses_results_iteration/iteration_3_merge_below_3/cnn_model/cnn14/plasma_tp1_0.1x_model_C4/roc_curve_resnet18_tf_0_1/nested_cv_random/resnet18/repeat_10_fold_5_metrics.csv,2,3,resnet18,all,C4,F1 at 99% Specificity,0.2938388625592417
/scratchc/nrlab/wang04/ulyses_results_iteration/iteration_3_merge_below_3/cnn_model/cnn14/plasma_tp1_0.1x_model_C4/roc_curve_resnet18_tf_0_1/nested_cv_random/resnet18/repeat_10_fold_5_metrics.csv,2,3,resnet18,all,C4,Sensitivity at 98% Specificity,0.17222222222222222
/scratchc/nrlab/wang04/ulyses_results_iteration/iteration_3_merge_below_3/cnn_model/cnn14/plasma_tp1_0.1x_model_C4/roc_curve_resnet18_tf_0_1/nested_cv_random/resnet18/repeat_10_fold_5_metrics.csv,2,3,resnet18,all,C4,PPV at 98% Specificity,1
/scratchc/nrlab/wang04/ulyses_results_iteration/iteration_3_merge_below_3/cnn_model/cnn14/plasma_tp1_0.1x_model_C4/roc_curve_resnet18_tf_0_1/nested_cv_random/resnet18/repeat_10_fold_5_metrics.csv,2,3,resnet18,all,C4,Accuracy at 98% Specificity,0.5761111111111111
/scratchc/nrlab/wang04/ulyses_results_iteration/iteration_3_merge_below_3/cnn_model/cnn14/plasma_tp1_0.1x_model_C4/roc_curve_resnet18_tf_0_1/nested_cv_random/resnet18/repeat_10_fold_5_metrics.csv,2,3,resnet18,all,C4,F1 at 98% Specificity,0.2938388625592417
/scratchc/nrlab/wang04/ulyses_results_iteration/iteration_3_merge_below_3/cnn_model/cnn14/plasma_tp1_0.1x_model_C4/roc_curve_resnet18_tf_0_1/nested_cv_random/resnet18/repeat_10_fold_5_metrics.csv,2,3,resnet18,all,C4,Sensitivity at 95% Specificity,0.5333333333333333
/scratchc/nrlab/wang04/ulyses_results_iteration/iteration_3_merge_below_3/cnn_model/cnn14/plasma_tp1_0.1x_model_C4/roc_curve_resnet18_tf_0_1/nested_cv_random/resnet18/repeat_10_fold_5_metrics.csv,2,3,resnet18,all,C4,PPV at 95% Specificity,0.979591836734694
/scratchc/nrlab/wang04/ulyses_results_iteration/iteration_3_merge_below_3/cnn_model/cnn14/plasma_tp1_0.1x_model_C4/roc_curve_resnet18_tf_0_1/nested_cv_random/resnet18/repeat_10_fold_5_metrics.csv,2,3,resnet18,all,C4,Accuracy at 95% Specificity,0.7272727272727273
/scratchc/nrlab/wang04/ulyses_results_iteration/iteration_3_merge_below_3/cnn_model/cnn14/plasma_tp1_0.1x_model_C4/roc_curve_resnet18_tf_0_1/nested_cv_random/resnet18/repeat_10_fold_5_metrics.csv,2,3,resnet18,all,C4,F1 at 95% Specificity,0.6906474820143885
/scratchc/nrlab/wang04/ulyses_results_iteration/iteration_3_merge_below_3/cnn_model/cnn14/plasma_tp1_0.1x_model_C4/roc_curve_resnet18_tf_0_1/nested_cv_random/resnet18/repeat_10_fold_5_metrics.csv,2,4,resnet18,all,C4,AUROC,0.9505723204994798
/scratchc/nrlab/wang04/ulyses_results_iteration/iteration_3_merge_below_3/cnn_model/cnn14/plasma_tp1_0.1x_model_C4/roc_curve_resnet18_tf_0_1/nested_cv_random/resnet18/repeat_10_fold_5_metrics.csv,2,4,resnet18,all,C4,AUPRC,0.9842819740243932
/scratchc/nrlab/wang04/ulyses_results_iteration/iteration_3_merge_below_3/cnn_model/cnn14/plasma_tp1_0.1x_model_C4/roc_curve_resnet18_tf_0_1/nested_cv_random/resnet18/repeat_10_fold_5_metrics.csv,2,4,resnet18,all,C4,Sensitivity at 99% Specificity,0.7258064516129032
/scratchc/nrlab/wang04/ulyses_results_iteration/iteration_3_merge_below_3/cnn_model/cnn14/plasma_tp1_0.1x_model_C4/roc_curve_resnet18_tf_0_1/nested_cv_random/resnet18/repeat_10_fold_5_metrics.csv,2,4,resnet18,all,C4,PPV at 99% Specificity,1
/scratchc/nrlab/wang04/ulyses_results_iteration/iteration_3_merge_below_3/cnn_model/cnn14/plasma_tp1_0.1x_model_C4/roc_curve_resnet18_tf_0_1/nested_cv_random/resnet18/repeat_10_fold_5_metrics.csv,2,4,resnet18,all,C4,Accuracy at 99% Specificity,0.8579032258064516
/scratchc/nrlab/wang04/ulyses_results_iteration/iteration_3_merge_below_3/cnn_model/cnn14/plasma_tp1_0.1x_model_C4/roc_curve_resnet18_tf_0_1/nested_cv_random/resnet18/repeat_10_fold_5_metrics.csv,2,4,resnet18,all,C4,F1 at 99% Specificity,0.8411214953271028
/scratchc/nrlab/wang04/ulyses_results_iteration/iteration_3_merge_below_3/cnn_model/cnn14/plasma_tp1_0.1x_model_C4/roc_curve_resnet18_tf_0_1/nested_cv_random/resnet18/repeat_10_fold_5_metrics.csv,2,4,resnet18,all,C4,Sensitivity at 98% Specificity,0.7258064516129032
/scratchc/nrlab/wang04/ulyses_results_iteration/iteration_3_merge_below_3/cnn_model/cnn14/plasma_tp1_0.1x_model_C4/roc_curve_resnet18_tf_0_1/nested_cv_random/resnet18/repeat_10_fold_5_metrics.csv,2,4,resnet18,all,C4,PPV at 98% Specificity,1
/scratchc/nrlab/wang04/ulyses_results_iteration/iteration_3_merge_below_3/cnn_model/cnn14/plasma_tp1_0.1x_model_C4/roc_curve_resnet18_tf_0_1/nested_cv_random/resnet18/repeat_10_fold_5_metrics.csv,2,4,resnet18,all,C4,Accuracy at 98% Specificity,0.8529032258064516
/scratchc/nrlab/wang04/ulyses_results_iteration/iteration_3_merge_below_3/cnn_model/cnn14/plasma_tp1_0.1x_model_C4/roc_curve_resnet18_tf_0_1/nested_cv_random/resnet18/repeat_10_fold_5_metrics.csv,2,4,resnet18,all,C4,F1 at 98% Specificity,0.8411214953271028
/scratchc/nrlab/wang04/ulyses_results_iteration/iteration_3_merge_below_3/cnn_model/cnn14/plasma_tp1_0.1x_model_C4/roc_curve_resnet18_tf_0_1/nested_cv_random/resnet18/repeat_10_fold_5_metrics.csv,2,4,resnet18,all,C4,Sensitivity at 95% Specificity,0.7903225806451613
/scratchc/nrlab/wang04/ulyses_results_iteration/iteration_3_merge_below_3/cnn_model/cnn14/plasma_tp1_0.1x_model_C4/roc_curve_resnet18_tf_0_1/nested_cv_random/resnet18/repeat_10_fold_5_metrics.csv,2,4,resnet18,all,C4,PPV at 95% Specificity,0.9865771812080536
/scratchc/nrlab/wang04/ulyses_results_iteration/iteration_3_merge_below_3/cnn_model/cnn14/plasma_tp1_0.1x_model_C4/roc_curve_resnet18_tf_0_1/nested_cv_random/resnet18/repeat_10_fold_5_metrics.csv,2,4,resnet18,all,C4,Accuracy at 95% Specificity,0.8548387096774193
/scratchc/nrlab/wang04/ulyses_results_iteration/iteration_3_merge_below_3/cnn_model/cnn14/plasma_tp1_0.1x_model_C4/roc_curve_resnet18_tf_0_1/nested_cv_random/resnet18/repeat_10_fold_5_metrics.csv,2,4,resnet18,all,C4,F1 at 95% Specificity,0.8776119402985074
/scratchc/nrlab/wang04/ulyses_results_iteration/iteration_3_merge_below_3/cnn_model/cnn14/plasma_tp1_0.1x_model_C4/roc_curve_resnet18_tf_0_1/nested_cv_random/resnet18/repeat_10_fold_5_metrics.csv,2,5,resnet18,all,C4,AUROC,0.9082137978142076
/scratchc/nrlab/wang04/ulyses_results_iteration/iteration_3_merge_below_3/cnn_model/cnn14/plasma_tp1_0.1x_model_C4/roc_curve_resnet18_tf_0_1/nested_cv_random/resnet18/repeat_10_fold_5_metrics.csv,2,5,resnet18,all,C4,AUPRC,0.9694925616840508
/scratchc/nrlab/wang04/ulyses_results_iteration/iteration_3_merge_below_3/cnn_model/cnn14/plasma_tp1_0.1x_model_C4/roc_curve_resnet18_tf_0_1/nested_cv_random/resnet18/repeat_10_fold_5_metrics.csv,2,5,resnet18,all,C4,Sensitivity at 99% Specificity,0.5409836065573771
/scratchc/nrlab/wang04/ulyses_results_iteration/iteration_3_merge_below_3/cnn_model/cnn14/plasma_tp1_0.1x_model_C4/roc_curve_resnet18_tf_0_1/nested_cv_random/resnet18/repeat_10_fold_5_metrics.csv,2,5,resnet18,all,C4,PPV at 99% Specificity,1
/scratchc/nrlab/wang04/ulyses_results_iteration/iteration_3_merge_below_3/cnn_model/cnn14/plasma_tp1_0.1x_model_C4/roc_curve_resnet18_tf_0_1/nested_cv_random/resnet18/repeat_10_fold_5_metrics.csv,2,5,resnet18,all,C4,Accuracy at 99% Specificity,0.7654918032786886
/scratchc/nrlab/wang04/ulyses_results_iteration/iteration_3_merge_below_3/cnn_model/cnn14/plasma_tp1_0.1x_model_C4/roc_curve_resnet18_tf_0_1/nested_cv_random/resnet18/repeat_10_fold_5_metrics.csv,2,5,resnet18,all,C4,F1 at 99% Specificity,0.7021276595744681
/scratchc/nrlab/wang04/ulyses_results_iteration/iteration_3_merge_below_3/cnn_model/cnn14/plasma_tp1_0.1x_model_C4/roc_curve_resnet18_tf_0_1/nested_cv_random/resnet18/repeat_10_fold_5_metrics.csv,2,5,resnet18,all,C4,Sensitivity at 98% Specificity,0.5409836065573771
/scratchc/nrlab/wang04/ulyses_results_iteration/iteration_3_merge_below_3/cnn_model/cnn14/plasma_tp1_0.1x_model_C4/roc_curve_resnet18_tf_0_1/nested_cv_random/resnet18/repeat_10_fold_5_metrics.csv,2,5,resnet18,all,C4,PPV at 98% Specificity,1
/scratchc/nrlab/wang04/ulyses_results_iteration/iteration_3_merge_below_3/cnn_model/cnn14/plasma_tp1_0.1x_model_C4/roc_curve_resnet18_tf_0_1/nested_cv_random/resnet18/repeat_10_fold_5_metrics.csv,2,5,resnet18,all,C4,Accuracy at 98% Specificity,0.7604918032786885
/scratchc/nrlab/wang04/ulyses_results_iteration/iteration_3_merge_below_3/cnn_model/cnn14/plasma_tp1_0.1x_model_C4/roc_curve_resnet18_tf_0_1/nested_cv_random/resnet18/repeat_10_fold_5_metrics.csv,2,5,resnet18,all,C4,F1 at 98% Specificity,0.7021276595744681
/scratchc/nrlab/wang04/ulyses_results_iteration/iteration_3_merge_below_3/cnn_model/cnn14/plasma_tp1_0.1x_model_C4/roc_curve_resnet18_tf_0_1/nested_cv_random/resnet18/repeat_10_fold_5_metrics.csv,2,5,resnet18,all,C4,Sensitivity at 95% Specificity,0.726775956284153
/scratchc/nrlab/wang04/ulyses_results_iteration/iteration_3_merge_below_3/cnn_model/cnn14/plasma_tp1_0.1x_model_C4/roc_curve_resnet18_tf_0_1/nested_cv_random/resnet18/repeat_10_fold_5_metrics.csv,2,5,resnet18,all,C4,PPV at 95% Specificity,0.9851851851851852
/scratchc/nrlab/wang04/ulyses_results_iteration/iteration_3_merge_below_3/cnn_model/cnn14/plasma_tp1_0.1x_model_C4/roc_curve_resnet18_tf_0_1/nested_cv_random/resnet18/repeat_10_fold_5_metrics.csv,2,5,resnet18,all,C4,Accuracy at 95% Specificity,0.8235442281420765
/scratchc/nrlab/wang04/ulyses_results_iteration/iteration_3_merge_below_3/cnn_model/cnn14/plasma_tp1_0.1x_model_C4/roc_curve_resnet18_tf_0_1/nested_cv_random/resnet18/repeat_10_fold_5_metrics.csv,2,5,resnet18,all,C4,F1 at 95% Specificity,0.8364779874213837
/scratchc/nrlab/wang04/ulyses_results_iteration/iteration_3_merge_below_3/cnn_model/cnn14/plasma_tp1_0.1x_model_C4/roc_curve_resnet18_tf_0_1/nested_cv_random/resnet18/repeat_10_fold_5_metrics.csv,3,1,resnet18,all,C4,AUROC,0.906193078324226
/scratchc/nrlab/wang04/ulyses_results_iteration/iteration_3_merge_below_3/cnn_model/cnn14/plasma_tp1_0.1x_model_C4/roc_curve_resnet18_tf_0_1/nested_cv_random/resnet18/repeat_10_fold_5_metrics.csv,3,1,resnet18,all,C4,AUPRC,0.9667481518222484
/scratchc/nrlab/wang04/ulyses_results_iteration/iteration_3_merge_below_3/cnn_model/cnn14/plasma_tp1_0.1x_model_C4/roc_curve_resnet18_tf_0_1/nested_cv_random/resnet18/repeat_10_fold_5_metrics.csv,3,1,resnet18,all,C4,Sensitivity at 99% Specificity,0.4207650273224044
/scratchc/nrlab/wang04/ulyses_results_iteration/iteration_3_merge_below_3/cnn_model/cnn14/plasma_tp1_0.1x_model_C4/roc_curve_resnet18_tf_0_1/nested_cv_random/resnet18/repeat_10_fold_5_metrics.csv,3,1,resnet18,all,C4,PPV at 99% Specificity,1
/scratchc/nrlab/wang04/ulyses_results_iteration/iteration_3_merge_below_3/cnn_model/cnn14/plasma_tp1_0.1x_model_C4/roc_curve_resnet18_tf_0_1/nested_cv_random/resnet18/repeat_10_fold_5_metrics.csv,3,1,resnet18,all,C4,Accuracy at 99% Specificity,0.7053825136612022
/scratchc/nrlab/wang04/ulyses_results_iteration/iteration_3_merge_below_3/cnn_model/cnn14/plasma_tp1_0.1x_model_C4/roc_curve_resnet18_tf_0_1/nested_cv_random/resnet18/repeat_10_fold_5_metrics.csv,3,1,resnet18,all,C4,F1 at 99% Specificity,0.5923076923076923
/scratchc/nrlab/wang04/ulyses_results_iteration/iteration_3_merge_below_3/cnn_model/cnn14/plasma_tp1_0.1x_model_C4/roc_curve_resnet18_tf_0_1/nested_cv_random/resnet18/repeat_10_fold_5_metrics.csv,3,1,resnet18,all,C4,Sensitivity at 98% Specificity,0.4207650273224044
/scratchc/nrlab/wang04/ulyses_results_iteration/iteration_3_merge_below_3/cnn_model/cnn14/plasma_tp1_0.1x_model_C4/roc_curve_resnet18_tf_0_1/nested_cv_random/resnet18/repeat_10_fold_5_metrics.csv,3,1,resnet18,all,C4,PPV at 98% Specificity,1
/scratchc/nrlab/wang04/ulyses_results_iteration/iteration_3_merge_below_3/cnn_model/cnn14/plasma_tp1_0.1x_model_C4/roc_curve_resnet18_tf_0_1/nested_cv_random/resnet18/repeat_10_fold_5_metrics.csv,3,1,resnet18,all,C4,Accuracy at 98% Specificity,0.7003825136612022
/scratchc/nrlab/wang04/ulyses_results_iteration/iteration_3_merge_below_3/cnn_model/cnn14/plasma_tp1_0.1x_model_C4/roc_curve_resnet18_tf_0_1/nested_cv_random/resnet18/repeat_10_fold_5_metrics.csv,3,1,resnet18,all,C4,F1 at 98% Specificity,0.5923076923076923
/scratchc/nrlab/wang04/ulyses_results_iteration/iteration_3_merge_below_3/cnn_model/cnn14/plasma_tp1_0.1x_model_C4/roc_curve_resnet18_tf_0_1/nested_cv_random/resnet18/repeat_10_fold_5_metrics.csv,3,1,resnet18,all,C4,Sensitivity at 95% Specificity,0.6939890710382514
/scratchc/nrlab/wang04/ulyses_results_iteration/iteration_3_merge_below_3/cnn_model/cnn14/plasma_tp1_0.1x_model_C4/roc_curve_resnet18_tf_0_1/nested_cv_random/resnet18/repeat_10_fold_5_metrics.csv,3,1,resnet18,all,C4,PPV at 95% Specificity,0.9844961240310076
/scratchc/nrlab/wang04/ulyses_results_iteration/iteration_3_merge_below_3/cnn_model/cnn14/plasma_tp1_0.1x_model_C4/roc_curve_resnet18_tf_0_1/nested_cv_random/resnet18/repeat_10_fold_5_metrics.csv,3,1,resnet18,all,C4,Accuracy at 95% Specificity,0.8076005961251862
/scratchc/nrlab/wang04/ulyses_results_iteration/iteration_3_merge_below_3/cnn_model/cnn14/plasma_tp1_0.1x_model_C4/roc_curve_resnet18_tf_0_1/nested_cv_random/resnet18/repeat_10_fold_5_metrics.csv,3,1,resnet18,all,C4,F1 at 95% Specificity,0.8141025641025641
/scratchc/nrlab/wang04/ulyses_results_iteration/iteration_3_merge_below_3/cnn_model/cnn14/plasma_tp1_0.1x_model_C4/roc_curve_resnet18_tf_0_1/nested_cv_random/resnet18/repeat_10_fold_5_metrics.csv,3,2,resnet18,all,C4,AUROC,0.9544899738448124
/scratchc/nrlab/wang04/ulyses_results_iteration/iteration_3_merge_below_3/cnn_model/cnn14/plasma_tp1_0.1x_model_C4/roc_curve_resnet18_tf_0_1/nested_cv_random/resnet18/repeat_10_fold_5_metrics.csv,3,2,resnet18,all,C4,AUPRC,0.985191677838288
/scratchc/nrlab/wang04/ulyses_results_iteration/iteration_3_merge_below_3/cnn_model/cnn14/plasma_tp1_0.1x_model_C4/roc_curve_resnet18_tf_0_1/nested_cv_random/resnet18/repeat_10_fold_5_metrics.csv,3,2,resnet18,all,C4,Sensitivity at 99% Specificity,0.7135135135135136
/scratchc/nrlab/wang04/ulyses_results_iteration/iteration_3_merge_below_3/cnn_model/cnn14/plasma_tp1_0.1x_model_C4/roc_curve_resnet18_tf_0_1/nested_cv_random/resnet18/repeat_10_fold_5_metrics.csv,3,2,resnet18,all,C4,PPV at 99% Specificity,1
/scratchc/nrlab/wang04/ulyses_results_iteration/iteration_3_merge_below_3/cnn_model/cnn14/plasma_tp1_0.1x_model_C4/roc_curve_resnet18_tf_0_1/nested_cv_random/resnet18/repeat_10_fold_5_metrics.csv,3,2,resnet18,all,C4,Accuracy at 99% Specificity,0.8517567567567568
/scratchc/nrlab/wang04/ulyses_results_iteration/iteration_3_merge_below_3/cnn_model/cnn14/plasma_tp1_0.1x_model_C4/roc_curve_resnet18_tf_0_1/nested_cv_random/resnet18/repeat_10_fold_5_metrics.csv,3,2,resnet18,all,C4,F1 at 99% Specificity,0.832807570977918
/scratchc/nrlab/wang04/ulyses_results_iteration/iteration_3_merge_below_3/cnn_model/cnn14/plasma_tp1_0.1x_model_C4/roc_curve_resnet18_tf_0_1/nested_cv_random/resnet18/repeat_10_fold_5_metrics.csv,3,2,resnet18,all,C4,Sensitivity at 98% Specificity,0.7135135135135136
/scratchc/nrlab/wang04/ulyses_results_iteration/iteration_3_merge_below_3/cnn_model/cnn14/plasma_tp1_0.1x_model_C4/roc_curve_resnet18_tf_0_1/nested_cv_random/resnet18/repeat_10_fold_5_metrics.csv,3,2,resnet18,all,C4,PPV at 98% Specificity,1
/scratchc/nrlab/wang04/ulyses_results_iteration/iteration_3_merge_below_3/cnn_model/cnn14/plasma_tp1_0.1x_model_C4/roc_curve_resnet18_tf_0_1/nested_cv_random/resnet18/repeat_10_fold_5_metrics.csv,3,2,resnet18,all,C4,Accuracy at 98% Specificity,0.8467567567567568
/scratchc/nrlab/wang04/ulyses_results_iteration/iteration_3_merge_below_3/cnn_model/cnn14/plasma_tp1_0.1x_model_C4/roc_curve_resnet18_tf_0_1/nested_cv_random/resnet18/repeat_10_fold_5_metrics.csv,3,2,resnet18,all,C4,F1 at 98% Specificity,0.832807570977918
/scratchc/nrlab/wang04/ulyses_results_iteration/iteration_3_merge_below_3/cnn_model/cnn14/plasma_tp1_0.1x_model_C4/roc_curve_resnet18_tf_0_1/nested_cv_random/resnet18/repeat_10_fold_5_metrics.csv,3,2,resnet18,all,C4,Sensitivity at 95% Specificity,0.8054054054054054
/scratchc/nrlab/wang04/ulyses_results_iteration/iteration_3_merge_below_3/cnn_model/cnn14/plasma_tp1_0.1x_model_C4/roc_curve_resnet18_tf_0_1/nested_cv_random/resnet18/repeat_10_fold_5_metrics.csv,3,2,resnet18,all,C4,PPV at 95% Specificity,0.9867549668874172
/scratchc/nrlab/wang04/ulyses_results_iteration/iteration_3_merge_below_3/cnn_model/cnn14/plasma_tp1_0.1x_model_C4/roc_curve_resnet18_tf_0_1/nested_cv_random/resnet18/repeat_10_fold_5_metrics.csv,3,2,resnet18,all,C4,Accuracy at 95% Specificity,0.8623801220575413
/scratchc/nrlab/wang04/ulyses_results_iteration/iteration_3_merge_below_3/cnn_model/cnn14/plasma_tp1_0.1x_model_C4/roc_curve_resnet18_tf_0_1/nested_cv_random/resnet18/repeat_10_fold_5_metrics.csv,3,2,resnet18,all,C4,F1 at 95% Specificity,0.8869047619047619
/scratchc/nrlab/wang04/ulyses_results_iteration/iteration_3_merge_below_3/cnn_model/cnn14/plasma_tp1_0.1x_model_C4/roc_curve_resnet18_tf_0_1/nested_cv_random/resnet18/repeat_10_fold_5_metrics.csv,3,3,resnet18,all,C4,AUROC,0.9369848901098904
/scratchc/nrlab/wang04/ulyses_results_iteration/iteration_3_merge_below_3/cnn_model/cnn14/plasma_tp1_0.1x_model_C4/roc_curve_resnet18_tf_0_1/nested_cv_random/resnet18/repeat_10_fold_5_metrics.csv,3,3,resnet18,all,C4,AUPRC,0.9744949546140952
/scratchc/nrlab/wang04/ulyses_results_iteration/iteration_3_merge_below_3/cnn_model/cnn14/plasma_tp1_0.1x_model_C4/roc_curve_resnet18_tf_0_1/nested_cv_random/resnet18/repeat_10_fold_5_metrics.csv,3,3,resnet18,all,C4,Sensitivity at 99% Specificity,0.27472527472527475
/scratchc/nrlab/wang04/ulyses_results_iteration/iteration_3_merge_below_3/cnn_model/cnn14/plasma_tp1_0.1x_model_C4/roc_curve_resnet18_tf_0_1/nested_cv_random/resnet18/repeat_10_fold_5_metrics.csv,3,3,resnet18,all,C4,PPV at 99% Specificity,1
/scratchc/nrlab/wang04/ulyses_results_iteration/iteration_3_merge_below_3/cnn_model/cnn14/plasma_tp1_0.1x_model_C4/roc_curve_resnet18_tf_0_1/nested_cv_random/resnet18/repeat_10_fold_5_metrics.csv,3,3,resnet18,all,C4,Accuracy at 99% Specificity,0.6323626373626374
/scratchc/nrlab/wang04/ulyses_results_iteration/iteration_3_merge_below_3/cnn_model/cnn14/plasma_tp1_0.1x_model_C4/roc_curve_resnet18_tf_0_1/nested_cv_random/resnet18/repeat_10_fold_5_metrics.csv,3,3,resnet18,all,C4,F1 at 99% Specificity,0.43103448275862066
/scratchc/nrlab/wang04/ulyses_results_iteration/iteration_3_merge_below_3/cnn_model/cnn14/plasma_tp1_0.1x_model_C4/roc_curve_resnet18_tf_0_1/nested_cv_random/resnet18/repeat_10_fold_5_metrics.csv,3,3,resnet18,all,C4,Sensitivity at 98% Specificity,0.27472527472527475
/scratchc/nrlab/wang04/ulyses_results_iteration/iteration_3_merge_below_3/cnn_model/cnn14/plasma_tp1_0.1x_model_C4/roc_curve_resnet18_tf_0_1/nested_cv_random/resnet18/repeat_10_fold_5_metrics.csv,3,3,resnet18,all,C4,PPV at 98% Specificity,1
/scratchc/nrlab/wang04/ulyses_results_iteration/iteration_3_merge_below_3/cnn_model/cnn14/plasma_tp1_0.1x_model_C4/roc_curve_resnet18_tf_0_1/nested_cv_random/resnet18/repeat_10_fold_5_metrics.csv,3,3,resnet18,all,C4,Accuracy at 98% Specificity,0.6273626373626373
/scratchc/nrlab/wang04/ulyses_results_iteration/iteration_3_merge_below_3/cnn_model/cnn14/plasma_tp1_0.1x_model_C4/roc_curve_resnet18_tf_0_1/nested_cv_random/resnet18/repeat_10_fold_5_metrics.csv,3,3,resnet18,all,C4,F1 at 98% Specificity,0.43103448275862066
/scratchc/nrlab/wang04/ulyses_results_iteration/iteration_3_merge_below_3/cnn_model/cnn14/plasma_tp1_0.1x_model_C4/roc_curve_resnet18_tf_0_1/nested_cv_random/resnet18/repeat_10_fold_5_metrics.csv,3,3,resnet18,all,C4,Sensitivity at 95% Specificity,0.6373626373626373
/scratchc/nrlab/wang04/ulyses_results_iteration/iteration_3_merge_below_3/cnn_model/cnn14/plasma_tp1_0.1x_model_C4/roc_curve_resnet18_tf_0_1/nested_cv_random/resnet18/repeat_10_fold_5_metrics.csv,3,3,resnet18,all,C4,PPV at 95% Specificity,0.9830508474576272
/scratchc/nrlab/wang04/ulyses_results_iteration/iteration_3_merge_below_3/cnn_model/cnn14/plasma_tp1_0.1x_model_C4/roc_curve_resnet18_tf_0_1/nested_cv_random/resnet18/repeat_10_fold_5_metrics.csv,3,3,resnet18,all,C4,Accuracy at 95% Specificity,0.7788375686813187
/scratchc/nrlab/wang04/ulyses_results_iteration/iteration_3_merge_below_3/cnn_model/cnn14/plasma_tp1_0.1x_model_C4/roc_curve_resnet18_tf_0_1/nested_cv_random/resnet18/repeat_10_fold_5_metrics.csv,3,3,resnet18,all,C4,F1 at 95% Specificity,0.7733333333333333
/scratchc/nrlab/wang04/ulyses_results_iteration/iteration_3_merge_below_3/cnn_model/cnn14/plasma_tp1_0.1x_model_C4/roc_curve_resnet18_tf_0_1/nested_cv_random/resnet18/repeat_10_fold_5_metrics.csv,3,4,resnet18,all,C4,AUROC,0.9219840269020596
/scratchc/nrlab/wang04/ulyses_results_iteration/iteration_3_merge_below_3/cnn_model/cnn14/plasma_tp1_0.1x_model_C4/roc_curve_resnet18_tf_0_1/nested_cv_random/resnet18/repeat_10_fold_5_metrics.csv,3,4,resnet18,all,C4,AUPRC,0.9706384104353823
/scratchc/nrlab/wang04/ulyses_results_iteration/iteration_3_merge_below_3/cnn_model/cnn14/plasma_tp1_0.1x_model_C4/roc_curve_resnet18_tf_0_1/nested_cv_random/resnet18/repeat_10_fold_5_metrics.csv,3,4,resnet18,all,C4,Sensitivity at 99% Specificity,0.3989071038251366
/scratchc/nrlab/wang04/ulyses_results_iteration/iteration_3_merge_below_3/cnn_model/cnn14/plasma_tp1_0.1x_model_C4/roc_curve_resnet18_tf_0_1/nested_cv_random/resnet18/repeat_10_fold_5_metrics.csv,3,4,resnet18,all,C4,PPV at 99% Specificity,1
/scratchc/nrlab/wang04/ulyses_results_iteration/iteration_3_merge_below_3/cnn_model/cnn14/plasma_tp1_0.1x_model_C4/roc_curve_resnet18_tf_0_1/nested_cv_random/resnet18/repeat_10_fold_5_metrics.csv,3,4,resnet18,all,C4,Accuracy at 99% Specificity,0.6944535519125683
/scratchc/nrlab/wang04/ulyses_results_iteration/iteration_3_merge_below_3/cnn_model/cnn14/plasma_tp1_0.1x_model_C4/roc_curve_resnet18_tf_0_1/nested_cv_random/resnet18/repeat_10_fold_5_metrics.csv,3,4,resnet18,all,C4,F1 at 99% Specificity,0.5703125
/scratchc/nrlab/wang04/ulyses_results_iteration/iteration_3_merge_below_3/cnn_model/cnn14/plasma_tp1_0.1x_model_C4/roc_curve_resnet18_tf_0_1/nested_cv_random/resnet18/repeat_10_fold_5_metrics.csv,3,4,resnet18,all,C4,Sensitivity at 98% Specificity,0.3989071038251366
/scratchc/nrlab/wang04/ulyses_results_iteration/iteration_3_merge_below_3/cnn_model/cnn14/plasma_tp1_0.1x_model_C4/roc_curve_resnet18_tf_0_1/nested_cv_random/resnet18/repeat_10_fold_5_metrics.csv,3,4,resnet18,all,C4,PPV at 98% Specificity,1
/scratchc/nrlab/wang04/ulyses_results_iteration/iteration_3_merge_below_3/cnn_model/cnn14/plasma_tp1_0.1x_model_C4/roc_curve_resnet18_tf_0_1/nested_cv_random/resnet18/repeat_10_fold_5_metrics.csv,3,4,resnet18,all,C4,Accuracy at 98% Specificity,0.6894535519125683
/scratchc/nrlab/wang04/ulyses_results_iteration/iteration_3_merge_below_3/cnn_model/cnn14/plasma_tp1_0.1x_model_C4/roc_curve_resnet18_tf_0_1/nested_cv_random/resnet18/repeat_10_fold_5_metrics.csv,3,4,resnet18,all,C4,F1 at 98% Specificity,0.5703125
/scratchc/nrlab/wang04/ulyses_results_iteration/iteration_3_merge_below_3/cnn_model/cnn14/plasma_tp1_0.1x_model_C4/roc_curve_resnet18_tf_0_1/nested_cv_random/resnet18/repeat_10_fold_5_metrics.csv,3,4,resnet18,all,C4,Sensitivity at 95% Specificity,0.5573770491803278
/scratchc/nrlab/wang04/ulyses_results_iteration/iteration_3_merge_below_3/cnn_model/cnn14/plasma_tp1_0.1x_model_C4/roc_curve_resnet18_tf_0_1/nested_cv_random/resnet18/repeat_10_fold_5_metrics.csv,3,4,resnet18,all,C4,PPV at 95% Specificity,0.9807692307692308
/scratchc/nrlab/wang04/ulyses_results_iteration/iteration_3_merge_below_3/cnn_model/cnn14/plasma_tp1_0.1x_model_C4/roc_curve_resnet18_tf_0_1/nested_cv_random/resnet18/repeat_10_fold_5_metrics.csv,3,4,resnet18,all,C4,Accuracy at 95% Specificity,0.7390731399747792
/scratchc/nrlab/wang04/ulyses_results_iteration/iteration_3_merge_below_3/cnn_model/cnn14/plasma_tp1_0.1x_model_C4/roc_curve_resnet18_tf_0_1/nested_cv_random/resnet18/repeat_10_fold_5_metrics.csv,3,4,resnet18,all,C4,F1 at 95% Specificity,0.710801393728223
/scratchc/nrlab/wang04/ulyses_results_iteration/iteration_3_merge_below_3/cnn_model/cnn14/plasma_tp1_0.1x_model_C4/roc_curve_resnet18_tf_0_1/nested_cv_random/resnet18/repeat_10_fold_5_metrics.csv,4,1,resnet18,all,C4,AUROC,0.8869077515486355
/scratchc/nrlab/wang04/ulyses_results_iteration/iteration_3_merge_below_3/cnn_model/cnn14/plasma_tp1_0.1x_model_C4/roc_curve_resnet18_tf_0_1/nested_cv_random/resnet18/repeat_10_fold_5_metrics.csv,4,1,resnet18,all,C4,AUPRC,0.953483609492187
/scratchc/nrlab/wang04/ulyses_results_iteration/iteration_3_merge_below_3/cnn_model/cnn14/plasma_tp1_0.1x_model_C4/roc_curve_resnet18_tf_0_1/nested_cv_random/resnet18/repeat_10_fold_5_metrics.csv,4,1,resnet18,all,C4,Sensitivity at 99% Specificity,0.292817679558011
/scratchc/nrlab/wang04/ulyses_results_iteration/iteration_3_merge_below_3/cnn_model/cnn14/plasma_tp1_0.1x_model_C4/roc_curve_resnet18_tf_0_1/nested_cv_random/resnet18/repeat_10_fold_5_metrics.csv,4,1,resnet18,all,C4,PPV at 99% Specificity,1
/scratchc/nrlab/wang04/ulyses_results_iteration/iteration_3_merge_below_3/cnn_model/cnn14/plasma_tp1_0.1x_model_C4/roc_curve_resnet18_tf_0_1/nested_cv_random/resnet18/repeat_10_fold_5_metrics.csv,4,1,resnet18,all,C4,Accuracy at 99% Specificity,0.6414088397790055
/scratchc/nrlab/wang04/ulyses_results_iteration/iteration_3_merge_below_3/cnn_model/cnn14/plasma_tp1_0.1x_model_C4/roc_curve_resnet18_tf_0_1/nested_cv_random/resnet18/repeat_10_fold_5_metrics.csv,4,1,resnet18,all,C4,F1 at 99% Specificity,0.452991452991453
/scratchc/nrlab/wang04/ulyses_results_iteration/iteration_3_merge_below_3/cnn_model/cnn14/plasma_tp1_0.1x_model_C4/roc_curve_resnet18_tf_0_1/nested_cv_random/resnet18/repeat_10_fold_5_metrics.csv,4,1,resnet18,all,C4,Sensitivity at 98% Specificity,0.292817679558011
/scratchc/nrlab/wang04/ulyses_results_iteration/iteration_3_merge_below_3/cnn_model/cnn14/plasma_tp1_0.1x_model_C4/roc_curve_resnet18_tf_0_1/nested_cv_random/resnet18/repeat_10_fold_5_metrics.csv,4,1,resnet18,all,C4,PPV at 98% Specificity,1
/scratchc/nrlab/wang04/ulyses_results_iteration/iteration_3_merge_below_3/cnn_model/cnn14/plasma_tp1_0.1x_model_C4/roc_curve_resnet18_tf_0_1/nested_cv_random/resnet18/repeat_10_fold_5_metrics.csv,4,1,resnet18,all,C4,Accuracy at 98% Specificity,0.6364088397790055
/scratchc/nrlab/wang04/ulyses_results_iteration/iteration_3_merge_below_3/cnn_model/cnn14/plasma_tp1_0.1x_model_C4/roc_curve_resnet18_tf_0_1/nested_cv_random/resnet18/repeat_10_fold_5_metrics.csv,4,1,resnet18,all,C4,F1 at 98% Specificity,0.452991452991453
/scratchc/nrlab/wang04/ulyses_results_iteration/iteration_3_merge_below_3/cnn_model/cnn14/plasma_tp1_0.1x_model_C4/roc_curve_resnet18_tf_0_1/nested_cv_random/resnet18/repeat_10_fold_5_metrics.csv,4,1,resnet18,all,C4,Sensitivity at 95% Specificity,0.3812154696132597
/scratchc/nrlab/wang04/ulyses_results_iteration/iteration_3_merge_below_3/cnn_model/cnn14/plasma_tp1_0.1x_model_C4/roc_curve_resnet18_tf_0_1/nested_cv_random/resnet18/repeat_10_fold_5_metrics.csv,4,1,resnet18,all,C4,PPV at 95% Specificity,0.971830985915493
/scratchc/nrlab/wang04/ulyses_results_iteration/iteration_3_merge_below_3/cnn_model/cnn14/plasma_tp1_0.1x_model_C4/roc_curve_resnet18_tf_0_1/nested_cv_random/resnet18/repeat_10_fold_5_metrics.csv,4,1,resnet18,all,C4,Accuracy at 95% Specificity,0.6512137954126904
/scratchc/nrlab/wang04/ulyses_results_iteration/iteration_3_merge_below_3/cnn_model/cnn14/plasma_tp1_0.1x_model_C4/roc_curve_resnet18_tf_0_1/nested_cv_random/resnet18/repeat_10_fold_5_metrics.csv,4,1,resnet18,all,C4,F1 at 95% Specificity,0.5476190476190477
/scratchc/nrlab/wang04/ulyses_results_iteration/iteration_3_merge_below_3/cnn_model/cnn14/plasma_tp1_0.1x_model_C4/roc_curve_resnet18_tf_0_1/nested_cv_random/resnet18/repeat_10_fold_5_metrics.csv,4,2,resnet18,all,C4,AUROC,0.9176186108563328
/scratchc/nrlab/wang04/ulyses_results_iteration/iteration_3_merge_below_3/cnn_model/cnn14/plasma_tp1_0.1x_model_C4/roc_curve_resnet18_tf_0_1/nested_cv_random/resnet18/repeat_10_fold_5_metrics.csv,4,2,resnet18,all,C4,AUPRC,0.9683106333198374
/scratchc/nrlab/wang04/ulyses_results_iteration/iteration_3_merge_below_3/cnn_model/cnn14/plasma_tp1_0.1x_model_C4/roc_curve_resnet18_tf_0_1/nested_cv_random/resnet18/repeat_10_fold_5_metrics.csv,4,2,resnet18,all,C4,Sensitivity at 99% Specificity,0.4189944134078212
/scratchc/nrlab/wang04/ulyses_results_iteration/iteration_3_merge_below_3/cnn_model/cnn14/plasma_tp1_0.1x_model_C4/roc_curve_resnet18_tf_0_1/nested_cv_random/resnet18/repeat_10_fold_5_metrics.csv,4,2,resnet18,all,C4,PPV at 99% Specificity,1
/scratchc/nrlab/wang04/ulyses_results_iteration/iteration_3_merge_below_3/cnn_model/cnn14/plasma_tp1_0.1x_model_C4/roc_curve_resnet18_tf_0_1/nested_cv_random/resnet18/repeat_10_fold_5_metrics.csv,4,2,resnet18,all,C4,Accuracy at 99% Specificity,0.7044972067039106
/scratchc/nrlab/wang04/ulyses_results_iteration/iteration_3_merge_below_3/cnn_model/cnn14/plasma_tp1_0.1x_model_C4/roc_curve_resnet18_tf_0_1/nested_cv_random/resnet18/repeat_10_fold_5_metrics.csv,4,2,resnet18,all,C4,F1 at 99% Specificity,0.5905511811023622
/scratchc/nrlab/wang04/ulyses_results_iteration/iteration_3_merge_below_3/cnn_model/cnn14/plasma_tp1_0.1x_model_C4/roc_curve_resnet18_tf_0_1/nested_cv_random/resnet18/repeat_10_fold_5_metrics.csv,4,2,resnet18,all,C4,Sensitivity at 98% Specificity,0.4189944134078212
/scratchc/nrlab/wang04/ulyses_results_iteration/iteration_3_merge_below_3/cnn_model/cnn14/plasma_tp1_0.1x_model_C4/roc_curve_resnet18_tf_0_1/nested_cv_random/resnet18/repeat_10_fold_5_metrics.csv,4,2,resnet18,all,C4,PPV at 98% Specificity,1
/scratchc/nrlab/wang04/ulyses_results_iteration/iteration_3_merge_below_3/cnn_model/cnn14/plasma_tp1_0.1x_model_C4/roc_curve_resnet18_tf_0_1/nested_cv_random/resnet18/repeat_10_fold_5_metrics.csv,4,2,resnet18,all,C4,Accuracy at 98% Specificity,0.6994972067039106
/scratchc/nrlab/wang04/ulyses_results_iteration/iteration_3_merge_below_3/cnn_model/cnn14/plasma_tp1_0.1x_model_C4/roc_curve_resnet18_tf_0_1/nested_cv_random/resnet18/repeat_10_fold_5_metrics.csv,4,2,resnet18,all,C4,F1 at 98% Specificity,0.5905511811023622
/scratchc/nrlab/wang04/ulyses_results_iteration/iteration_3_merge_below_3/cnn_model/cnn14/plasma_tp1_0.1x_model_C4/roc_curve_resnet18_tf_0_1/nested_cv_random/resnet18/repeat_10_fold_5_metrics.csv,4,2,resnet18,all,C4,Sensitivity at 95% Specificity,0.6815642458100558
/scratchc/nrlab/wang04/ulyses_results_iteration/iteration_3_merge_below_3/cnn_model/cnn14/plasma_tp1_0.1x_model_C4/roc_curve_resnet18_tf_0_1/nested_cv_random/resnet18/repeat_10_fold_5_metrics.csv,4,2,resnet18,all,C4,PPV at 95% Specificity,0.9838709677419356
/scratchc/nrlab/wang04/ulyses_results_iteration/iteration_3_merge_below_3/cnn_model/cnn14/plasma_tp1_0.1x_model_C4/roc_curve_resnet18_tf_0_1/nested_cv_random/resnet18/repeat_10_fold_5_metrics.csv,4,2,resnet18,all,C4,Accuracy at 95% Specificity,0.8016030184274159
/scratchc/nrlab/wang04/ulyses_results_iteration/iteration_3_merge_below_3/cnn_model/cnn14/plasma_tp1_0.1x_model_C4/roc_curve_resnet18_tf_0_1/nested_cv_random/resnet18/repeat_10_fold_5_metrics.csv,4,2,resnet18,all,C4,F1 at 95% Specificity,0.8052805280528053
/scratchc/nrlab/wang04/ulyses_results_iteration/iteration_3_merge_below_3/cnn_model/cnn14/plasma_tp1_0.1x_model_C4/roc_curve_resnet18_tf_0_1/nested_cv_random/resnet18/repeat_10_fold_5_metrics.csv,4,3,resnet18,all,C4,AUROC,0.9448428961748634
/scratchc/nrlab/wang04/ulyses_results_iteration/iteration_3_merge_below_3/cnn_model/cnn14/plasma_tp1_0.1x_model_C4/roc_curve_resnet18_tf_0_1/nested_cv_random/resnet18/repeat_10_fold_5_metrics.csv,4,3,resnet18,all,C4,AUPRC,0.9798581577554192
/scratchc/nrlab/wang04/ulyses_results_iteration/iteration_3_merge_below_3/cnn_model/cnn14/plasma_tp1_0.1x_model_C4/roc_curve_resnet18_tf_0_1/nested_cv_random/resnet18/repeat_10_fold_5_metrics.csv,4,3,resnet18,all,C4,Sensitivity at 99% Specificity,0.448087431693989
/scratchc/nrlab/wang04/ulyses_results_iteration/iteration_3_merge_below_3/cnn_model/cnn14/plasma_tp1_0.1x_model_C4/roc_curve_resnet18_tf_0_1/nested_cv_random/resnet18/repeat_10_fold_5_metrics.csv,4,3,resnet18,all,C4,PPV at 99% Specificity,1
/scratchc/nrlab/wang04/ulyses_results_iteration/iteration_3_merge_below_3/cnn_model/cnn14/plasma_tp1_0.1x_model_C4/roc_curve_resnet18_tf_0_1/nested_cv_random/resnet18/repeat_10_fold_5_metrics.csv,4,3,resnet18,all,C4,Accuracy at 99% Specificity,0.7190437158469946
/scratchc/nrlab/wang04/ulyses_results_iteration/iteration_3_merge_below_3/cnn_model/cnn14/plasma_tp1_0.1x_model_C4/roc_curve_resnet18_tf_0_1/nested_cv_random/resnet18/repeat_10_fold_5_metrics.csv,4,3,resnet18,all,C4,F1 at 99% Specificity,0.6188679245283019
/scratchc/nrlab/wang04/ulyses_results_iteration/iteration_3_merge_below_3/cnn_model/cnn14/plasma_tp1_0.1x_model_C4/roc_curve_resnet18_tf_0_1/nested_cv_random/resnet18/repeat_10_fold_5_metrics.csv,4,3,resnet18,all,C4,Sensitivity at 98% Specificity,0.448087431693989
/scratchc/nrlab/wang04/ulyses_results_iteration/iteration_3_merge_below_3/cnn_model/cnn14/plasma_tp1_0.1x_model_C4/roc_curve_resnet18_tf_0_1/nested_cv_random/resnet18/repeat_10_fold_5_metrics.csv,4,3,resnet18,all,C4,PPV at 98% Specificity,1
/scratchc/nrlab/wang04/ulyses_results_iteration/iteration_3_merge_below_3/cnn_model/cnn14/plasma_tp1_0.1x_model_C4/roc_curve_resnet18_tf_0_1/nested_cv_random/resnet18/repeat_10_fold_5_metrics.csv,4,3,resnet18,all,C4,Accuracy at 98% Specificity,0.7140437158469946
/scratchc/nrlab/wang04/ulyses_results_iteration/iteration_3_merge_below_3/cnn_model/cnn14/plasma_tp1_0.1x_model_C4/roc_curve_resnet18_tf_0_1/nested_cv_random/resnet18/repeat_10_fold_5_metrics.csv,4,3,resnet18,all,C4,F1 at 98% Specificity,0.6188679245283019
/scratchc/nrlab/wang04/ulyses_results_iteration/iteration_3_merge_below_3/cnn_model/cnn14/plasma_tp1_0.1x_model_C4/roc_curve_resnet18_tf_0_1/nested_cv_random/resnet18/repeat_10_fold_5_metrics.csv,4,3,resnet18,all,C4,Sensitivity at 95% Specificity,0.825136612021858
/scratchc/nrlab/wang04/ulyses_results_iteration/iteration_3_merge_below_3/cnn_model/cnn14/plasma_tp1_0.1x_model_C4/roc_curve_resnet18_tf_0_1/nested_cv_random/resnet18/repeat_10_fold_5_metrics.csv,4,3,resnet18,all,C4,PPV at 95% Specificity,0.9869281045751634
/scratchc/nrlab/wang04/ulyses_results_iteration/iteration_3_merge_below_3/cnn_model/cnn14/plasma_tp1_0.1x_model_C4/roc_curve_resnet18_tf_0_1/nested_cv_random/resnet18/repeat_10_fold_5_metrics.csv,4,3,resnet18,all,C4,Accuracy at 95% Specificity,0.8727245560109289
/scratchc/nrlab/wang04/ulyses_results_iteration/iteration_3_merge_below_3/cnn_model/cnn14/plasma_tp1_0.1x_model_C4/roc_curve_resnet18_tf_0_1/nested_cv_random/resnet18/repeat_10_fold_5_metrics.csv,4,3,resnet18,all,C4,F1 at 95% Specificity,0.8988095238095238
/scratchc/nrlab/wang04/ulyses_results_iteration/iteration_3_merge_below_3/cnn_model/cnn14/plasma_tp1_0.1x_model_C4/roc_curve_resnet18_tf_0_1/nested_cv_random/resnet18/repeat_10_fold_5_metrics.csv,4,4,resnet18,all,C4,AUROC,0.9131283967391304
/scratchc/nrlab/wang04/ulyses_results_iteration/iteration_3_merge_below_3/cnn_model/cnn14/plasma_tp1_0.1x_model_C4/roc_curve_resnet18_tf_0_1/nested_cv_random/resnet18/repeat_10_fold_5_metrics.csv,4,4,resnet18,all,C4,AUPRC,0.9638775522264104
/scratchc/nrlab/wang04/ulyses_results_iteration/iteration_3_merge_below_3/cnn_model/cnn14/plasma_tp1_0.1x_model_C4/roc_curve_resnet18_tf_0_1/nested_cv_random/resnet18/repeat_10_fold_5_metrics.csv,4,4,resnet18,all,C4,Sensitivity at 99% Specificity,0.2826086956521739
/scratchc/nrlab/wang04/ulyses_results_iteration/iteration_3_merge_below_3/cnn_model/cnn14/plasma_tp1_0.1x_model_C4/roc_curve_resnet18_tf_0_1/nested_cv_random/resnet18/repeat_10_fold_5_metrics.csv,4,4,resnet18,all,C4,PPV at 99% Specificity,1
/scratchc/nrlab/wang04/ulyses_results_iteration/iteration_3_merge_below_3/cnn_model/cnn14/plasma_tp1_0.1x_model_C4/roc_curve_resnet18_tf_0_1/nested_cv_random/resnet18/repeat_10_fold_5_metrics.csv,4,4,resnet18,all,C4,Accuracy at 99% Specificity,0.6363043478260869
/scratchc/nrlab/wang04/ulyses_results_iteration/iteration_3_merge_below_3/cnn_model/cnn14/plasma_tp1_0.1x_model_C4/roc_curve_resnet18_tf_0_1/nested_cv_random/resnet18/repeat_10_fold_5_metrics.csv,4,4,resnet18,all,C4,F1 at 99% Specificity,0.4406779661016949
/scratchc/nrlab/wang04/ulyses_results_iteration/iteration_3_merge_below_3/cnn_model/cnn14/plasma_tp1_0.1x_model_C4/roc_curve_resnet18_tf_0_1/nested_cv_random/resnet18/repeat_10_fold_5_metrics.csv,4,4,resnet18,all,C4,Sensitivity at 98% Specificity,0.2826086956521739
/scratchc/nrlab/wang04/ulyses_results_iteration/iteration_3_merge_below_3/cnn_model/cnn14/plasma_tp1_0.1x_model_C4/roc_curve_resnet18_tf_0_1/nested_cv_random/resnet18/repeat_10_fold_5_metrics.csv,4,4,resnet18,all,C4,PPV at 98% Specificity,1
/scratchc/nrlab/wang04/ulyses_results_iteration/iteration_3_merge_below_3/cnn_model/cnn14/plasma_tp1_0.1x_model_C4/roc_curve_resnet18_tf_0_1/nested_cv_random/resnet18/repeat_10_fold_5_metrics.csv,4,4,resnet18,all,C4,Accuracy at 98% Specificity,0.6313043478260869
/scratchc/nrlab/wang04/ulyses_results_iteration/iteration_3_merge_below_3/cnn_model/cnn14/plasma_tp1_0.1x_model_C4/roc_curve_resnet18_tf_0_1/nested_cv_random/resnet18/repeat_10_fold_5_metrics.csv,4,4,resnet18,all,C4,F1 at 98% Specificity,0.4406779661016949
/scratchc/nrlab/wang04/ulyses_results_iteration/iteration_3_merge_below_3/cnn_model/cnn14/plasma_tp1_0.1x_model_C4/roc_curve_resnet18_tf_0_1/nested_cv_random/resnet18/repeat_10_fold_5_metrics.csv,4,4,resnet18,all,C4,Sensitivity at 95% Specificity,0.43478260869565216
/scratchc/nrlab/wang04/ulyses_results_iteration/iteration_3_merge_below_3/cnn_model/cnn14/plasma_tp1_0.1x_model_C4/roc_curve_resnet18_tf_0_1/nested_cv_random/resnet18/repeat_10_fold_5_metrics.csv,4,4,resnet18,all,C4,PPV at 95% Specificity,0.975609756097561
/scratchc/nrlab/wang04/ulyses_results_iteration/iteration_3_merge_below_3/cnn_model/cnn14/plasma_tp1_0.1x_model_C4/roc_curve_resnet18_tf_0_1/nested_cv_random/resnet18/repeat_10_fold_5_metrics.csv,4,4,resnet18,all,C4,Accuracy at 95% Specificity,0.6775475543478261
/scratchc/nrlab/wang04/ulyses_results_iteration/iteration_3_merge_below_3/cnn_model/cnn14/plasma_tp1_0.1x_model_C4/roc_curve_resnet18_tf_0_1/nested_cv_random/resnet18/repeat_10_fold_5_metrics.csv,4,4,resnet18,all,C4,F1 at 95% Specificity,0.6015037593984962
/scratchc/nrlab/wang04/ulyses_results_iteration/iteration_3_merge_below_3/cnn_model/cnn14/plasma_tp1_0.1x_model_C4/roc_curve_resnet18_tf_0_1/nested_cv_random/resnet18/repeat_10_fold_5_metrics.csv,4,5,resnet18,all,C4,AUROC,0.9290540540540542
/scratchc/nrlab/wang04/ulyses_results_iteration/iteration_3_merge_below_3/cnn_model/cnn14/plasma_tp1_0.1x_model_C4/roc_curve_resnet18_tf_0_1/nested_cv_random/resnet18/repeat_10_fold_5_metrics.csv,4,5,resnet18,all,C4,AUPRC,0.9740392021793252
/scratchc/nrlab/wang04/ulyses_results_iteration/iteration_3_merge_below_3/cnn_model/cnn14/plasma_tp1_0.1x_model_C4/roc_curve_resnet18_tf_0_1/nested_cv_random/resnet18/repeat_10_fold_5_metrics.csv,4,5,resnet18,all,C4,Sensitivity at 99% Specificity,0.5081081081081081
/scratchc/nrlab/wang04/ulyses_results_iteration/iteration_3_merge_below_3/cnn_model/cnn14/plasma_tp1_0.1x_model_C4/roc_curve_resnet18_tf_0_1/nested_cv_random/resnet18/repeat_10_fold_5_metrics.csv,4,5,resnet18,all,C4,PPV at 99% Specificity,1
/scratchc/nrlab/wang04/ulyses_results_iteration/iteration_3_merge_below_3/cnn_model/cnn14/plasma_tp1_0.1x_model_C4/roc_curve_resnet18_tf_0_1/nested_cv_random/resnet18/repeat_10_fold_5_metrics.csv,4,5,resnet18,all,C4,Accuracy at 99% Specificity,0.749054054054054
/scratchc/nrlab/wang04/ulyses_results_iteration/iteration_3_merge_below_3/cnn_model/cnn14/plasma_tp1_0.1x_model_C4/roc_curve_resnet18_tf_0_1/nested_cv_random/resnet18/repeat_10_fold_5_metrics.csv,4,5,resnet18,all,C4,F1 at 99% Specificity,0.6738351254480287
/scratchc/nrlab/wang04/ulyses_results_iteration/iteration_3_merge_below_3/cnn_model/cnn14/plasma_tp1_0.1x_model_C4/roc_curve_resnet18_tf_0_1/nested_cv_random/resnet18/repeat_10_fold_5_metrics.csv,4,5,resnet18,all,C4,Sensitivity at 98% Specificity,0.5081081081081081
/scratchc/nrlab/wang04/ulyses_results_iteration/iteration_3_merge_below_3/cnn_model/cnn14/plasma_tp1_0.1x_model_C4/roc_curve_resnet18_tf_0_1/nested_cv_random/resnet18/repeat_10_fold_5_metrics.csv,4,5,resnet18,all,C4,PPV at 98% Specificity,1
/scratchc/nrlab/wang04/ulyses_results_iteration/iteration_3_merge_below_3/cnn_model/cnn14/plasma_tp1_0.1x_model_C4/roc_curve_resnet18_tf_0_1/nested_cv_random/resnet18/repeat_10_fold_5_metrics.csv,4,5,resnet18,all,C4,Accuracy at 98% Specificity,0.7440540540540541
/scratchc/nrlab/wang04/ulyses_results_iteration/iteration_3_merge_below_3/cnn_model/cnn14/plasma_tp1_0.1x_model_C4/roc_curve_resnet18_tf_0_1/nested_cv_random/resnet18/repeat_10_fold_5_metrics.csv,4,5,resnet18,all,C4,F1 at 98% Specificity,0.6738351254480287
/scratchc/nrlab/wang04/ulyses_results_iteration/iteration_3_merge_below_3/cnn_model/cnn14/plasma_tp1_0.1x_model_C4/roc_curve_resnet18_tf_0_1/nested_cv_random/resnet18/repeat_10_fold_5_metrics.csv,4,5,resnet18,all,C4,Sensitivity at 95% Specificity,0.6108108108108108
/scratchc/nrlab/wang04/ulyses_results_iteration/iteration_3_merge_below_3/cnn_model/cnn14/plasma_tp1_0.1x_model_C4/roc_curve_resnet18_tf_0_1/nested_cv_random/resnet18/repeat_10_fold_5_metrics.csv,4,5,resnet18,all,C4,PPV at 95% Specificity,0.982608695652174
/scratchc/nrlab/wang04/ulyses_results_iteration/iteration_3_merge_below_3/cnn_model/cnn14/plasma_tp1_0.1x_model_C4/roc_curve_resnet18_tf_0_1/nested_cv_random/resnet18/repeat_10_fold_5_metrics.csv,4,5,resnet18,all,C4,Accuracy at 95% Specificity,0.7655616554054054
/scratchc/nrlab/wang04/ulyses_results_iteration/iteration_3_merge_below_3/cnn_model/cnn14/plasma_tp1_0.1x_model_C4/roc_curve_resnet18_tf_0_1/nested_cv_random/resnet18/repeat_10_fold_5_metrics.csv,4,5,resnet18,all,C4,F1 at 95% Specificity,0.7533333333333333
/scratchc/nrlab/wang04/ulyses_results_iteration/iteration_3_merge_below_3/cnn_model/cnn14/plasma_tp1_0.1x_model_C4/roc_curve_resnet18_tf_0_1/nested_cv_random/resnet18/repeat_10_fold_5_metrics.csv,5,2,resnet18,all,C4,AUROC,0.9385896435076764
/scratchc/nrlab/wang04/ulyses_results_iteration/iteration_3_merge_below_3/cnn_model/cnn14/plasma_tp1_0.1x_model_C4/roc_curve_resnet18_tf_0_1/nested_cv_random/resnet18/repeat_10_fold_5_metrics.csv,5,2,resnet18,all,C4,AUPRC,0.978752140547164
/scratchc/nrlab/wang04/ulyses_results_iteration/iteration_3_merge_below_3/cnn_model/cnn14/plasma_tp1_0.1x_model_C4/roc_curve_resnet18_tf_0_1/nested_cv_random/resnet18/repeat_10_fold_5_metrics.csv,5,2,resnet18,all,C4,Sensitivity at 99% Specificity,0.39344262295081966
/scratchc/nrlab/wang04/ulyses_results_iteration/iteration_3_merge_below_3/cnn_model/cnn14/plasma_tp1_0.1x_model_C4/roc_curve_resnet18_tf_0_1/nested_cv_random/resnet18/repeat_10_fold_5_metrics.csv,5,2,resnet18,all,C4,PPV at 99% Specificity,1
/scratchc/nrlab/wang04/ulyses_results_iteration/iteration_3_merge_below_3/cnn_model/cnn14/plasma_tp1_0.1x_model_C4/roc_curve_resnet18_tf_0_1/nested_cv_random/resnet18/repeat_10_fold_5_metrics.csv,5,2,resnet18,all,C4,Accuracy at 99% Specificity,0.6917213114754098
/scratchc/nrlab/wang04/ulyses_results_iteration/iteration_3_merge_below_3/cnn_model/cnn14/plasma_tp1_0.1x_model_C4/roc_curve_resnet18_tf_0_1/nested_cv_random/resnet18/repeat_10_fold_5_metrics.csv,5,2,resnet18,all,C4,F1 at 99% Specificity,0.5647058823529412
/scratchc/nrlab/wang04/ulyses_results_iteration/iteration_3_merge_below_3/cnn_model/cnn14/plasma_tp1_0.1x_model_C4/roc_curve_resnet18_tf_0_1/nested_cv_random/resnet18/repeat_10_fold_5_metrics.csv,5,2,resnet18,all,C4,Sensitivity at 98% Specificity,0.39344262295081966
/scratchc/nrlab/wang04/ulyses_results_iteration/iteration_3_merge_below_3/cnn_model/cnn14/plasma_tp1_0.1x_model_C4/roc_curve_resnet18_tf_0_1/nested_cv_random/resnet18/repeat_10_fold_5_metrics.csv,5,2,resnet18,all,C4,PPV at 98% Specificity,1
/scratchc/nrlab/wang04/ulyses_results_iteration/iteration_3_merge_below_3/cnn_model/cnn14/plasma_tp1_0.1x_model_C4/roc_curve_resnet18_tf_0_1/nested_cv_random/resnet18/repeat_10_fold_5_metrics.csv,5,2,resnet18,all,C4,Accuracy at 98% Specificity,0.6867213114754098
/scratchc/nrlab/wang04/ulyses_results_iteration/iteration_3_merge_below_3/cnn_model/cnn14/plasma_tp1_0.1x_model_C4/roc_curve_resnet18_tf_0_1/nested_cv_random/resnet18/repeat_10_fold_5_metrics.csv,5,2,resnet18,all,C4,F1 at 98% Specificity,0.5647058823529412
/scratchc/nrlab/wang04/ulyses_results_iteration/iteration_3_merge_below_3/cnn_model/cnn14/plasma_tp1_0.1x_model_C4/roc_curve_resnet18_tf_0_1/nested_cv_random/resnet18/repeat_10_fold_5_metrics.csv,5,2,resnet18,all,C4,Sensitivity at 95% Specificity,0.8360655737704918
/scratchc/nrlab/wang04/ulyses_results_iteration/iteration_3_merge_below_3/cnn_model/cnn14/plasma_tp1_0.1x_model_C4/roc_curve_resnet18_tf_0_1/nested_cv_random/resnet18/repeat_10_fold_5_metrics.csv,5,2,resnet18,all,C4,PPV at 95% Specificity,0.9807692307692308
/scratchc/nrlab/wang04/ulyses_results_iteration/iteration_3_merge_below_3/cnn_model/cnn14/plasma_tp1_0.1x_model_C4/roc_curve_resnet18_tf_0_1/nested_cv_random/resnet18/repeat_10_fold_5_metrics.csv,5,2,resnet18,all,C4,Accuracy at 95% Specificity,0.8704137392661982
/scratchc/nrlab/wang04/ulyses_results_iteration/iteration_3_merge_below_3/cnn_model/cnn14/plasma_tp1_0.1x_model_C4/roc_curve_resnet18_tf_0_1/nested_cv_random/resnet18/repeat_10_fold_5_metrics.csv,5,2,resnet18,all,C4,F1 at 95% Specificity,0.9026548672566372
/scratchc/nrlab/wang04/ulyses_results_iteration/iteration_3_merge_below_3/cnn_model/cnn14/plasma_tp1_0.1x_model_C4/roc_curve_resnet18_tf_0_1/nested_cv_random/resnet18/repeat_10_fold_5_metrics.csv,5,3,resnet18,all,C4,AUROC,0.9100308513299424
/scratchc/nrlab/wang04/ulyses_results_iteration/iteration_3_merge_below_3/cnn_model/cnn14/plasma_tp1_0.1x_model_C4/roc_curve_resnet18_tf_0_1/nested_cv_random/resnet18/repeat_10_fold_5_metrics.csv,5,3,resnet18,all,C4,AUPRC,0.9673686778729896
/scratchc/nrlab/wang04/ulyses_results_iteration/iteration_3_merge_below_3/cnn_model/cnn14/plasma_tp1_0.1x_model_C4/roc_curve_resnet18_tf_0_1/nested_cv_random/resnet18/repeat_10_fold_5_metrics.csv,5,3,resnet18,all,C4,Sensitivity at 99% Specificity,0.5977653631284916
/scratchc/nrlab/wang04/ulyses_results_iteration/iteration_3_merge_below_3/cnn_model/cnn14/plasma_tp1_0.1x_model_C4/roc_curve_resnet18_tf_0_1/nested_cv_random/resnet18/repeat_10_fold_5_metrics.csv,5,3,resnet18,all,C4,PPV at 99% Specificity,1
/scratchc/nrlab/wang04/ulyses_results_iteration/iteration_3_merge_below_3/cnn_model/cnn14/plasma_tp1_0.1x_model_C4/roc_curve_resnet18_tf_0_1/nested_cv_random/resnet18/repeat_10_fold_5_metrics.csv,5,3,resnet18,all,C4,Accuracy at 99% Specificity,0.7938826815642458
/scratchc/nrlab/wang04/ulyses_results_iteration/iteration_3_merge_below_3/cnn_model/cnn14/plasma_tp1_0.1x_model_C4/roc_curve_resnet18_tf_0_1/nested_cv_random/resnet18/repeat_10_fold_5_metrics.csv,5,3,resnet18,all,C4,F1 at 99% Specificity,0.7482517482517482
/scratchc/nrlab/wang04/ulyses_results_iteration/iteration_3_merge_below_3/cnn_model/cnn14/plasma_tp1_0.1x_model_C4/roc_curve_resnet18_tf_0_1/nested_cv_random/resnet18/repeat_10_fold_5_metrics.csv,5,3,resnet18,all,C4,Sensitivity at 98% Specificity,0.5977653631284916
/scratchc/nrlab/wang04/ulyses_results_iteration/iteration_3_merge_below_3/cnn_model/cnn14/plasma_tp1_0.1x_model_C4/roc_curve_resnet18_tf_0_1/nested_cv_random/resnet18/repeat_10_fold_5_metrics.csv,5,3,resnet18,all,C4,PPV at 98% Specificity,1
/scratchc/nrlab/wang04/ulyses_results_iteration/iteration_3_merge_below_3/cnn_model/cnn14/plasma_tp1_0.1x_model_C4/roc_curve_resnet18_tf_0_1/nested_cv_random/resnet18/repeat_10_fold_5_metrics.csv,5,3,resnet18,all,C4,Accuracy at 98% Specificity,0.7888826815642458
/scratchc/nrlab/wang04/ulyses_results_iteration/iteration_3_merge_below_3/cnn_model/cnn14/plasma_tp1_0.1x_model_C4/roc_curve_resnet18_tf_0_1/nested_cv_random/resnet18/repeat_10_fold_5_metrics.csv,5,3,resnet18,all,C4,F1 at 98% Specificity,0.7482517482517482
/scratchc/nrlab/wang04/ulyses_results_iteration/iteration_3_merge_below_3/cnn_model/cnn14/plasma_tp1_0.1x_model_C4/roc_curve_resnet18_tf_0_1/nested_cv_random/resnet18/repeat_10_fold_5_metrics.csv,5,3,resnet18,all,C4,Sensitivity at 95% Specificity,0.6536312849162011
/scratchc/nrlab/wang04/ulyses_results_iteration/iteration_3_merge_below_3/cnn_model/cnn14/plasma_tp1_0.1x_model_C4/roc_curve_resnet18_tf_0_1/nested_cv_random/resnet18/repeat_10_fold_5_metrics.csv,5,3,resnet18,all,C4,PPV at 95% Specificity,0.9831932773109244
/scratchc/nrlab/wang04/ulyses_results_iteration/iteration_3_merge_below_3/cnn_model/cnn14/plasma_tp1_0.1x_model_C4/roc_curve_resnet18_tf_0_1/nested_cv_random/resnet18/repeat_10_fold_5_metrics.csv,5,3,resnet18,all,C4,Accuracy at 95% Specificity,0.7876365379804886
/scratchc/nrlab/wang04/ulyses_results_iteration/iteration_3_merge_below_3/cnn_model/cnn14/plasma_tp1_0.1x_model_C4/roc_curve_resnet18_tf_0_1/nested_cv_random/resnet18/repeat_10_fold_5_metrics.csv,5,3,resnet18,all,C4,F1 at 95% Specificity,0.785234899328859
/scratchc/nrlab/wang04/ulyses_results_iteration/iteration_3_merge_below_3/cnn_model/cnn14/plasma_tp1_0.1x_model_C4/roc_curve_resnet18_tf_0_1/nested_cv_random/resnet18/repeat_10_fold_5_metrics.csv,5,4,resnet18,all,C4,AUROC,0.9365173288250211
/scratchc/nrlab/wang04/ulyses_results_iteration/iteration_3_merge_below_3/cnn_model/cnn14/plasma_tp1_0.1x_model_C4/roc_curve_resnet18_tf_0_1/nested_cv_random/resnet18/repeat_10_fold_5_metrics.csv,5,4,resnet18,all,C4,AUPRC,0.9774829206810164
/scratchc/nrlab/wang04/ulyses_results_iteration/iteration_3_merge_below_3/cnn_model/cnn14/plasma_tp1_0.1x_model_C4/roc_curve_resnet18_tf_0_1/nested_cv_random/resnet18/repeat_10_fold_5_metrics.csv,5,4,resnet18,all,C4,Sensitivity at 99% Specificity,0.6043956043956044
/scratchc/nrlab/wang04/ulyses_results_iteration/iteration_3_merge_below_3/cnn_model/cnn14/plasma_tp1_0.1x_model_C4/roc_curve_resnet18_tf_0_1/nested_cv_random/resnet18/repeat_10_fold_5_metrics.csv,5,4,resnet18,all,C4,PPV at 99% Specificity,1
/scratchc/nrlab/wang04/ulyses_results_iteration/iteration_3_merge_below_3/cnn_model/cnn14/plasma_tp1_0.1x_model_C4/roc_curve_resnet18_tf_0_1/nested_cv_random/resnet18/repeat_10_fold_5_metrics.csv,5,4,resnet18,all,C4,Accuracy at 99% Specificity,0.7971978021978021
/scratchc/nrlab/wang04/ulyses_results_iteration/iteration_3_merge_below_3/cnn_model/cnn14/plasma_tp1_0.1x_model_C4/roc_curve_resnet18_tf_0_1/nested_cv_random/resnet18/repeat_10_fold_5_metrics.csv,5,4,resnet18,all,C4,F1 at 99% Specificity,0.7534246575342466
/scratchc/nrlab/wang04/ulyses_results_iteration/iteration_3_merge_below_3/cnn_model/cnn14/plasma_tp1_0.1x_model_C4/roc_curve_resnet18_tf_0_1/nested_cv_random/resnet18/repeat_10_fold_5_metrics.csv,5,4,resnet18,all,C4,Sensitivity at 98% Specificity,0.6043956043956044
/scratchc/nrlab/wang04/ulyses_results_iteration/iteration_3_merge_below_3/cnn_model/cnn14/plasma_tp1_0.1x_model_C4/roc_curve_resnet18_tf_0_1/nested_cv_random/resnet18/repeat_10_fold_5_metrics.csv,5,4,resnet18,all,C4,PPV at 98% Specificity,1
/scratchc/nrlab/wang04/ulyses_results_iteration/iteration_3_merge_below_3/cnn_model/cnn14/plasma_tp1_0.1x_model_C4/roc_curve_resnet18_tf_0_1/nested_cv_random/resnet18/repeat_10_fold_5_metrics.csv,5,4,resnet18,all,C4,Accuracy at 98% Specificity,0.7921978021978022
/scratchc/nrlab/wang04/ulyses_results_iteration/iteration_3_merge_below_3/cnn_model/cnn14/plasma_tp1_0.1x_model_C4/roc_curve_resnet18_tf_0_1/nested_cv_random/resnet18/repeat_10_fold_5_metrics.csv,5,4,resnet18,all,C4,F1 at 98% Specificity,0.7534246575342466
/scratchc/nrlab/wang04/ulyses_results_iteration/iteration_3_merge_below_3/cnn_model/cnn14/plasma_tp1_0.1x_model_C4/roc_curve_resnet18_tf_0_1/nested_cv_random/resnet18/repeat_10_fold_5_metrics.csv,5,4,resnet18,all,C4,Sensitivity at 95% Specificity,0.6758241758241759
/scratchc/nrlab/wang04/ulyses_results_iteration/iteration_3_merge_below_3/cnn_model/cnn14/plasma_tp1_0.1x_model_C4/roc_curve_resnet18_tf_0_1/nested_cv_random/resnet18/repeat_10_fold_5_metrics.csv,5,4,resnet18,all,C4,PPV at 95% Specificity,0.984
/scratchc/nrlab/wang04/ulyses_results_iteration/iteration_3_merge_below_3/cnn_model/cnn14/plasma_tp1_0.1x_model_C4/roc_curve_resnet18_tf_0_1/nested_cv_random/resnet18/repeat_10_fold_5_metrics.csv,5,4,resnet18,all,C4,Accuracy at 95% Specificity,0.7982967032967032
/scratchc/nrlab/wang04/ulyses_results_iteration/iteration_3_merge_below_3/cnn_model/cnn14/plasma_tp1_0.1x_model_C4/roc_curve_resnet18_tf_0_1/nested_cv_random/resnet18/repeat_10_fold_5_metrics.csv,5,4,resnet18,all,C4,F1 at 95% Specificity,0.8013029315960912
/scratchc/nrlab/wang04/ulyses_results_iteration/iteration_3_merge_below_3/cnn_model/cnn14/plasma_tp1_0.1x_model_C4/roc_curve_resnet18_tf_0_1/nested_cv_random/resnet18/repeat_10_fold_5_metrics.csv,5,5,resnet18,all,C4,AUROC,0.892433110367893
/scratchc/nrlab/wang04/ulyses_results_iteration/iteration_3_merge_below_3/cnn_model/cnn14/plasma_tp1_0.1x_model_C4/roc_curve_resnet18_tf_0_1/nested_cv_random/resnet18/repeat_10_fold_5_metrics.csv,5,5,resnet18,all,C4,AUPRC,0.9520161225989412
/scratchc/nrlab/wang04/ulyses_results_iteration/iteration_3_merge_below_3/cnn_model/cnn14/plasma_tp1_0.1x_model_C4/roc_curve_resnet18_tf_0_1/nested_cv_random/resnet18/repeat_10_fold_5_metrics.csv,5,5,resnet18,all,C4,Sensitivity at 99% Specificity,0.1032608695652174
/scratchc/nrlab/wang04/ulyses_results_iteration/iteration_3_merge_below_3/cnn_model/cnn14/plasma_tp1_0.1x_model_C4/roc_curve_resnet18_tf_0_1/nested_cv_random/resnet18/repeat_10_fold_5_metrics.csv,5,5,resnet18,all,C4,PPV at 99% Specificity,1
/scratchc/nrlab/wang04/ulyses_results_iteration/iteration_3_merge_below_3/cnn_model/cnn14/plasma_tp1_0.1x_model_C4/roc_curve_resnet18_tf_0_1/nested_cv_random/resnet18/repeat_10_fold_5_metrics.csv,5,5,resnet18,all,C4,Accuracy at 99% Specificity,0.5439130434782609
/scratchc/nrlab/wang04/ulyses_results_iteration/iteration_3_merge_below_3/cnn_model/cnn14/plasma_tp1_0.1x_model_C4/roc_curve_resnet18_tf_0_1/nested_cv_random/resnet18/repeat_10_fold_5_metrics.csv,5,5,resnet18,all,C4,F1 at 99% Specificity,0.1782178217821782
/scratchc/nrlab/wang04/ulyses_results_iteration/iteration_3_merge_below_3/cnn_model/cnn14/plasma_tp1_0.1x_model_C4/roc_curve_resnet18_tf_0_1/nested_cv_random/resnet18/repeat_10_fold_5_metrics.csv,5,5,resnet18,all,C4,Sensitivity at 98% Specificity,0.1032608695652174
/scratchc/nrlab/wang04/ulyses_results_iteration/iteration_3_merge_below_3/cnn_model/cnn14/plasma_tp1_0.1x_model_C4/roc_curve_resnet18_tf_0_1/nested_cv_random/resnet18/repeat_10_fold_5_metrics.csv,5,5,resnet18,all,C4,PPV at 98% Specificity,1
/scratchc/nrlab/wang04/ulyses_results_iteration/iteration_3_merge_below_3/cnn_model/cnn14/plasma_tp1_0.1x_model_C4/roc_curve_resnet18_tf_0_1/nested_cv_random/resnet18/repeat_10_fold_5_metrics.csv,5,5,resnet18,all,C4,Accuracy at 98% Specificity,0.5389130434782609
/scratchc/nrlab/wang04/ulyses_results_iteration/iteration_3_merge_below_3/cnn_model/cnn14/plasma_tp1_0.1x_model_C4/roc_curve_resnet18_tf_0_1/nested_cv_random/resnet18/repeat_10_fold_5_metrics.csv,5,5,resnet18,all,C4,F1 at 98% Specificity,0.1782178217821782
/scratchc/nrlab/wang04/ulyses_results_iteration/iteration_3_merge_below_3/cnn_model/cnn14/plasma_tp1_0.1x_model_C4/roc_curve_resnet18_tf_0_1/nested_cv_random/resnet18/repeat_10_fold_5_metrics.csv,5,5,resnet18,all,C4,Sensitivity at 95% Specificity,0.5163043478260869
/scratchc/nrlab/wang04/ulyses_results_iteration/iteration_3_merge_below_3/cnn_model/cnn14/plasma_tp1_0.1x_model_C4/roc_curve_resnet18_tf_0_1/nested_cv_random/resnet18/repeat_10_fold_5_metrics.csv,5,5,resnet18,all,C4,PPV at 95% Specificity,0.979381443298969
/scratchc/nrlab/wang04/ulyses_results_iteration/iteration_3_merge_below_3/cnn_model/cnn14/plasma_tp1_0.1x_model_C4/roc_curve_resnet18_tf_0_1/nested_cv_random/resnet18/repeat_10_fold_5_metrics.csv,5,5,resnet18,all,C4,Accuracy at 95% Specificity,0.7185367892976589
/scratchc/nrlab/wang04/ulyses_results_iteration/iteration_3_merge_below_3/cnn_model/cnn14/plasma_tp1_0.1x_model_C4/roc_curve_resnet18_tf_0_1/nested_cv_random/resnet18/repeat_10_fold_5_metrics.csv,5,5,resnet18,all,C4,F1 at 95% Specificity,0.6761565836298933
/scratchc/nrlab/wang04/ulyses_results_iteration/iteration_3_merge_below_3/cnn_model/cnn14/plasma_tp1_0.1x_model_C4/roc_curve_resnet18_tf_0_1/nested_cv_random/resnet18/repeat_10_fold_5_metrics.csv,6,1,resnet18,all,C4,AUROC,0.9385671385671386
/scratchc/nrlab/wang04/ulyses_results_iteration/iteration_3_merge_below_3/cnn_model/cnn14/plasma_tp1_0.1x_model_C4/roc_curve_resnet18_tf_0_1/nested_cv_random/resnet18/repeat_10_fold_5_metrics.csv,6,1,resnet18,all,C4,AUPRC,0.980191568170474
/scratchc/nrlab/wang04/ulyses_results_iteration/iteration_3_merge_below_3/cnn_model/cnn14/plasma_tp1_0.1x_model_C4/roc_curve_resnet18_tf_0_1/nested_cv_random/resnet18/repeat_10_fold_5_metrics.csv,6,1,resnet18,all,C4,Sensitivity at 99% Specificity,0.6702702702702703
/scratchc/nrlab/wang04/ulyses_results_iteration/iteration_3_merge_below_3/cnn_model/cnn14/plasma_tp1_0.1x_model_C4/roc_curve_resnet18_tf_0_1/nested_cv_random/resnet18/repeat_10_fold_5_metrics.csv,6,1,resnet18,all,C4,PPV at 99% Specificity,1
/scratchc/nrlab/wang04/ulyses_results_iteration/iteration_3_merge_below_3/cnn_model/cnn14/plasma_tp1_0.1x_model_C4/roc_curve_resnet18_tf_0_1/nested_cv_random/resnet18/repeat_10_fold_5_metrics.csv,6,1,resnet18,all,C4,Accuracy at 99% Specificity,0.8301351351351351
/scratchc/nrlab/wang04/ulyses_results_iteration/iteration_3_merge_below_3/cnn_model/cnn14/plasma_tp1_0.1x_model_C4/roc_curve_resnet18_tf_0_1/nested_cv_random/resnet18/repeat_10_fold_5_metrics.csv,6,1,resnet18,all,C4,F1 at 99% Specificity,0.8025889967637541
/scratchc/nrlab/wang04/ulyses_results_iteration/iteration_3_merge_below_3/cnn_model/cnn14/plasma_tp1_0.1x_model_C4/roc_curve_resnet18_tf_0_1/nested_cv_random/resnet18/repeat_10_fold_5_metrics.csv,6,1,resnet18,all,C4,Sensitivity at 98% Specificity,0.6702702702702703
/scratchc/nrlab/wang04/ulyses_results_iteration/iteration_3_merge_below_3/cnn_model/cnn14/plasma_tp1_0.1x_model_C4/roc_curve_resnet18_tf_0_1/nested_cv_random/resnet18/repeat_10_fold_5_metrics.csv,6,1,resnet18,all,C4,PPV at 98% Specificity,1
/scratchc/nrlab/wang04/ulyses_results_iteration/iteration_3_merge_below_3/cnn_model/cnn14/plasma_tp1_0.1x_model_C4/roc_curve_resnet18_tf_0_1/nested_cv_random/resnet18/repeat_10_fold_5_metrics.csv,6,1,resnet18,all,C4,Accuracy at 98% Specificity,0.8251351351351351
/scratchc/nrlab/wang04/ulyses_results_iteration/iteration_3_merge_below_3/cnn_model/cnn14/plasma_tp1_0.1x_model_C4/roc_curve_resnet18_tf_0_1/nested_cv_random/resnet18/repeat_10_fold_5_metrics.csv,6,1,resnet18,all,C4,F1 at 98% Specificity,0.8025889967637541
/scratchc/nrlab/wang04/ulyses_results_iteration/iteration_3_merge_below_3/cnn_model/cnn14/plasma_tp1_0.1x_model_C4/roc_curve_resnet18_tf_0_1/nested_cv_random/resnet18/repeat_10_fold_5_metrics.csv,6,1,resnet18,all,C4,Sensitivity at 95% Specificity,0.772972972972973
/scratchc/nrlab/wang04/ulyses_results_iteration/iteration_3_merge_below_3/cnn_model/cnn14/plasma_tp1_0.1x_model_C4/roc_curve_resnet18_tf_0_1/nested_cv_random/resnet18/repeat_10_fold_5_metrics.csv,6,1,resnet18,all,C4,PPV at 95% Specificity,0.986206896551724
/scratchc/nrlab/wang04/ulyses_results_iteration/iteration_3_merge_below_3/cnn_model/cnn14/plasma_tp1_0.1x_model_C4/roc_curve_resnet18_tf_0_1/nested_cv_random/resnet18/repeat_10_fold_5_metrics.csv,6,1,resnet18,all,C4,Accuracy at 95% Specificity,0.8464071214071214
/scratchc/nrlab/wang04/ulyses_results_iteration/iteration_3_merge_below_3/cnn_model/cnn14/plasma_tp1_0.1x_model_C4/roc_curve_resnet18_tf_0_1/nested_cv_random/resnet18/repeat_10_fold_5_metrics.csv,6,1,resnet18,all,C4,F1 at 95% Specificity,0.8666666666666667
/scratchc/nrlab/wang04/ulyses_results_iteration/iteration_3_merge_below_3/cnn_model/cnn14/plasma_tp1_0.1x_model_C4/roc_curve_resnet18_tf_0_1/nested_cv_random/resnet18/repeat_10_fold_5_metrics.csv,6,2,resnet18,all,C4,AUROC,0.9333896872358408
/scratchc/nrlab/wang04/ulyses_results_iteration/iteration_3_merge_below_3/cnn_model/cnn14/plasma_tp1_0.1x_model_C4/roc_curve_resnet18_tf_0_1/nested_cv_random/resnet18/repeat_10_fold_5_metrics.csv,6,2,resnet18,all,C4,AUPRC,0.9760177185194768
/scratchc/nrlab/wang04/ulyses_results_iteration/iteration_3_merge_below_3/cnn_model/cnn14/plasma_tp1_0.1x_model_C4/roc_curve_resnet18_tf_0_1/nested_cv_random/resnet18/repeat_10_fold_5_metrics.csv,6,2,resnet18,all,C4,Sensitivity at 99% Specificity,0.510989010989011
/scratchc/nrlab/wang04/ulyses_results_iteration/iteration_3_merge_below_3/cnn_model/cnn14/plasma_tp1_0.1x_model_C4/roc_curve_resnet18_tf_0_1/nested_cv_random/resnet18/repeat_10_fold_5_metrics.csv,6,2,resnet18,all,C4,PPV at 99% Specificity,1
/scratchc/nrlab/wang04/ulyses_results_iteration/iteration_3_merge_below_3/cnn_model/cnn14/plasma_tp1_0.1x_model_C4/roc_curve_resnet18_tf_0_1/nested_cv_random/resnet18/repeat_10_fold_5_metrics.csv,6,2,resnet18,all,C4,Accuracy at 99% Specificity,0.7504945054945055
/scratchc/nrlab/wang04/ulyses_results_iteration/iteration_3_merge_below_3/cnn_model/cnn14/plasma_tp1_0.1x_model_C4/roc_curve_resnet18_tf_0_1/nested_cv_random/resnet18/repeat_10_fold_5_metrics.csv,6,2,resnet18,all,C4,F1 at 99% Specificity,0.6763636363636364
/scratchc/nrlab/wang04/ulyses_results_iteration/iteration_3_merge_below_3/cnn_model/cnn14/plasma_tp1_0.1x_model_C4/roc_curve_resnet18_tf_0_1/nested_cv_random/resnet18/repeat_10_fold_5_metrics.csv,6,2,resnet18,all,C4,Sensitivity at 98% Specificity,0.510989010989011
/scratchc/nrlab/wang04/ulyses_results_iteration/iteration_3_merge_below_3/cnn_model/cnn14/plasma_tp1_0.1x_model_C4/roc_curve_resnet18_tf_0_1/nested_cv_random/resnet18/repeat_10_fold_5_metrics.csv,6,2,resnet18,all,C4,PPV at 98% Specificity,1
/scratchc/nrlab/wang04/ulyses_results_iteration/iteration_3_merge_below_3/cnn_model/cnn14/plasma_tp1_0.1x_model_C4/roc_curve_resnet18_tf_0_1/nested_cv_random/resnet18/repeat_10_fold_5_metrics.csv,6,2,resnet18,all,C4,Accuracy at 98% Specificity,0.7454945054945055
/scratchc/nrlab/wang04/ulyses_results_iteration/iteration_3_merge_below_3/cnn_model/cnn14/plasma_tp1_0.1x_model_C4/roc_curve_resnet18_tf_0_1/nested_cv_random/resnet18/repeat_10_fold_5_metrics.csv,6,2,resnet18,all,C4,F1 at 98% Specificity,0.6763636363636364
/scratchc/nrlab/wang04/ulyses_results_iteration/iteration_3_merge_below_3/cnn_model/cnn14/plasma_tp1_0.1x_model_C4/roc_curve_resnet18_tf_0_1/nested_cv_random/resnet18/repeat_10_fold_5_metrics.csv,6,2,resnet18,all,C4,Sensitivity at 95% Specificity,0.7472527472527473
/scratchc/nrlab/wang04/ulyses_results_iteration/iteration_3_merge_below_3/cnn_model/cnn14/plasma_tp1_0.1x_model_C4/roc_curve_resnet18_tf_0_1/nested_cv_random/resnet18/repeat_10_fold_5_metrics.csv,6,2,resnet18,all,C4,PPV at 95% Specificity,0.9784172661870504
/scratchc/nrlab/wang04/ulyses_results_iteration/iteration_3_merge_below_3/cnn_model/cnn14/plasma_tp1_0.1x_model_C4/roc_curve_resnet18_tf_0_1/nested_cv_random/resnet18/repeat_10_fold_5_metrics.csv,6,2,resnet18,all,C4,Accuracy at 95% Specificity,0.8267032967032968
/scratchc/nrlab/wang04/ulyses_results_iteration/iteration_3_merge_below_3/cnn_model/cnn14/plasma_tp1_0.1x_model_C4/roc_curve_resnet18_tf_0_1/nested_cv_random/resnet18/repeat_10_fold_5_metrics.csv,6,2,resnet18,all,C4,F1 at 95% Specificity,0.8473520249221184
/scratchc/nrlab/wang04/ulyses_results_iteration/iteration_3_merge_below_3/cnn_model/cnn14/plasma_tp1_0.1x_model_C4/roc_curve_resnet18_tf_0_1/nested_cv_random/resnet18/repeat_10_fold_5_metrics.csv,6,3,resnet18,all,C4,AUROC,0.937719144460028
/scratchc/nrlab/wang04/ulyses_results_iteration/iteration_3_merge_below_3/cnn_model/cnn14/plasma_tp1_0.1x_model_C4/roc_curve_resnet18_tf_0_1/nested_cv_random/resnet18/repeat_10_fold_5_metrics.csv,6,3,resnet18,all,C4,AUPRC,0.9730779586913224
/scratchc/nrlab/wang04/ulyses_results_iteration/iteration_3_merge_below_3/cnn_model/cnn14/plasma_tp1_0.1x_model_C4/roc_curve_resnet18_tf_0_1/nested_cv_random/resnet18/repeat_10_fold_5_metrics.csv,6,3,resnet18,all,C4,Sensitivity at 99% Specificity,0.1358695652173913
/scratchc/nrlab/wang04/ulyses_results_iteration/iteration_3_merge_below_3/cnn_model/cnn14/plasma_tp1_0.1x_model_C4/roc_curve_resnet18_tf_0_1/nested_cv_random/resnet18/repeat_10_fold_5_metrics.csv,6,3,resnet18,all,C4,PPV at 99% Specificity,1
/scratchc/nrlab/wang04/ulyses_results_iteration/iteration_3_merge_below_3/cnn_model/cnn14/plasma_tp1_0.1x_model_C4/roc_curve_resnet18_tf_0_1/nested_cv_random/resnet18/repeat_10_fold_5_metrics.csv,6,3,resnet18,all,C4,Accuracy at 99% Specificity,0.5602173913043478
/scratchc/nrlab/wang04/ulyses_results_iteration/iteration_3_merge_below_3/cnn_model/cnn14/plasma_tp1_0.1x_model_C4/roc_curve_resnet18_tf_0_1/nested_cv_random/resnet18/repeat_10_fold_5_metrics.csv,6,3,resnet18,all,C4,F1 at 99% Specificity,0.2307692307692308
/scratchc/nrlab/wang04/ulyses_results_iteration/iteration_3_merge_below_3/cnn_model/cnn14/plasma_tp1_0.1x_model_C4/roc_curve_resnet18_tf_0_1/nested_cv_random/resnet18/repeat_10_fold_5_metrics.csv,6,3,resnet18,all,C4,Sensitivity at 98% Specificity,0.1358695652173913
/scratchc/nrlab/wang04/ulyses_results_iteration/iteration_3_merge_below_3/cnn_model/cnn14/plasma_tp1_0.1x_model_C4/roc_curve_resnet18_tf_0_1/nested_cv_random/resnet18/repeat_10_fold_5_metrics.csv,6,3,resnet18,all,C4,PPV at 98% Specificity,1
/scratchc/nrlab/wang04/ulyses_results_iteration/iteration_3_merge_below_3/cnn_model/cnn14/plasma_tp1_0.1x_model_C4/roc_curve_resnet18_tf_0_1/nested_cv_random/resnet18/repeat_10_fold_5_metrics.csv,6,3,resnet18,all,C4,Accuracy at 98% Specificity,0.5552173913043478
/scratchc/nrlab/wang04/ulyses_results_iteration/iteration_3_merge_below_3/cnn_model/cnn14/plasma_tp1_0.1x_model_C4/roc_curve_resnet18_tf_0_1/nested_cv_random/resnet18/repeat_10_fold_5_metrics.csv,6,3,resnet18,all,C4,F1 at 98% Specificity,0.2307692307692308
/scratchc/nrlab/wang04/ulyses_results_iteration/iteration_3_merge_below_3/cnn_model/cnn14/plasma_tp1_0.1x_model_C4/roc_curve_resnet18_tf_0_1/nested_cv_random/resnet18/repeat_10_fold_5_metrics.csv,6,3,resnet18,all,C4,Sensitivity at 95% Specificity,0.6630434782608695
/scratchc/nrlab/wang04/ulyses_results_iteration/iteration_3_merge_below_3/cnn_model/cnn14/plasma_tp1_0.1x_model_C4/roc_curve_resnet18_tf_0_1/nested_cv_random/resnet18/repeat_10_fold_5_metrics.csv,6,3,resnet18,all,C4,PPV at 95% Specificity,0.9838709677419356
/scratchc/nrlab/wang04/ulyses_results_iteration/iteration_3_merge_below_3/cnn_model/cnn14/plasma_tp1_0.1x_model_C4/roc_curve_resnet18_tf_0_1/nested_cv_random/resnet18/repeat_10_fold_5_metrics.csv,6,3,resnet18,all,C4,Accuracy at 95% Specificity,0.7911991584852734
/scratchc/nrlab/wang04/ulyses_results_iteration/iteration_3_merge_below_3/cnn_model/cnn14/plasma_tp1_0.1x_model_C4/roc_curve_resnet18_tf_0_1/nested_cv_random/resnet18/repeat_10_fold_5_metrics.csv,6,3,resnet18,all,C4,F1 at 95% Specificity,0.7922077922077922
/scratchc/nrlab/wang04/ulyses_results_iteration/iteration_3_merge_below_3/cnn_model/cnn14/plasma_tp1_0.1x_model_C4/roc_curve_resnet18_tf_0_1/nested_cv_random/resnet18/repeat_10_fold_5_metrics.csv,6,4,resnet18,all,C4,AUROC,0.9122521936951576
/scratchc/nrlab/wang04/ulyses_results_iteration/iteration_3_merge_below_3/cnn_model/cnn14/plasma_tp1_0.1x_model_C4/roc_curve_resnet18_tf_0_1/nested_cv_random/resnet18/repeat_10_fold_5_metrics.csv,6,4,resnet18,all,C4,AUPRC,0.9691650364605362
/scratchc/nrlab/wang04/ulyses_results_iteration/iteration_3_merge_below_3/cnn_model/cnn14/plasma_tp1_0.1x_model_C4/roc_curve_resnet18_tf_0_1/nested_cv_random/resnet18/repeat_10_fold_5_metrics.csv,6,4,resnet18,all,C4,Sensitivity at 99% Specificity,0.6022099447513812
/scratchc/nrlab/wang04/ulyses_results_iteration/iteration_3_merge_below_3/cnn_model/cnn14/plasma_tp1_0.1x_model_C4/roc_curve_resnet18_tf_0_1/nested_cv_random/resnet18/repeat_10_fold_5_metrics.csv,6,4,resnet18,all,C4,PPV at 99% Specificity,1
/scratchc/nrlab/wang04/ulyses_results_iteration/iteration_3_merge_below_3/cnn_model/cnn14/plasma_tp1_0.1x_model_C4/roc_curve_resnet18_tf_0_1/nested_cv_random/resnet18/repeat_10_fold_5_metrics.csv,6,4,resnet18,all,C4,Accuracy at 99% Specificity,0.7961049723756906
/scratchc/nrlab/wang04/ulyses_results_iteration/iteration_3_merge_below_3/cnn_model/cnn14/plasma_tp1_0.1x_model_C4/roc_curve_resnet18_tf_0_1/nested_cv_random/resnet18/repeat_10_fold_5_metrics.csv,6,4,resnet18,all,C4,F1 at 99% Specificity,0.7517241379310344
/scratchc/nrlab/wang04/ulyses_results_iteration/iteration_3_merge_below_3/cnn_model/cnn14/plasma_tp1_0.1x_model_C4/roc_curve_resnet18_tf_0_1/nested_cv_random/resnet18/repeat_10_fold_5_metrics.csv,6,4,resnet18,all,C4,Sensitivity at 98% Specificity,0.6022099447513812
/scratchc/nrlab/wang04/ulyses_results_iteration/iteration_3_merge_below_3/cnn_model/cnn14/plasma_tp1_0.1x_model_C4/roc_curve_resnet18_tf_0_1/nested_cv_random/resnet18/repeat_10_fold_5_metrics.csv,6,4,resnet18,all,C4,PPV at 98% Specificity,1
/scratchc/nrlab/wang04/ulyses_results_iteration/iteration_3_merge_below_3/cnn_model/cnn14/plasma_tp1_0.1x_model_C4/roc_curve_resnet18_tf_0_1/nested_cv_random/resnet18/repeat_10_fold_5_metrics.csv,6,4,resnet18,all,C4,Accuracy at 98% Specificity,0.7911049723756907
/scratchc/nrlab/wang04/ulyses_results_iteration/iteration_3_merge_below_3/cnn_model/cnn14/plasma_tp1_0.1x_model_C4/roc_curve_resnet18_tf_0_1/nested_cv_random/resnet18/repeat_10_fold_5_metrics.csv,6,4,resnet18,all,C4,F1 at 98% Specificity,0.7517241379310344
/scratchc/nrlab/wang04/ulyses_results_iteration/iteration_3_merge_below_3/cnn_model/cnn14/plasma_tp1_0.1x_model_C4/roc_curve_resnet18_tf_0_1/nested_cv_random/resnet18/repeat_10_fold_5_metrics.csv,6,4,resnet18,all,C4,Sensitivity at 95% Specificity,0.6685082872928176
/scratchc/nrlab/wang04/ulyses_results_iteration/iteration_3_merge_below_3/cnn_model/cnn14/plasma_tp1_0.1x_model_C4/roc_curve_resnet18_tf_0_1/nested_cv_random/resnet18/repeat_10_fold_5_metrics.csv,6,4,resnet18,all,C4,PPV at 95% Specificity,0.983739837398374
/scratchc/nrlab/wang04/ulyses_results_iteration/iteration_3_merge_below_3/cnn_model/cnn14/plasma_tp1_0.1x_model_C4/roc_curve_resnet18_tf_0_1/nested_cv_random/resnet18/repeat_10_fold_5_metrics.csv,6,4,resnet18,all,C4,Accuracy at 95% Specificity,0.7952835554111146
/scratchc/nrlab/wang04/ulyses_results_iteration/iteration_3_merge_below_3/cnn_model/cnn14/plasma_tp1_0.1x_model_C4/roc_curve_resnet18_tf_0_1/nested_cv_random/resnet18/repeat_10_fold_5_metrics.csv,6,4,resnet18,all,C4,F1 at 95% Specificity,0.7960526315789473
/scratchc/nrlab/wang04/ulyses_results_iteration/iteration_3_merge_below_3/cnn_model/cnn14/plasma_tp1_0.1x_model_C4/roc_curve_resnet18_tf_0_1/nested_cv_random/resnet18/repeat_10_fold_5_metrics.csv,6,5,resnet18,all,C4,AUROC,0.8817578772802653
/scratchc/nrlab/wang04/ulyses_results_iteration/iteration_3_merge_below_3/cnn_model/cnn14/plasma_tp1_0.1x_model_C4/roc_curve_resnet18_tf_0_1/nested_cv_random/resnet18/repeat_10_fold_5_metrics.csv,6,5,resnet18,all,C4,AUPRC,0.9546564851486808
/scratchc/nrlab/wang04/ulyses_results_iteration/iteration_3_merge_below_3/cnn_model/cnn14/plasma_tp1_0.1x_model_C4/roc_curve_resnet18_tf_0_1/nested_cv_random/resnet18/repeat_10_fold_5_metrics.csv,6,5,resnet18,all,C4,Sensitivity at 99% Specificity,0.3111111111111111
/scratchc/nrlab/wang04/ulyses_results_iteration/iteration_3_merge_below_3/cnn_model/cnn14/plasma_tp1_0.1x_model_C4/roc_curve_resnet18_tf_0_1/nested_cv_random/resnet18/repeat_10_fold_5_metrics.csv,6,5,resnet18,all,C4,PPV at 99% Specificity,1
/scratchc/nrlab/wang04/ulyses_results_iteration/iteration_3_merge_below_3/cnn_model/cnn14/plasma_tp1_0.1x_model_C4/roc_curve_resnet18_tf_0_1/nested_cv_random/resnet18/repeat_10_fold_5_metrics.csv,6,5,resnet18,all,C4,Accuracy at 99% Specificity,0.6505555555555556
/scratchc/nrlab/wang04/ulyses_results_iteration/iteration_3_merge_below_3/cnn_model/cnn14/plasma_tp1_0.1x_model_C4/roc_curve_resnet18_tf_0_1/nested_cv_random/resnet18/repeat_10_fold_5_metrics.csv,6,5,resnet18,all,C4,F1 at 99% Specificity,0.4745762711864407
/scratchc/nrlab/wang04/ulyses_results_iteration/iteration_3_merge_below_3/cnn_model/cnn14/plasma_tp1_0.1x_model_C4/roc_curve_resnet18_tf_0_1/nested_cv_random/resnet18/repeat_10_fold_5_metrics.csv,6,5,resnet18,all,C4,Sensitivity at 98% Specificity,0.3111111111111111
/scratchc/nrlab/wang04/ulyses_results_iteration/iteration_3_merge_below_3/cnn_model/cnn14/plasma_tp1_0.1x_model_C4/roc_curve_resnet18_tf_0_1/nested_cv_random/resnet18/repeat_10_fold_5_metrics.csv,6,5,resnet18,all,C4,PPV at 98% Specificity,1
/scratchc/nrlab/wang04/ulyses_results_iteration/iteration_3_merge_below_3/cnn_model/cnn14/plasma_tp1_0.1x_model_C4/roc_curve_resnet18_tf_0_1/nested_cv_random/resnet18/repeat_10_fold_5_metrics.csv,6,5,resnet18,all,C4,Accuracy at 98% Specificity,0.6455555555555555
/scratchc/nrlab/wang04/ulyses_results_iteration/iteration_3_merge_below_3/cnn_model/cnn14/plasma_tp1_0.1x_model_C4/roc_curve_resnet18_tf_0_1/nested_cv_random/resnet18/repeat_10_fold_5_metrics.csv,6,5,resnet18,all,C4,F1 at 98% Specificity,0.4745762711864407
/scratchc/nrlab/wang04/ulyses_results_iteration/iteration_3_merge_below_3/cnn_model/cnn14/plasma_tp1_0.1x_model_C4/roc_curve_resnet18_tf_0_1/nested_cv_random/resnet18/repeat_10_fold_5_metrics.csv,6,5,resnet18,all,C4,Sensitivity at 95% Specificity,0.5944444444444444
/scratchc/nrlab/wang04/ulyses_results_iteration/iteration_3_merge_below_3/cnn_model/cnn14/plasma_tp1_0.1x_model_C4/roc_curve_resnet18_tf_0_1/nested_cv_random/resnet18/repeat_10_fold_5_metrics.csv,6,5,resnet18,all,C4,PPV at 95% Specificity,0.981651376146789
/scratchc/nrlab/wang04/ulyses_results_iteration/iteration_3_merge_below_3/cnn_model/cnn14/plasma_tp1_0.1x_model_C4/roc_curve_resnet18_tf_0_1/nested_cv_random/resnet18/repeat_10_fold_5_metrics.csv,6,5,resnet18,all,C4,Accuracy at 95% Specificity,0.7580431177446103
/scratchc/nrlab/wang04/ulyses_results_iteration/iteration_3_merge_below_3/cnn_model/cnn14/plasma_tp1_0.1x_model_C4/roc_curve_resnet18_tf_0_1/nested_cv_random/resnet18/repeat_10_fold_5_metrics.csv,6,5,resnet18,all,C4,F1 at 95% Specificity,0.740484429065744
/scratchc/nrlab/wang04/ulyses_results_iteration/iteration_3_merge_below_3/cnn_model/cnn14/plasma_tp1_0.1x_model_C4/roc_curve_resnet18_tf_0_1/nested_cv_random/resnet18/repeat_10_fold_5_metrics.csv,7,1,resnet18,all,C4,AUROC,0.965846994535519
/scratchc/nrlab/wang04/ulyses_results_iteration/iteration_3_merge_below_3/cnn_model/cnn14/plasma_tp1_0.1x_model_C4/roc_curve_resnet18_tf_0_1/nested_cv_random/resnet18/repeat_10_fold_5_metrics.csv,7,1,resnet18,all,C4,AUPRC,0.9881240118662308
/scratchc/nrlab/wang04/ulyses_results_iteration/iteration_3_merge_below_3/cnn_model/cnn14/plasma_tp1_0.1x_model_C4/roc_curve_resnet18_tf_0_1/nested_cv_random/resnet18/repeat_10_fold_5_metrics.csv,7,1,resnet18,all,C4,Sensitivity at 99% Specificity,0.7049180327868853
/scratchc/nrlab/wang04/ulyses_results_iteration/iteration_3_merge_below_3/cnn_model/cnn14/plasma_tp1_0.1x_model_C4/roc_curve_resnet18_tf_0_1/nested_cv_random/resnet18/repeat_10_fold_5_metrics.csv,7,1,resnet18,all,C4,PPV at 99% Specificity,1
/scratchc/nrlab/wang04/ulyses_results_iteration/iteration_3_merge_below_3/cnn_model/cnn14/plasma_tp1_0.1x_model_C4/roc_curve_resnet18_tf_0_1/nested_cv_random/resnet18/repeat_10_fold_5_metrics.csv,7,1,resnet18,all,C4,Accuracy at 99% Specificity,0.8474590163934426
/scratchc/nrlab/wang04/ulyses_results_iteration/iteration_3_merge_below_3/cnn_model/cnn14/plasma_tp1_0.1x_model_C4/roc_curve_resnet18_tf_0_1/nested_cv_random/resnet18/repeat_10_fold_5_metrics.csv,7,1,resnet18,all,C4,F1 at 99% Specificity,0.8269230769230769
/scratchc/nrlab/wang04/ulyses_results_iteration/iteration_3_merge_below_3/cnn_model/cnn14/plasma_tp1_0.1x_model_C4/roc_curve_resnet18_tf_0_1/nested_cv_random/resnet18/repeat_10_fold_5_metrics.csv,7,1,resnet18,all,C4,Sensitivity at 98% Specificity,0.7049180327868853
/scratchc/nrlab/wang04/ulyses_results_iteration/iteration_3_merge_below_3/cnn_model/cnn14/plasma_tp1_0.1x_model_C4/roc_curve_resnet18_tf_0_1/nested_cv_random/resnet18/repeat_10_fold_5_metrics.csv,7,1,resnet18,all,C4,PPV at 98% Specificity,1
/scratchc/nrlab/wang04/ulyses_results_iteration/iteration_3_merge_below_3/cnn_model/cnn14/plasma_tp1_0.1x_model_C4/roc_curve_resnet18_tf_0_1/nested_cv_random/resnet18/repeat_10_fold_5_metrics.csv,7,1,resnet18,all,C4,Accuracy at 98% Specificity,0.8424590163934427
/scratchc/nrlab/wang04/ulyses_results_iteration/iteration_3_merge_below_3/cnn_model/cnn14/plasma_tp1_0.1x_model_C4/roc_curve_resnet18_tf_0_1/nested_cv_random/resnet18/repeat_10_fold_5_metrics.csv,7,1,resnet18,all,C4,F1 at 98% Specificity,0.8269230769230769
/scratchc/nrlab/wang04/ulyses_results_iteration/iteration_3_merge_below_3/cnn_model/cnn14/plasma_tp1_0.1x_model_C4/roc_curve_resnet18_tf_0_1/nested_cv_random/resnet18/repeat_10_fold_5_metrics.csv,7,1,resnet18,all,C4,Sensitivity at 95% Specificity,0.8032786885245902
/scratchc/nrlab/wang04/ulyses_results_iteration/iteration_3_merge_below_3/cnn_model/cnn14/plasma_tp1_0.1x_model_C4/roc_curve_resnet18_tf_0_1/nested_cv_random/resnet18/repeat_10_fold_5_metrics.csv,7,1,resnet18,all,C4,PPV at 95% Specificity,0.9932432432432432
/scratchc/nrlab/wang04/ulyses_results_iteration/iteration_3_merge_below_3/cnn_model/cnn14/plasma_tp1_0.1x_model_C4/roc_curve_resnet18_tf_0_1/nested_cv_random/resnet18/repeat_10_fold_5_metrics.csv,7,1,resnet18,all,C4,Accuracy at 95% Specificity,0.869217469262295
/scratchc/nrlab/wang04/ulyses_results_iteration/iteration_3_merge_below_3/cnn_model/cnn14/plasma_tp1_0.1x_model_C4/roc_curve_resnet18_tf_0_1/nested_cv_random/resnet18/repeat_10_fold_5_metrics.csv,7,1,resnet18,all,C4,F1 at 95% Specificity,0.8882175226586103
/scratchc/nrlab/wang04/ulyses_results_iteration/iteration_3_merge_below_3/cnn_model/cnn14/plasma_tp1_0.1x_model_C4/roc_curve_resnet18_tf_0_1/nested_cv_random/resnet18/repeat_10_fold_5_metrics.csv,7,2,resnet18,all,C4,AUROC,0.9469774590163934
/scratchc/nrlab/wang04/ulyses_results_iteration/iteration_3_merge_below_3/cnn_model/cnn14/plasma_tp1_0.1x_model_C4/roc_curve_resnet18_tf_0_1/nested_cv_random/resnet18/repeat_10_fold_5_metrics.csv,7,2,resnet18,all,C4,AUPRC,0.9822983260718932
/scratchc/nrlab/wang04/ulyses_results_iteration/iteration_3_merge_below_3/cnn_model/cnn14/plasma_tp1_0.1x_model_C4/roc_curve_resnet18_tf_0_1/nested_cv_random/resnet18/repeat_10_fold_5_metrics.csv,7,2,resnet18,all,C4,Sensitivity at 99% Specificity,0.6885245901639344
/scratchc/nrlab/wang04/ulyses_results_iteration/iteration_3_merge_below_3/cnn_model/cnn14/plasma_tp1_0.1x_model_C4/roc_curve_resnet18_tf_0_1/nested_cv_random/resnet18/repeat_10_fold_5_metrics.csv,7,2,resnet18,all,C4,PPV at 99% Specificity,1
/scratchc/nrlab/wang04/ulyses_results_iteration/iteration_3_merge_below_3/cnn_model/cnn14/plasma_tp1_0.1x_model_C4/roc_curve_resnet18_tf_0_1/nested_cv_random/resnet18/repeat_10_fold_5_metrics.csv,7,2,resnet18,all,C4,Accuracy at 99% Specificity,0.8392622950819673
/scratchc/nrlab/wang04/ulyses_results_iteration/iteration_3_merge_below_3/cnn_model/cnn14/plasma_tp1_0.1x_model_C4/roc_curve_resnet18_tf_0_1/nested_cv_random/resnet18/repeat_10_fold_5_metrics.csv,7,2,resnet18,all,C4,F1 at 99% Specificity,0.8155339805825242
/scratchc/nrlab/wang04/ulyses_results_iteration/iteration_3_merge_below_3/cnn_model/cnn14/plasma_tp1_0.1x_model_C4/roc_curve_resnet18_tf_0_1/nested_cv_random/resnet18/repeat_10_fold_5_metrics.csv,7,2,resnet18,all,C4,Sensitivity at 98% Specificity,0.6885245901639344
/scratchc/nrlab/wang04/ulyses_results_iteration/iteration_3_merge_below_3/cnn_model/cnn14/plasma_tp1_0.1x_model_C4/roc_curve_resnet18_tf_0_1/nested_cv_random/resnet18/repeat_10_fold_5_metrics.csv,7,2,resnet18,all,C4,PPV at 98% Specificity,1
/scratchc/nrlab/wang04/ulyses_results_iteration/iteration_3_merge_below_3/cnn_model/cnn14/plasma_tp1_0.1x_model_C4/roc_curve_resnet18_tf_0_1/nested_cv_random/resnet18/repeat_10_fold_5_metrics.csv,7,2,resnet18,all,C4,Accuracy at 98% Specificity,0.8342622950819671
/scratchc/nrlab/wang04/ulyses_results_iteration/iteration_3_merge_below_3/cnn_model/cnn14/plasma_tp1_0.1x_model_C4/roc_curve_resnet18_tf_0_1/nested_cv_random/resnet18/repeat_10_fold_5_metrics.csv,7,2,resnet18,all,C4,F1 at 98% Specificity,0.8155339805825242
/scratchc/nrlab/wang04/ulyses_results_iteration/iteration_3_merge_below_3/cnn_model/cnn14/plasma_tp1_0.1x_model_C4/roc_curve_resnet18_tf_0_1/nested_cv_random/resnet18/repeat_10_fold_5_metrics.csv,7,2,resnet18,all,C4,Sensitivity at 95% Specificity,0.7704918032786885
/scratchc/nrlab/wang04/ulyses_results_iteration/iteration_3_merge_below_3/cnn_model/cnn14/plasma_tp1_0.1x_model_C4/roc_curve_resnet18_tf_0_1/nested_cv_random/resnet18/repeat_10_fold_5_metrics.csv,7,2,resnet18,all,C4,PPV at 95% Specificity,0.986013986013986
/scratchc/nrlab/wang04/ulyses_results_iteration/iteration_3_merge_below_3/cnn_model/cnn14/plasma_tp1_0.1x_model_C4/roc_curve_resnet18_tf_0_1/nested_cv_random/resnet18/repeat_10_fold_5_metrics.csv,7,2,resnet18,all,C4,Accuracy at 95% Specificity,0.8454021516393442
/scratchc/nrlab/wang04/ulyses_results_iteration/iteration_3_merge_below_3/cnn_model/cnn14/plasma_tp1_0.1x_model_C4/roc_curve_resnet18_tf_0_1/nested_cv_random/resnet18/repeat_10_fold_5_metrics.csv,7,2,resnet18,all,C4,F1 at 95% Specificity,0.8650306748466258
/scratchc/nrlab/wang04/ulyses_results_iteration/iteration_3_merge_below_3/cnn_model/cnn14/plasma_tp1_0.1x_model_C4/roc_curve_resnet18_tf_0_1/nested_cv_random/resnet18/repeat_10_fold_5_metrics.csv,7,3,resnet18,all,C4,AUROC,0.9233186141304348
/scratchc/nrlab/wang04/ulyses_results_iteration/iteration_3_merge_below_3/cnn_model/cnn14/plasma_tp1_0.1x_model_C4/roc_curve_resnet18_tf_0_1/nested_cv_random/resnet18/repeat_10_fold_5_metrics.csv,7,3,resnet18,all,C4,AUPRC,0.9728884775671564
/scratchc/nrlab/wang04/ulyses_results_iteration/iteration_3_merge_below_3/cnn_model/cnn14/plasma_tp1_0.1x_model_C4/roc_curve_resnet18_tf_0_1/nested_cv_random/resnet18/repeat_10_fold_5_metrics.csv,7,3,resnet18,all,C4,Sensitivity at 99% Specificity,0.5869565217391305
/scratchc/nrlab/wang04/ulyses_results_iteration/iteration_3_merge_below_3/cnn_model/cnn14/plasma_tp1_0.1x_model_C4/roc_curve_resnet18_tf_0_1/nested_cv_random/resnet18/repeat_10_fold_5_metrics.csv,7,3,resnet18,all,C4,PPV at 99% Specificity,1
/scratchc/nrlab/wang04/ulyses_results_iteration/iteration_3_merge_below_3/cnn_model/cnn14/plasma_tp1_0.1x_model_C4/roc_curve_resnet18_tf_0_1/nested_cv_random/resnet18/repeat_10_fold_5_metrics.csv,7,3,resnet18,all,C4,Accuracy at 99% Specificity,0.7884782608695653
/scratchc/nrlab/wang04/ulyses_results_iteration/iteration_3_merge_below_3/cnn_model/cnn14/plasma_tp1_0.1x_model_C4/roc_curve_resnet18_tf_0_1/nested_cv_random/resnet18/repeat_10_fold_5_metrics.csv,7,3,resnet18,all,C4,F1 at 99% Specificity,0.7397260273972602
/scratchc/nrlab/wang04/ulyses_results_iteration/iteration_3_merge_below_3/cnn_model/cnn14/plasma_tp1_0.1x_model_C4/roc_curve_resnet18_tf_0_1/nested_cv_random/resnet18/repeat_10_fold_5_metrics.csv,7,3,resnet18,all,C4,Sensitivity at 98% Specificity,0.5869565217391305
/scratchc/nrlab/wang04/ulyses_results_iteration/iteration_3_merge_below_3/cnn_model/cnn14/plasma_tp1_0.1x_model_C4/roc_curve_resnet18_tf_0_1/nested_cv_random/resnet18/repeat_10_fold_5_metrics.csv,7,3,resnet18,all,C4,PPV at 98% Specificity,1
/scratchc/nrlab/wang04/ulyses_results_iteration/iteration_3_merge_below_3/cnn_model/cnn14/plasma_tp1_0.1x_model_C4/roc_curve_resnet18_tf_0_1/nested_cv_random/resnet18/repeat_10_fold_5_metrics.csv,7,3,resnet18,all,C4,Accuracy at 98% Specificity,0.7834782608695652
/scratchc/nrlab/wang04/ulyses_results_iteration/iteration_3_merge_below_3/cnn_model/cnn14/plasma_tp1_0.1x_model_C4/roc_curve_resnet18_tf_0_1/nested_cv_random/resnet18/repeat_10_fold_5_metrics.csv,7,3,resnet18,all,C4,F1 at 98% Specificity,0.7397260273972602
/scratchc/nrlab/wang04/ulyses_results_iteration/iteration_3_merge_below_3/cnn_model/cnn14/plasma_tp1_0.1x_model_C4/roc_curve_resnet18_tf_0_1/nested_cv_random/resnet18/repeat_10_fold_5_metrics.csv,7,3,resnet18,all,C4,Sensitivity at 95% Specificity,0.657608695652174
/scratchc/nrlab/wang04/ulyses_results_iteration/iteration_3_merge_below_3/cnn_model/cnn14/plasma_tp1_0.1x_model_C4/roc_curve_resnet18_tf_0_1/nested_cv_random/resnet18/repeat_10_fold_5_metrics.csv,7,3,resnet18,all,C4,PPV at 95% Specificity,0.983739837398374
/scratchc/nrlab/wang04/ulyses_results_iteration/iteration_3_merge_below_3/cnn_model/cnn14/plasma_tp1_0.1x_model_C4/roc_curve_resnet18_tf_0_1/nested_cv_random/resnet18/repeat_10_fold_5_metrics.csv,7,3,resnet18,all,C4,Accuracy at 95% Specificity,0.788960597826087
/scratchc/nrlab/wang04/ulyses_results_iteration/iteration_3_merge_below_3/cnn_model/cnn14/plasma_tp1_0.1x_model_C4/roc_curve_resnet18_tf_0_1/nested_cv_random/resnet18/repeat_10_fold_5_metrics.csv,7,3,resnet18,all,C4,F1 at 95% Specificity,0.7882736156351792
/scratchc/nrlab/wang04/ulyses_results_iteration/iteration_3_merge_below_3/cnn_model/cnn14/plasma_tp1_0.1x_model_C4/roc_curve_resnet18_tf_0_1/nested_cv_random/resnet18/repeat_10_fold_5_metrics.csv,7,4,resnet18,all,C4,AUROC,0.9344438030840272
/scratchc/nrlab/wang04/ulyses_results_iteration/iteration_3_merge_below_3/cnn_model/cnn14/plasma_tp1_0.1x_model_C4/roc_curve_resnet18_tf_0_1/nested_cv_random/resnet18/repeat_10_fold_5_metrics.csv,7,4,resnet18,all,C4,AUPRC,0.9758041640899342
/scratchc/nrlab/wang04/ulyses_results_iteration/iteration_3_merge_below_3/cnn_model/cnn14/plasma_tp1_0.1x_model_C4/roc_curve_resnet18_tf_0_1/nested_cv_random/resnet18/repeat_10_fold_5_metrics.csv,7,4,resnet18,all,C4,Sensitivity at 99% Specificity,0.5138121546961326
/scratchc/nrlab/wang04/ulyses_results_iteration/iteration_3_merge_below_3/cnn_model/cnn14/plasma_tp1_0.1x_model_C4/roc_curve_resnet18_tf_0_1/nested_cv_random/resnet18/repeat_10_fold_5_metrics.csv,7,4,resnet18,all,C4,PPV at 99% Specificity,1
/scratchc/nrlab/wang04/ulyses_results_iteration/iteration_3_merge_below_3/cnn_model/cnn14/plasma_tp1_0.1x_model_C4/roc_curve_resnet18_tf_0_1/nested_cv_random/resnet18/repeat_10_fold_5_metrics.csv,7,4,resnet18,all,C4,Accuracy at 99% Specificity,0.7519060773480664
/scratchc/nrlab/wang04/ulyses_results_iteration/iteration_3_merge_below_3/cnn_model/cnn14/plasma_tp1_0.1x_model_C4/roc_curve_resnet18_tf_0_1/nested_cv_random/resnet18/repeat_10_fold_5_metrics.csv,7,4,resnet18,all,C4,F1 at 99% Specificity,0.6788321167883211
/scratchc/nrlab/wang04/ulyses_results_iteration/iteration_3_merge_below_3/cnn_model/cnn14/plasma_tp1_0.1x_model_C4/roc_curve_resnet18_tf_0_1/nested_cv_random/resnet18/repeat_10_fold_5_metrics.csv,7,4,resnet18,all,C4,Sensitivity at 98% Specificity,0.5138121546961326
/scratchc/nrlab/wang04/ulyses_results_iteration/iteration_3_merge_below_3/cnn_model/cnn14/plasma_tp1_0.1x_model_C4/roc_curve_resnet18_tf_0_1/nested_cv_random/resnet18/repeat_10_fold_5_metrics.csv,7,4,resnet18,all,C4,PPV at 98% Specificity,1
/scratchc/nrlab/wang04/ulyses_results_iteration/iteration_3_merge_below_3/cnn_model/cnn14/plasma_tp1_0.1x_model_C4/roc_curve_resnet18_tf_0_1/nested_cv_random/resnet18/repeat_10_fold_5_metrics.csv,7,4,resnet18,all,C4,Accuracy at 98% Specificity,0.7469060773480662
/scratchc/nrlab/wang04/ulyses_results_iteration/iteration_3_merge_below_3/cnn_model/cnn14/plasma_tp1_0.1x_model_C4/roc_curve_resnet18_tf_0_1/nested_cv_random/resnet18/repeat_10_fold_5_metrics.csv,7,4,resnet18,all,C4,F1 at 98% Specificity,0.6788321167883211
/scratchc/nrlab/wang04/ulyses_results_iteration/iteration_3_merge_below_3/cnn_model/cnn14/plasma_tp1_0.1x_model_C4/roc_curve_resnet18_tf_0_1/nested_cv_random/resnet18/repeat_10_fold_5_metrics.csv,7,4,resnet18,all,C4,Sensitivity at 95% Specificity,0.7624309392265194
/scratchc/nrlab/wang04/ulyses_results_iteration/iteration_3_merge_below_3/cnn_model/cnn14/plasma_tp1_0.1x_model_C4/roc_curve_resnet18_tf_0_1/nested_cv_random/resnet18/repeat_10_fold_5_metrics.csv,7,4,resnet18,all,C4,PPV at 95% Specificity,0.9857142857142858
/scratchc/nrlab/wang04/ulyses_results_iteration/iteration_3_merge_below_3/cnn_model/cnn14/plasma_tp1_0.1x_model_C4/roc_curve_resnet18_tf_0_1/nested_cv_random/resnet18/repeat_10_fold_5_metrics.csv,7,4,resnet18,all,C4,Accuracy at 95% Specificity,0.8420363651356477
/scratchc/nrlab/wang04/ulyses_results_iteration/iteration_3_merge_below_3/cnn_model/cnn14/plasma_tp1_0.1x_model_C4/roc_curve_resnet18_tf_0_1/nested_cv_random/resnet18/repeat_10_fold_5_metrics.csv,7,4,resnet18,all,C4,F1 at 95% Specificity,0.8598130841121495
/scratchc/nrlab/wang04/ulyses_results_iteration/iteration_3_merge_below_3/cnn_model/cnn14/plasma_tp1_0.1x_model_C4/roc_curve_resnet18_tf_0_1/nested_cv_random/resnet18/repeat_10_fold_5_metrics.csv,7,5,resnet18,all,C4,AUROC,0.932362297003181
/scratchc/nrlab/wang04/ulyses_results_iteration/iteration_3_merge_below_3/cnn_model/cnn14/plasma_tp1_0.1x_model_C4/roc_curve_resnet18_tf_0_1/nested_cv_random/resnet18/repeat_10_fold_5_metrics.csv,7,5,resnet18,all,C4,AUPRC,0.9721092879669596
/scratchc/nrlab/wang04/ulyses_results_iteration/iteration_3_merge_below_3/cnn_model/cnn14/plasma_tp1_0.1x_model_C4/roc_curve_resnet18_tf_0_1/nested_cv_random/resnet18/repeat_10_fold_5_metrics.csv,7,5,resnet18,all,C4,Sensitivity at 99% Specificity,0.30386740331491713
/scratchc/nrlab/wang04/ulyses_results_iteration/iteration_3_merge_below_3/cnn_model/cnn14/plasma_tp1_0.1x_model_C4/roc_curve_resnet18_tf_0_1/nested_cv_random/resnet18/repeat_10_fold_5_metrics.csv,7,5,resnet18,all,C4,PPV at 99% Specificity,1
/scratchc/nrlab/wang04/ulyses_results_iteration/iteration_3_merge_below_3/cnn_model/cnn14/plasma_tp1_0.1x_model_C4/roc_curve_resnet18_tf_0_1/nested_cv_random/resnet18/repeat_10_fold_5_metrics.csv,7,5,resnet18,all,C4,Accuracy at 99% Specificity,0.6469337016574586
/scratchc/nrlab/wang04/ulyses_results_iteration/iteration_3_merge_below_3/cnn_model/cnn14/plasma_tp1_0.1x_model_C4/roc_curve_resnet18_tf_0_1/nested_cv_random/resnet18/repeat_10_fold_5_metrics.csv,7,5,resnet18,all,C4,F1 at 99% Specificity,0.4661016949152542
/scratchc/nrlab/wang04/ulyses_results_iteration/iteration_3_merge_below_3/cnn_model/cnn14/plasma_tp1_0.1x_model_C4/roc_curve_resnet18_tf_0_1/nested_cv_random/resnet18/repeat_10_fold_5_metrics.csv,7,5,resnet18,all,C4,Sensitivity at 98% Specificity,0.30386740331491713
/scratchc/nrlab/wang04/ulyses_results_iteration/iteration_3_merge_below_3/cnn_model/cnn14/plasma_tp1_0.1x_model_C4/roc_curve_resnet18_tf_0_1/nested_cv_random/resnet18/repeat_10_fold_5_metrics.csv,7,5,resnet18,all,C4,PPV at 98% Specificity,1
/scratchc/nrlab/wang04/ulyses_results_iteration/iteration_3_merge_below_3/cnn_model/cnn14/plasma_tp1_0.1x_model_C4/roc_curve_resnet18_tf_0_1/nested_cv_random/resnet18/repeat_10_fold_5_metrics.csv,7,5,resnet18,all,C4,Accuracy at 98% Specificity,0.6419337016574586
/scratchc/nrlab/wang04/ulyses_results_iteration/iteration_3_merge_below_3/cnn_model/cnn14/plasma_tp1_0.1x_model_C4/roc_curve_resnet18_tf_0_1/nested_cv_random/resnet18/repeat_10_fold_5_metrics.csv,7,5,resnet18,all,C4,F1 at 98% Specificity,0.4661016949152542
/scratchc/nrlab/wang04/ulyses_results_iteration/iteration_3_merge_below_3/cnn_model/cnn14/plasma_tp1_0.1x_model_C4/roc_curve_resnet18_tf_0_1/nested_cv_random/resnet18/repeat_10_fold_5_metrics.csv,7,5,resnet18,all,C4,Sensitivity at 95% Specificity,0.585635359116022
/scratchc/nrlab/wang04/ulyses_results_iteration/iteration_3_merge_below_3/cnn_model/cnn14/plasma_tp1_0.1x_model_C4/roc_curve_resnet18_tf_0_1/nested_cv_random/resnet18/repeat_10_fold_5_metrics.csv,7,5,resnet18,all,C4,PPV at 95% Specificity,0.9814814814814816
/scratchc/nrlab/wang04/ulyses_results_iteration/iteration_3_merge_below_3/cnn_model/cnn14/plasma_tp1_0.1x_model_C4/roc_curve_resnet18_tf_0_1/nested_cv_random/resnet18/repeat_10_fold_5_metrics.csv,7,5,resnet18,all,C4,Accuracy at 95% Specificity,0.7534237401640715
/scratchc/nrlab/wang04/ulyses_results_iteration/iteration_3_merge_below_3/cnn_model/cnn14/plasma_tp1_0.1x_model_C4/roc_curve_resnet18_tf_0_1/nested_cv_random/resnet18/repeat_10_fold_5_metrics.csv,7,5,resnet18,all,C4,F1 at 95% Specificity,0.7335640138408305
/scratchc/nrlab/wang04/ulyses_results_iteration/iteration_3_merge_below_3/cnn_model/cnn14/plasma_tp1_0.1x_model_C4/roc_curve_resnet18_tf_0_1/nested_cv_random/resnet18/repeat_10_fold_5_metrics.csv,8,1,resnet18,all,C4,AUROC,0.8819688598694123
/scratchc/nrlab/wang04/ulyses_results_iteration/iteration_3_merge_below_3/cnn_model/cnn14/plasma_tp1_0.1x_model_C4/roc_curve_resnet18_tf_0_1/nested_cv_random/resnet18/repeat_10_fold_5_metrics.csv,8,1,resnet18,all,C4,AUPRC,0.9562481020947072
/scratchc/nrlab/wang04/ulyses_results_iteration/iteration_3_merge_below_3/cnn_model/cnn14/plasma_tp1_0.1x_model_C4/roc_curve_resnet18_tf_0_1/nested_cv_random/resnet18/repeat_10_fold_5_metrics.csv,8,1,resnet18,all,C4,Sensitivity at 99% Specificity,0.4806629834254144
/scratchc/nrlab/wang04/ulyses_results_iteration/iteration_3_merge_below_3/cnn_model/cnn14/plasma_tp1_0.1x_model_C4/roc_curve_resnet18_tf_0_1/nested_cv_random/resnet18/repeat_10_fold_5_metrics.csv,8,1,resnet18,all,C4,PPV at 99% Specificity,1
/scratchc/nrlab/wang04/ulyses_results_iteration/iteration_3_merge_below_3/cnn_model/cnn14/plasma_tp1_0.1x_model_C4/roc_curve_resnet18_tf_0_1/nested_cv_random/resnet18/repeat_10_fold_5_metrics.csv,8,1,resnet18,all,C4,Accuracy at 99% Specificity,0.7353314917127072
/scratchc/nrlab/wang04/ulyses_results_iteration/iteration_3_merge_below_3/cnn_model/cnn14/plasma_tp1_0.1x_model_C4/roc_curve_resnet18_tf_0_1/nested_cv_random/resnet18/repeat_10_fold_5_metrics.csv,8,1,resnet18,all,C4,F1 at 99% Specificity,0.6492537313432836
/scratchc/nrlab/wang04/ulyses_results_iteration/iteration_3_merge_below_3/cnn_model/cnn14/plasma_tp1_0.1x_model_C4/roc_curve_resnet18_tf_0_1/nested_cv_random/resnet18/repeat_10_fold_5_metrics.csv,8,1,resnet18,all,C4,Sensitivity at 98% Specificity,0.4806629834254144
/scratchc/nrlab/wang04/ulyses_results_iteration/iteration_3_merge_below_3/cnn_model/cnn14/plasma_tp1_0.1x_model_C4/roc_curve_resnet18_tf_0_1/nested_cv_random/resnet18/repeat_10_fold_5_metrics.csv,8,1,resnet18,all,C4,PPV at 98% Specificity,1
/scratchc/nrlab/wang04/ulyses_results_iteration/iteration_3_merge_below_3/cnn_model/cnn14/plasma_tp1_0.1x_model_C4/roc_curve_resnet18_tf_0_1/nested_cv_random/resnet18/repeat_10_fold_5_metrics.csv,8,1,resnet18,all,C4,Accuracy at 98% Specificity,0.7303314917127072
/scratchc/nrlab/wang04/ulyses_results_iteration/iteration_3_merge_below_3/cnn_model/cnn14/plasma_tp1_0.1x_model_C4/roc_curve_resnet18_tf_0_1/nested_cv_random/resnet18/repeat_10_fold_5_metrics.csv,8,1,resnet18,all,C4,F1 at 98% Specificity,0.6492537313432836
/scratchc/nrlab/wang04/ulyses_results_iteration/iteration_3_merge_below_3/cnn_model/cnn14/plasma_tp1_0.1x_model_C4/roc_curve_resnet18_tf_0_1/nested_cv_random/resnet18/repeat_10_fold_5_metrics.csv,8,1,resnet18,all,C4,Sensitivity at 95% Specificity,0.569060773480663
/scratchc/nrlab/wang04/ulyses_results_iteration/iteration_3_merge_below_3/cnn_model/cnn14/plasma_tp1_0.1x_model_C4/roc_curve_resnet18_tf_0_1/nested_cv_random/resnet18/repeat_10_fold_5_metrics.csv,8,1,resnet18,all,C4,PPV at 95% Specificity,0.9809523809523808
/scratchc/nrlab/wang04/ulyses_results_iteration/iteration_3_merge_below_3/cnn_model/cnn14/plasma_tp1_0.1x_model_C4/roc_curve_resnet18_tf_0_1/nested_cv_random/resnet18/repeat_10_fold_5_metrics.csv,8,1,resnet18,all,C4,Accuracy at 95% Specificity,0.7451364473463921
/scratchc/nrlab/wang04/ulyses_results_iteration/iteration_3_merge_below_3/cnn_model/cnn14/plasma_tp1_0.1x_model_C4/roc_curve_resnet18_tf_0_1/nested_cv_random/resnet18/repeat_10_fold_5_metrics.csv,8,1,resnet18,all,C4,F1 at 95% Specificity,0.7202797202797203
/scratchc/nrlab/wang04/ulyses_results_iteration/iteration_3_merge_below_3/cnn_model/cnn14/plasma_tp1_0.1x_model_C4/roc_curve_resnet18_tf_0_1/nested_cv_random/resnet18/repeat_10_fold_5_metrics.csv,8,2,resnet18,all,C4,AUROC,0.8651143790849675
/scratchc/nrlab/wang04/ulyses_results_iteration/iteration_3_merge_below_3/cnn_model/cnn14/plasma_tp1_0.1x_model_C4/roc_curve_resnet18_tf_0_1/nested_cv_random/resnet18/repeat_10_fold_5_metrics.csv,8,2,resnet18,all,C4,AUPRC,0.949883209207544
/scratchc/nrlab/wang04/ulyses_results_iteration/iteration_3_merge_below_3/cnn_model/cnn14/plasma_tp1_0.1x_model_C4/roc_curve_resnet18_tf_0_1/nested_cv_random/resnet18/repeat_10_fold_5_metrics.csv,8,2,resnet18,all,C4,Sensitivity at 99% Specificity,0.43333333333333335
/scratchc/nrlab/wang04/ulyses_results_iteration/iteration_3_merge_below_3/cnn_model/cnn14/plasma_tp1_0.1x_model_C4/roc_curve_resnet18_tf_0_1/nested_cv_random/resnet18/repeat_10_fold_5_metrics.csv,8,2,resnet18,all,C4,PPV at 99% Specificity,1
/scratchc/nrlab/wang04/ulyses_results_iteration/iteration_3_merge_below_3/cnn_model/cnn14/plasma_tp1_0.1x_model_C4/roc_curve_resnet18_tf_0_1/nested_cv_random/resnet18/repeat_10_fold_5_metrics.csv,8,2,resnet18,all,C4,Accuracy at 99% Specificity,0.7116666666666667
/scratchc/nrlab/wang04/ulyses_results_iteration/iteration_3_merge_below_3/cnn_model/cnn14/plasma_tp1_0.1x_model_C4/roc_curve_resnet18_tf_0_1/nested_cv_random/resnet18/repeat_10_fold_5_metrics.csv,8,2,resnet18,all,C4,F1 at 99% Specificity,0.6046511627906976
/scratchc/nrlab/wang04/ulyses_results_iteration/iteration_3_merge_below_3/cnn_model/cnn14/plasma_tp1_0.1x_model_C4/roc_curve_resnet18_tf_0_1/nested_cv_random/resnet18/repeat_10_fold_5_metrics.csv,8,2,resnet18,all,C4,Sensitivity at 98% Specificity,0.43333333333333335
/scratchc/nrlab/wang04/ulyses_results_iteration/iteration_3_merge_below_3/cnn_model/cnn14/plasma_tp1_0.1x_model_C4/roc_curve_resnet18_tf_0_1/nested_cv_random/resnet18/repeat_10_fold_5_metrics.csv,8,2,resnet18,all,C4,PPV at 98% Specificity,1
/scratchc/nrlab/wang04/ulyses_results_iteration/iteration_3_merge_below_3/cnn_model/cnn14/plasma_tp1_0.1x_model_C4/roc_curve_resnet18_tf_0_1/nested_cv_random/resnet18/repeat_10_fold_5_metrics.csv,8,2,resnet18,all,C4,Accuracy at 98% Specificity,0.7066666666666667
/scratchc/nrlab/wang04/ulyses_results_iteration/iteration_3_merge_below_3/cnn_model/cnn14/plasma_tp1_0.1x_model_C4/roc_curve_resnet18_tf_0_1/nested_cv_random/resnet18/repeat_10_fold_5_metrics.csv,8,2,resnet18,all,C4,F1 at 98% Specificity,0.6046511627906976
/scratchc/nrlab/wang04/ulyses_results_iteration/iteration_3_merge_below_3/cnn_model/cnn14/plasma_tp1_0.1x_model_C4/roc_curve_resnet18_tf_0_1/nested_cv_random/resnet18/repeat_10_fold_5_metrics.csv,8,2,resnet18,all,C4,Sensitivity at 95% Specificity,0.5777777777777777
/scratchc/nrlab/wang04/ulyses_results_iteration/iteration_3_merge_below_3/cnn_model/cnn14/plasma_tp1_0.1x_model_C4/roc_curve_resnet18_tf_0_1/nested_cv_random/resnet18/repeat_10_fold_5_metrics.csv,8,2,resnet18,all,C4,PPV at 95% Specificity,0.981132075471698
/scratchc/nrlab/wang04/ulyses_results_iteration/iteration_3_merge_below_3/cnn_model/cnn14/plasma_tp1_0.1x_model_C4/roc_curve_resnet18_tf_0_1/nested_cv_random/resnet18/repeat_10_fold_5_metrics.csv,8,2,resnet18,all,C4,Accuracy at 95% Specificity,0.7499183006535948
/scratchc/nrlab/wang04/ulyses_results_iteration/iteration_3_merge_below_3/cnn_model/cnn14/plasma_tp1_0.1x_model_C4/roc_curve_resnet18_tf_0_1/nested_cv_random/resnet18/repeat_10_fold_5_metrics.csv,8,2,resnet18,all,C4,F1 at 95% Specificity,0.7272727272727273
/scratchc/nrlab/wang04/ulyses_results_iteration/iteration_3_merge_below_3/cnn_model/cnn14/plasma_tp1_0.1x_model_C4/roc_curve_resnet18_tf_0_1/nested_cv_random/resnet18/repeat_10_fold_5_metrics.csv,8,3,resnet18,all,C4,AUROC,0.9270687237026648
/scratchc/nrlab/wang04/ulyses_results_iteration/iteration_3_merge_below_3/cnn_model/cnn14/plasma_tp1_0.1x_model_C4/roc_curve_resnet18_tf_0_1/nested_cv_random/resnet18/repeat_10_fold_5_metrics.csv,8,3,resnet18,all,C4,AUPRC,0.9756034709696536
/scratchc/nrlab/wang04/ulyses_results_iteration/iteration_3_merge_below_3/cnn_model/cnn14/plasma_tp1_0.1x_model_C4/roc_curve_resnet18_tf_0_1/nested_cv_random/resnet18/repeat_10_fold_5_metrics.csv,8,3,resnet18,all,C4,Sensitivity at 99% Specificity,0.6195652173913043
/scratchc/nrlab/wang04/ulyses_results_iteration/iteration_3_merge_below_3/cnn_model/cnn14/plasma_tp1_0.1x_model_C4/roc_curve_resnet18_tf_0_1/nested_cv_random/resnet18/repeat_10_fold_5_metrics.csv,8,3,resnet18,all,C4,PPV at 99% Specificity,1
/scratchc/nrlab/wang04/ulyses_results_iteration/iteration_3_merge_below_3/cnn_model/cnn14/plasma_tp1_0.1x_model_C4/roc_curve_resnet18_tf_0_1/nested_cv_random/resnet18/repeat_10_fold_5_metrics.csv,8,3,resnet18,all,C4,Accuracy at 99% Specificity,0.8047826086956522
/scratchc/nrlab/wang04/ulyses_results_iteration/iteration_3_merge_below_3/cnn_model/cnn14/plasma_tp1_0.1x_model_C4/roc_curve_resnet18_tf_0_1/nested_cv_random/resnet18/repeat_10_fold_5_metrics.csv,8,3,resnet18,all,C4,F1 at 99% Specificity,0.7651006711409396
/scratchc/nrlab/wang04/ulyses_results_iteration/iteration_3_merge_below_3/cnn_model/cnn14/plasma_tp1_0.1x_model_C4/roc_curve_resnet18_tf_0_1/nested_cv_random/resnet18/repeat_10_fold_5_metrics.csv,8,3,resnet18,all,C4,Sensitivity at 98% Specificity,0.6195652173913043
/scratchc/nrlab/wang04/ulyses_results_iteration/iteration_3_merge_below_3/cnn_model/cnn14/plasma_tp1_0.1x_model_C4/roc_curve_resnet18_tf_0_1/nested_cv_random/resnet18/repeat_10_fold_5_metrics.csv,8,3,resnet18,all,C4,PPV at 98% Specificity,1
/scratchc/nrlab/wang04/ulyses_results_iteration/iteration_3_merge_below_3/cnn_model/cnn14/plasma_tp1_0.1x_model_C4/roc_curve_resnet18_tf_0_1/nested_cv_random/resnet18/repeat_10_fold_5_metrics.csv,8,3,resnet18,all,C4,Accuracy at 98% Specificity,0.7997826086956521
/scratchc/nrlab/wang04/ulyses_results_iteration/iteration_3_merge_below_3/cnn_model/cnn14/plasma_tp1_0.1x_model_C4/roc_curve_resnet18_tf_0_1/nested_cv_random/resnet18/repeat_10_fold_5_metrics.csv,8,3,resnet18,all,C4,F1 at 98% Specificity,0.7651006711409396
/scratchc/nrlab/wang04/ulyses_results_iteration/iteration_3_merge_below_3/cnn_model/cnn14/plasma_tp1_0.1x_model_C4/roc_curve_resnet18_tf_0_1/nested_cv_random/resnet18/repeat_10_fold_5_metrics.csv,8,3,resnet18,all,C4,Sensitivity at 95% Specificity,0.7228260869565217
/scratchc/nrlab/wang04/ulyses_results_iteration/iteration_3_merge_below_3/cnn_model/cnn14/plasma_tp1_0.1x_model_C4/roc_curve_resnet18_tf_0_1/nested_cv_random/resnet18/repeat_10_fold_5_metrics.csv,8,3,resnet18,all,C4,PPV at 95% Specificity,0.9925373134328358
/scratchc/nrlab/wang04/ulyses_results_iteration/iteration_3_merge_below_3/cnn_model/cnn14/plasma_tp1_0.1x_model_C4/roc_curve_resnet18_tf_0_1/nested_cv_random/resnet18/repeat_10_fold_5_metrics.csv,8,3,resnet18,all,C4,Accuracy at 95% Specificity,0.8287517531556803
/scratchc/nrlab/wang04/ulyses_results_iteration/iteration_3_merge_below_3/cnn_model/cnn14/plasma_tp1_0.1x_model_C4/roc_curve_resnet18_tf_0_1/nested_cv_random/resnet18/repeat_10_fold_5_metrics.csv,8,3,resnet18,all,C4,F1 at 95% Specificity,0.8364779874213837
/scratchc/nrlab/wang04/ulyses_results_iteration/iteration_3_merge_below_3/cnn_model/cnn14/plasma_tp1_0.1x_model_C4/roc_curve_resnet18_tf_0_1/nested_cv_random/resnet18/repeat_10_fold_5_metrics.csv,8,4,resnet18,all,C4,AUROC,0.9403984597354764
/scratchc/nrlab/wang04/ulyses_results_iteration/iteration_3_merge_below_3/cnn_model/cnn14/plasma_tp1_0.1x_model_C4/roc_curve_resnet18_tf_0_1/nested_cv_random/resnet18/repeat_10_fold_5_metrics.csv,8,4,resnet18,all,C4,AUPRC,0.9789802253285684
/scratchc/nrlab/wang04/ulyses_results_iteration/iteration_3_merge_below_3/cnn_model/cnn14/plasma_tp1_0.1x_model_C4/roc_curve_resnet18_tf_0_1/nested_cv_random/resnet18/repeat_10_fold_5_metrics.csv,8,4,resnet18,all,C4,Sensitivity at 99% Specificity,0.6298342541436464
/scratchc/nrlab/wang04/ulyses_results_iteration/iteration_3_merge_below_3/cnn_model/cnn14/plasma_tp1_0.1x_model_C4/roc_curve_resnet18_tf_0_1/nested_cv_random/resnet18/repeat_10_fold_5_metrics.csv,8,4,resnet18,all,C4,PPV at 99% Specificity,1
/scratchc/nrlab/wang04/ulyses_results_iteration/iteration_3_merge_below_3/cnn_model/cnn14/plasma_tp1_0.1x_model_C4/roc_curve_resnet18_tf_0_1/nested_cv_random/resnet18/repeat_10_fold_5_metrics.csv,8,4,resnet18,all,C4,Accuracy at 99% Specificity,0.8099171270718232
/scratchc/nrlab/wang04/ulyses_results_iteration/iteration_3_merge_below_3/cnn_model/cnn14/plasma_tp1_0.1x_model_C4/roc_curve_resnet18_tf_0_1/nested_cv_random/resnet18/repeat_10_fold_5_metrics.csv,8,4,resnet18,all,C4,F1 at 99% Specificity,0.7728813559322034
/scratchc/nrlab/wang04/ulyses_results_iteration/iteration_3_merge_below_3/cnn_model/cnn14/plasma_tp1_0.1x_model_C4/roc_curve_resnet18_tf_0_1/nested_cv_random/resnet18/repeat_10_fold_5_metrics.csv,8,4,resnet18,all,C4,Sensitivity at 98% Specificity,0.6298342541436464
/scratchc/nrlab/wang04/ulyses_results_iteration/iteration_3_merge_below_3/cnn_model/cnn14/plasma_tp1_0.1x_model_C4/roc_curve_resnet18_tf_0_1/nested_cv_random/resnet18/repeat_10_fold_5_metrics.csv,8,4,resnet18,all,C4,PPV at 98% Specificity,1
/scratchc/nrlab/wang04/ulyses_results_iteration/iteration_3_merge_below_3/cnn_model/cnn14/plasma_tp1_0.1x_model_C4/roc_curve_resnet18_tf_0_1/nested_cv_random/resnet18/repeat_10_fold_5_metrics.csv,8,4,resnet18,all,C4,Accuracy at 98% Specificity,0.8049171270718232
/scratchc/nrlab/wang04/ulyses_results_iteration/iteration_3_merge_below_3/cnn_model/cnn14/plasma_tp1_0.1x_model_C4/roc_curve_resnet18_tf_0_1/nested_cv_random/resnet18/repeat_10_fold_5_metrics.csv,8,4,resnet18,all,C4,F1 at 98% Specificity,0.7728813559322034
/scratchc/nrlab/wang04/ulyses_results_iteration/iteration_3_merge_below_3/cnn_model/cnn14/plasma_tp1_0.1x_model_C4/roc_curve_resnet18_tf_0_1/nested_cv_random/resnet18/repeat_10_fold_5_metrics.csv,8,4,resnet18,all,C4,Sensitivity at 95% Specificity,0.7348066298342542
/scratchc/nrlab/wang04/ulyses_results_iteration/iteration_3_merge_below_3/cnn_model/cnn14/plasma_tp1_0.1x_model_C4/roc_curve_resnet18_tf_0_1/nested_cv_random/resnet18/repeat_10_fold_5_metrics.csv,8,4,resnet18,all,C4,PPV at 95% Specificity,0.9851851851851852
/scratchc/nrlab/wang04/ulyses_results_iteration/iteration_3_merge_below_3/cnn_model/cnn14/plasma_tp1_0.1x_model_C4/roc_curve_resnet18_tf_0_1/nested_cv_random/resnet18/repeat_10_fold_5_metrics.csv,8,4,resnet18,all,C4,Accuracy at 95% Specificity,0.8280093755231877
/scratchc/nrlab/wang04/ulyses_results_iteration/iteration_3_merge_below_3/cnn_model/cnn14/plasma_tp1_0.1x_model_C4/roc_curve_resnet18_tf_0_1/nested_cv_random/resnet18/repeat_10_fold_5_metrics.csv,8,4,resnet18,all,C4,F1 at 95% Specificity,0.8417721518987342
/scratchc/nrlab/wang04/ulyses_results_iteration/iteration_3_merge_below_3/cnn_model/cnn14/plasma_tp1_0.1x_model_C4/roc_curve_resnet18_tf_0_1/nested_cv_random/resnet18/repeat_10_fold_5_metrics.csv,8,5,resnet18,all,C4,AUROC,0.9126984126984128
/scratchc/nrlab/wang04/ulyses_results_iteration/iteration_3_merge_below_3/cnn_model/cnn14/plasma_tp1_0.1x_model_C4/roc_curve_resnet18_tf_0_1/nested_cv_random/resnet18/repeat_10_fold_5_metrics.csv,8,5,resnet18,all,C4,AUPRC,0.96261730905546
/scratchc/nrlab/wang04/ulyses_results_iteration/iteration_3_merge_below_3/cnn_model/cnn14/plasma_tp1_0.1x_model_C4/roc_curve_resnet18_tf_0_1/nested_cv_random/resnet18/repeat_10_fold_5_metrics.csv,8,5,resnet18,all,C4,Sensitivity at 99% Specificity,0.0913978494623656
/scratchc/nrlab/wang04/ulyses_results_iteration/iteration_3_merge_below_3/cnn_model/cnn14/plasma_tp1_0.1x_model_C4/roc_curve_resnet18_tf_0_1/nested_cv_random/resnet18/repeat_10_fold_5_metrics.csv,8,5,resnet18,all,C4,PPV at 99% Specificity,1
/scratchc/nrlab/wang04/ulyses_results_iteration/iteration_3_merge_below_3/cnn_model/cnn14/plasma_tp1_0.1x_model_C4/roc_curve_resnet18_tf_0_1/nested_cv_random/resnet18/repeat_10_fold_5_metrics.csv,8,5,resnet18,all,C4,Accuracy at 99% Specificity,0.5406989247311828
/scratchc/nrlab/wang04/ulyses_results_iteration/iteration_3_merge_below_3/cnn_model/cnn14/plasma_tp1_0.1x_model_C4/roc_curve_resnet18_tf_0_1/nested_cv_random/resnet18/repeat_10_fold_5_metrics.csv,8,5,resnet18,all,C4,F1 at 99% Specificity,0.16748768472906403
/scratchc/nrlab/wang04/ulyses_results_iteration/iteration_3_merge_below_3/cnn_model/cnn14/plasma_tp1_0.1x_model_C4/roc_curve_resnet18_tf_0_1/nested_cv_random/resnet18/repeat_10_fold_5_metrics.csv,8,5,resnet18,all,C4,Sensitivity at 98% Specificity,0.0913978494623656
/scratchc/nrlab/wang04/ulyses_results_iteration/iteration_3_merge_below_3/cnn_model/cnn14/plasma_tp1_0.1x_model_C4/roc_curve_resnet18_tf_0_1/nested_cv_random/resnet18/repeat_10_fold_5_metrics.csv,8,5,resnet18,all,C4,PPV at 98% Specificity,1
/scratchc/nrlab/wang04/ulyses_results_iteration/iteration_3_merge_below_3/cnn_model/cnn14/plasma_tp1_0.1x_model_C4/roc_curve_resnet18_tf_0_1/nested_cv_random/resnet18/repeat_10_fold_5_metrics.csv,8,5,resnet18,all,C4,Accuracy at 98% Specificity,0.5356989247311827
/scratchc/nrlab/wang04/ulyses_results_iteration/iteration_3_merge_below_3/cnn_model/cnn14/plasma_tp1_0.1x_model_C4/roc_curve_resnet18_tf_0_1/nested_cv_random/resnet18/repeat_10_fold_5_metrics.csv,8,5,resnet18,all,C4,F1 at 98% Specificity,0.16748768472906403
/scratchc/nrlab/wang04/ulyses_results_iteration/iteration_3_merge_below_3/cnn_model/cnn14/plasma_tp1_0.1x_model_C4/roc_curve_resnet18_tf_0_1/nested_cv_random/resnet18/repeat_10_fold_5_metrics.csv,8,5,resnet18,all,C4,Sensitivity at 95% Specificity,0.6344086021505376
/scratchc/nrlab/wang04/ulyses_results_iteration/iteration_3_merge_below_3/cnn_model/cnn14/plasma_tp1_0.1x_model_C4/roc_curve_resnet18_tf_0_1/nested_cv_random/resnet18/repeat_10_fold_5_metrics.csv,8,5,resnet18,all,C4,PPV at 95% Specificity,0.9833333333333332
/scratchc/nrlab/wang04/ulyses_results_iteration/iteration_3_merge_below_3/cnn_model/cnn14/plasma_tp1_0.1x_model_C4/roc_curve_resnet18_tf_0_1/nested_cv_random/resnet18/repeat_10_fold_5_metrics.csv,8,5,resnet18,all,C4,Accuracy at 95% Specificity,0.7771249359959037
/scratchc/nrlab/wang04/ulyses_results_iteration/iteration_3_merge_below_3/cnn_model/cnn14/plasma_tp1_0.1x_model_C4/roc_curve_resnet18_tf_0_1/nested_cv_random/resnet18/repeat_10_fold_5_metrics.csv,8,5,resnet18,all,C4,F1 at 95% Specificity,0.7712418300653595
/scratchc/nrlab/wang04/ulyses_results_iteration/iteration_3_merge_below_3/cnn_model/cnn14/plasma_tp1_0.1x_model_C4/roc_curve_resnet18_tf_0_1/nested_cv_random/resnet18/repeat_10_fold_5_metrics.csv,9,1,resnet18,all,C4,AUROC,0.9268851902173914
/scratchc/nrlab/wang04/ulyses_results_iteration/iteration_3_merge_below_3/cnn_model/cnn14/plasma_tp1_0.1x_model_C4/roc_curve_resnet18_tf_0_1/nested_cv_random/resnet18/repeat_10_fold_5_metrics.csv,9,1,resnet18,all,C4,AUPRC,0.9748198951389212
/scratchc/nrlab/wang04/ulyses_results_iteration/iteration_3_merge_below_3/cnn_model/cnn14/plasma_tp1_0.1x_model_C4/roc_curve_resnet18_tf_0_1/nested_cv_random/resnet18/repeat_10_fold_5_metrics.csv,9,1,resnet18,all,C4,Sensitivity at 99% Specificity,0.5434782608695652
/scratchc/nrlab/wang04/ulyses_results_iteration/iteration_3_merge_below_3/cnn_model/cnn14/plasma_tp1_0.1x_model_C4/roc_curve_resnet18_tf_0_1/nested_cv_random/resnet18/repeat_10_fold_5_metrics.csv,9,1,resnet18,all,C4,PPV at 99% Specificity,1
/scratchc/nrlab/wang04/ulyses_results_iteration/iteration_3_merge_below_3/cnn_model/cnn14/plasma_tp1_0.1x_model_C4/roc_curve_resnet18_tf_0_1/nested_cv_random/resnet18/repeat_10_fold_5_metrics.csv,9,1,resnet18,all,C4,Accuracy at 99% Specificity,0.7667391304347826
/scratchc/nrlab/wang04/ulyses_results_iteration/iteration_3_merge_below_3/cnn_model/cnn14/plasma_tp1_0.1x_model_C4/roc_curve_resnet18_tf_0_1/nested_cv_random/resnet18/repeat_10_fold_5_metrics.csv,9,1,resnet18,all,C4,F1 at 99% Specificity,0.704225352112676
/scratchc/nrlab/wang04/ulyses_results_iteration/iteration_3_merge_below_3/cnn_model/cnn14/plasma_tp1_0.1x_model_C4/roc_curve_resnet18_tf_0_1/nested_cv_random/resnet18/repeat_10_fold_5_metrics.csv,9,1,resnet18,all,C4,Sensitivity at 98% Specificity,0.5434782608695652
/scratchc/nrlab/wang04/ulyses_results_iteration/iteration_3_merge_below_3/cnn_model/cnn14/plasma_tp1_0.1x_model_C4/roc_curve_resnet18_tf_0_1/nested_cv_random/resnet18/repeat_10_fold_5_metrics.csv,9,1,resnet18,all,C4,PPV at 98% Specificity,1
/scratchc/nrlab/wang04/ulyses_results_iteration/iteration_3_merge_below_3/cnn_model/cnn14/plasma_tp1_0.1x_model_C4/roc_curve_resnet18_tf_0_1/nested_cv_random/resnet18/repeat_10_fold_5_metrics.csv,9,1,resnet18,all,C4,Accuracy at 98% Specificity,0.7617391304347826
/scratchc/nrlab/wang04/ulyses_results_iteration/iteration_3_merge_below_3/cnn_model/cnn14/plasma_tp1_0.1x_model_C4/roc_curve_resnet18_tf_0_1/nested_cv_random/resnet18/repeat_10_fold_5_metrics.csv,9,1,resnet18,all,C4,F1 at 98% Specificity,0.704225352112676
/scratchc/nrlab/wang04/ulyses_results_iteration/iteration_3_merge_below_3/cnn_model/cnn14/plasma_tp1_0.1x_model_C4/roc_curve_resnet18_tf_0_1/nested_cv_random/resnet18/repeat_10_fold_5_metrics.csv,9,1,resnet18,all,C4,Sensitivity at 95% Specificity,0.6847826086956522
/scratchc/nrlab/wang04/ulyses_results_iteration/iteration_3_merge_below_3/cnn_model/cnn14/plasma_tp1_0.1x_model_C4/roc_curve_resnet18_tf_0_1/nested_cv_random/resnet18/repeat_10_fold_5_metrics.csv,9,1,resnet18,all,C4,PPV at 95% Specificity,0.984375
/scratchc/nrlab/wang04/ulyses_results_iteration/iteration_3_merge_below_3/cnn_model/cnn14/plasma_tp1_0.1x_model_C4/roc_curve_resnet18_tf_0_1/nested_cv_random/resnet18/repeat_10_fold_5_metrics.csv,9,1,resnet18,all,C4,Accuracy at 95% Specificity,0.8025475543478261
/scratchc/nrlab/wang04/ulyses_results_iteration/iteration_3_merge_below_3/cnn_model/cnn14/plasma_tp1_0.1x_model_C4/roc_curve_resnet18_tf_0_1/nested_cv_random/resnet18/repeat_10_fold_5_metrics.csv,9,1,resnet18,all,C4,F1 at 95% Specificity,0.8076923076923077
/scratchc/nrlab/wang04/ulyses_results_iteration/iteration_3_merge_below_3/cnn_model/cnn14/plasma_tp1_0.1x_model_C4/roc_curve_resnet18_tf_0_1/nested_cv_random/resnet18/repeat_10_fold_5_metrics.csv,9,2,resnet18,all,C4,AUROC,0.9437468608739328
/scratchc/nrlab/wang04/ulyses_results_iteration/iteration_3_merge_below_3/cnn_model/cnn14/plasma_tp1_0.1x_model_C4/roc_curve_resnet18_tf_0_1/nested_cv_random/resnet18/repeat_10_fold_5_metrics.csv,9,2,resnet18,all,C4,AUPRC,0.9805076140816208
/scratchc/nrlab/wang04/ulyses_results_iteration/iteration_3_merge_below_3/cnn_model/cnn14/plasma_tp1_0.1x_model_C4/roc_curve_resnet18_tf_0_1/nested_cv_random/resnet18/repeat_10_fold_5_metrics.csv,9,2,resnet18,all,C4,Sensitivity at 99% Specificity,0.712707182320442
/scratchc/nrlab/wang04/ulyses_results_iteration/iteration_3_merge_below_3/cnn_model/cnn14/plasma_tp1_0.1x_model_C4/roc_curve_resnet18_tf_0_1/nested_cv_random/resnet18/repeat_10_fold_5_metrics.csv,9,2,resnet18,all,C4,PPV at 99% Specificity,1
/scratchc/nrlab/wang04/ulyses_results_iteration/iteration_3_merge_below_3/cnn_model/cnn14/plasma_tp1_0.1x_model_C4/roc_curve_resnet18_tf_0_1/nested_cv_random/resnet18/repeat_10_fold_5_metrics.csv,9,2,resnet18,all,C4,Accuracy at 99% Specificity,0.851353591160221
/scratchc/nrlab/wang04/ulyses_results_iteration/iteration_3_merge_below_3/cnn_model/cnn14/plasma_tp1_0.1x_model_C4/roc_curve_resnet18_tf_0_1/nested_cv_random/resnet18/repeat_10_fold_5_metrics.csv,9,2,resnet18,all,C4,F1 at 99% Specificity,0.832258064516129
/scratchc/nrlab/wang04/ulyses_results_iteration/iteration_3_merge_below_3/cnn_model/cnn14/plasma_tp1_0.1x_model_C4/roc_curve_resnet18_tf_0_1/nested_cv_random/resnet18/repeat_10_fold_5_metrics.csv,9,2,resnet18,all,C4,Sensitivity at 98% Specificity,0.712707182320442
/scratchc/nrlab/wang04/ulyses_results_iteration/iteration_3_merge_below_3/cnn_model/cnn14/plasma_tp1_0.1x_model_C4/roc_curve_resnet18_tf_0_1/nested_cv_random/resnet18/repeat_10_fold_5_metrics.csv,9,2,resnet18,all,C4,PPV at 98% Specificity,1
/scratchc/nrlab/wang04/ulyses_results_iteration/iteration_3_merge_below_3/cnn_model/cnn14/plasma_tp1_0.1x_model_C4/roc_curve_resnet18_tf_0_1/nested_cv_random/resnet18/repeat_10_fold_5_metrics.csv,9,2,resnet18,all,C4,Accuracy at 98% Specificity,0.8463535911602209
/scratchc/nrlab/wang04/ulyses_results_iteration/iteration_3_merge_below_3/cnn_model/cnn14/plasma_tp1_0.1x_model_C4/roc_curve_resnet18_tf_0_1/nested_cv_random/resnet18/repeat_10_fold_5_metrics.csv,9,2,resnet18,all,C4,F1 at 98% Specificity,0.832258064516129
/scratchc/nrlab/wang04/ulyses_results_iteration/iteration_3_merge_below_3/cnn_model/cnn14/plasma_tp1_0.1x_model_C4/roc_curve_resnet18_tf_0_1/nested_cv_random/resnet18/repeat_10_fold_5_metrics.csv,9,2,resnet18,all,C4,Sensitivity at 95% Specificity,0.7679558011049724
/scratchc/nrlab/wang04/ulyses_results_iteration/iteration_3_merge_below_3/cnn_model/cnn14/plasma_tp1_0.1x_model_C4/roc_curve_resnet18_tf_0_1/nested_cv_random/resnet18/repeat_10_fold_5_metrics.csv,9,2,resnet18,all,C4,PPV at 95% Specificity,0.9858156028368794
/scratchc/nrlab/wang04/ulyses_results_iteration/iteration_3_merge_below_3/cnn_model/cnn14/plasma_tp1_0.1x_model_C4/roc_curve_resnet18_tf_0_1/nested_cv_random/resnet18/repeat_10_fold_5_metrics.csv,9,2,resnet18,all,C4,Accuracy at 95% Specificity,0.8445839611585468
/scratchc/nrlab/wang04/ulyses_results_iteration/iteration_3_merge_below_3/cnn_model/cnn14/plasma_tp1_0.1x_model_C4/roc_curve_resnet18_tf_0_1/nested_cv_random/resnet18/repeat_10_fold_5_metrics.csv,9,2,resnet18,all,C4,F1 at 95% Specificity,0.8633540372670807
/scratchc/nrlab/wang04/ulyses_results_iteration/iteration_3_merge_below_3/cnn_model/cnn14/plasma_tp1_0.1x_model_C4/roc_curve_resnet18_tf_0_1/nested_cv_random/resnet18/repeat_10_fold_5_metrics.csv,9,3,resnet18,all,C4,AUROC,0.919076569175156
/scratchc/nrlab/wang04/ulyses_results_iteration/iteration_3_merge_below_3/cnn_model/cnn14/plasma_tp1_0.1x_model_C4/roc_curve_resnet18_tf_0_1/nested_cv_random/resnet18/repeat_10_fold_5_metrics.csv,9,3,resnet18,all,C4,AUPRC,0.9699771244918496
/scratchc/nrlab/wang04/ulyses_results_iteration/iteration_3_merge_below_3/cnn_model/cnn14/plasma_tp1_0.1x_model_C4/roc_curve_resnet18_tf_0_1/nested_cv_random/resnet18/repeat_10_fold_5_metrics.csv,9,3,resnet18,all,C4,Sensitivity at 99% Specificity,0.5698324022346368
/scratchc/nrlab/wang04/ulyses_results_iteration/iteration_3_merge_below_3/cnn_model/cnn14/plasma_tp1_0.1x_model_C4/roc_curve_resnet18_tf_0_1/nested_cv_random/resnet18/repeat_10_fold_5_metrics.csv,9,3,resnet18,all,C4,PPV at 99% Specificity,1
/scratchc/nrlab/wang04/ulyses_results_iteration/iteration_3_merge_below_3/cnn_model/cnn14/plasma_tp1_0.1x_model_C4/roc_curve_resnet18_tf_0_1/nested_cv_random/resnet18/repeat_10_fold_5_metrics.csv,9,3,resnet18,all,C4,Accuracy at 99% Specificity,0.7799162011173184
/scratchc/nrlab/wang04/ulyses_results_iteration/iteration_3_merge_below_3/cnn_model/cnn14/plasma_tp1_0.1x_model_C4/roc_curve_resnet18_tf_0_1/nested_cv_random/resnet18/repeat_10_fold_5_metrics.csv,9,3,resnet18,all,C4,F1 at 99% Specificity,0.7259786476868327
/scratchc/nrlab/wang04/ulyses_results_iteration/iteration_3_merge_below_3/cnn_model/cnn14/plasma_tp1_0.1x_model_C4/roc_curve_resnet18_tf_0_1/nested_cv_random/resnet18/repeat_10_fold_5_metrics.csv,9,3,resnet18,all,C4,Sensitivity at 98% Specificity,0.5698324022346368
/scratchc/nrlab/wang04/ulyses_results_iteration/iteration_3_merge_below_3/cnn_model/cnn14/plasma_tp1_0.1x_model_C4/roc_curve_resnet18_tf_0_1/nested_cv_random/resnet18/repeat_10_fold_5_metrics.csv,9,3,resnet18,all,C4,PPV at 98% Specificity,1
/scratchc/nrlab/wang04/ulyses_results_iteration/iteration_3_merge_below_3/cnn_model/cnn14/plasma_tp1_0.1x_model_C4/roc_curve_resnet18_tf_0_1/nested_cv_random/resnet18/repeat_10_fold_5_metrics.csv,9,3,resnet18,all,C4,Accuracy at 98% Specificity,0.7749162011173184
/scratchc/nrlab/wang04/ulyses_results_iteration/iteration_3_merge_below_3/cnn_model/cnn14/plasma_tp1_0.1x_model_C4/roc_curve_resnet18_tf_0_1/nested_cv_random/resnet18/repeat_10_fold_5_metrics.csv,9,3,resnet18,all,C4,F1 at 98% Specificity,0.7259786476868327
/scratchc/nrlab/wang04/ulyses_results_iteration/iteration_3_merge_below_3/cnn_model/cnn14/plasma_tp1_0.1x_model_C4/roc_curve_resnet18_tf_0_1/nested_cv_random/resnet18/repeat_10_fold_5_metrics.csv,9,3,resnet18,all,C4,Sensitivity at 95% Specificity,0.6815642458100558
/scratchc/nrlab/wang04/ulyses_results_iteration/iteration_3_merge_below_3/cnn_model/cnn14/plasma_tp1_0.1x_model_C4/roc_curve_resnet18_tf_0_1/nested_cv_random/resnet18/repeat_10_fold_5_metrics.csv,9,3,resnet18,all,C4,PPV at 95% Specificity,0.9838709677419356
/scratchc/nrlab/wang04/ulyses_results_iteration/iteration_3_merge_below_3/cnn_model/cnn14/plasma_tp1_0.1x_model_C4/roc_curve_resnet18_tf_0_1/nested_cv_random/resnet18/repeat_10_fold_5_metrics.csv,9,3,resnet18,all,C4,Accuracy at 95% Specificity,0.8018115346697338
/scratchc/nrlab/wang04/ulyses_results_iteration/iteration_3_merge_below_3/cnn_model/cnn14/plasma_tp1_0.1x_model_C4/roc_curve_resnet18_tf_0_1/nested_cv_random/resnet18/repeat_10_fold_5_metrics.csv,9,3,resnet18,all,C4,F1 at 95% Specificity,0.8052805280528053
/scratchc/nrlab/wang04/ulyses_results_iteration/iteration_3_merge_below_3/cnn_model/cnn14/plasma_tp1_0.1x_model_C4/roc_curve_resnet18_tf_0_1/nested_cv_random/resnet18/repeat_10_fold_5_metrics.csv,9,4,resnet18,all,C4,AUROC,0.9621285175769264
/scratchc/nrlab/wang04/ulyses_results_iteration/iteration_3_merge_below_3/cnn_model/cnn14/plasma_tp1_0.1x_model_C4/roc_curve_resnet18_tf_0_1/nested_cv_random/resnet18/repeat_10_fold_5_metrics.csv,9,4,resnet18,all,C4,AUPRC,0.986275764496412
/scratchc/nrlab/wang04/ulyses_results_iteration/iteration_3_merge_below_3/cnn_model/cnn14/plasma_tp1_0.1x_model_C4/roc_curve_resnet18_tf_0_1/nested_cv_random/resnet18/repeat_10_fold_5_metrics.csv,9,4,resnet18,all,C4,Sensitivity at 99% Specificity,0.40106951871657753
/scratchc/nrlab/wang04/ulyses_results_iteration/iteration_3_merge_below_3/cnn_model/cnn14/plasma_tp1_0.1x_model_C4/roc_curve_resnet18_tf_0_1/nested_cv_random/resnet18/repeat_10_fold_5_metrics.csv,9,4,resnet18,all,C4,PPV at 99% Specificity,1
/scratchc/nrlab/wang04/ulyses_results_iteration/iteration_3_merge_below_3/cnn_model/cnn14/plasma_tp1_0.1x_model_C4/roc_curve_resnet18_tf_0_1/nested_cv_random/resnet18/repeat_10_fold_5_metrics.csv,9,4,resnet18,all,C4,Accuracy at 99% Specificity,0.6955347593582888
/scratchc/nrlab/wang04/ulyses_results_iteration/iteration_3_merge_below_3/cnn_model/cnn14/plasma_tp1_0.1x_model_C4/roc_curve_resnet18_tf_0_1/nested_cv_random/resnet18/repeat_10_fold_5_metrics.csv,9,4,resnet18,all,C4,F1 at 99% Specificity,0.5725190839694656
/scratchc/nrlab/wang04/ulyses_results_iteration/iteration_3_merge_below_3/cnn_model/cnn14/plasma_tp1_0.1x_model_C4/roc_curve_resnet18_tf_0_1/nested_cv_random/resnet18/repeat_10_fold_5_metrics.csv,9,4,resnet18,all,C4,Sensitivity at 98% Specificity,0.40106951871657753
/scratchc/nrlab/wang04/ulyses_results_iteration/iteration_3_merge_below_3/cnn_model/cnn14/plasma_tp1_0.1x_model_C4/roc_curve_resnet18_tf_0_1/nested_cv_random/resnet18/repeat_10_fold_5_metrics.csv,9,4,resnet18,all,C4,PPV at 98% Specificity,1
/scratchc/nrlab/wang04/ulyses_results_iteration/iteration_3_merge_below_3/cnn_model/cnn14/plasma_tp1_0.1x_model_C4/roc_curve_resnet18_tf_0_1/nested_cv_random/resnet18/repeat_10_fold_5_metrics.csv,9,4,resnet18,all,C4,Accuracy at 98% Specificity,0.6905347593582888
/scratchc/nrlab/wang04/ulyses_results_iteration/iteration_3_merge_below_3/cnn_model/cnn14/plasma_tp1_0.1x_model_C4/roc_curve_resnet18_tf_0_1/nested_cv_random/resnet18/repeat_10_fold_5_metrics.csv,9,4,resnet18,all,C4,F1 at 98% Specificity,0.5725190839694656
/scratchc/nrlab/wang04/ulyses_results_iteration/iteration_3_merge_below_3/cnn_model/cnn14/plasma_tp1_0.1x_model_C4/roc_curve_resnet18_tf_0_1/nested_cv_random/resnet18/repeat_10_fold_5_metrics.csv,9,4,resnet18,all,C4,Sensitivity at 95% Specificity,0.839572192513369
/scratchc/nrlab/wang04/ulyses_results_iteration/iteration_3_merge_below_3/cnn_model/cnn14/plasma_tp1_0.1x_model_C4/roc_curve_resnet18_tf_0_1/nested_cv_random/resnet18/repeat_10_fold_5_metrics.csv,9,4,resnet18,all,C4,PPV at 95% Specificity,0.9874213836477987
/scratchc/nrlab/wang04/ulyses_results_iteration/iteration_3_merge_below_3/cnn_model/cnn14/plasma_tp1_0.1x_model_C4/roc_curve_resnet18_tf_0_1/nested_cv_random/resnet18/repeat_10_fold_5_metrics.csv,9,4,resnet18,all,C4,Accuracy at 95% Specificity,0.8792123257648812
/scratchc/nrlab/wang04/ulyses_results_iteration/iteration_3_merge_below_3/cnn_model/cnn14/plasma_tp1_0.1x_model_C4/roc_curve_resnet18_tf_0_1/nested_cv_random/resnet18/repeat_10_fold_5_metrics.csv,9,4,resnet18,all,C4,F1 at 95% Specificity,0.907514450867052
/scratchc/nrlab/wang04/ulyses_results_iteration/iteration_3_merge_below_3/cnn_model/cnn14/plasma_tp1_0.1x_model_C4/roc_curve_resnet18_tf_0_1/nested_cv_random/resnet18/repeat_10_fold_5_metrics.csv,9,5,resnet18,all,C4,AUROC,0.91804788213628
/scratchc/nrlab/wang04/ulyses_results_iteration/iteration_3_merge_below_3/cnn_model/cnn14/plasma_tp1_0.1x_model_C4/roc_curve_resnet18_tf_0_1/nested_cv_random/resnet18/repeat_10_fold_5_metrics.csv,9,5,resnet18,all,C4,AUPRC,0.9695405745188151
/scratchc/nrlab/wang04/ulyses_results_iteration/iteration_3_merge_below_3/cnn_model/cnn14/plasma_tp1_0.1x_model_C4/roc_curve_resnet18_tf_0_1/nested_cv_random/resnet18/repeat_10_fold_5_metrics.csv,9,5,resnet18,all,C4,Sensitivity at 99% Specificity,0.4585635359116022
/scratchc/nrlab/wang04/ulyses_results_iteration/iteration_3_merge_below_3/cnn_model/cnn14/plasma_tp1_0.1x_model_C4/roc_curve_resnet18_tf_0_1/nested_cv_random/resnet18/repeat_10_fold_5_metrics.csv,9,5,resnet18,all,C4,PPV at 99% Specificity,1
/scratchc/nrlab/wang04/ulyses_results_iteration/iteration_3_merge_below_3/cnn_model/cnn14/plasma_tp1_0.1x_model_C4/roc_curve_resnet18_tf_0_1/nested_cv_random/resnet18/repeat_10_fold_5_metrics.csv,9,5,resnet18,all,C4,Accuracy at 99% Specificity,0.7242817679558011
/scratchc/nrlab/wang04/ulyses_results_iteration/iteration_3_merge_below_3/cnn_model/cnn14/plasma_tp1_0.1x_model_C4/roc_curve_resnet18_tf_0_1/nested_cv_random/resnet18/repeat_10_fold_5_metrics.csv,9,5,resnet18,all,C4,F1 at 99% Specificity,0.6287878787878788
/scratchc/nrlab/wang04/ulyses_results_iteration/iteration_3_merge_below_3/cnn_model/cnn14/plasma_tp1_0.1x_model_C4/roc_curve_resnet18_tf_0_1/nested_cv_random/resnet18/repeat_10_fold_5_metrics.csv,9,5,resnet18,all,C4,Sensitivity at 98% Specificity,0.4585635359116022
/scratchc/nrlab/wang04/ulyses_results_iteration/iteration_3_merge_below_3/cnn_model/cnn14/plasma_tp1_0.1x_model_C4/roc_curve_resnet18_tf_0_1/nested_cv_random/resnet18/repeat_10_fold_5_metrics.csv,9,5,resnet18,all,C4,PPV at 98% Specificity,1
/scratchc/nrlab/wang04/ulyses_results_iteration/iteration_3_merge_below_3/cnn_model/cnn14/plasma_tp1_0.1x_model_C4/roc_curve_resnet18_tf_0_1/nested_cv_random/resnet18/repeat_10_fold_5_metrics.csv,9,5,resnet18,all,C4,Accuracy at 98% Specificity,0.7192817679558011
/scratchc/nrlab/wang04/ulyses_results_iteration/iteration_3_merge_below_3/cnn_model/cnn14/plasma_tp1_0.1x_model_C4/roc_curve_resnet18_tf_0_1/nested_cv_random/resnet18/repeat_10_fold_5_metrics.csv,9,5,resnet18,all,C4,F1 at 98% Specificity,0.6287878787878788
/scratchc/nrlab/wang04/ulyses_results_iteration/iteration_3_merge_below_3/cnn_model/cnn14/plasma_tp1_0.1x_model_C4/roc_curve_resnet18_tf_0_1/nested_cv_random/resnet18/repeat_10_fold_5_metrics.csv,9,5,resnet18,all,C4,Sensitivity at 95% Specificity,0.6519337016574586
/scratchc/nrlab/wang04/ulyses_results_iteration/iteration_3_merge_below_3/cnn_model/cnn14/plasma_tp1_0.1x_model_C4/roc_curve_resnet18_tf_0_1/nested_cv_random/resnet18/repeat_10_fold_5_metrics.csv,9,5,resnet18,all,C4,PPV at 95% Specificity,0.9833333333333332
/scratchc/nrlab/wang04/ulyses_results_iteration/iteration_3_merge_below_3/cnn_model/cnn14/plasma_tp1_0.1x_model_C4/roc_curve_resnet18_tf_0_1/nested_cv_random/resnet18/repeat_10_fold_5_metrics.csv,9,5,resnet18,all,C4,Accuracy at 95% Specificity,0.7865729114347899
/scratchc/nrlab/wang04/ulyses_results_iteration/iteration_3_merge_below_3/cnn_model/cnn14/plasma_tp1_0.1x_model_C4/roc_curve_resnet18_tf_0_1/nested_cv_random/resnet18/repeat_10_fold_5_metrics.csv,9,5,resnet18,all,C4,F1 at 95% Specificity,0.7840531561461794
/scratchc/nrlab/wang04/ulyses_results_iteration/iteration_3_merge_below_3/cnn_model/cnn14/plasma_tp1_0.1x_model_C4/roc_curve_resnet18_tf_0_1/nested_cv_random/resnet18/repeat_10_fold_5_metrics.csv,10,1,resnet18,all,C4,AUROC,0.9491120218579236
/scratchc/nrlab/wang04/ulyses_results_iteration/iteration_3_merge_below_3/cnn_model/cnn14/plasma_tp1_0.1x_model_C4/roc_curve_resnet18_tf_0_1/nested_cv_random/resnet18/repeat_10_fold_5_metrics.csv,10,1,resnet18,all,C4,AUPRC,0.9815986431157208
/scratchc/nrlab/wang04/ulyses_results_iteration/iteration_3_merge_below_3/cnn_model/cnn14/plasma_tp1_0.1x_model_C4/roc_curve_resnet18_tf_0_1/nested_cv_random/resnet18/repeat_10_fold_5_metrics.csv,10,1,resnet18,all,C4,Sensitivity at 99% Specificity,0.6010928961748634
/scratchc/nrlab/wang04/ulyses_results_iteration/iteration_3_merge_below_3/cnn_model/cnn14/plasma_tp1_0.1x_model_C4/roc_curve_resnet18_tf_0_1/nested_cv_random/resnet18/repeat_10_fold_5_metrics.csv,10,1,resnet18,all,C4,PPV at 99% Specificity,1
/scratchc/nrlab/wang04/ulyses_results_iteration/iteration_3_merge_below_3/cnn_model/cnn14/plasma_tp1_0.1x_model_C4/roc_curve_resnet18_tf_0_1/nested_cv_random/resnet18/repeat_10_fold_5_metrics.csv,10,1,resnet18,all,C4,Accuracy at 99% Specificity,0.7955464480874317
/scratchc/nrlab/wang04/ulyses_results_iteration/iteration_3_merge_below_3/cnn_model/cnn14/plasma_tp1_0.1x_model_C4/roc_curve_resnet18_tf_0_1/nested_cv_random/resnet18/repeat_10_fold_5_metrics.csv,10,1,resnet18,all,C4,F1 at 99% Specificity,0.7508532423208191
/scratchc/nrlab/wang04/ulyses_results_iteration/iteration_3_merge_below_3/cnn_model/cnn14/plasma_tp1_0.1x_model_C4/roc_curve_resnet18_tf_0_1/nested_cv_random/resnet18/repeat_10_fold_5_metrics.csv,10,1,resnet18,all,C4,Sensitivity at 98% Specificity,0.6010928961748634
/scratchc/nrlab/wang04/ulyses_results_iteration/iteration_3_merge_below_3/cnn_model/cnn14/plasma_tp1_0.1x_model_C4/roc_curve_resnet18_tf_0_1/nested_cv_random/resnet18/repeat_10_fold_5_metrics.csv,10,1,resnet18,all,C4,PPV at 98% Specificity,1
/scratchc/nrlab/wang04/ulyses_results_iteration/iteration_3_merge_below_3/cnn_model/cnn14/plasma_tp1_0.1x_model_C4/roc_curve_resnet18_tf_0_1/nested_cv_random/resnet18/repeat_10_fold_5_metrics.csv,10,1,resnet18,all,C4,Accuracy at 98% Specificity,0.7905464480874317
/scratchc/nrlab/wang04/ulyses_results_iteration/iteration_3_merge_below_3/cnn_model/cnn14/plasma_tp1_0.1x_model_C4/roc_curve_resnet18_tf_0_1/nested_cv_random/resnet18/repeat_10_fold_5_metrics.csv,10,1,resnet18,all,C4,F1 at 98% Specificity,0.7508532423208191
/scratchc/nrlab/wang04/ulyses_results_iteration/iteration_3_merge_below_3/cnn_model/cnn14/plasma_tp1_0.1x_model_C4/roc_curve_resnet18_tf_0_1/nested_cv_random/resnet18/repeat_10_fold_5_metrics.csv,10,1,resnet18,all,C4,Sensitivity at 95% Specificity,0.6338797814207651
/scratchc/nrlab/wang04/ulyses_results_iteration/iteration_3_merge_below_3/cnn_model/cnn14/plasma_tp1_0.1x_model_C4/roc_curve_resnet18_tf_0_1/nested_cv_random/resnet18/repeat_10_fold_5_metrics.csv,10,1,resnet18,all,C4,PPV at 95% Specificity,0.9830508474576272
/scratchc/nrlab/wang04/ulyses_results_iteration/iteration_3_merge_below_3/cnn_model/cnn14/plasma_tp1_0.1x_model_C4/roc_curve_resnet18_tf_0_1/nested_cv_random/resnet18/repeat_10_fold_5_metrics.csv,10,1,resnet18,all,C4,Accuracy at 95% Specificity,0.7770961407103825
/scratchc/nrlab/wang04/ulyses_results_iteration/iteration_3_merge_below_3/cnn_model/cnn14/plasma_tp1_0.1x_model_C4/roc_curve_resnet18_tf_0_1/nested_cv_random/resnet18/repeat_10_fold_5_metrics.csv,10,1,resnet18,all,C4,F1 at 95% Specificity,0.770764119601329
/scratchc/nrlab/wang04/ulyses_results_iteration/iteration_3_merge_below_3/cnn_model/cnn14/plasma_tp1_0.1x_model_C4/roc_curve_resnet18_tf_0_1/nested_cv_random/resnet18/repeat_10_fold_5_metrics.csv,10,2,resnet18,all,C4,AUROC,0.9440092355900058
/scratchc/nrlab/wang04/ulyses_results_iteration/iteration_3_merge_below_3/cnn_model/cnn14/plasma_tp1_0.1x_model_C4/roc_curve_resnet18_tf_0_1/nested_cv_random/resnet18/repeat_10_fold_5_metrics.csv,10,2,resnet18,all,C4,AUPRC,0.9788247806775444
/scratchc/nrlab/wang04/ulyses_results_iteration/iteration_3_merge_below_3/cnn_model/cnn14/plasma_tp1_0.1x_model_C4/roc_curve_resnet18_tf_0_1/nested_cv_random/resnet18/repeat_10_fold_5_metrics.csv,10,2,resnet18,all,C4,Sensitivity at 99% Specificity,0.4972375690607735
/scratchc/nrlab/wang04/ulyses_results_iteration/iteration_3_merge_below_3/cnn_model/cnn14/plasma_tp1_0.1x_model_C4/roc_curve_resnet18_tf_0_1/nested_cv_random/resnet18/repeat_10_fold_5_metrics.csv,10,2,resnet18,all,C4,PPV at 99% Specificity,1
/scratchc/nrlab/wang04/ulyses_results_iteration/iteration_3_merge_below_3/cnn_model/cnn14/plasma_tp1_0.1x_model_C4/roc_curve_resnet18_tf_0_1/nested_cv_random/resnet18/repeat_10_fold_5_metrics.csv,10,2,resnet18,all,C4,Accuracy at 99% Specificity,0.7436187845303868
/scratchc/nrlab/wang04/ulyses_results_iteration/iteration_3_merge_below_3/cnn_model/cnn14/plasma_tp1_0.1x_model_C4/roc_curve_resnet18_tf_0_1/nested_cv_random/resnet18/repeat_10_fold_5_metrics.csv,10,2,resnet18,all,C4,F1 at 99% Specificity,0.6642066420664207
/scratchc/nrlab/wang04/ulyses_results_iteration/iteration_3_merge_below_3/cnn_model/cnn14/plasma_tp1_0.1x_model_C4/roc_curve_resnet18_tf_0_1/nested_cv_random/resnet18/repeat_10_fold_5_metrics.csv,10,2,resnet18,all,C4,Sensitivity at 98% Specificity,0.4972375690607735
/scratchc/nrlab/wang04/ulyses_results_iteration/iteration_3_merge_below_3/cnn_model/cnn14/plasma_tp1_0.1x_model_C4/roc_curve_resnet18_tf_0_1/nested_cv_random/resnet18/repeat_10_fold_5_metrics.csv,10,2,resnet18,all,C4,PPV at 98% Specificity,1
/scratchc/nrlab/wang04/ulyses_results_iteration/iteration_3_merge_below_3/cnn_model/cnn14/plasma_tp1_0.1x_model_C4/roc_curve_resnet18_tf_0_1/nested_cv_random/resnet18/repeat_10_fold_5_metrics.csv,10,2,resnet18,all,C4,Accuracy at 98% Specificity,0.7386187845303868
/scratchc/nrlab/wang04/ulyses_results_iteration/iteration_3_merge_below_3/cnn_model/cnn14/plasma_tp1_0.1x_model_C4/roc_curve_resnet18_tf_0_1/nested_cv_random/resnet18/repeat_10_fold_5_metrics.csv,10,2,resnet18,all,C4,F1 at 98% Specificity,0.6642066420664207
/scratchc/nrlab/wang04/ulyses_results_iteration/iteration_3_merge_below_3/cnn_model/cnn14/plasma_tp1_0.1x_model_C4/roc_curve_resnet18_tf_0_1/nested_cv_random/resnet18/repeat_10_fold_5_metrics.csv,10,2,resnet18,all,C4,Sensitivity at 95% Specificity,0.7292817679558011
/scratchc/nrlab/wang04/ulyses_results_iteration/iteration_3_merge_below_3/cnn_model/cnn14/plasma_tp1_0.1x_model_C4/roc_curve_resnet18_tf_0_1/nested_cv_random/resnet18/repeat_10_fold_5_metrics.csv,10,2,resnet18,all,C4,PPV at 95% Specificity,0.9850746268656716
/scratchc/nrlab/wang04/ulyses_results_iteration/iteration_3_merge_below_3/cnn_model/cnn14/plasma_tp1_0.1x_model_C4/roc_curve_resnet18_tf_0_1/nested_cv_random/resnet18/repeat_10_fold_5_metrics.csv,10,2,resnet18,all,C4,Accuracy at 95% Specificity,0.8254617795002885
/scratchc/nrlab/wang04/ulyses_results_iteration/iteration_3_merge_below_3/cnn_model/cnn14/plasma_tp1_0.1x_model_C4/roc_curve_resnet18_tf_0_1/nested_cv_random/resnet18/repeat_10_fold_5_metrics.csv,10,2,resnet18,all,C4,F1 at 95% Specificity,0.8380952380952381
/scratchc/nrlab/wang04/ulyses_results_iteration/iteration_3_merge_below_3/cnn_model/cnn14/plasma_tp1_0.1x_model_C4/roc_curve_resnet18_tf_0_1/nested_cv_random/resnet18/repeat_10_fold_5_metrics.csv,10,3,resnet18,all,C4,AUROC,0.8724674232870953
/scratchc/nrlab/wang04/ulyses_results_iteration/iteration_3_merge_below_3/cnn_model/cnn14/plasma_tp1_0.1x_model_C4/roc_curve_resnet18_tf_0_1/nested_cv_random/resnet18/repeat_10_fold_5_metrics.csv,10,3,resnet18,all,C4,AUPRC,0.9537904176096932
/scratchc/nrlab/wang04/ulyses_results_iteration/iteration_3_merge_below_3/cnn_model/cnn14/plasma_tp1_0.1x_model_C4/roc_curve_resnet18_tf_0_1/nested_cv_random/resnet18/repeat_10_fold_5_metrics.csv,10,3,resnet18,all,C4,Sensitivity at 99% Specificity,0.3989071038251366
/scratchc/nrlab/wang04/ulyses_results_iteration/iteration_3_merge_below_3/cnn_model/cnn14/plasma_tp1_0.1x_model_C4/roc_curve_resnet18_tf_0_1/nested_cv_random/resnet18/repeat_10_fold_5_metrics.csv,10,3,resnet18,all,C4,PPV at 99% Specificity,1
/scratchc/nrlab/wang04/ulyses_results_iteration/iteration_3_merge_below_3/cnn_model/cnn14/plasma_tp1_0.1x_model_C4/roc_curve_resnet18_tf_0_1/nested_cv_random/resnet18/repeat_10_fold_5_metrics.csv,10,3,resnet18,all,C4,Accuracy at 99% Specificity,0.6944535519125683
/scratchc/nrlab/wang04/ulyses_results_iteration/iteration_3_merge_below_3/cnn_model/cnn14/plasma_tp1_0.1x_model_C4/roc_curve_resnet18_tf_0_1/nested_cv_random/resnet18/repeat_10_fold_5_metrics.csv,10,3,resnet18,all,C4,F1 at 99% Specificity,0.5703125
/scratchc/nrlab/wang04/ulyses_results_iteration/iteration_3_merge_below_3/cnn_model/cnn14/plasma_tp1_0.1x_model_C4/roc_curve_resnet18_tf_0_1/nested_cv_random/resnet18/repeat_10_fold_5_metrics.csv,10,3,resnet18,all,C4,Sensitivity at 98% Specificity,0.3989071038251366
/scratchc/nrlab/wang04/ulyses_results_iteration/iteration_3_merge_below_3/cnn_model/cnn14/plasma_tp1_0.1x_model_C4/roc_curve_resnet18_tf_0_1/nested_cv_random/resnet18/repeat_10_fold_5_metrics.csv,10,3,resnet18,all,C4,PPV at 98% Specificity,1
/scratchc/nrlab/wang04/ulyses_results_iteration/iteration_3_merge_below_3/cnn_model/cnn14/plasma_tp1_0.1x_model_C4/roc_curve_resnet18_tf_0_1/nested_cv_random/resnet18/repeat_10_fold_5_metrics.csv,10,3,resnet18,all,C4,Accuracy at 98% Specificity,0.6894535519125683
/scratchc/nrlab/wang04/ulyses_results_iteration/iteration_3_merge_below_3/cnn_model/cnn14/plasma_tp1_0.1x_model_C4/roc_curve_resnet18_tf_0_1/nested_cv_random/resnet18/repeat_10_fold_5_metrics.csv,10,3,resnet18,all,C4,F1 at 98% Specificity,0.5703125
/scratchc/nrlab/wang04/ulyses_results_iteration/iteration_3_merge_below_3/cnn_model/cnn14/plasma_tp1_0.1x_model_C4/roc_curve_resnet18_tf_0_1/nested_cv_random/resnet18/repeat_10_fold_5_metrics.csv,10,3,resnet18,all,C4,Sensitivity at 95% Specificity,0.5792349726775956
/scratchc/nrlab/wang04/ulyses_results_iteration/iteration_3_merge_below_3/cnn_model/cnn14/plasma_tp1_0.1x_model_C4/roc_curve_resnet18_tf_0_1/nested_cv_random/resnet18/repeat_10_fold_5_metrics.csv,10,3,resnet18,all,C4,PPV at 95% Specificity,0.9724770642201837
/scratchc/nrlab/wang04/ulyses_results_iteration/iteration_3_merge_below_3/cnn_model/cnn14/plasma_tp1_0.1x_model_C4/roc_curve_resnet18_tf_0_1/nested_cv_random/resnet18/repeat_10_fold_5_metrics.csv,10,3,resnet18,all,C4,Accuracy at 95% Specificity,0.7426944094157208
/scratchc/nrlab/wang04/ulyses_results_iteration/iteration_3_merge_below_3/cnn_model/cnn14/plasma_tp1_0.1x_model_C4/roc_curve_resnet18_tf_0_1/nested_cv_random/resnet18/repeat_10_fold_5_metrics.csv,10,3,resnet18,all,C4,F1 at 95% Specificity,0.726027397260274
/scratchc/nrlab/wang04/ulyses_results_iteration/iteration_3_merge_below_3/cnn_model/cnn14/plasma_tp1_0.1x_model_C4/roc_curve_resnet18_tf_0_1/nested_cv_random/resnet18/repeat_10_fold_5_metrics.csv,10,4,resnet18,all,C4,AUROC,0.928260505608572
/scratchc/nrlab/wang04/ulyses_results_iteration/iteration_3_merge_below_3/cnn_model/cnn14/plasma_tp1_0.1x_model_C4/roc_curve_resnet18_tf_0_1/nested_cv_random/resnet18/repeat_10_fold_5_metrics.csv,10,4,resnet18,all,C4,AUPRC,0.9751849973948864
/scratchc/nrlab/wang04/ulyses_results_iteration/iteration_3_merge_below_3/cnn_model/cnn14/plasma_tp1_0.1x_model_C4/roc_curve_resnet18_tf_0_1/nested_cv_random/resnet18/repeat_10_fold_5_metrics.csv,10,4,resnet18,all,C4,Sensitivity at 99% Specificity,0.5524861878453039
/scratchc/nrlab/wang04/ulyses_results_iteration/iteration_3_merge_below_3/cnn_model/cnn14/plasma_tp1_0.1x_model_C4/roc_curve_resnet18_tf_0_1/nested_cv_random/resnet18/repeat_10_fold_5_metrics.csv,10,4,resnet18,all,C4,PPV at 99% Specificity,1
/scratchc/nrlab/wang04/ulyses_results_iteration/iteration_3_merge_below_3/cnn_model/cnn14/plasma_tp1_0.1x_model_C4/roc_curve_resnet18_tf_0_1/nested_cv_random/resnet18/repeat_10_fold_5_metrics.csv,10,4,resnet18,all,C4,Accuracy at 99% Specificity,0.771243093922652
/scratchc/nrlab/wang04/ulyses_results_iteration/iteration_3_merge_below_3/cnn_model/cnn14/plasma_tp1_0.1x_model_C4/roc_curve_resnet18_tf_0_1/nested_cv_random/resnet18/repeat_10_fold_5_metrics.csv,10,4,resnet18,all,C4,F1 at 99% Specificity,0.7117437722419929
/scratchc/nrlab/wang04/ulyses_results_iteration/iteration_3_merge_below_3/cnn_model/cnn14/plasma_tp1_0.1x_model_C4/roc_curve_resnet18_tf_0_1/nested_cv_random/resnet18/repeat_10_fold_5_metrics.csv,10,4,resnet18,all,C4,Sensitivity at 98% Specificity,0.5524861878453039
/scratchc/nrlab/wang04/ulyses_results_iteration/iteration_3_merge_below_3/cnn_model/cnn14/plasma_tp1_0.1x_model_C4/roc_curve_resnet18_tf_0_1/nested_cv_random/resnet18/repeat_10_fold_5_metrics.csv,10,4,resnet18,all,C4,PPV at 98% Specificity,1
/scratchc/nrlab/wang04/ulyses_results_iteration/iteration_3_merge_below_3/cnn_model/cnn14/plasma_tp1_0.1x_model_C4/roc_curve_resnet18_tf_0_1/nested_cv_random/resnet18/repeat_10_fold_5_metrics.csv,10,4,resnet18,all,C4,Accuracy at 98% Specificity,0.7662430939226519
/scratchc/nrlab/wang04/ulyses_results_iteration/iteration_3_merge_below_3/cnn_model/cnn14/plasma_tp1_0.1x_model_C4/roc_curve_resnet18_tf_0_1/nested_cv_random/resnet18/repeat_10_fold_5_metrics.csv,10,4,resnet18,all,C4,F1 at 98% Specificity,0.7117437722419929
/scratchc/nrlab/wang04/ulyses_results_iteration/iteration_3_merge_below_3/cnn_model/cnn14/plasma_tp1_0.1x_model_C4/roc_curve_resnet18_tf_0_1/nested_cv_random/resnet18/repeat_10_fold_5_metrics.csv,10,4,resnet18,all,C4,Sensitivity at 95% Specificity,0.7513812154696132
/scratchc/nrlab/wang04/ulyses_results_iteration/iteration_3_merge_below_3/cnn_model/cnn14/plasma_tp1_0.1x_model_C4/roc_curve_resnet18_tf_0_1/nested_cv_random/resnet18/repeat_10_fold_5_metrics.csv,10,4,resnet18,all,C4,PPV at 95% Specificity,0.9784172661870504
/scratchc/nrlab/wang04/ulyses_results_iteration/iteration_3_merge_below_3/cnn_model/cnn14/plasma_tp1_0.1x_model_C4/roc_curve_resnet18_tf_0_1/nested_cv_random/resnet18/repeat_10_fold_5_metrics.csv,10,4,resnet18,all,C4,Accuracy at 95% Specificity,0.8290996986438975
/scratchc/nrlab/wang04/ulyses_results_iteration/iteration_3_merge_below_3/cnn_model/cnn14/plasma_tp1_0.1x_model_C4/roc_curve_resnet18_tf_0_1/nested_cv_random/resnet18/repeat_10_fold_5_metrics.csv,10,4,resnet18,all,C4,F1 at 95% Specificity,0.85
/scratchc/nrlab/wang04/ulyses_results_iteration/iteration_3_merge_below_3/cnn_model/cnn14/plasma_tp1_0.1x_model_C4/roc_curve_resnet18_tf_0_1/nested_cv_random/resnet18/repeat_10_fold_5_metrics.csv,10,5,resnet18,all,C4,AUROC,0.9296066252587992
/scratchc/nrlab/wang04/ulyses_results_iteration/iteration_3_merge_below_3/cnn_model/cnn14/plasma_tp1_0.1x_model_C4/roc_curve_resnet18_tf_0_1/nested_cv_random/resnet18/repeat_10_fold_5_metrics.csv,10,5,resnet18,all,C4,AUPRC,0.9741714445652884
/scratchc/nrlab/wang04/ulyses_results_iteration/iteration_3_merge_below_3/cnn_model/cnn14/plasma_tp1_0.1x_model_C4/roc_curve_resnet18_tf_0_1/nested_cv_random/resnet18/repeat_10_fold_5_metrics.csv,10,5,resnet18,all,C4,Sensitivity at 99% Specificity,0.4021739130434782
/scratchc/nrlab/wang04/ulyses_results_iteration/iteration_3_merge_below_3/cnn_model/cnn14/plasma_tp1_0.1x_model_C4/roc_curve_resnet18_tf_0_1/nested_cv_random/resnet18/repeat_10_fold_5_metrics.csv,10,5,resnet18,all,C4,PPV at 99% Specificity,1
/scratchc/nrlab/wang04/ulyses_results_iteration/iteration_3_merge_below_3/cnn_model/cnn14/plasma_tp1_0.1x_model_C4/roc_curve_resnet18_tf_0_1/nested_cv_random/resnet18/repeat_10_fold_5_metrics.csv,10,5,resnet18,all,C4,Accuracy at 99% Specificity,0.6960869565217391
/scratchc/nrlab/wang04/ulyses_results_iteration/iteration_3_merge_below_3/cnn_model/cnn14/plasma_tp1_0.1x_model_C4/roc_curve_resnet18_tf_0_1/nested_cv_random/resnet18/repeat_10_fold_5_metrics.csv,10,5,resnet18,all,C4,F1 at 99% Specificity,0.5736434108527132
/scratchc/nrlab/wang04/ulyses_results_iteration/iteration_3_merge_below_3/cnn_model/cnn14/plasma_tp1_0.1x_model_C4/roc_curve_resnet18_tf_0_1/nested_cv_random/resnet18/repeat_10_fold_5_metrics.csv,10,5,resnet18,all,C4,Sensitivity at 98% Specificity,0.4021739130434782
/scratchc/nrlab/wang04/ulyses_results_iteration/iteration_3_merge_below_3/cnn_model/cnn14/plasma_tp1_0.1x_model_C4/roc_curve_resnet18_tf_0_1/nested_cv_random/resnet18/repeat_10_fold_5_metrics.csv,10,5,resnet18,all,C4,PPV at 98% Specificity,1
/scratchc/nrlab/wang04/ulyses_results_iteration/iteration_3_merge_below_3/cnn_model/cnn14/plasma_tp1_0.1x_model_C4/roc_curve_resnet18_tf_0_1/nested_cv_random/resnet18/repeat_10_fold_5_metrics.csv,10,5,resnet18,all,C4,Accuracy at 98% Specificity,0.6910869565217391
/scratchc/nrlab/wang04/ulyses_results_iteration/iteration_3_merge_below_3/cnn_model/cnn14/plasma_tp1_0.1x_model_C4/roc_curve_resnet18_tf_0_1/nested_cv_random/resnet18/repeat_10_fold_5_metrics.csv,10,5,resnet18,all,C4,F1 at 98% Specificity,0.5736434108527132
/scratchc/nrlab/wang04/ulyses_results_iteration/iteration_3_merge_below_3/cnn_model/cnn14/plasma_tp1_0.1x_model_C4/roc_curve_resnet18_tf_0_1/nested_cv_random/resnet18/repeat_10_fold_5_metrics.csv,10,5,resnet18,all,C4,Sensitivity at 95% Specificity,0.6847826086956522
/scratchc/nrlab/wang04/ulyses_results_iteration/iteration_3_merge_below_3/cnn_model/cnn14/plasma_tp1_0.1x_model_C4/roc_curve_resnet18_tf_0_1/nested_cv_random/resnet18/repeat_10_fold_5_metrics.csv,10,5,resnet18,all,C4,PPV at 95% Specificity,0.984375
/scratchc/nrlab/wang04/ulyses_results_iteration/iteration_3_merge_below_3/cnn_model/cnn14/plasma_tp1_0.1x_model_C4/roc_curve_resnet18_tf_0_1/nested_cv_random/resnet18/repeat_10_fold_5_metrics.csv,10,5,resnet18,all,C4,Accuracy at 95% Specificity,0.802311939268461
/scratchc/nrlab/wang04/ulyses_results_iteration/iteration_3_merge_below_3/cnn_model/cnn14/plasma_tp1_0.1x_model_C4/roc_curve_resnet18_tf_0_1/nested_cv_random/resnet18/repeat_10_fold_5_metrics.csv,10,5,resnet18,all,C4,F1 at 95% Specificity,0.8076923076923077
/scratchc/nrlab/wang04/ulyses_results_iteration/iteration_3_merge_below_3/cnn_model/cnn14/plasma_tp1_0.1x_model_C4/roc_curve_resnet18_tf_0.03_0.1/nested_cv_random/resnet18/repeat_10_fold_5_metrics.csv,1,1,resnet18,"(0.03, 0.1]",C4,AUROC,0.9852693602693604
/scratchc/nrlab/wang04/ulyses_results_iteration/iteration_3_merge_below_3/cnn_model/cnn14/plasma_tp1_0.1x_model_C4/roc_curve_resnet18_tf_0.03_0.1/nested_cv_random/resnet18/repeat_10_fold_5_metrics.csv,1,1,resnet18,"(0.03, 0.1]",C4,AUPRC,0.9772856672313196
/scratchc/nrlab/wang04/ulyses_results_iteration/iteration_3_merge_below_3/cnn_model/cnn14/plasma_tp1_0.1x_model_C4/roc_curve_resnet18_tf_0.03_0.1/nested_cv_random/resnet18/repeat_10_fold_5_metrics.csv,1,1,resnet18,"(0.03, 0.1]",C4,Sensitivity at 99% Specificity,0.8611111111111112
/scratchc/nrlab/wang04/ulyses_results_iteration/iteration_3_merge_below_3/cnn_model/cnn14/plasma_tp1_0.1x_model_C4/roc_curve_resnet18_tf_0.03_0.1/nested_cv_random/resnet18/repeat_10_fold_5_metrics.csv,1,1,resnet18,"(0.03, 0.1]",C4,PPV at 99% Specificity,1
/scratchc/nrlab/wang04/ulyses_results_iteration/iteration_3_merge_below_3/cnn_model/cnn14/plasma_tp1_0.1x_model_C4/roc_curve_resnet18_tf_0.03_0.1/nested_cv_random/resnet18/repeat_10_fold_5_metrics.csv,1,1,resnet18,"(0.03, 0.1]",C4,Accuracy at 99% Specificity,0.9255555555555556
/scratchc/nrlab/wang04/ulyses_results_iteration/iteration_3_merge_below_3/cnn_model/cnn14/plasma_tp1_0.1x_model_C4/roc_curve_resnet18_tf_0.03_0.1/nested_cv_random/resnet18/repeat_10_fold_5_metrics.csv,1,1,resnet18,"(0.03, 0.1]",C4,F1 at 99% Specificity,0.9253731343283582
/scratchc/nrlab/wang04/ulyses_results_iteration/iteration_3_merge_below_3/cnn_model/cnn14/plasma_tp1_0.1x_model_C4/roc_curve_resnet18_tf_0.03_0.1/nested_cv_random/resnet18/repeat_10_fold_5_metrics.csv,1,1,resnet18,"(0.03, 0.1]",C4,Sensitivity at 98% Specificity,0.8611111111111112
/scratchc/nrlab/wang04/ulyses_results_iteration/iteration_3_merge_below_3/cnn_model/cnn14/plasma_tp1_0.1x_model_C4/roc_curve_resnet18_tf_0.03_0.1/nested_cv_random/resnet18/repeat_10_fold_5_metrics.csv,1,1,resnet18,"(0.03, 0.1]",C4,PPV at 98% Specificity,1
/scratchc/nrlab/wang04/ulyses_results_iteration/iteration_3_merge_below_3/cnn_model/cnn14/plasma_tp1_0.1x_model_C4/roc_curve_resnet18_tf_0.03_0.1/nested_cv_random/resnet18/repeat_10_fold_5_metrics.csv,1,1,resnet18,"(0.03, 0.1]",C4,Accuracy at 98% Specificity,0.9205555555555556
/scratchc/nrlab/wang04/ulyses_results_iteration/iteration_3_merge_below_3/cnn_model/cnn14/plasma_tp1_0.1x_model_C4/roc_curve_resnet18_tf_0.03_0.1/nested_cv_random/resnet18/repeat_10_fold_5_metrics.csv,1,1,resnet18,"(0.03, 0.1]",C4,F1 at 98% Specificity,0.9253731343283582
/scratchc/nrlab/wang04/ulyses_results_iteration/iteration_3_merge_below_3/cnn_model/cnn14/plasma_tp1_0.1x_model_C4/roc_curve_resnet18_tf_0.03_0.1/nested_cv_random/resnet18/repeat_10_fold_5_metrics.csv,1,1,resnet18,"(0.03, 0.1]",C4,Sensitivity at 95% Specificity,0.8611111111111112
/scratchc/nrlab/wang04/ulyses_results_iteration/iteration_3_merge_below_3/cnn_model/cnn14/plasma_tp1_0.1x_model_C4/roc_curve_resnet18_tf_0.03_0.1/nested_cv_random/resnet18/repeat_10_fold_5_metrics.csv,1,1,resnet18,"(0.03, 0.1]",C4,PPV at 95% Specificity,1
/scratchc/nrlab/wang04/ulyses_results_iteration/iteration_3_merge_below_3/cnn_model/cnn14/plasma_tp1_0.1x_model_C4/roc_curve_resnet18_tf_0.03_0.1/nested_cv_random/resnet18/repeat_10_fold_5_metrics.csv,1,1,resnet18,"(0.03, 0.1]",C4,Accuracy at 95% Specificity,0.9055555555555556
/scratchc/nrlab/wang04/ulyses_results_iteration/iteration_3_merge_below_3/cnn_model/cnn14/plasma_tp1_0.1x_model_C4/roc_curve_resnet18_tf_0.03_0.1/nested_cv_random/resnet18/repeat_10_fold_5_metrics.csv,1,1,resnet18,"(0.03, 0.1]",C4,F1 at 95% Specificity,0.9253731343283582
/scratchc/nrlab/wang04/ulyses_results_iteration/iteration_3_merge_below_3/cnn_model/cnn14/plasma_tp1_0.1x_model_C4/roc_curve_resnet18_tf_0.03_0.1/nested_cv_random/resnet18/repeat_10_fold_5_metrics.csv,1,2,resnet18,"(0.03, 0.1]",C4,AUROC,0.96017316017316
/scratchc/nrlab/wang04/ulyses_results_iteration/iteration_3_merge_below_3/cnn_model/cnn14/plasma_tp1_0.1x_model_C4/roc_curve_resnet18_tf_0.03_0.1/nested_cv_random/resnet18/repeat_10_fold_5_metrics.csv,1,2,resnet18,"(0.03, 0.1]",C4,AUPRC,0.9565468445574092
/scratchc/nrlab/wang04/ulyses_results_iteration/iteration_3_merge_below_3/cnn_model/cnn14/plasma_tp1_0.1x_model_C4/roc_curve_resnet18_tf_0.03_0.1/nested_cv_random/resnet18/repeat_10_fold_5_metrics.csv,1,2,resnet18,"(0.03, 0.1]",C4,Sensitivity at 99% Specificity,0.6857142857142857
/scratchc/nrlab/wang04/ulyses_results_iteration/iteration_3_merge_below_3/cnn_model/cnn14/plasma_tp1_0.1x_model_C4/roc_curve_resnet18_tf_0.03_0.1/nested_cv_random/resnet18/repeat_10_fold_5_metrics.csv,1,2,resnet18,"(0.03, 0.1]",C4,PPV at 99% Specificity,1
/scratchc/nrlab/wang04/ulyses_results_iteration/iteration_3_merge_below_3/cnn_model/cnn14/plasma_tp1_0.1x_model_C4/roc_curve_resnet18_tf_0.03_0.1/nested_cv_random/resnet18/repeat_10_fold_5_metrics.csv,1,2,resnet18,"(0.03, 0.1]",C4,Accuracy at 99% Specificity,0.8378571428571429
/scratchc/nrlab/wang04/ulyses_results_iteration/iteration_3_merge_below_3/cnn_model/cnn14/plasma_tp1_0.1x_model_C4/roc_curve_resnet18_tf_0.03_0.1/nested_cv_random/resnet18/repeat_10_fold_5_metrics.csv,1,2,resnet18,"(0.03, 0.1]",C4,F1 at 99% Specificity,0.8135593220338984
/scratchc/nrlab/wang04/ulyses_results_iteration/iteration_3_merge_below_3/cnn_model/cnn14/plasma_tp1_0.1x_model_C4/roc_curve_resnet18_tf_0.03_0.1/nested_cv_random/resnet18/repeat_10_fold_5_metrics.csv,1,2,resnet18,"(0.03, 0.1]",C4,Sensitivity at 98% Specificity,0.6857142857142857
/scratchc/nrlab/wang04/ulyses_results_iteration/iteration_3_merge_below_3/cnn_model/cnn14/plasma_tp1_0.1x_model_C4/roc_curve_resnet18_tf_0.03_0.1/nested_cv_random/resnet18/repeat_10_fold_5_metrics.csv,1,2,resnet18,"(0.03, 0.1]",C4,PPV at 98% Specificity,1
/scratchc/nrlab/wang04/ulyses_results_iteration/iteration_3_merge_below_3/cnn_model/cnn14/plasma_tp1_0.1x_model_C4/roc_curve_resnet18_tf_0.03_0.1/nested_cv_random/resnet18/repeat_10_fold_5_metrics.csv,1,2,resnet18,"(0.03, 0.1]",C4,Accuracy at 98% Specificity,0.8328571428571429
/scratchc/nrlab/wang04/ulyses_results_iteration/iteration_3_merge_below_3/cnn_model/cnn14/plasma_tp1_0.1x_model_C4/roc_curve_resnet18_tf_0.03_0.1/nested_cv_random/resnet18/repeat_10_fold_5_metrics.csv,1,2,resnet18,"(0.03, 0.1]",C4,F1 at 98% Specificity,0.8135593220338984
/scratchc/nrlab/wang04/ulyses_results_iteration/iteration_3_merge_below_3/cnn_model/cnn14/plasma_tp1_0.1x_model_C4/roc_curve_resnet18_tf_0.03_0.1/nested_cv_random/resnet18/repeat_10_fold_5_metrics.csv,1,2,resnet18,"(0.03, 0.1]",C4,Sensitivity at 95% Specificity,0.8
/scratchc/nrlab/wang04/ulyses_results_iteration/iteration_3_merge_below_3/cnn_model/cnn14/plasma_tp1_0.1x_model_C4/roc_curve_resnet18_tf_0.03_0.1/nested_cv_random/resnet18/repeat_10_fold_5_metrics.csv,1,2,resnet18,"(0.03, 0.1]",C4,PPV at 95% Specificity,0.9655172413793104
/scratchc/nrlab/wang04/ulyses_results_iteration/iteration_3_merge_below_3/cnn_model/cnn14/plasma_tp1_0.1x_model_C4/roc_curve_resnet18_tf_0.03_0.1/nested_cv_random/resnet18/repeat_10_fold_5_metrics.csv,1,2,resnet18,"(0.03, 0.1]",C4,Accuracy at 95% Specificity,0.8678030303030303
/scratchc/nrlab/wang04/ulyses_results_iteration/iteration_3_merge_below_3/cnn_model/cnn14/plasma_tp1_0.1x_model_C4/roc_curve_resnet18_tf_0.03_0.1/nested_cv_random/resnet18/repeat_10_fold_5_metrics.csv,1,2,resnet18,"(0.03, 0.1]",C4,F1 at 95% Specificity,0.875
/scratchc/nrlab/wang04/ulyses_results_iteration/iteration_3_merge_below_3/cnn_model/cnn14/plasma_tp1_0.1x_model_C4/roc_curve_resnet18_tf_0.03_0.1/nested_cv_random/resnet18/repeat_10_fold_5_metrics.csv,1,3,resnet18,"(0.03, 0.1]",C4,AUROC,0.938961038961039
/scratchc/nrlab/wang04/ulyses_results_iteration/iteration_3_merge_below_3/cnn_model/cnn14/plasma_tp1_0.1x_model_C4/roc_curve_resnet18_tf_0.03_0.1/nested_cv_random/resnet18/repeat_10_fold_5_metrics.csv,1,3,resnet18,"(0.03, 0.1]",C4,AUPRC,0.9302127244903808
/scratchc/nrlab/wang04/ulyses_results_iteration/iteration_3_merge_below_3/cnn_model/cnn14/plasma_tp1_0.1x_model_C4/roc_curve_resnet18_tf_0.03_0.1/nested_cv_random/resnet18/repeat_10_fold_5_metrics.csv,1,3,resnet18,"(0.03, 0.1]",C4,Sensitivity at 99% Specificity,0.5428571428571428
/scratchc/nrlab/wang04/ulyses_results_iteration/iteration_3_merge_below_3/cnn_model/cnn14/plasma_tp1_0.1x_model_C4/roc_curve_resnet18_tf_0.03_0.1/nested_cv_random/resnet18/repeat_10_fold_5_metrics.csv,1,3,resnet18,"(0.03, 0.1]",C4,PPV at 99% Specificity,1
/scratchc/nrlab/wang04/ulyses_results_iteration/iteration_3_merge_below_3/cnn_model/cnn14/plasma_tp1_0.1x_model_C4/roc_curve_resnet18_tf_0.03_0.1/nested_cv_random/resnet18/repeat_10_fold_5_metrics.csv,1,3,resnet18,"(0.03, 0.1]",C4,Accuracy at 99% Specificity,0.7664285714285715
/scratchc/nrlab/wang04/ulyses_results_iteration/iteration_3_merge_below_3/cnn_model/cnn14/plasma_tp1_0.1x_model_C4/roc_curve_resnet18_tf_0.03_0.1/nested_cv_random/resnet18/repeat_10_fold_5_metrics.csv,1,3,resnet18,"(0.03, 0.1]",C4,F1 at 99% Specificity,0.7037037037037037
/scratchc/nrlab/wang04/ulyses_results_iteration/iteration_3_merge_below_3/cnn_model/cnn14/plasma_tp1_0.1x_model_C4/roc_curve_resnet18_tf_0.03_0.1/nested_cv_random/resnet18/repeat_10_fold_5_metrics.csv,1,3,resnet18,"(0.03, 0.1]",C4,Sensitivity at 98% Specificity,0.5428571428571428
/scratchc/nrlab/wang04/ulyses_results_iteration/iteration_3_merge_below_3/cnn_model/cnn14/plasma_tp1_0.1x_model_C4/roc_curve_resnet18_tf_0.03_0.1/nested_cv_random/resnet18/repeat_10_fold_5_metrics.csv,1,3,resnet18,"(0.03, 0.1]",C4,PPV at 98% Specificity,1
/scratchc/nrlab/wang04/ulyses_results_iteration/iteration_3_merge_below_3/cnn_model/cnn14/plasma_tp1_0.1x_model_C4/roc_curve_resnet18_tf_0.03_0.1/nested_cv_random/resnet18/repeat_10_fold_5_metrics.csv,1,3,resnet18,"(0.03, 0.1]",C4,Accuracy at 98% Specificity,0.7614285714285713
/scratchc/nrlab/wang04/ulyses_results_iteration/iteration_3_merge_below_3/cnn_model/cnn14/plasma_tp1_0.1x_model_C4/roc_curve_resnet18_tf_0.03_0.1/nested_cv_random/resnet18/repeat_10_fold_5_metrics.csv,1,3,resnet18,"(0.03, 0.1]",C4,F1 at 98% Specificity,0.7037037037037037
/scratchc/nrlab/wang04/ulyses_results_iteration/iteration_3_merge_below_3/cnn_model/cnn14/plasma_tp1_0.1x_model_C4/roc_curve_resnet18_tf_0.03_0.1/nested_cv_random/resnet18/repeat_10_fold_5_metrics.csv,1,3,resnet18,"(0.03, 0.1]",C4,Sensitivity at 95% Specificity,0.7714285714285715
/scratchc/nrlab/wang04/ulyses_results_iteration/iteration_3_merge_below_3/cnn_model/cnn14/plasma_tp1_0.1x_model_C4/roc_curve_resnet18_tf_0.03_0.1/nested_cv_random/resnet18/repeat_10_fold_5_metrics.csv,1,3,resnet18,"(0.03, 0.1]",C4,PPV at 95% Specificity,0.9
/scratchc/nrlab/wang04/ulyses_results_iteration/iteration_3_merge_below_3/cnn_model/cnn14/plasma_tp1_0.1x_model_C4/roc_curve_resnet18_tf_0.03_0.1/nested_cv_random/resnet18/repeat_10_fold_5_metrics.csv,1,3,resnet18,"(0.03, 0.1]",C4,Accuracy at 95% Specificity,0.8391233766233767
/scratchc/nrlab/wang04/ulyses_results_iteration/iteration_3_merge_below_3/cnn_model/cnn14/plasma_tp1_0.1x_model_C4/roc_curve_resnet18_tf_0.03_0.1/nested_cv_random/resnet18/repeat_10_fold_5_metrics.csv,1,3,resnet18,"(0.03, 0.1]",C4,F1 at 95% Specificity,0.8307692307692308
/scratchc/nrlab/wang04/ulyses_results_iteration/iteration_3_merge_below_3/cnn_model/cnn14/plasma_tp1_0.1x_model_C4/roc_curve_resnet18_tf_0.03_0.1/nested_cv_random/resnet18/repeat_10_fold_5_metrics.csv,1,4,resnet18,"(0.03, 0.1]",C4,AUROC,0.9573934837092732
/scratchc/nrlab/wang04/ulyses_results_iteration/iteration_3_merge_below_3/cnn_model/cnn14/plasma_tp1_0.1x_model_C4/roc_curve_resnet18_tf_0.03_0.1/nested_cv_random/resnet18/repeat_10_fold_5_metrics.csv,1,4,resnet18,"(0.03, 0.1]",C4,AUPRC,0.9405237645751504
/scratchc/nrlab/wang04/ulyses_results_iteration/iteration_3_merge_below_3/cnn_model/cnn14/plasma_tp1_0.1x_model_C4/roc_curve_resnet18_tf_0.03_0.1/nested_cv_random/resnet18/repeat_10_fold_5_metrics.csv,1,4,resnet18,"(0.03, 0.1]",C4,Sensitivity at 99% Specificity,0.5
/scratchc/nrlab/wang04/ulyses_results_iteration/iteration_3_merge_below_3/cnn_model/cnn14/plasma_tp1_0.1x_model_C4/roc_curve_resnet18_tf_0.03_0.1/nested_cv_random/resnet18/repeat_10_fold_5_metrics.csv,1,4,resnet18,"(0.03, 0.1]",C4,PPV at 99% Specificity,1
/scratchc/nrlab/wang04/ulyses_results_iteration/iteration_3_merge_below_3/cnn_model/cnn14/plasma_tp1_0.1x_model_C4/roc_curve_resnet18_tf_0.03_0.1/nested_cv_random/resnet18/repeat_10_fold_5_metrics.csv,1,4,resnet18,"(0.03, 0.1]",C4,Accuracy at 99% Specificity,0.745
/scratchc/nrlab/wang04/ulyses_results_iteration/iteration_3_merge_below_3/cnn_model/cnn14/plasma_tp1_0.1x_model_C4/roc_curve_resnet18_tf_0.03_0.1/nested_cv_random/resnet18/repeat_10_fold_5_metrics.csv,1,4,resnet18,"(0.03, 0.1]",C4,F1 at 99% Specificity,0.6666666666666666
/scratchc/nrlab/wang04/ulyses_results_iteration/iteration_3_merge_below_3/cnn_model/cnn14/plasma_tp1_0.1x_model_C4/roc_curve_resnet18_tf_0.03_0.1/nested_cv_random/resnet18/repeat_10_fold_5_metrics.csv,1,4,resnet18,"(0.03, 0.1]",C4,Sensitivity at 98% Specificity,0.5
/scratchc/nrlab/wang04/ulyses_results_iteration/iteration_3_merge_below_3/cnn_model/cnn14/plasma_tp1_0.1x_model_C4/roc_curve_resnet18_tf_0.03_0.1/nested_cv_random/resnet18/repeat_10_fold_5_metrics.csv,1,4,resnet18,"(0.03, 0.1]",C4,PPV at 98% Specificity,1
/scratchc/nrlab/wang04/ulyses_results_iteration/iteration_3_merge_below_3/cnn_model/cnn14/plasma_tp1_0.1x_model_C4/roc_curve_resnet18_tf_0.03_0.1/nested_cv_random/resnet18/repeat_10_fold_5_metrics.csv,1,4,resnet18,"(0.03, 0.1]",C4,Accuracy at 98% Specificity,0.74
/scratchc/nrlab/wang04/ulyses_results_iteration/iteration_3_merge_below_3/cnn_model/cnn14/plasma_tp1_0.1x_model_C4/roc_curve_resnet18_tf_0.03_0.1/nested_cv_random/resnet18/repeat_10_fold_5_metrics.csv,1,4,resnet18,"(0.03, 0.1]",C4,F1 at 98% Specificity,0.6666666666666666
/scratchc/nrlab/wang04/ulyses_results_iteration/iteration_3_merge_below_3/cnn_model/cnn14/plasma_tp1_0.1x_model_C4/roc_curve_resnet18_tf_0.03_0.1/nested_cv_random/resnet18/repeat_10_fold_5_metrics.csv,1,4,resnet18,"(0.03, 0.1]",C4,Sensitivity at 95% Specificity,0.7894736842105263
/scratchc/nrlab/wang04/ulyses_results_iteration/iteration_3_merge_below_3/cnn_model/cnn14/plasma_tp1_0.1x_model_C4/roc_curve_resnet18_tf_0.03_0.1/nested_cv_random/resnet18/repeat_10_fold_5_metrics.csv,1,4,resnet18,"(0.03, 0.1]",C4,PPV at 95% Specificity,0.967741935483871
/scratchc/nrlab/wang04/ulyses_results_iteration/iteration_3_merge_below_3/cnn_model/cnn14/plasma_tp1_0.1x_model_C4/roc_curve_resnet18_tf_0.03_0.1/nested_cv_random/resnet18/repeat_10_fold_5_metrics.csv,1,4,resnet18,"(0.03, 0.1]",C4,Accuracy at 95% Specificity,0.8621971595655806
/scratchc/nrlab/wang04/ulyses_results_iteration/iteration_3_merge_below_3/cnn_model/cnn14/plasma_tp1_0.1x_model_C4/roc_curve_resnet18_tf_0.03_0.1/nested_cv_random/resnet18/repeat_10_fold_5_metrics.csv,1,4,resnet18,"(0.03, 0.1]",C4,F1 at 95% Specificity,0.8695652173913043
/scratchc/nrlab/wang04/ulyses_results_iteration/iteration_3_merge_below_3/cnn_model/cnn14/plasma_tp1_0.1x_model_C4/roc_curve_resnet18_tf_0.03_0.1/nested_cv_random/resnet18/repeat_10_fold_5_metrics.csv,1,5,resnet18,"(0.03, 0.1]",C4,AUROC,0.950168918918919
/scratchc/nrlab/wang04/ulyses_results_iteration/iteration_3_merge_below_3/cnn_model/cnn14/plasma_tp1_0.1x_model_C4/roc_curve_resnet18_tf_0.03_0.1/nested_cv_random/resnet18/repeat_10_fold_5_metrics.csv,1,5,resnet18,"(0.03, 0.1]",C4,AUPRC,0.9322512557921876
/scratchc/nrlab/wang04/ulyses_results_iteration/iteration_3_merge_below_3/cnn_model/cnn14/plasma_tp1_0.1x_model_C4/roc_curve_resnet18_tf_0.03_0.1/nested_cv_random/resnet18/repeat_10_fold_5_metrics.csv,1,5,resnet18,"(0.03, 0.1]",C4,Sensitivity at 99% Specificity,0.6216216216216216
/scratchc/nrlab/wang04/ulyses_results_iteration/iteration_3_merge_below_3/cnn_model/cnn14/plasma_tp1_0.1x_model_C4/roc_curve_resnet18_tf_0.03_0.1/nested_cv_random/resnet18/repeat_10_fold_5_metrics.csv,1,5,resnet18,"(0.03, 0.1]",C4,PPV at 99% Specificity,1
/scratchc/nrlab/wang04/ulyses_results_iteration/iteration_3_merge_below_3/cnn_model/cnn14/plasma_tp1_0.1x_model_C4/roc_curve_resnet18_tf_0.03_0.1/nested_cv_random/resnet18/repeat_10_fold_5_metrics.csv,1,5,resnet18,"(0.03, 0.1]",C4,Accuracy at 99% Specificity,0.8058108108108109
/scratchc/nrlab/wang04/ulyses_results_iteration/iteration_3_merge_below_3/cnn_model/cnn14/plasma_tp1_0.1x_model_C4/roc_curve_resnet18_tf_0.03_0.1/nested_cv_random/resnet18/repeat_10_fold_5_metrics.csv,1,5,resnet18,"(0.03, 0.1]",C4,F1 at 99% Specificity,0.7666666666666667
/scratchc/nrlab/wang04/ulyses_results_iteration/iteration_3_merge_below_3/cnn_model/cnn14/plasma_tp1_0.1x_model_C4/roc_curve_resnet18_tf_0.03_0.1/nested_cv_random/resnet18/repeat_10_fold_5_metrics.csv,1,5,resnet18,"(0.03, 0.1]",C4,Sensitivity at 98% Specificity,0.6216216216216216
/scratchc/nrlab/wang04/ulyses_results_iteration/iteration_3_merge_below_3/cnn_model/cnn14/plasma_tp1_0.1x_model_C4/roc_curve_resnet18_tf_0.03_0.1/nested_cv_random/resnet18/repeat_10_fold_5_metrics.csv,1,5,resnet18,"(0.03, 0.1]",C4,PPV at 98% Specificity,1
/scratchc/nrlab/wang04/ulyses_results_iteration/iteration_3_merge_below_3/cnn_model/cnn14/plasma_tp1_0.1x_model_C4/roc_curve_resnet18_tf_0.03_0.1/nested_cv_random/resnet18/repeat_10_fold_5_metrics.csv,1,5,resnet18,"(0.03, 0.1]",C4,Accuracy at 98% Specificity,0.8008108108108107
/scratchc/nrlab/wang04/ulyses_results_iteration/iteration_3_merge_below_3/cnn_model/cnn14/plasma_tp1_0.1x_model_C4/roc_curve_resnet18_tf_0.03_0.1/nested_cv_random/resnet18/repeat_10_fold_5_metrics.csv,1,5,resnet18,"(0.03, 0.1]",C4,F1 at 98% Specificity,0.7666666666666667
/scratchc/nrlab/wang04/ulyses_results_iteration/iteration_3_merge_below_3/cnn_model/cnn14/plasma_tp1_0.1x_model_C4/roc_curve_resnet18_tf_0.03_0.1/nested_cv_random/resnet18/repeat_10_fold_5_metrics.csv,1,5,resnet18,"(0.03, 0.1]",C4,Sensitivity at 95% Specificity,0.6216216216216216
/scratchc/nrlab/wang04/ulyses_results_iteration/iteration_3_merge_below_3/cnn_model/cnn14/plasma_tp1_0.1x_model_C4/roc_curve_resnet18_tf_0.03_0.1/nested_cv_random/resnet18/repeat_10_fold_5_metrics.csv,1,5,resnet18,"(0.03, 0.1]",C4,PPV at 95% Specificity,1
/scratchc/nrlab/wang04/ulyses_results_iteration/iteration_3_merge_below_3/cnn_model/cnn14/plasma_tp1_0.1x_model_C4/roc_curve_resnet18_tf_0.03_0.1/nested_cv_random/resnet18/repeat_10_fold_5_metrics.csv,1,5,resnet18,"(0.03, 0.1]",C4,Accuracy at 95% Specificity,0.7858108108108108
/scratchc/nrlab/wang04/ulyses_results_iteration/iteration_3_merge_below_3/cnn_model/cnn14/plasma_tp1_0.1x_model_C4/roc_curve_resnet18_tf_0.03_0.1/nested_cv_random/resnet18/repeat_10_fold_5_metrics.csv,1,5,resnet18,"(0.03, 0.1]",C4,F1 at 95% Specificity,0.7666666666666667
/scratchc/nrlab/wang04/ulyses_results_iteration/iteration_3_merge_below_3/cnn_model/cnn14/plasma_tp1_0.1x_model_C4/roc_curve_resnet18_tf_0.03_0.1/nested_cv_random/resnet18/repeat_10_fold_5_metrics.csv,2,2,resnet18,"(0.03, 0.1]",C4,AUROC,0.9308755760368664
/scratchc/nrlab/wang04/ulyses_results_iteration/iteration_3_merge_below_3/cnn_model/cnn14/plasma_tp1_0.1x_model_C4/roc_curve_resnet18_tf_0.03_0.1/nested_cv_random/resnet18/repeat_10_fold_5_metrics.csv,2,2,resnet18,"(0.03, 0.1]",C4,AUPRC,0.8989716624803207
/scratchc/nrlab/wang04/ulyses_results_iteration/iteration_3_merge_below_3/cnn_model/cnn14/plasma_tp1_0.1x_model_C4/roc_curve_resnet18_tf_0.03_0.1/nested_cv_random/resnet18/repeat_10_fold_5_metrics.csv,2,2,resnet18,"(0.03, 0.1]",C4,Sensitivity at 99% Specificity,0.4838709677419355
/scratchc/nrlab/wang04/ulyses_results_iteration/iteration_3_merge_below_3/cnn_model/cnn14/plasma_tp1_0.1x_model_C4/roc_curve_resnet18_tf_0.03_0.1/nested_cv_random/resnet18/repeat_10_fold_5_metrics.csv,2,2,resnet18,"(0.03, 0.1]",C4,PPV at 99% Specificity,1
/scratchc/nrlab/wang04/ulyses_results_iteration/iteration_3_merge_below_3/cnn_model/cnn14/plasma_tp1_0.1x_model_C4/roc_curve_resnet18_tf_0.03_0.1/nested_cv_random/resnet18/repeat_10_fold_5_metrics.csv,2,2,resnet18,"(0.03, 0.1]",C4,Accuracy at 99% Specificity,0.7369354838709677
/scratchc/nrlab/wang04/ulyses_results_iteration/iteration_3_merge_below_3/cnn_model/cnn14/plasma_tp1_0.1x_model_C4/roc_curve_resnet18_tf_0.03_0.1/nested_cv_random/resnet18/repeat_10_fold_5_metrics.csv,2,2,resnet18,"(0.03, 0.1]",C4,F1 at 99% Specificity,0.6521739130434783
/scratchc/nrlab/wang04/ulyses_results_iteration/iteration_3_merge_below_3/cnn_model/cnn14/plasma_tp1_0.1x_model_C4/roc_curve_resnet18_tf_0.03_0.1/nested_cv_random/resnet18/repeat_10_fold_5_metrics.csv,2,2,resnet18,"(0.03, 0.1]",C4,Sensitivity at 98% Specificity,0.4838709677419355
/scratchc/nrlab/wang04/ulyses_results_iteration/iteration_3_merge_below_3/cnn_model/cnn14/plasma_tp1_0.1x_model_C4/roc_curve_resnet18_tf_0.03_0.1/nested_cv_random/resnet18/repeat_10_fold_5_metrics.csv,2,2,resnet18,"(0.03, 0.1]",C4,PPV at 98% Specificity,1
/scratchc/nrlab/wang04/ulyses_results_iteration/iteration_3_merge_below_3/cnn_model/cnn14/plasma_tp1_0.1x_model_C4/roc_curve_resnet18_tf_0.03_0.1/nested_cv_random/resnet18/repeat_10_fold_5_metrics.csv,2,2,resnet18,"(0.03, 0.1]",C4,Accuracy at 98% Specificity,0.7319354838709677
/scratchc/nrlab/wang04/ulyses_results_iteration/iteration_3_merge_below_3/cnn_model/cnn14/plasma_tp1_0.1x_model_C4/roc_curve_resnet18_tf_0.03_0.1/nested_cv_random/resnet18/repeat_10_fold_5_metrics.csv,2,2,resnet18,"(0.03, 0.1]",C4,F1 at 98% Specificity,0.6521739130434783
/scratchc/nrlab/wang04/ulyses_results_iteration/iteration_3_merge_below_3/cnn_model/cnn14/plasma_tp1_0.1x_model_C4/roc_curve_resnet18_tf_0.03_0.1/nested_cv_random/resnet18/repeat_10_fold_5_metrics.csv,2,2,resnet18,"(0.03, 0.1]",C4,Sensitivity at 95% Specificity,0.7419354838709677
/scratchc/nrlab/wang04/ulyses_results_iteration/iteration_3_merge_below_3/cnn_model/cnn14/plasma_tp1_0.1x_model_C4/roc_curve_resnet18_tf_0.03_0.1/nested_cv_random/resnet18/repeat_10_fold_5_metrics.csv,2,2,resnet18,"(0.03, 0.1]",C4,PPV at 95% Specificity,0.92
/scratchc/nrlab/wang04/ulyses_results_iteration/iteration_3_merge_below_3/cnn_model/cnn14/plasma_tp1_0.1x_model_C4/roc_curve_resnet18_tf_0.03_0.1/nested_cv_random/resnet18/repeat_10_fold_5_metrics.csv,2,2,resnet18,"(0.03, 0.1]",C4,Accuracy at 95% Specificity,0.8323963133640553
/scratchc/nrlab/wang04/ulyses_results_iteration/iteration_3_merge_below_3/cnn_model/cnn14/plasma_tp1_0.1x_model_C4/roc_curve_resnet18_tf_0.03_0.1/nested_cv_random/resnet18/repeat_10_fold_5_metrics.csv,2,2,resnet18,"(0.03, 0.1]",C4,F1 at 95% Specificity,0.8214285714285714
/scratchc/nrlab/wang04/ulyses_results_iteration/iteration_3_merge_below_3/cnn_model/cnn14/plasma_tp1_0.1x_model_C4/roc_curve_resnet18_tf_0.03_0.1/nested_cv_random/resnet18/repeat_10_fold_5_metrics.csv,2,3,resnet18,"(0.03, 0.1]",C4,AUROC,0.9725409836065572
/scratchc/nrlab/wang04/ulyses_results_iteration/iteration_3_merge_below_3/cnn_model/cnn14/plasma_tp1_0.1x_model_C4/roc_curve_resnet18_tf_0.03_0.1/nested_cv_random/resnet18/repeat_10_fold_5_metrics.csv,2,3,resnet18,"(0.03, 0.1]",C4,AUPRC,0.9617192728836288
/scratchc/nrlab/wang04/ulyses_results_iteration/iteration_3_merge_below_3/cnn_model/cnn14/plasma_tp1_0.1x_model_C4/roc_curve_resnet18_tf_0.03_0.1/nested_cv_random/resnet18/repeat_10_fold_5_metrics.csv,2,3,resnet18,"(0.03, 0.1]",C4,Sensitivity at 99% Specificity,0.7
/scratchc/nrlab/wang04/ulyses_results_iteration/iteration_3_merge_below_3/cnn_model/cnn14/plasma_tp1_0.1x_model_C4/roc_curve_resnet18_tf_0.03_0.1/nested_cv_random/resnet18/repeat_10_fold_5_metrics.csv,2,3,resnet18,"(0.03, 0.1]",C4,PPV at 99% Specificity,1
/scratchc/nrlab/wang04/ulyses_results_iteration/iteration_3_merge_below_3/cnn_model/cnn14/plasma_tp1_0.1x_model_C4/roc_curve_resnet18_tf_0.03_0.1/nested_cv_random/resnet18/repeat_10_fold_5_metrics.csv,2,3,resnet18,"(0.03, 0.1]",C4,Accuracy at 99% Specificity,0.845
/scratchc/nrlab/wang04/ulyses_results_iteration/iteration_3_merge_below_3/cnn_model/cnn14/plasma_tp1_0.1x_model_C4/roc_curve_resnet18_tf_0.03_0.1/nested_cv_random/resnet18/repeat_10_fold_5_metrics.csv,2,3,resnet18,"(0.03, 0.1]",C4,F1 at 99% Specificity,0.8235294117647058
/scratchc/nrlab/wang04/ulyses_results_iteration/iteration_3_merge_below_3/cnn_model/cnn14/plasma_tp1_0.1x_model_C4/roc_curve_resnet18_tf_0.03_0.1/nested_cv_random/resnet18/repeat_10_fold_5_metrics.csv,2,3,resnet18,"(0.03, 0.1]",C4,Sensitivity at 98% Specificity,0.7
/scratchc/nrlab/wang04/ulyses_results_iteration/iteration_3_merge_below_3/cnn_model/cnn14/plasma_tp1_0.1x_model_C4/roc_curve_resnet18_tf_0.03_0.1/nested_cv_random/resnet18/repeat_10_fold_5_metrics.csv,2,3,resnet18,"(0.03, 0.1]",C4,PPV at 98% Specificity,1
/scratchc/nrlab/wang04/ulyses_results_iteration/iteration_3_merge_below_3/cnn_model/cnn14/plasma_tp1_0.1x_model_C4/roc_curve_resnet18_tf_0.03_0.1/nested_cv_random/resnet18/repeat_10_fold_5_metrics.csv,2,3,resnet18,"(0.03, 0.1]",C4,Accuracy at 98% Specificity,0.84
/scratchc/nrlab/wang04/ulyses_results_iteration/iteration_3_merge_below_3/cnn_model/cnn14/plasma_tp1_0.1x_model_C4/roc_curve_resnet18_tf_0.03_0.1/nested_cv_random/resnet18/repeat_10_fold_5_metrics.csv,2,3,resnet18,"(0.03, 0.1]",C4,F1 at 98% Specificity,0.8235294117647058
/scratchc/nrlab/wang04/ulyses_results_iteration/iteration_3_merge_below_3/cnn_model/cnn14/plasma_tp1_0.1x_model_C4/roc_curve_resnet18_tf_0.03_0.1/nested_cv_random/resnet18/repeat_10_fold_5_metrics.csv,2,3,resnet18,"(0.03, 0.1]",C4,Sensitivity at 95% Specificity,0.75
/scratchc/nrlab/wang04/ulyses_results_iteration/iteration_3_merge_below_3/cnn_model/cnn14/plasma_tp1_0.1x_model_C4/roc_curve_resnet18_tf_0.03_0.1/nested_cv_random/resnet18/repeat_10_fold_5_metrics.csv,2,3,resnet18,"(0.03, 0.1]",C4,PPV at 95% Specificity,0.9375
/scratchc/nrlab/wang04/ulyses_results_iteration/iteration_3_merge_below_3/cnn_model/cnn14/plasma_tp1_0.1x_model_C4/roc_curve_resnet18_tf_0.03_0.1/nested_cv_random/resnet18/repeat_10_fold_5_metrics.csv,2,3,resnet18,"(0.03, 0.1]",C4,Accuracy at 95% Specificity,0.8344262295081967
/scratchc/nrlab/wang04/ulyses_results_iteration/iteration_3_merge_below_3/cnn_model/cnn14/plasma_tp1_0.1x_model_C4/roc_curve_resnet18_tf_0.03_0.1/nested_cv_random/resnet18/repeat_10_fold_5_metrics.csv,2,3,resnet18,"(0.03, 0.1]",C4,F1 at 95% Specificity,0.8333333333333334
/scratchc/nrlab/wang04/ulyses_results_iteration/iteration_3_merge_below_3/cnn_model/cnn14/plasma_tp1_0.1x_model_C4/roc_curve_resnet18_tf_0.03_0.1/nested_cv_random/resnet18/repeat_10_fold_5_metrics.csv,3,1,resnet18,"(0.03, 0.1]",C4,AUROC,0.952020202020202
/scratchc/nrlab/wang04/ulyses_results_iteration/iteration_3_merge_below_3/cnn_model/cnn14/plasma_tp1_0.1x_model_C4/roc_curve_resnet18_tf_0.03_0.1/nested_cv_random/resnet18/repeat_10_fold_5_metrics.csv,3,1,resnet18,"(0.03, 0.1]",C4,AUPRC,0.931985429396886
/scratchc/nrlab/wang04/ulyses_results_iteration/iteration_3_merge_below_3/cnn_model/cnn14/plasma_tp1_0.1x_model_C4/roc_curve_resnet18_tf_0.03_0.1/nested_cv_random/resnet18/repeat_10_fold_5_metrics.csv,3,1,resnet18,"(0.03, 0.1]",C4,Sensitivity at 99% Specificity,0.5
/scratchc/nrlab/wang04/ulyses_results_iteration/iteration_3_merge_below_3/cnn_model/cnn14/plasma_tp1_0.1x_model_C4/roc_curve_resnet18_tf_0.03_0.1/nested_cv_random/resnet18/repeat_10_fold_5_metrics.csv,3,1,resnet18,"(0.03, 0.1]",C4,PPV at 99% Specificity,1
/scratchc/nrlab/wang04/ulyses_results_iteration/iteration_3_merge_below_3/cnn_model/cnn14/plasma_tp1_0.1x_model_C4/roc_curve_resnet18_tf_0.03_0.1/nested_cv_random/resnet18/repeat_10_fold_5_metrics.csv,3,1,resnet18,"(0.03, 0.1]",C4,Accuracy at 99% Specificity,0.745
/scratchc/nrlab/wang04/ulyses_results_iteration/iteration_3_merge_below_3/cnn_model/cnn14/plasma_tp1_0.1x_model_C4/roc_curve_resnet18_tf_0.03_0.1/nested_cv_random/resnet18/repeat_10_fold_5_metrics.csv,3,1,resnet18,"(0.03, 0.1]",C4,F1 at 99% Specificity,0.6666666666666666
/scratchc/nrlab/wang04/ulyses_results_iteration/iteration_3_merge_below_3/cnn_model/cnn14/plasma_tp1_0.1x_model_C4/roc_curve_resnet18_tf_0.03_0.1/nested_cv_random/resnet18/repeat_10_fold_5_metrics.csv,3,1,resnet18,"(0.03, 0.1]",C4,Sensitivity at 98% Specificity,0.5
/scratchc/nrlab/wang04/ulyses_results_iteration/iteration_3_merge_below_3/cnn_model/cnn14/plasma_tp1_0.1x_model_C4/roc_curve_resnet18_tf_0.03_0.1/nested_cv_random/resnet18/repeat_10_fold_5_metrics.csv,3,1,resnet18,"(0.03, 0.1]",C4,PPV at 98% Specificity,1
/scratchc/nrlab/wang04/ulyses_results_iteration/iteration_3_merge_below_3/cnn_model/cnn14/plasma_tp1_0.1x_model_C4/roc_curve_resnet18_tf_0.03_0.1/nested_cv_random/resnet18/repeat_10_fold_5_metrics.csv,3,1,resnet18,"(0.03, 0.1]",C4,Accuracy at 98% Specificity,0.74
/scratchc/nrlab/wang04/ulyses_results_iteration/iteration_3_merge_below_3/cnn_model/cnn14/plasma_tp1_0.1x_model_C4/roc_curve_resnet18_tf_0.03_0.1/nested_cv_random/resnet18/repeat_10_fold_5_metrics.csv,3,1,resnet18,"(0.03, 0.1]",C4,F1 at 98% Specificity,0.6666666666666666
/scratchc/nrlab/wang04/ulyses_results_iteration/iteration_3_merge_below_3/cnn_model/cnn14/plasma_tp1_0.1x_model_C4/roc_curve_resnet18_tf_0.03_0.1/nested_cv_random/resnet18/repeat_10_fold_5_metrics.csv,3,1,resnet18,"(0.03, 0.1]",C4,Sensitivity at 95% Specificity,0.7777777777777778
/scratchc/nrlab/wang04/ulyses_results_iteration/iteration_3_merge_below_3/cnn_model/cnn14/plasma_tp1_0.1x_model_C4/roc_curve_resnet18_tf_0.03_0.1/nested_cv_random/resnet18/repeat_10_fold_5_metrics.csv,3,1,resnet18,"(0.03, 0.1]",C4,PPV at 95% Specificity,0.9655172413793104
/scratchc/nrlab/wang04/ulyses_results_iteration/iteration_3_merge_below_3/cnn_model/cnn14/plasma_tp1_0.1x_model_C4/roc_curve_resnet18_tf_0.03_0.1/nested_cv_random/resnet18/repeat_10_fold_5_metrics.csv,3,1,resnet18,"(0.03, 0.1]",C4,Accuracy at 95% Specificity,0.8566919191919191
/scratchc/nrlab/wang04/ulyses_results_iteration/iteration_3_merge_below_3/cnn_model/cnn14/plasma_tp1_0.1x_model_C4/roc_curve_resnet18_tf_0.03_0.1/nested_cv_random/resnet18/repeat_10_fold_5_metrics.csv,3,1,resnet18,"(0.03, 0.1]",C4,F1 at 95% Specificity,0.8615384615384616
/scratchc/nrlab/wang04/ulyses_results_iteration/iteration_3_merge_below_3/cnn_model/cnn14/plasma_tp1_0.1x_model_C4/roc_curve_resnet18_tf_0.03_0.1/nested_cv_random/resnet18/repeat_10_fold_5_metrics.csv,3,2,resnet18,"(0.03, 0.1]",C4,AUROC,0.9502164502164502
/scratchc/nrlab/wang04/ulyses_results_iteration/iteration_3_merge_below_3/cnn_model/cnn14/plasma_tp1_0.1x_model_C4/roc_curve_resnet18_tf_0.03_0.1/nested_cv_random/resnet18/repeat_10_fold_5_metrics.csv,3,2,resnet18,"(0.03, 0.1]",C4,AUPRC,0.940351610269098
/scratchc/nrlab/wang04/ulyses_results_iteration/iteration_3_merge_below_3/cnn_model/cnn14/plasma_tp1_0.1x_model_C4/roc_curve_resnet18_tf_0.03_0.1/nested_cv_random/resnet18/repeat_10_fold_5_metrics.csv,3,2,resnet18,"(0.03, 0.1]",C4,Sensitivity at 99% Specificity,0.6571428571428571
/scratchc/nrlab/wang04/ulyses_results_iteration/iteration_3_merge_below_3/cnn_model/cnn14/plasma_tp1_0.1x_model_C4/roc_curve_resnet18_tf_0.03_0.1/nested_cv_random/resnet18/repeat_10_fold_5_metrics.csv,3,2,resnet18,"(0.03, 0.1]",C4,PPV at 99% Specificity,1
/scratchc/nrlab/wang04/ulyses_results_iteration/iteration_3_merge_below_3/cnn_model/cnn14/plasma_tp1_0.1x_model_C4/roc_curve_resnet18_tf_0.03_0.1/nested_cv_random/resnet18/repeat_10_fold_5_metrics.csv,3,2,resnet18,"(0.03, 0.1]",C4,Accuracy at 99% Specificity,0.8235714285714286
/scratchc/nrlab/wang04/ulyses_results_iteration/iteration_3_merge_below_3/cnn_model/cnn14/plasma_tp1_0.1x_model_C4/roc_curve_resnet18_tf_0.03_0.1/nested_cv_random/resnet18/repeat_10_fold_5_metrics.csv,3,2,resnet18,"(0.03, 0.1]",C4,F1 at 99% Specificity,0.7931034482758621
/scratchc/nrlab/wang04/ulyses_results_iteration/iteration_3_merge_below_3/cnn_model/cnn14/plasma_tp1_0.1x_model_C4/roc_curve_resnet18_tf_0.03_0.1/nested_cv_random/resnet18/repeat_10_fold_5_metrics.csv,3,2,resnet18,"(0.03, 0.1]",C4,Sensitivity at 98% Specificity,0.6571428571428571
/scratchc/nrlab/wang04/ulyses_results_iteration/iteration_3_merge_below_3/cnn_model/cnn14/plasma_tp1_0.1x_model_C4/roc_curve_resnet18_tf_0.03_0.1/nested_cv_random/resnet18/repeat_10_fold_5_metrics.csv,3,2,resnet18,"(0.03, 0.1]",C4,PPV at 98% Specificity,1
/scratchc/nrlab/wang04/ulyses_results_iteration/iteration_3_merge_below_3/cnn_model/cnn14/plasma_tp1_0.1x_model_C4/roc_curve_resnet18_tf_0.03_0.1/nested_cv_random/resnet18/repeat_10_fold_5_metrics.csv,3,2,resnet18,"(0.03, 0.1]",C4,Accuracy at 98% Specificity,0.8185714285714285
/scratchc/nrlab/wang04/ulyses_results_iteration/iteration_3_merge_below_3/cnn_model/cnn14/plasma_tp1_0.1x_model_C4/roc_curve_resnet18_tf_0.03_0.1/nested_cv_random/resnet18/repeat_10_fold_5_metrics.csv,3,2,resnet18,"(0.03, 0.1]",C4,F1 at 98% Specificity,0.7931034482758621
/scratchc/nrlab/wang04/ulyses_results_iteration/iteration_3_merge_below_3/cnn_model/cnn14/plasma_tp1_0.1x_model_C4/roc_curve_resnet18_tf_0.03_0.1/nested_cv_random/resnet18/repeat_10_fold_5_metrics.csv,3,2,resnet18,"(0.03, 0.1]",C4,Sensitivity at 95% Specificity,0.8285714285714286
/scratchc/nrlab/wang04/ulyses_results_iteration/iteration_3_merge_below_3/cnn_model/cnn14/plasma_tp1_0.1x_model_C4/roc_curve_resnet18_tf_0.03_0.1/nested_cv_random/resnet18/repeat_10_fold_5_metrics.csv,3,2,resnet18,"(0.03, 0.1]",C4,PPV at 95% Specificity,0.935483870967742
/scratchc/nrlab/wang04/ulyses_results_iteration/iteration_3_merge_below_3/cnn_model/cnn14/plasma_tp1_0.1x_model_C4/roc_curve_resnet18_tf_0.03_0.1/nested_cv_random/resnet18/repeat_10_fold_5_metrics.csv,3,2,resnet18,"(0.03, 0.1]",C4,Accuracy at 95% Specificity,0.8748917748917748
/scratchc/nrlab/wang04/ulyses_results_iteration/iteration_3_merge_below_3/cnn_model/cnn14/plasma_tp1_0.1x_model_C4/roc_curve_resnet18_tf_0.03_0.1/nested_cv_random/resnet18/repeat_10_fold_5_metrics.csv,3,2,resnet18,"(0.03, 0.1]",C4,F1 at 95% Specificity,0.8787878787878788
/scratchc/nrlab/wang04/ulyses_results_iteration/iteration_3_merge_below_3/cnn_model/cnn14/plasma_tp1_0.1x_model_C4/roc_curve_resnet18_tf_0.03_0.1/nested_cv_random/resnet18/repeat_10_fold_5_metrics.csv,3,3,resnet18,"(0.03, 0.1]",C4,AUROC,0.9576923076923076
/scratchc/nrlab/wang04/ulyses_results_iteration/iteration_3_merge_below_3/cnn_model/cnn14/plasma_tp1_0.1x_model_C4/roc_curve_resnet18_tf_0.03_0.1/nested_cv_random/resnet18/repeat_10_fold_5_metrics.csv,3,3,resnet18,"(0.03, 0.1]",C4,AUPRC,0.9419994130147092
/scratchc/nrlab/wang04/ulyses_results_iteration/iteration_3_merge_below_3/cnn_model/cnn14/plasma_tp1_0.1x_model_C4/roc_curve_resnet18_tf_0.03_0.1/nested_cv_random/resnet18/repeat_10_fold_5_metrics.csv,3,3,resnet18,"(0.03, 0.1]",C4,Sensitivity at 99% Specificity,0.6944444444444444
/scratchc/nrlab/wang04/ulyses_results_iteration/iteration_3_merge_below_3/cnn_model/cnn14/plasma_tp1_0.1x_model_C4/roc_curve_resnet18_tf_0.03_0.1/nested_cv_random/resnet18/repeat_10_fold_5_metrics.csv,3,3,resnet18,"(0.03, 0.1]",C4,PPV at 99% Specificity,1
/scratchc/nrlab/wang04/ulyses_results_iteration/iteration_3_merge_below_3/cnn_model/cnn14/plasma_tp1_0.1x_model_C4/roc_curve_resnet18_tf_0.03_0.1/nested_cv_random/resnet18/repeat_10_fold_5_metrics.csv,3,3,resnet18,"(0.03, 0.1]",C4,Accuracy at 99% Specificity,0.8422222222222222
/scratchc/nrlab/wang04/ulyses_results_iteration/iteration_3_merge_below_3/cnn_model/cnn14/plasma_tp1_0.1x_model_C4/roc_curve_resnet18_tf_0.03_0.1/nested_cv_random/resnet18/repeat_10_fold_5_metrics.csv,3,3,resnet18,"(0.03, 0.1]",C4,F1 at 99% Specificity,0.819672131147541
/scratchc/nrlab/wang04/ulyses_results_iteration/iteration_3_merge_below_3/cnn_model/cnn14/plasma_tp1_0.1x_model_C4/roc_curve_resnet18_tf_0.03_0.1/nested_cv_random/resnet18/repeat_10_fold_5_metrics.csv,3,3,resnet18,"(0.03, 0.1]",C4,Sensitivity at 98% Specificity,0.6944444444444444
/scratchc/nrlab/wang04/ulyses_results_iteration/iteration_3_merge_below_3/cnn_model/cnn14/plasma_tp1_0.1x_model_C4/roc_curve_resnet18_tf_0.03_0.1/nested_cv_random/resnet18/repeat_10_fold_5_metrics.csv,3,3,resnet18,"(0.03, 0.1]",C4,PPV at 98% Specificity,1
/scratchc/nrlab/wang04/ulyses_results_iteration/iteration_3_merge_below_3/cnn_model/cnn14/plasma_tp1_0.1x_model_C4/roc_curve_resnet18_tf_0.03_0.1/nested_cv_random/resnet18/repeat_10_fold_5_metrics.csv,3,3,resnet18,"(0.03, 0.1]",C4,Accuracy at 98% Specificity,0.8372222222222222
/scratchc/nrlab/wang04/ulyses_results_iteration/iteration_3_merge_below_3/cnn_model/cnn14/plasma_tp1_0.1x_model_C4/roc_curve_resnet18_tf_0.03_0.1/nested_cv_random/resnet18/repeat_10_fold_5_metrics.csv,3,3,resnet18,"(0.03, 0.1]",C4,F1 at 98% Specificity,0.819672131147541
/scratchc/nrlab/wang04/ulyses_results_iteration/iteration_3_merge_below_3/cnn_model/cnn14/plasma_tp1_0.1x_model_C4/roc_curve_resnet18_tf_0.03_0.1/nested_cv_random/resnet18/repeat_10_fold_5_metrics.csv,3,3,resnet18,"(0.03, 0.1]",C4,Sensitivity at 95% Specificity,0.7777777777777778
/scratchc/nrlab/wang04/ulyses_results_iteration/iteration_3_merge_below_3/cnn_model/cnn14/plasma_tp1_0.1x_model_C4/roc_curve_resnet18_tf_0.03_0.1/nested_cv_random/resnet18/repeat_10_fold_5_metrics.csv,3,3,resnet18,"(0.03, 0.1]",C4,PPV at 95% Specificity,0.9655172413793104
/scratchc/nrlab/wang04/ulyses_results_iteration/iteration_3_merge_below_3/cnn_model/cnn14/plasma_tp1_0.1x_model_C4/roc_curve_resnet18_tf_0.03_0.1/nested_cv_random/resnet18/repeat_10_fold_5_metrics.csv,3,3,resnet18,"(0.03, 0.1]",C4,Accuracy at 95% Specificity,0.8565811965811966
/scratchc/nrlab/wang04/ulyses_results_iteration/iteration_3_merge_below_3/cnn_model/cnn14/plasma_tp1_0.1x_model_C4/roc_curve_resnet18_tf_0.03_0.1/nested_cv_random/resnet18/repeat_10_fold_5_metrics.csv,3,3,resnet18,"(0.03, 0.1]",C4,F1 at 95% Specificity,0.8615384615384616
/scratchc/nrlab/wang04/ulyses_results_iteration/iteration_3_merge_below_3/cnn_model/cnn14/plasma_tp1_0.1x_model_C4/roc_curve_resnet18_tf_0.03_0.1/nested_cv_random/resnet18/repeat_10_fold_5_metrics.csv,3,5,resnet18,"(0.03, 0.1]",C4,AUROC,0.9106837606837608
/scratchc/nrlab/wang04/ulyses_results_iteration/iteration_3_merge_below_3/cnn_model/cnn14/plasma_tp1_0.1x_model_C4/roc_curve_resnet18_tf_0.03_0.1/nested_cv_random/resnet18/repeat_10_fold_5_metrics.csv,3,5,resnet18,"(0.03, 0.1]",C4,AUPRC,0.907938320691464
/scratchc/nrlab/wang04/ulyses_results_iteration/iteration_3_merge_below_3/cnn_model/cnn14/plasma_tp1_0.1x_model_C4/roc_curve_resnet18_tf_0.03_0.1/nested_cv_random/resnet18/repeat_10_fold_5_metrics.csv,3,5,resnet18,"(0.03, 0.1]",C4,Sensitivity at 99% Specificity,0.6388888888888888
/scratchc/nrlab/wang04/ulyses_results_iteration/iteration_3_merge_below_3/cnn_model/cnn14/plasma_tp1_0.1x_model_C4/roc_curve_resnet18_tf_0.03_0.1/nested_cv_random/resnet18/repeat_10_fold_5_metrics.csv,3,5,resnet18,"(0.03, 0.1]",C4,PPV at 99% Specificity,1
/scratchc/nrlab/wang04/ulyses_results_iteration/iteration_3_merge_below_3/cnn_model/cnn14/plasma_tp1_0.1x_model_C4/roc_curve_resnet18_tf_0.03_0.1/nested_cv_random/resnet18/repeat_10_fold_5_metrics.csv,3,5,resnet18,"(0.03, 0.1]",C4,Accuracy at 99% Specificity,0.8144444444444444
/scratchc/nrlab/wang04/ulyses_results_iteration/iteration_3_merge_below_3/cnn_model/cnn14/plasma_tp1_0.1x_model_C4/roc_curve_resnet18_tf_0.03_0.1/nested_cv_random/resnet18/repeat_10_fold_5_metrics.csv,3,5,resnet18,"(0.03, 0.1]",C4,F1 at 99% Specificity,0.7796610169491526
/scratchc/nrlab/wang04/ulyses_results_iteration/iteration_3_merge_below_3/cnn_model/cnn14/plasma_tp1_0.1x_model_C4/roc_curve_resnet18_tf_0.03_0.1/nested_cv_random/resnet18/repeat_10_fold_5_metrics.csv,3,5,resnet18,"(0.03, 0.1]",C4,Sensitivity at 98% Specificity,0.6388888888888888
/scratchc/nrlab/wang04/ulyses_results_iteration/iteration_3_merge_below_3/cnn_model/cnn14/plasma_tp1_0.1x_model_C4/roc_curve_resnet18_tf_0.03_0.1/nested_cv_random/resnet18/repeat_10_fold_5_metrics.csv,3,5,resnet18,"(0.03, 0.1]",C4,PPV at 98% Specificity,1
/scratchc/nrlab/wang04/ulyses_results_iteration/iteration_3_merge_below_3/cnn_model/cnn14/plasma_tp1_0.1x_model_C4/roc_curve_resnet18_tf_0.03_0.1/nested_cv_random/resnet18/repeat_10_fold_5_metrics.csv,3,5,resnet18,"(0.03, 0.1]",C4,Accuracy at 98% Specificity,0.8094444444444444
/scratchc/nrlab/wang04/ulyses_results_iteration/iteration_3_merge_below_3/cnn_model/cnn14/plasma_tp1_0.1x_model_C4/roc_curve_resnet18_tf_0.03_0.1/nested_cv_random/resnet18/repeat_10_fold_5_metrics.csv,3,5,resnet18,"(0.03, 0.1]",C4,F1 at 98% Specificity,0.7796610169491526
/scratchc/nrlab/wang04/ulyses_results_iteration/iteration_3_merge_below_3/cnn_model/cnn14/plasma_tp1_0.1x_model_C4/roc_curve_resnet18_tf_0.03_0.1/nested_cv_random/resnet18/repeat_10_fold_5_metrics.csv,3,5,resnet18,"(0.03, 0.1]",C4,Sensitivity at 95% Specificity,0.7222222222222222
/scratchc/nrlab/wang04/ulyses_results_iteration/iteration_3_merge_below_3/cnn_model/cnn14/plasma_tp1_0.1x_model_C4/roc_curve_resnet18_tf_0.03_0.1/nested_cv_random/resnet18/repeat_10_fold_5_metrics.csv,3,5,resnet18,"(0.03, 0.1]",C4,PPV at 95% Specificity,0.9285714285714286
/scratchc/nrlab/wang04/ulyses_results_iteration/iteration_3_merge_below_3/cnn_model/cnn14/plasma_tp1_0.1x_model_C4/roc_curve_resnet18_tf_0.03_0.1/nested_cv_random/resnet18/repeat_10_fold_5_metrics.csv,3,5,resnet18,"(0.03, 0.1]",C4,Accuracy at 95% Specificity,0.8214957264957264
/scratchc/nrlab/wang04/ulyses_results_iteration/iteration_3_merge_below_3/cnn_model/cnn14/plasma_tp1_0.1x_model_C4/roc_curve_resnet18_tf_0.03_0.1/nested_cv_random/resnet18/repeat_10_fold_5_metrics.csv,3,5,resnet18,"(0.03, 0.1]",C4,F1 at 95% Specificity,0.8125
/scratchc/nrlab/wang04/ulyses_results_iteration/iteration_3_merge_below_3/cnn_model/cnn14/plasma_tp1_0.1x_model_C4/roc_curve_resnet18_tf_0.03_0.1/nested_cv_random/resnet18/repeat_10_fold_5_metrics.csv,4,1,resnet18,"(0.03, 0.1]",C4,AUROC,0.9618086040386304
/scratchc/nrlab/wang04/ulyses_results_iteration/iteration_3_merge_below_3/cnn_model/cnn14/plasma_tp1_0.1x_model_C4/roc_curve_resnet18_tf_0.03_0.1/nested_cv_random/resnet18/repeat_10_fold_5_metrics.csv,4,1,resnet18,"(0.03, 0.1]",C4,AUPRC,0.9244399876032802
/scratchc/nrlab/wang04/ulyses_results_iteration/iteration_3_merge_below_3/cnn_model/cnn14/plasma_tp1_0.1x_model_C4/roc_curve_resnet18_tf_0.03_0.1/nested_cv_random/resnet18/repeat_10_fold_5_metrics.csv,4,1,resnet18,"(0.03, 0.1]",C4,Sensitivity at 99% Specificity,0.2058823529411765
/scratchc/nrlab/wang04/ulyses_results_iteration/iteration_3_merge_below_3/cnn_model/cnn14/plasma_tp1_0.1x_model_C4/roc_curve_resnet18_tf_0.03_0.1/nested_cv_random/resnet18/repeat_10_fold_5_metrics.csv,4,1,resnet18,"(0.03, 0.1]",C4,PPV at 99% Specificity,1
/scratchc/nrlab/wang04/ulyses_results_iteration/iteration_3_merge_below_3/cnn_model/cnn14/plasma_tp1_0.1x_model_C4/roc_curve_resnet18_tf_0.03_0.1/nested_cv_random/resnet18/repeat_10_fold_5_metrics.csv,4,1,resnet18,"(0.03, 0.1]",C4,Accuracy at 99% Specificity,0.5979411764705882
/scratchc/nrlab/wang04/ulyses_results_iteration/iteration_3_merge_below_3/cnn_model/cnn14/plasma_tp1_0.1x_model_C4/roc_curve_resnet18_tf_0.03_0.1/nested_cv_random/resnet18/repeat_10_fold_5_metrics.csv,4,1,resnet18,"(0.03, 0.1]",C4,F1 at 99% Specificity,0.34146341463414637
/scratchc/nrlab/wang04/ulyses_results_iteration/iteration_3_merge_below_3/cnn_model/cnn14/plasma_tp1_0.1x_model_C4/roc_curve_resnet18_tf_0.03_0.1/nested_cv_random/resnet18/repeat_10_fold_5_metrics.csv,4,1,resnet18,"(0.03, 0.1]",C4,Sensitivity at 98% Specificity,0.2058823529411765
/scratchc/nrlab/wang04/ulyses_results_iteration/iteration_3_merge_below_3/cnn_model/cnn14/plasma_tp1_0.1x_model_C4/roc_curve_resnet18_tf_0.03_0.1/nested_cv_random/resnet18/repeat_10_fold_5_metrics.csv,4,1,resnet18,"(0.03, 0.1]",C4,PPV at 98% Specificity,1
/scratchc/nrlab/wang04/ulyses_results_iteration/iteration_3_merge_below_3/cnn_model/cnn14/plasma_tp1_0.1x_model_C4/roc_curve_resnet18_tf_0.03_0.1/nested_cv_random/resnet18/repeat_10_fold_5_metrics.csv,4,1,resnet18,"(0.03, 0.1]",C4,Accuracy at 98% Specificity,0.5929411764705882
/scratchc/nrlab/wang04/ulyses_results_iteration/iteration_3_merge_below_3/cnn_model/cnn14/plasma_tp1_0.1x_model_C4/roc_curve_resnet18_tf_0.03_0.1/nested_cv_random/resnet18/repeat_10_fold_5_metrics.csv,4,1,resnet18,"(0.03, 0.1]",C4,F1 at 98% Specificity,0.34146341463414637
/scratchc/nrlab/wang04/ulyses_results_iteration/iteration_3_merge_below_3/cnn_model/cnn14/plasma_tp1_0.1x_model_C4/roc_curve_resnet18_tf_0.03_0.1/nested_cv_random/resnet18/repeat_10_fold_5_metrics.csv,4,1,resnet18,"(0.03, 0.1]",C4,Sensitivity at 95% Specificity,0.8823529411764706
/scratchc/nrlab/wang04/ulyses_results_iteration/iteration_3_merge_below_3/cnn_model/cnn14/plasma_tp1_0.1x_model_C4/roc_curve_resnet18_tf_0.03_0.1/nested_cv_random/resnet18/repeat_10_fold_5_metrics.csv,4,1,resnet18,"(0.03, 0.1]",C4,PPV at 95% Specificity,0.9090909090909092
/scratchc/nrlab/wang04/ulyses_results_iteration/iteration_3_merge_below_3/cnn_model/cnn14/plasma_tp1_0.1x_model_C4/roc_curve_resnet18_tf_0.03_0.1/nested_cv_random/resnet18/repeat_10_fold_5_metrics.csv,4,1,resnet18,"(0.03, 0.1]",C4,Accuracy at 95% Specificity,0.8949078138718174
/scratchc/nrlab/wang04/ulyses_results_iteration/iteration_3_merge_below_3/cnn_model/cnn14/plasma_tp1_0.1x_model_C4/roc_curve_resnet18_tf_0.03_0.1/nested_cv_random/resnet18/repeat_10_fold_5_metrics.csv,4,1,resnet18,"(0.03, 0.1]",C4,F1 at 95% Specificity,0.8955223880597015
/scratchc/nrlab/wang04/ulyses_results_iteration/iteration_3_merge_below_3/cnn_model/cnn14/plasma_tp1_0.1x_model_C4/roc_curve_resnet18_tf_0.03_0.1/nested_cv_random/resnet18/repeat_10_fold_5_metrics.csv,4,2,resnet18,"(0.03, 0.1]",C4,AUROC,0.958004158004158
/scratchc/nrlab/wang04/ulyses_results_iteration/iteration_3_merge_below_3/cnn_model/cnn14/plasma_tp1_0.1x_model_C4/roc_curve_resnet18_tf_0.03_0.1/nested_cv_random/resnet18/repeat_10_fold_5_metrics.csv,4,2,resnet18,"(0.03, 0.1]",C4,AUPRC,0.9513196965121736
/scratchc/nrlab/wang04/ulyses_results_iteration/iteration_3_merge_below_3/cnn_model/cnn14/plasma_tp1_0.1x_model_C4/roc_curve_resnet18_tf_0.03_0.1/nested_cv_random/resnet18/repeat_10_fold_5_metrics.csv,4,2,resnet18,"(0.03, 0.1]",C4,Sensitivity at 99% Specificity,0.6486486486486487
/scratchc/nrlab/wang04/ulyses_results_iteration/iteration_3_merge_below_3/cnn_model/cnn14/plasma_tp1_0.1x_model_C4/roc_curve_resnet18_tf_0.03_0.1/nested_cv_random/resnet18/repeat_10_fold_5_metrics.csv,4,2,resnet18,"(0.03, 0.1]",C4,PPV at 99% Specificity,1
/scratchc/nrlab/wang04/ulyses_results_iteration/iteration_3_merge_below_3/cnn_model/cnn14/plasma_tp1_0.1x_model_C4/roc_curve_resnet18_tf_0.03_0.1/nested_cv_random/resnet18/repeat_10_fold_5_metrics.csv,4,2,resnet18,"(0.03, 0.1]",C4,Accuracy at 99% Specificity,0.8193243243243243
/scratchc/nrlab/wang04/ulyses_results_iteration/iteration_3_merge_below_3/cnn_model/cnn14/plasma_tp1_0.1x_model_C4/roc_curve_resnet18_tf_0.03_0.1/nested_cv_random/resnet18/repeat_10_fold_5_metrics.csv,4,2,resnet18,"(0.03, 0.1]",C4,F1 at 99% Specificity,0.7868852459016393
/scratchc/nrlab/wang04/ulyses_results_iteration/iteration_3_merge_below_3/cnn_model/cnn14/plasma_tp1_0.1x_model_C4/roc_curve_resnet18_tf_0.03_0.1/nested_cv_random/resnet18/repeat_10_fold_5_metrics.csv,4,2,resnet18,"(0.03, 0.1]",C4,Sensitivity at 98% Specificity,0.6486486486486487
/scratchc/nrlab/wang04/ulyses_results_iteration/iteration_3_merge_below_3/cnn_model/cnn14/plasma_tp1_0.1x_model_C4/roc_curve_resnet18_tf_0.03_0.1/nested_cv_random/resnet18/repeat_10_fold_5_metrics.csv,4,2,resnet18,"(0.03, 0.1]",C4,PPV at 98% Specificity,1
/scratchc/nrlab/wang04/ulyses_results_iteration/iteration_3_merge_below_3/cnn_model/cnn14/plasma_tp1_0.1x_model_C4/roc_curve_resnet18_tf_0.03_0.1/nested_cv_random/resnet18/repeat_10_fold_5_metrics.csv,4,2,resnet18,"(0.03, 0.1]",C4,Accuracy at 98% Specificity,0.8143243243243243
/scratchc/nrlab/wang04/ulyses_results_iteration/iteration_3_merge_below_3/cnn_model/cnn14/plasma_tp1_0.1x_model_C4/roc_curve_resnet18_tf_0.03_0.1/nested_cv_random/resnet18/repeat_10_fold_5_metrics.csv,4,2,resnet18,"(0.03, 0.1]",C4,F1 at 98% Specificity,0.7868852459016393
/scratchc/nrlab/wang04/ulyses_results_iteration/iteration_3_merge_below_3/cnn_model/cnn14/plasma_tp1_0.1x_model_C4/roc_curve_resnet18_tf_0.03_0.1/nested_cv_random/resnet18/repeat_10_fold_5_metrics.csv,4,2,resnet18,"(0.03, 0.1]",C4,Sensitivity at 95% Specificity,0.7837837837837838
/scratchc/nrlab/wang04/ulyses_results_iteration/iteration_3_merge_below_3/cnn_model/cnn14/plasma_tp1_0.1x_model_C4/roc_curve_resnet18_tf_0.03_0.1/nested_cv_random/resnet18/repeat_10_fold_5_metrics.csv,4,2,resnet18,"(0.03, 0.1]",C4,PPV at 95% Specificity,0.9666666666666668
/scratchc/nrlab/wang04/ulyses_results_iteration/iteration_3_merge_below_3/cnn_model/cnn14/plasma_tp1_0.1x_model_C4/roc_curve_resnet18_tf_0.03_0.1/nested_cv_random/resnet18/repeat_10_fold_5_metrics.csv,4,2,resnet18,"(0.03, 0.1]",C4,Accuracy at 95% Specificity,0.8595841995841995
/scratchc/nrlab/wang04/ulyses_results_iteration/iteration_3_merge_below_3/cnn_model/cnn14/plasma_tp1_0.1x_model_C4/roc_curve_resnet18_tf_0.03_0.1/nested_cv_random/resnet18/repeat_10_fold_5_metrics.csv,4,2,resnet18,"(0.03, 0.1]",C4,F1 at 95% Specificity,0.8656716417910447
/scratchc/nrlab/wang04/ulyses_results_iteration/iteration_3_merge_below_3/cnn_model/cnn14/plasma_tp1_0.1x_model_C4/roc_curve_resnet18_tf_0.03_0.1/nested_cv_random/resnet18/repeat_10_fold_5_metrics.csv,4,3,resnet18,"(0.03, 0.1]",C4,AUROC,0.9805624483043838
/scratchc/nrlab/wang04/ulyses_results_iteration/iteration_3_merge_below_3/cnn_model/cnn14/plasma_tp1_0.1x_model_C4/roc_curve_resnet18_tf_0.03_0.1/nested_cv_random/resnet18/repeat_10_fold_5_metrics.csv,4,3,resnet18,"(0.03, 0.1]",C4,AUPRC,0.9782705718100124
/scratchc/nrlab/wang04/ulyses_results_iteration/iteration_3_merge_below_3/cnn_model/cnn14/plasma_tp1_0.1x_model_C4/roc_curve_resnet18_tf_0.03_0.1/nested_cv_random/resnet18/repeat_10_fold_5_metrics.csv,4,3,resnet18,"(0.03, 0.1]",C4,Sensitivity at 99% Specificity,0.8461538461538461
/scratchc/nrlab/wang04/ulyses_results_iteration/iteration_3_merge_below_3/cnn_model/cnn14/plasma_tp1_0.1x_model_C4/roc_curve_resnet18_tf_0.03_0.1/nested_cv_random/resnet18/repeat_10_fold_5_metrics.csv,4,3,resnet18,"(0.03, 0.1]",C4,PPV at 99% Specificity,1
/scratchc/nrlab/wang04/ulyses_results_iteration/iteration_3_merge_below_3/cnn_model/cnn14/plasma_tp1_0.1x_model_C4/roc_curve_resnet18_tf_0.03_0.1/nested_cv_random/resnet18/repeat_10_fold_5_metrics.csv,4,3,resnet18,"(0.03, 0.1]",C4,Accuracy at 99% Specificity,0.918076923076923
/scratchc/nrlab/wang04/ulyses_results_iteration/iteration_3_merge_below_3/cnn_model/cnn14/plasma_tp1_0.1x_model_C4/roc_curve_resnet18_tf_0.03_0.1/nested_cv_random/resnet18/repeat_10_fold_5_metrics.csv,4,3,resnet18,"(0.03, 0.1]",C4,F1 at 99% Specificity,0.9166666666666666
/scratchc/nrlab/wang04/ulyses_results_iteration/iteration_3_merge_below_3/cnn_model/cnn14/plasma_tp1_0.1x_model_C4/roc_curve_resnet18_tf_0.03_0.1/nested_cv_random/resnet18/repeat_10_fold_5_metrics.csv,4,3,resnet18,"(0.03, 0.1]",C4,Sensitivity at 98% Specificity,0.8461538461538461
/scratchc/nrlab/wang04/ulyses_results_iteration/iteration_3_merge_below_3/cnn_model/cnn14/plasma_tp1_0.1x_model_C4/roc_curve_resnet18_tf_0.03_0.1/nested_cv_random/resnet18/repeat_10_fold_5_metrics.csv,4,3,resnet18,"(0.03, 0.1]",C4,PPV at 98% Specificity,1
/scratchc/nrlab/wang04/ulyses_results_iteration/iteration_3_merge_below_3/cnn_model/cnn14/plasma_tp1_0.1x_model_C4/roc_curve_resnet18_tf_0.03_0.1/nested_cv_random/resnet18/repeat_10_fold_5_metrics.csv,4,3,resnet18,"(0.03, 0.1]",C4,Accuracy at 98% Specificity,0.9130769230769232
/scratchc/nrlab/wang04/ulyses_results_iteration/iteration_3_merge_below_3/cnn_model/cnn14/plasma_tp1_0.1x_model_C4/roc_curve_resnet18_tf_0.03_0.1/nested_cv_random/resnet18/repeat_10_fold_5_metrics.csv,4,3,resnet18,"(0.03, 0.1]",C4,F1 at 98% Specificity,0.9166666666666666
/scratchc/nrlab/wang04/ulyses_results_iteration/iteration_3_merge_below_3/cnn_model/cnn14/plasma_tp1_0.1x_model_C4/roc_curve_resnet18_tf_0.03_0.1/nested_cv_random/resnet18/repeat_10_fold_5_metrics.csv,4,3,resnet18,"(0.03, 0.1]",C4,Sensitivity at 95% Specificity,0.8974358974358975
/scratchc/nrlab/wang04/ulyses_results_iteration/iteration_3_merge_below_3/cnn_model/cnn14/plasma_tp1_0.1x_model_C4/roc_curve_resnet18_tf_0.03_0.1/nested_cv_random/resnet18/repeat_10_fold_5_metrics.csv,4,3,resnet18,"(0.03, 0.1]",C4,PPV at 95% Specificity,0.945945945945946
/scratchc/nrlab/wang04/ulyses_results_iteration/iteration_3_merge_below_3/cnn_model/cnn14/plasma_tp1_0.1x_model_C4/roc_curve_resnet18_tf_0.03_0.1/nested_cv_random/resnet18/repeat_10_fold_5_metrics.csv,4,3,resnet18,"(0.03, 0.1]",C4,Accuracy at 95% Specificity,0.9083953680727874
/scratchc/nrlab/wang04/ulyses_results_iteration/iteration_3_merge_below_3/cnn_model/cnn14/plasma_tp1_0.1x_model_C4/roc_curve_resnet18_tf_0.03_0.1/nested_cv_random/resnet18/repeat_10_fold_5_metrics.csv,4,3,resnet18,"(0.03, 0.1]",C4,F1 at 95% Specificity,0.9210526315789472
/scratchc/nrlab/wang04/ulyses_results_iteration/iteration_3_merge_below_3/cnn_model/cnn14/plasma_tp1_0.1x_model_C4/roc_curve_resnet18_tf_0.03_0.1/nested_cv_random/resnet18/repeat_10_fold_5_metrics.csv,4,5,resnet18,"(0.03, 0.1]",C4,AUROC,0.923141891891892
/scratchc/nrlab/wang04/ulyses_results_iteration/iteration_3_merge_below_3/cnn_model/cnn14/plasma_tp1_0.1x_model_C4/roc_curve_resnet18_tf_0.03_0.1/nested_cv_random/resnet18/repeat_10_fold_5_metrics.csv,4,5,resnet18,"(0.03, 0.1]",C4,AUPRC,0.9038037405028778
/scratchc/nrlab/wang04/ulyses_results_iteration/iteration_3_merge_below_3/cnn_model/cnn14/plasma_tp1_0.1x_model_C4/roc_curve_resnet18_tf_0.03_0.1/nested_cv_random/resnet18/repeat_10_fold_5_metrics.csv,4,5,resnet18,"(0.03, 0.1]",C4,Sensitivity at 99% Specificity,0.4864864864864865
/scratchc/nrlab/wang04/ulyses_results_iteration/iteration_3_merge_below_3/cnn_model/cnn14/plasma_tp1_0.1x_model_C4/roc_curve_resnet18_tf_0.03_0.1/nested_cv_random/resnet18/repeat_10_fold_5_metrics.csv,4,5,resnet18,"(0.03, 0.1]",C4,PPV at 99% Specificity,1
/scratchc/nrlab/wang04/ulyses_results_iteration/iteration_3_merge_below_3/cnn_model/cnn14/plasma_tp1_0.1x_model_C4/roc_curve_resnet18_tf_0.03_0.1/nested_cv_random/resnet18/repeat_10_fold_5_metrics.csv,4,5,resnet18,"(0.03, 0.1]",C4,Accuracy at 99% Specificity,0.7382432432432433
/scratchc/nrlab/wang04/ulyses_results_iteration/iteration_3_merge_below_3/cnn_model/cnn14/plasma_tp1_0.1x_model_C4/roc_curve_resnet18_tf_0.03_0.1/nested_cv_random/resnet18/repeat_10_fold_5_metrics.csv,4,5,resnet18,"(0.03, 0.1]",C4,F1 at 99% Specificity,0.6545454545454545
/scratchc/nrlab/wang04/ulyses_results_iteration/iteration_3_merge_below_3/cnn_model/cnn14/plasma_tp1_0.1x_model_C4/roc_curve_resnet18_tf_0.03_0.1/nested_cv_random/resnet18/repeat_10_fold_5_metrics.csv,4,5,resnet18,"(0.03, 0.1]",C4,Sensitivity at 98% Specificity,0.4864864864864865
/scratchc/nrlab/wang04/ulyses_results_iteration/iteration_3_merge_below_3/cnn_model/cnn14/plasma_tp1_0.1x_model_C4/roc_curve_resnet18_tf_0.03_0.1/nested_cv_random/resnet18/repeat_10_fold_5_metrics.csv,4,5,resnet18,"(0.03, 0.1]",C4,PPV at 98% Specificity,1
/scratchc/nrlab/wang04/ulyses_results_iteration/iteration_3_merge_below_3/cnn_model/cnn14/plasma_tp1_0.1x_model_C4/roc_curve_resnet18_tf_0.03_0.1/nested_cv_random/resnet18/repeat_10_fold_5_metrics.csv,4,5,resnet18,"(0.03, 0.1]",C4,Accuracy at 98% Specificity,0.7332432432432432
/scratchc/nrlab/wang04/ulyses_results_iteration/iteration_3_merge_below_3/cnn_model/cnn14/plasma_tp1_0.1x_model_C4/roc_curve_resnet18_tf_0.03_0.1/nested_cv_random/resnet18/repeat_10_fold_5_metrics.csv,4,5,resnet18,"(0.03, 0.1]",C4,F1 at 98% Specificity,0.6545454545454545
/scratchc/nrlab/wang04/ulyses_results_iteration/iteration_3_merge_below_3/cnn_model/cnn14/plasma_tp1_0.1x_model_C4/roc_curve_resnet18_tf_0.03_0.1/nested_cv_random/resnet18/repeat_10_fold_5_metrics.csv,4,5,resnet18,"(0.03, 0.1]",C4,Sensitivity at 95% Specificity,0.6756756756756757
/scratchc/nrlab/wang04/ulyses_results_iteration/iteration_3_merge_below_3/cnn_model/cnn14/plasma_tp1_0.1x_model_C4/roc_curve_resnet18_tf_0.03_0.1/nested_cv_random/resnet18/repeat_10_fold_5_metrics.csv,4,5,resnet18,"(0.03, 0.1]",C4,PPV at 95% Specificity,0.925925925925926
/scratchc/nrlab/wang04/ulyses_results_iteration/iteration_3_merge_below_3/cnn_model/cnn14/plasma_tp1_0.1x_model_C4/roc_curve_resnet18_tf_0.03_0.1/nested_cv_random/resnet18/repeat_10_fold_5_metrics.csv,4,5,resnet18,"(0.03, 0.1]",C4,Accuracy at 95% Specificity,0.7979940878378378
/scratchc/nrlab/wang04/ulyses_results_iteration/iteration_3_merge_below_3/cnn_model/cnn14/plasma_tp1_0.1x_model_C4/roc_curve_resnet18_tf_0.03_0.1/nested_cv_random/resnet18/repeat_10_fold_5_metrics.csv,4,5,resnet18,"(0.03, 0.1]",C4,F1 at 95% Specificity,0.78125
/scratchc/nrlab/wang04/ulyses_results_iteration/iteration_3_merge_below_3/cnn_model/cnn14/plasma_tp1_0.1x_model_C4/roc_curve_resnet18_tf_0.03_0.1/nested_cv_random/resnet18/repeat_10_fold_5_metrics.csv,5,1,resnet18,"(0.03, 0.1]",C4,AUROC,0.9804573804573804
/scratchc/nrlab/wang04/ulyses_results_iteration/iteration_3_merge_below_3/cnn_model/cnn14/plasma_tp1_0.1x_model_C4/roc_curve_resnet18_tf_0.03_0.1/nested_cv_random/resnet18/repeat_10_fold_5_metrics.csv,5,1,resnet18,"(0.03, 0.1]",C4,AUPRC,0.9701599584053516
/scratchc/nrlab/wang04/ulyses_results_iteration/iteration_3_merge_below_3/cnn_model/cnn14/plasma_tp1_0.1x_model_C4/roc_curve_resnet18_tf_0.03_0.1/nested_cv_random/resnet18/repeat_10_fold_5_metrics.csv,5,1,resnet18,"(0.03, 0.1]",C4,Sensitivity at 99% Specificity,0.6756756756756757
/scratchc/nrlab/wang04/ulyses_results_iteration/iteration_3_merge_below_3/cnn_model/cnn14/plasma_tp1_0.1x_model_C4/roc_curve_resnet18_tf_0.03_0.1/nested_cv_random/resnet18/repeat_10_fold_5_metrics.csv,5,1,resnet18,"(0.03, 0.1]",C4,PPV at 99% Specificity,1
/scratchc/nrlab/wang04/ulyses_results_iteration/iteration_3_merge_below_3/cnn_model/cnn14/plasma_tp1_0.1x_model_C4/roc_curve_resnet18_tf_0.03_0.1/nested_cv_random/resnet18/repeat_10_fold_5_metrics.csv,5,1,resnet18,"(0.03, 0.1]",C4,Accuracy at 99% Specificity,0.8328378378378378
/scratchc/nrlab/wang04/ulyses_results_iteration/iteration_3_merge_below_3/cnn_model/cnn14/plasma_tp1_0.1x_model_C4/roc_curve_resnet18_tf_0.03_0.1/nested_cv_random/resnet18/repeat_10_fold_5_metrics.csv,5,1,resnet18,"(0.03, 0.1]",C4,F1 at 99% Specificity,0.8064516129032258
/scratchc/nrlab/wang04/ulyses_results_iteration/iteration_3_merge_below_3/cnn_model/cnn14/plasma_tp1_0.1x_model_C4/roc_curve_resnet18_tf_0.03_0.1/nested_cv_random/resnet18/repeat_10_fold_5_metrics.csv,5,1,resnet18,"(0.03, 0.1]",C4,Sensitivity at 98% Specificity,0.6756756756756757
/scratchc/nrlab/wang04/ulyses_results_iteration/iteration_3_merge_below_3/cnn_model/cnn14/plasma_tp1_0.1x_model_C4/roc_curve_resnet18_tf_0.03_0.1/nested_cv_random/resnet18/repeat_10_fold_5_metrics.csv,5,1,resnet18,"(0.03, 0.1]",C4,PPV at 98% Specificity,1
/scratchc/nrlab/wang04/ulyses_results_iteration/iteration_3_merge_below_3/cnn_model/cnn14/plasma_tp1_0.1x_model_C4/roc_curve_resnet18_tf_0.03_0.1/nested_cv_random/resnet18/repeat_10_fold_5_metrics.csv,5,1,resnet18,"(0.03, 0.1]",C4,Accuracy at 98% Specificity,0.8278378378378378
/scratchc/nrlab/wang04/ulyses_results_iteration/iteration_3_merge_below_3/cnn_model/cnn14/plasma_tp1_0.1x_model_C4/roc_curve_resnet18_tf_0.03_0.1/nested_cv_random/resnet18/repeat_10_fold_5_metrics.csv,5,1,resnet18,"(0.03, 0.1]",C4,F1 at 98% Specificity,0.8064516129032258
/scratchc/nrlab/wang04/ulyses_results_iteration/iteration_3_merge_below_3/cnn_model/cnn14/plasma_tp1_0.1x_model_C4/roc_curve_resnet18_tf_0.03_0.1/nested_cv_random/resnet18/repeat_10_fold_5_metrics.csv,5,1,resnet18,"(0.03, 0.1]",C4,Sensitivity at 95% Specificity,0.8648648648648649
/scratchc/nrlab/wang04/ulyses_results_iteration/iteration_3_merge_below_3/cnn_model/cnn14/plasma_tp1_0.1x_model_C4/roc_curve_resnet18_tf_0.03_0.1/nested_cv_random/resnet18/repeat_10_fold_5_metrics.csv,5,1,resnet18,"(0.03, 0.1]",C4,PPV at 95% Specificity,0.9142857142857144
/scratchc/nrlab/wang04/ulyses_results_iteration/iteration_3_merge_below_3/cnn_model/cnn14/plasma_tp1_0.1x_model_C4/roc_curve_resnet18_tf_0.03_0.1/nested_cv_random/resnet18/repeat_10_fold_5_metrics.csv,5,1,resnet18,"(0.03, 0.1]",C4,Accuracy at 95% Specificity,0.8855093555093556
/scratchc/nrlab/wang04/ulyses_results_iteration/iteration_3_merge_below_3/cnn_model/cnn14/plasma_tp1_0.1x_model_C4/roc_curve_resnet18_tf_0.03_0.1/nested_cv_random/resnet18/repeat_10_fold_5_metrics.csv,5,1,resnet18,"(0.03, 0.1]",C4,F1 at 95% Specificity,0.8888888888888888
/scratchc/nrlab/wang04/ulyses_results_iteration/iteration_3_merge_below_3/cnn_model/cnn14/plasma_tp1_0.1x_model_C4/roc_curve_resnet18_tf_0.03_0.1/nested_cv_random/resnet18/repeat_10_fold_5_metrics.csv,5,2,resnet18,"(0.03, 0.1]",C4,AUROC,0.9212121212121211
/scratchc/nrlab/wang04/ulyses_results_iteration/iteration_3_merge_below_3/cnn_model/cnn14/plasma_tp1_0.1x_model_C4/roc_curve_resnet18_tf_0.03_0.1/nested_cv_random/resnet18/repeat_10_fold_5_metrics.csv,5,2,resnet18,"(0.03, 0.1]",C4,AUPRC,0.9226110379432458
/scratchc/nrlab/wang04/ulyses_results_iteration/iteration_3_merge_below_3/cnn_model/cnn14/plasma_tp1_0.1x_model_C4/roc_curve_resnet18_tf_0.03_0.1/nested_cv_random/resnet18/repeat_10_fold_5_metrics.csv,5,2,resnet18,"(0.03, 0.1]",C4,Sensitivity at 99% Specificity,0.5714285714285714
/scratchc/nrlab/wang04/ulyses_results_iteration/iteration_3_merge_below_3/cnn_model/cnn14/plasma_tp1_0.1x_model_C4/roc_curve_resnet18_tf_0.03_0.1/nested_cv_random/resnet18/repeat_10_fold_5_metrics.csv,5,2,resnet18,"(0.03, 0.1]",C4,PPV at 99% Specificity,1
/scratchc/nrlab/wang04/ulyses_results_iteration/iteration_3_merge_below_3/cnn_model/cnn14/plasma_tp1_0.1x_model_C4/roc_curve_resnet18_tf_0.03_0.1/nested_cv_random/resnet18/repeat_10_fold_5_metrics.csv,5,2,resnet18,"(0.03, 0.1]",C4,Accuracy at 99% Specificity,0.7807142857142857
/scratchc/nrlab/wang04/ulyses_results_iteration/iteration_3_merge_below_3/cnn_model/cnn14/plasma_tp1_0.1x_model_C4/roc_curve_resnet18_tf_0.03_0.1/nested_cv_random/resnet18/repeat_10_fold_5_metrics.csv,5,2,resnet18,"(0.03, 0.1]",C4,F1 at 99% Specificity,0.7272727272727273
/scratchc/nrlab/wang04/ulyses_results_iteration/iteration_3_merge_below_3/cnn_model/cnn14/plasma_tp1_0.1x_model_C4/roc_curve_resnet18_tf_0.03_0.1/nested_cv_random/resnet18/repeat_10_fold_5_metrics.csv,5,2,resnet18,"(0.03, 0.1]",C4,Sensitivity at 98% Specificity,0.5714285714285714
/scratchc/nrlab/wang04/ulyses_results_iteration/iteration_3_merge_below_3/cnn_model/cnn14/plasma_tp1_0.1x_model_C4/roc_curve_resnet18_tf_0.03_0.1/nested_cv_random/resnet18/repeat_10_fold_5_metrics.csv,5,2,resnet18,"(0.03, 0.1]",C4,PPV at 98% Specificity,1
/scratchc/nrlab/wang04/ulyses_results_iteration/iteration_3_merge_below_3/cnn_model/cnn14/plasma_tp1_0.1x_model_C4/roc_curve_resnet18_tf_0.03_0.1/nested_cv_random/resnet18/repeat_10_fold_5_metrics.csv,5,2,resnet18,"(0.03, 0.1]",C4,Accuracy at 98% Specificity,0.7757142857142857
/scratchc/nrlab/wang04/ulyses_results_iteration/iteration_3_merge_below_3/cnn_model/cnn14/plasma_tp1_0.1x_model_C4/roc_curve_resnet18_tf_0.03_0.1/nested_cv_random/resnet18/repeat_10_fold_5_metrics.csv,5,2,resnet18,"(0.03, 0.1]",C4,F1 at 98% Specificity,0.7272727272727273
/scratchc/nrlab/wang04/ulyses_results_iteration/iteration_3_merge_below_3/cnn_model/cnn14/plasma_tp1_0.1x_model_C4/roc_curve_resnet18_tf_0.03_0.1/nested_cv_random/resnet18/repeat_10_fold_5_metrics.csv,5,2,resnet18,"(0.03, 0.1]",C4,Sensitivity at 95% Specificity,0.7142857142857143
/scratchc/nrlab/wang04/ulyses_results_iteration/iteration_3_merge_below_3/cnn_model/cnn14/plasma_tp1_0.1x_model_C4/roc_curve_resnet18_tf_0.03_0.1/nested_cv_random/resnet18/repeat_10_fold_5_metrics.csv,5,2,resnet18,"(0.03, 0.1]",C4,PPV at 95% Specificity,0.9615384615384616
/scratchc/nrlab/wang04/ulyses_results_iteration/iteration_3_merge_below_3/cnn_model/cnn14/plasma_tp1_0.1x_model_C4/roc_curve_resnet18_tf_0.03_0.1/nested_cv_random/resnet18/repeat_10_fold_5_metrics.csv,5,2,resnet18,"(0.03, 0.1]",C4,Accuracy at 95% Specificity,0.8249458874458875
/scratchc/nrlab/wang04/ulyses_results_iteration/iteration_3_merge_below_3/cnn_model/cnn14/plasma_tp1_0.1x_model_C4/roc_curve_resnet18_tf_0.03_0.1/nested_cv_random/resnet18/repeat_10_fold_5_metrics.csv,5,2,resnet18,"(0.03, 0.1]",C4,F1 at 95% Specificity,0.819672131147541
/scratchc/nrlab/wang04/ulyses_results_iteration/iteration_3_merge_below_3/cnn_model/cnn14/plasma_tp1_0.1x_model_C4/roc_curve_resnet18_tf_0.03_0.1/nested_cv_random/resnet18/repeat_10_fold_5_metrics.csv,5,5,resnet18,"(0.03, 0.1]",C4,AUROC,0.9644945697577276
/scratchc/nrlab/wang04/ulyses_results_iteration/iteration_3_merge_below_3/cnn_model/cnn14/plasma_tp1_0.1x_model_C4/roc_curve_resnet18_tf_0.03_0.1/nested_cv_random/resnet18/repeat_10_fold_5_metrics.csv,5,5,resnet18,"(0.03, 0.1]",C4,AUPRC,0.9510034613701588
/scratchc/nrlab/wang04/ulyses_results_iteration/iteration_3_merge_below_3/cnn_model/cnn14/plasma_tp1_0.1x_model_C4/roc_curve_resnet18_tf_0.03_0.1/nested_cv_random/resnet18/repeat_10_fold_5_metrics.csv,5,5,resnet18,"(0.03, 0.1]",C4,Sensitivity at 99% Specificity,0.6578947368421053
/scratchc/nrlab/wang04/ulyses_results_iteration/iteration_3_merge_below_3/cnn_model/cnn14/plasma_tp1_0.1x_model_C4/roc_curve_resnet18_tf_0.03_0.1/nested_cv_random/resnet18/repeat_10_fold_5_metrics.csv,5,5,resnet18,"(0.03, 0.1]",C4,PPV at 99% Specificity,1
/scratchc/nrlab/wang04/ulyses_results_iteration/iteration_3_merge_below_3/cnn_model/cnn14/plasma_tp1_0.1x_model_C4/roc_curve_resnet18_tf_0.03_0.1/nested_cv_random/resnet18/repeat_10_fold_5_metrics.csv,5,5,resnet18,"(0.03, 0.1]",C4,Accuracy at 99% Specificity,0.8239473684210527
/scratchc/nrlab/wang04/ulyses_results_iteration/iteration_3_merge_below_3/cnn_model/cnn14/plasma_tp1_0.1x_model_C4/roc_curve_resnet18_tf_0.03_0.1/nested_cv_random/resnet18/repeat_10_fold_5_metrics.csv,5,5,resnet18,"(0.03, 0.1]",C4,F1 at 99% Specificity,0.7936507936507936
/scratchc/nrlab/wang04/ulyses_results_iteration/iteration_3_merge_below_3/cnn_model/cnn14/plasma_tp1_0.1x_model_C4/roc_curve_resnet18_tf_0.03_0.1/nested_cv_random/resnet18/repeat_10_fold_5_metrics.csv,5,5,resnet18,"(0.03, 0.1]",C4,Sensitivity at 98% Specificity,0.6578947368421053
/scratchc/nrlab/wang04/ulyses_results_iteration/iteration_3_merge_below_3/cnn_model/cnn14/plasma_tp1_0.1x_model_C4/roc_curve_resnet18_tf_0.03_0.1/nested_cv_random/resnet18/repeat_10_fold_5_metrics.csv,5,5,resnet18,"(0.03, 0.1]",C4,PPV at 98% Specificity,1
/scratchc/nrlab/wang04/ulyses_results_iteration/iteration_3_merge_below_3/cnn_model/cnn14/plasma_tp1_0.1x_model_C4/roc_curve_resnet18_tf_0.03_0.1/nested_cv_random/resnet18/repeat_10_fold_5_metrics.csv,5,5,resnet18,"(0.03, 0.1]",C4,Accuracy at 98% Specificity,0.8189473684210526
/scratchc/nrlab/wang04/ulyses_results_iteration/iteration_3_merge_below_3/cnn_model/cnn14/plasma_tp1_0.1x_model_C4/roc_curve_resnet18_tf_0.03_0.1/nested_cv_random/resnet18/repeat_10_fold_5_metrics.csv,5,5,resnet18,"(0.03, 0.1]",C4,F1 at 98% Specificity,0.7936507936507936
/scratchc/nrlab/wang04/ulyses_results_iteration/iteration_3_merge_below_3/cnn_model/cnn14/plasma_tp1_0.1x_model_C4/roc_curve_resnet18_tf_0.03_0.1/nested_cv_random/resnet18/repeat_10_fold_5_metrics.csv,5,5,resnet18,"(0.03, 0.1]",C4,Sensitivity at 95% Specificity,0.7894736842105263
/scratchc/nrlab/wang04/ulyses_results_iteration/iteration_3_merge_below_3/cnn_model/cnn14/plasma_tp1_0.1x_model_C4/roc_curve_resnet18_tf_0.03_0.1/nested_cv_random/resnet18/repeat_10_fold_5_metrics.csv,5,5,resnet18,"(0.03, 0.1]",C4,PPV at 95% Specificity,0.9375
/scratchc/nrlab/wang04/ulyses_results_iteration/iteration_3_merge_below_3/cnn_model/cnn14/plasma_tp1_0.1x_model_C4/roc_curve_resnet18_tf_0.03_0.1/nested_cv_random/resnet18/repeat_10_fold_5_metrics.csv,5,5,resnet18,"(0.03, 0.1]",C4,Accuracy at 95% Specificity,0.8546574770258981
/scratchc/nrlab/wang04/ulyses_results_iteration/iteration_3_merge_below_3/cnn_model/cnn14/plasma_tp1_0.1x_model_C4/roc_curve_resnet18_tf_0.03_0.1/nested_cv_random/resnet18/repeat_10_fold_5_metrics.csv,5,5,resnet18,"(0.03, 0.1]",C4,F1 at 95% Specificity,0.8571428571428571
/scratchc/nrlab/wang04/ulyses_results_iteration/iteration_3_merge_below_3/cnn_model/cnn14/plasma_tp1_0.1x_model_C4/roc_curve_resnet18_tf_0.03_0.1/nested_cv_random/resnet18/repeat_10_fold_5_metrics.csv,6,1,resnet18,"(0.03, 0.1]",C4,AUROC,0.960858585858586
/scratchc/nrlab/wang04/ulyses_results_iteration/iteration_3_merge_below_3/cnn_model/cnn14/plasma_tp1_0.1x_model_C4/roc_curve_resnet18_tf_0.03_0.1/nested_cv_random/resnet18/repeat_10_fold_5_metrics.csv,6,1,resnet18,"(0.03, 0.1]",C4,AUPRC,0.9491043988270746
/scratchc/nrlab/wang04/ulyses_results_iteration/iteration_3_merge_below_3/cnn_model/cnn14/plasma_tp1_0.1x_model_C4/roc_curve_resnet18_tf_0.03_0.1/nested_cv_random/resnet18/repeat_10_fold_5_metrics.csv,6,1,resnet18,"(0.03, 0.1]",C4,Sensitivity at 99% Specificity,0.5
/scratchc/nrlab/wang04/ulyses_results_iteration/iteration_3_merge_below_3/cnn_model/cnn14/plasma_tp1_0.1x_model_C4/roc_curve_resnet18_tf_0.03_0.1/nested_cv_random/resnet18/repeat_10_fold_5_metrics.csv,6,1,resnet18,"(0.03, 0.1]",C4,PPV at 99% Specificity,1
/scratchc/nrlab/wang04/ulyses_results_iteration/iteration_3_merge_below_3/cnn_model/cnn14/plasma_tp1_0.1x_model_C4/roc_curve_resnet18_tf_0.03_0.1/nested_cv_random/resnet18/repeat_10_fold_5_metrics.csv,6,1,resnet18,"(0.03, 0.1]",C4,Accuracy at 99% Specificity,0.745
/scratchc/nrlab/wang04/ulyses_results_iteration/iteration_3_merge_below_3/cnn_model/cnn14/plasma_tp1_0.1x_model_C4/roc_curve_resnet18_tf_0.03_0.1/nested_cv_random/resnet18/repeat_10_fold_5_metrics.csv,6,1,resnet18,"(0.03, 0.1]",C4,F1 at 99% Specificity,0.6666666666666666
/scratchc/nrlab/wang04/ulyses_results_iteration/iteration_3_merge_below_3/cnn_model/cnn14/plasma_tp1_0.1x_model_C4/roc_curve_resnet18_tf_0.03_0.1/nested_cv_random/resnet18/repeat_10_fold_5_metrics.csv,6,1,resnet18,"(0.03, 0.1]",C4,Sensitivity at 98% Specificity,0.5
/scratchc/nrlab/wang04/ulyses_results_iteration/iteration_3_merge_below_3/cnn_model/cnn14/plasma_tp1_0.1x_model_C4/roc_curve_resnet18_tf_0.03_0.1/nested_cv_random/resnet18/repeat_10_fold_5_metrics.csv,6,1,resnet18,"(0.03, 0.1]",C4,PPV at 98% Specificity,1
/scratchc/nrlab/wang04/ulyses_results_iteration/iteration_3_merge_below_3/cnn_model/cnn14/plasma_tp1_0.1x_model_C4/roc_curve_resnet18_tf_0.03_0.1/nested_cv_random/resnet18/repeat_10_fold_5_metrics.csv,6,1,resnet18,"(0.03, 0.1]",C4,Accuracy at 98% Specificity,0.74
/scratchc/nrlab/wang04/ulyses_results_iteration/iteration_3_merge_below_3/cnn_model/cnn14/plasma_tp1_0.1x_model_C4/roc_curve_resnet18_tf_0.03_0.1/nested_cv_random/resnet18/repeat_10_fold_5_metrics.csv,6,1,resnet18,"(0.03, 0.1]",C4,F1 at 98% Specificity,0.6666666666666666
/scratchc/nrlab/wang04/ulyses_results_iteration/iteration_3_merge_below_3/cnn_model/cnn14/plasma_tp1_0.1x_model_C4/roc_curve_resnet18_tf_0.03_0.1/nested_cv_random/resnet18/repeat_10_fold_5_metrics.csv,6,1,resnet18,"(0.03, 0.1]",C4,Sensitivity at 95% Specificity,0.7777777777777778
/scratchc/nrlab/wang04/ulyses_results_iteration/iteration_3_merge_below_3/cnn_model/cnn14/plasma_tp1_0.1x_model_C4/roc_curve_resnet18_tf_0.03_0.1/nested_cv_random/resnet18/repeat_10_fold_5_metrics.csv,6,1,resnet18,"(0.03, 0.1]",C4,PPV at 95% Specificity,0.9655172413793104
/scratchc/nrlab/wang04/ulyses_results_iteration/iteration_3_merge_below_3/cnn_model/cnn14/plasma_tp1_0.1x_model_C4/roc_curve_resnet18_tf_0.03_0.1/nested_cv_random/resnet18/repeat_10_fold_5_metrics.csv,6,1,resnet18,"(0.03, 0.1]",C4,Accuracy at 95% Specificity,0.8566919191919191
/scratchc/nrlab/wang04/ulyses_results_iteration/iteration_3_merge_below_3/cnn_model/cnn14/plasma_tp1_0.1x_model_C4/roc_curve_resnet18_tf_0.03_0.1/nested_cv_random/resnet18/repeat_10_fold_5_metrics.csv,6,1,resnet18,"(0.03, 0.1]",C4,F1 at 95% Specificity,0.8615384615384616
/scratchc/nrlab/wang04/ulyses_results_iteration/iteration_3_merge_below_3/cnn_model/cnn14/plasma_tp1_0.1x_model_C4/roc_curve_resnet18_tf_0.03_0.1/nested_cv_random/resnet18/repeat_10_fold_5_metrics.csv,6,2,resnet18,"(0.03, 0.1]",C4,AUROC,0.92756804214223
/scratchc/nrlab/wang04/ulyses_results_iteration/iteration_3_merge_below_3/cnn_model/cnn14/plasma_tp1_0.1x_model_C4/roc_curve_resnet18_tf_0.03_0.1/nested_cv_random/resnet18/repeat_10_fold_5_metrics.csv,6,2,resnet18,"(0.03, 0.1]",C4,AUPRC,0.9035893714643533
/scratchc/nrlab/wang04/ulyses_results_iteration/iteration_3_merge_below_3/cnn_model/cnn14/plasma_tp1_0.1x_model_C4/roc_curve_resnet18_tf_0.03_0.1/nested_cv_random/resnet18/repeat_10_fold_5_metrics.csv,6,2,resnet18,"(0.03, 0.1]",C4,Sensitivity at 99% Specificity,0.35294117647058826
/scratchc/nrlab/wang04/ulyses_results_iteration/iteration_3_merge_below_3/cnn_model/cnn14/plasma_tp1_0.1x_model_C4/roc_curve_resnet18_tf_0.03_0.1/nested_cv_random/resnet18/repeat_10_fold_5_metrics.csv,6,2,resnet18,"(0.03, 0.1]",C4,PPV at 99% Specificity,1
/scratchc/nrlab/wang04/ulyses_results_iteration/iteration_3_merge_below_3/cnn_model/cnn14/plasma_tp1_0.1x_model_C4/roc_curve_resnet18_tf_0.03_0.1/nested_cv_random/resnet18/repeat_10_fold_5_metrics.csv,6,2,resnet18,"(0.03, 0.1]",C4,Accuracy at 99% Specificity,0.6714705882352942
/scratchc/nrlab/wang04/ulyses_results_iteration/iteration_3_merge_below_3/cnn_model/cnn14/plasma_tp1_0.1x_model_C4/roc_curve_resnet18_tf_0.03_0.1/nested_cv_random/resnet18/repeat_10_fold_5_metrics.csv,6,2,resnet18,"(0.03, 0.1]",C4,F1 at 99% Specificity,0.5217391304347826
/scratchc/nrlab/wang04/ulyses_results_iteration/iteration_3_merge_below_3/cnn_model/cnn14/plasma_tp1_0.1x_model_C4/roc_curve_resnet18_tf_0.03_0.1/nested_cv_random/resnet18/repeat_10_fold_5_metrics.csv,6,2,resnet18,"(0.03, 0.1]",C4,Sensitivity at 98% Specificity,0.35294117647058826
/scratchc/nrlab/wang04/ulyses_results_iteration/iteration_3_merge_below_3/cnn_model/cnn14/plasma_tp1_0.1x_model_C4/roc_curve_resnet18_tf_0.03_0.1/nested_cv_random/resnet18/repeat_10_fold_5_metrics.csv,6,2,resnet18,"(0.03, 0.1]",C4,PPV at 98% Specificity,1
/scratchc/nrlab/wang04/ulyses_results_iteration/iteration_3_merge_below_3/cnn_model/cnn14/plasma_tp1_0.1x_model_C4/roc_curve_resnet18_tf_0.03_0.1/nested_cv_random/resnet18/repeat_10_fold_5_metrics.csv,6,2,resnet18,"(0.03, 0.1]",C4,Accuracy at 98% Specificity,0.6664705882352941
/scratchc/nrlab/wang04/ulyses_results_iteration/iteration_3_merge_below_3/cnn_model/cnn14/plasma_tp1_0.1x_model_C4/roc_curve_resnet18_tf_0.03_0.1/nested_cv_random/resnet18/repeat_10_fold_5_metrics.csv,6,2,resnet18,"(0.03, 0.1]",C4,F1 at 98% Specificity,0.5217391304347826
/scratchc/nrlab/wang04/ulyses_results_iteration/iteration_3_merge_below_3/cnn_model/cnn14/plasma_tp1_0.1x_model_C4/roc_curve_resnet18_tf_0.03_0.1/nested_cv_random/resnet18/repeat_10_fold_5_metrics.csv,6,2,resnet18,"(0.03, 0.1]",C4,Sensitivity at 95% Specificity,0.7647058823529411
/scratchc/nrlab/wang04/ulyses_results_iteration/iteration_3_merge_below_3/cnn_model/cnn14/plasma_tp1_0.1x_model_C4/roc_curve_resnet18_tf_0.03_0.1/nested_cv_random/resnet18/repeat_10_fold_5_metrics.csv,6,2,resnet18,"(0.03, 0.1]",C4,PPV at 95% Specificity,0.9629629629629628
/scratchc/nrlab/wang04/ulyses_results_iteration/iteration_3_merge_below_3/cnn_model/cnn14/plasma_tp1_0.1x_model_C4/roc_curve_resnet18_tf_0.03_0.1/nested_cv_random/resnet18/repeat_10_fold_5_metrics.csv,6,2,resnet18,"(0.03, 0.1]",C4,Accuracy at 95% Specificity,0.8502633889376645
/scratchc/nrlab/wang04/ulyses_results_iteration/iteration_3_merge_below_3/cnn_model/cnn14/plasma_tp1_0.1x_model_C4/roc_curve_resnet18_tf_0.03_0.1/nested_cv_random/resnet18/repeat_10_fold_5_metrics.csv,6,2,resnet18,"(0.03, 0.1]",C4,F1 at 95% Specificity,0.8524590163934426
/scratchc/nrlab/wang04/ulyses_results_iteration/iteration_3_merge_below_3/cnn_model/cnn14/plasma_tp1_0.1x_model_C4/roc_curve_resnet18_tf_0.03_0.1/nested_cv_random/resnet18/repeat_10_fold_5_metrics.csv,6,3,resnet18,"(0.03, 0.1]",C4,AUROC,0.9801520270270272
/scratchc/nrlab/wang04/ulyses_results_iteration/iteration_3_merge_below_3/cnn_model/cnn14/plasma_tp1_0.1x_model_C4/roc_curve_resnet18_tf_0.03_0.1/nested_cv_random/resnet18/repeat_10_fold_5_metrics.csv,6,3,resnet18,"(0.03, 0.1]",C4,AUPRC,0.9739265350314648
/scratchc/nrlab/wang04/ulyses_results_iteration/iteration_3_merge_below_3/cnn_model/cnn14/plasma_tp1_0.1x_model_C4/roc_curve_resnet18_tf_0.03_0.1/nested_cv_random/resnet18/repeat_10_fold_5_metrics.csv,6,3,resnet18,"(0.03, 0.1]",C4,Sensitivity at 99% Specificity,0.7837837837837838
/scratchc/nrlab/wang04/ulyses_results_iteration/iteration_3_merge_below_3/cnn_model/cnn14/plasma_tp1_0.1x_model_C4/roc_curve_resnet18_tf_0.03_0.1/nested_cv_random/resnet18/repeat_10_fold_5_metrics.csv,6,3,resnet18,"(0.03, 0.1]",C4,PPV at 99% Specificity,1
/scratchc/nrlab/wang04/ulyses_results_iteration/iteration_3_merge_below_3/cnn_model/cnn14/plasma_tp1_0.1x_model_C4/roc_curve_resnet18_tf_0.03_0.1/nested_cv_random/resnet18/repeat_10_fold_5_metrics.csv,6,3,resnet18,"(0.03, 0.1]",C4,Accuracy at 99% Specificity,0.8868918918918919
/scratchc/nrlab/wang04/ulyses_results_iteration/iteration_3_merge_below_3/cnn_model/cnn14/plasma_tp1_0.1x_model_C4/roc_curve_resnet18_tf_0.03_0.1/nested_cv_random/resnet18/repeat_10_fold_5_metrics.csv,6,3,resnet18,"(0.03, 0.1]",C4,F1 at 99% Specificity,0.8787878787878788
/scratchc/nrlab/wang04/ulyses_results_iteration/iteration_3_merge_below_3/cnn_model/cnn14/plasma_tp1_0.1x_model_C4/roc_curve_resnet18_tf_0.03_0.1/nested_cv_random/resnet18/repeat_10_fold_5_metrics.csv,6,3,resnet18,"(0.03, 0.1]",C4,Sensitivity at 98% Specificity,0.7837837837837838
/scratchc/nrlab/wang04/ulyses_results_iteration/iteration_3_merge_below_3/cnn_model/cnn14/plasma_tp1_0.1x_model_C4/roc_curve_resnet18_tf_0.03_0.1/nested_cv_random/resnet18/repeat_10_fold_5_metrics.csv,6,3,resnet18,"(0.03, 0.1]",C4,PPV at 98% Specificity,1
/scratchc/nrlab/wang04/ulyses_results_iteration/iteration_3_merge_below_3/cnn_model/cnn14/plasma_tp1_0.1x_model_C4/roc_curve_resnet18_tf_0.03_0.1/nested_cv_random/resnet18/repeat_10_fold_5_metrics.csv,6,3,resnet18,"(0.03, 0.1]",C4,Accuracy at 98% Specificity,0.8818918918918919
/scratchc/nrlab/wang04/ulyses_results_iteration/iteration_3_merge_below_3/cnn_model/cnn14/plasma_tp1_0.1x_model_C4/roc_curve_resnet18_tf_0.03_0.1/nested_cv_random/resnet18/repeat_10_fold_5_metrics.csv,6,3,resnet18,"(0.03, 0.1]",C4,F1 at 98% Specificity,0.8787878787878788
/scratchc/nrlab/wang04/ulyses_results_iteration/iteration_3_merge_below_3/cnn_model/cnn14/plasma_tp1_0.1x_model_C4/roc_curve_resnet18_tf_0.03_0.1/nested_cv_random/resnet18/repeat_10_fold_5_metrics.csv,6,3,resnet18,"(0.03, 0.1]",C4,Sensitivity at 95% Specificity,0.8918918918918919
/scratchc/nrlab/wang04/ulyses_results_iteration/iteration_3_merge_below_3/cnn_model/cnn14/plasma_tp1_0.1x_model_C4/roc_curve_resnet18_tf_0.03_0.1/nested_cv_random/resnet18/repeat_10_fold_5_metrics.csv,6,3,resnet18,"(0.03, 0.1]",C4,PPV at 95% Specificity,0.9428571428571428
/scratchc/nrlab/wang04/ulyses_results_iteration/iteration_3_merge_below_3/cnn_model/cnn14/plasma_tp1_0.1x_model_C4/roc_curve_resnet18_tf_0.03_0.1/nested_cv_random/resnet18/repeat_10_fold_5_metrics.csv,6,3,resnet18,"(0.03, 0.1]",C4,Accuracy at 95% Specificity,0.906102195945946
/scratchc/nrlab/wang04/ulyses_results_iteration/iteration_3_merge_below_3/cnn_model/cnn14/plasma_tp1_0.1x_model_C4/roc_curve_resnet18_tf_0.03_0.1/nested_cv_random/resnet18/repeat_10_fold_5_metrics.csv,6,3,resnet18,"(0.03, 0.1]",C4,F1 at 95% Specificity,0.9166666666666666
/scratchc/nrlab/wang04/ulyses_results_iteration/iteration_3_merge_below_3/cnn_model/cnn14/plasma_tp1_0.1x_model_C4/roc_curve_resnet18_tf_0.03_0.1/nested_cv_random/resnet18/repeat_10_fold_5_metrics.csv,6,4,resnet18,"(0.03, 0.1]",C4,AUROC,0.9344193817878028
/scratchc/nrlab/wang04/ulyses_results_iteration/iteration_3_merge_below_3/cnn_model/cnn14/plasma_tp1_0.1x_model_C4/roc_curve_resnet18_tf_0.03_0.1/nested_cv_random/resnet18/repeat_10_fold_5_metrics.csv,6,4,resnet18,"(0.03, 0.1]",C4,AUPRC,0.9191385758602132
/scratchc/nrlab/wang04/ulyses_results_iteration/iteration_3_merge_below_3/cnn_model/cnn14/plasma_tp1_0.1x_model_C4/roc_curve_resnet18_tf_0.03_0.1/nested_cv_random/resnet18/repeat_10_fold_5_metrics.csv,6,4,resnet18,"(0.03, 0.1]",C4,Sensitivity at 99% Specificity,0.5789473684210527
/scratchc/nrlab/wang04/ulyses_results_iteration/iteration_3_merge_below_3/cnn_model/cnn14/plasma_tp1_0.1x_model_C4/roc_curve_resnet18_tf_0.03_0.1/nested_cv_random/resnet18/repeat_10_fold_5_metrics.csv,6,4,resnet18,"(0.03, 0.1]",C4,PPV at 99% Specificity,1
/scratchc/nrlab/wang04/ulyses_results_iteration/iteration_3_merge_below_3/cnn_model/cnn14/plasma_tp1_0.1x_model_C4/roc_curve_resnet18_tf_0.03_0.1/nested_cv_random/resnet18/repeat_10_fold_5_metrics.csv,6,4,resnet18,"(0.03, 0.1]",C4,Accuracy at 99% Specificity,0.7844736842105263
/scratchc/nrlab/wang04/ulyses_results_iteration/iteration_3_merge_below_3/cnn_model/cnn14/plasma_tp1_0.1x_model_C4/roc_curve_resnet18_tf_0.03_0.1/nested_cv_random/resnet18/repeat_10_fold_5_metrics.csv,6,4,resnet18,"(0.03, 0.1]",C4,F1 at 99% Specificity,0.7333333333333333
/scratchc/nrlab/wang04/ulyses_results_iteration/iteration_3_merge_below_3/cnn_model/cnn14/plasma_tp1_0.1x_model_C4/roc_curve_resnet18_tf_0.03_0.1/nested_cv_random/resnet18/repeat_10_fold_5_metrics.csv,6,4,resnet18,"(0.03, 0.1]",C4,Sensitivity at 98% Specificity,0.5789473684210527
/scratchc/nrlab/wang04/ulyses_results_iteration/iteration_3_merge_below_3/cnn_model/cnn14/plasma_tp1_0.1x_model_C4/roc_curve_resnet18_tf_0.03_0.1/nested_cv_random/resnet18/repeat_10_fold_5_metrics.csv,6,4,resnet18,"(0.03, 0.1]",C4,PPV at 98% Specificity,1
/scratchc/nrlab/wang04/ulyses_results_iteration/iteration_3_merge_below_3/cnn_model/cnn14/plasma_tp1_0.1x_model_C4/roc_curve_resnet18_tf_0.03_0.1/nested_cv_random/resnet18/repeat_10_fold_5_metrics.csv,6,4,resnet18,"(0.03, 0.1]",C4,Accuracy at 98% Specificity,0.7794736842105263
/scratchc/nrlab/wang04/ulyses_results_iteration/iteration_3_merge_below_3/cnn_model/cnn14/plasma_tp1_0.1x_model_C4/roc_curve_resnet18_tf_0.03_0.1/nested_cv_random/resnet18/repeat_10_fold_5_metrics.csv,6,4,resnet18,"(0.03, 0.1]",C4,F1 at 98% Specificity,0.7333333333333333
/scratchc/nrlab/wang04/ulyses_results_iteration/iteration_3_merge_below_3/cnn_model/cnn14/plasma_tp1_0.1x_model_C4/roc_curve_resnet18_tf_0.03_0.1/nested_cv_random/resnet18/repeat_10_fold_5_metrics.csv,6,4,resnet18,"(0.03, 0.1]",C4,Sensitivity at 95% Specificity,0.6578947368421053
/scratchc/nrlab/wang04/ulyses_results_iteration/iteration_3_merge_below_3/cnn_model/cnn14/plasma_tp1_0.1x_model_C4/roc_curve_resnet18_tf_0.03_0.1/nested_cv_random/resnet18/repeat_10_fold_5_metrics.csv,6,4,resnet18,"(0.03, 0.1]",C4,PPV at 95% Specificity,0.9615384615384616
/scratchc/nrlab/wang04/ulyses_results_iteration/iteration_3_merge_below_3/cnn_model/cnn14/plasma_tp1_0.1x_model_C4/roc_curve_resnet18_tf_0.03_0.1/nested_cv_random/resnet18/repeat_10_fold_5_metrics.csv,6,4,resnet18,"(0.03, 0.1]",C4,Accuracy at 95% Specificity,0.79640768588137
/scratchc/nrlab/wang04/ulyses_results_iteration/iteration_3_merge_below_3/cnn_model/cnn14/plasma_tp1_0.1x_model_C4/roc_curve_resnet18_tf_0.03_0.1/nested_cv_random/resnet18/repeat_10_fold_5_metrics.csv,6,4,resnet18,"(0.03, 0.1]",C4,F1 at 95% Specificity,0.78125
/scratchc/nrlab/wang04/ulyses_results_iteration/iteration_3_merge_below_3/cnn_model/cnn14/plasma_tp1_0.1x_model_C4/roc_curve_resnet18_tf_0.03_0.1/nested_cv_random/resnet18/repeat_10_fold_5_metrics.csv,6,5,resnet18,"(0.03, 0.1]",C4,AUROC,0.9713675213675212
/scratchc/nrlab/wang04/ulyses_results_iteration/iteration_3_merge_below_3/cnn_model/cnn14/plasma_tp1_0.1x_model_C4/roc_curve_resnet18_tf_0.03_0.1/nested_cv_random/resnet18/repeat_10_fold_5_metrics.csv,6,5,resnet18,"(0.03, 0.1]",C4,AUPRC,0.9589451968210304
/scratchc/nrlab/wang04/ulyses_results_iteration/iteration_3_merge_below_3/cnn_model/cnn14/plasma_tp1_0.1x_model_C4/roc_curve_resnet18_tf_0.03_0.1/nested_cv_random/resnet18/repeat_10_fold_5_metrics.csv,6,5,resnet18,"(0.03, 0.1]",C4,Sensitivity at 99% Specificity,0.6388888888888888
/scratchc/nrlab/wang04/ulyses_results_iteration/iteration_3_merge_below_3/cnn_model/cnn14/plasma_tp1_0.1x_model_C4/roc_curve_resnet18_tf_0.03_0.1/nested_cv_random/resnet18/repeat_10_fold_5_metrics.csv,6,5,resnet18,"(0.03, 0.1]",C4,PPV at 99% Specificity,1
/scratchc/nrlab/wang04/ulyses_results_iteration/iteration_3_merge_below_3/cnn_model/cnn14/plasma_tp1_0.1x_model_C4/roc_curve_resnet18_tf_0.03_0.1/nested_cv_random/resnet18/repeat_10_fold_5_metrics.csv,6,5,resnet18,"(0.03, 0.1]",C4,Accuracy at 99% Specificity,0.8144444444444444
/scratchc/nrlab/wang04/ulyses_results_iteration/iteration_3_merge_below_3/cnn_model/cnn14/plasma_tp1_0.1x_model_C4/roc_curve_resnet18_tf_0.03_0.1/nested_cv_random/resnet18/repeat_10_fold_5_metrics.csv,6,5,resnet18,"(0.03, 0.1]",C4,F1 at 99% Specificity,0.7796610169491526
/scratchc/nrlab/wang04/ulyses_results_iteration/iteration_3_merge_below_3/cnn_model/cnn14/plasma_tp1_0.1x_model_C4/roc_curve_resnet18_tf_0.03_0.1/nested_cv_random/resnet18/repeat_10_fold_5_metrics.csv,6,5,resnet18,"(0.03, 0.1]",C4,Sensitivity at 98% Specificity,0.6388888888888888
/scratchc/nrlab/wang04/ulyses_results_iteration/iteration_3_merge_below_3/cnn_model/cnn14/plasma_tp1_0.1x_model_C4/roc_curve_resnet18_tf_0.03_0.1/nested_cv_random/resnet18/repeat_10_fold_5_metrics.csv,6,5,resnet18,"(0.03, 0.1]",C4,PPV at 98% Specificity,1
/scratchc/nrlab/wang04/ulyses_results_iteration/iteration_3_merge_below_3/cnn_model/cnn14/plasma_tp1_0.1x_model_C4/roc_curve_resnet18_tf_0.03_0.1/nested_cv_random/resnet18/repeat_10_fold_5_metrics.csv,6,5,resnet18,"(0.03, 0.1]",C4,Accuracy at 98% Specificity,0.8094444444444444
/scratchc/nrlab/wang04/ulyses_results_iteration/iteration_3_merge_below_3/cnn_model/cnn14/plasma_tp1_0.1x_model_C4/roc_curve_resnet18_tf_0.03_0.1/nested_cv_random/resnet18/repeat_10_fold_5_metrics.csv,6,5,resnet18,"(0.03, 0.1]",C4,F1 at 98% Specificity,0.7796610169491526
/scratchc/nrlab/wang04/ulyses_results_iteration/iteration_3_merge_below_3/cnn_model/cnn14/plasma_tp1_0.1x_model_C4/roc_curve_resnet18_tf_0.03_0.1/nested_cv_random/resnet18/repeat_10_fold_5_metrics.csv,6,5,resnet18,"(0.03, 0.1]",C4,Sensitivity at 95% Specificity,0.6388888888888888
/scratchc/nrlab/wang04/ulyses_results_iteration/iteration_3_merge_below_3/cnn_model/cnn14/plasma_tp1_0.1x_model_C4/roc_curve_resnet18_tf_0.03_0.1/nested_cv_random/resnet18/repeat_10_fold_5_metrics.csv,6,5,resnet18,"(0.03, 0.1]",C4,PPV at 95% Specificity,1
/scratchc/nrlab/wang04/ulyses_results_iteration/iteration_3_merge_below_3/cnn_model/cnn14/plasma_tp1_0.1x_model_C4/roc_curve_resnet18_tf_0.03_0.1/nested_cv_random/resnet18/repeat_10_fold_5_metrics.csv,6,5,resnet18,"(0.03, 0.1]",C4,Accuracy at 95% Specificity,0.7944444444444444
/scratchc/nrlab/wang04/ulyses_results_iteration/iteration_3_merge_below_3/cnn_model/cnn14/plasma_tp1_0.1x_model_C4/roc_curve_resnet18_tf_0.03_0.1/nested_cv_random/resnet18/repeat_10_fold_5_metrics.csv,6,5,resnet18,"(0.03, 0.1]",C4,F1 at 95% Specificity,0.7796610169491526
/scratchc/nrlab/wang04/ulyses_results_iteration/iteration_3_merge_below_3/cnn_model/cnn14/plasma_tp1_0.1x_model_C4/roc_curve_resnet18_tf_0.03_0.1/nested_cv_random/resnet18/repeat_10_fold_5_metrics.csv,7,1,resnet18,"(0.03, 0.1]",C4,AUROC,0.9370777027027029
/scratchc/nrlab/wang04/ulyses_results_iteration/iteration_3_merge_below_3/cnn_model/cnn14/plasma_tp1_0.1x_model_C4/roc_curve_resnet18_tf_0.03_0.1/nested_cv_random/resnet18/repeat_10_fold_5_metrics.csv,7,1,resnet18,"(0.03, 0.1]",C4,AUPRC,0.9322138829505516
/scratchc/nrlab/wang04/ulyses_results_iteration/iteration_3_merge_below_3/cnn_model/cnn14/plasma_tp1_0.1x_model_C4/roc_curve_resnet18_tf_0.03_0.1/nested_cv_random/resnet18/repeat_10_fold_5_metrics.csv,7,1,resnet18,"(0.03, 0.1]",C4,Sensitivity at 99% Specificity,0.4864864864864865
/scratchc/nrlab/wang04/ulyses_results_iteration/iteration_3_merge_below_3/cnn_model/cnn14/plasma_tp1_0.1x_model_C4/roc_curve_resnet18_tf_0.03_0.1/nested_cv_random/resnet18/repeat_10_fold_5_metrics.csv,7,1,resnet18,"(0.03, 0.1]",C4,PPV at 99% Specificity,1
/scratchc/nrlab/wang04/ulyses_results_iteration/iteration_3_merge_below_3/cnn_model/cnn14/plasma_tp1_0.1x_model_C4/roc_curve_resnet18_tf_0.03_0.1/nested_cv_random/resnet18/repeat_10_fold_5_metrics.csv,7,1,resnet18,"(0.03, 0.1]",C4,Accuracy at 99% Specificity,0.7382432432432433
/scratchc/nrlab/wang04/ulyses_results_iteration/iteration_3_merge_below_3/cnn_model/cnn14/plasma_tp1_0.1x_model_C4/roc_curve_resnet18_tf_0.03_0.1/nested_cv_random/resnet18/repeat_10_fold_5_metrics.csv,7,1,resnet18,"(0.03, 0.1]",C4,F1 at 99% Specificity,0.6545454545454545
/scratchc/nrlab/wang04/ulyses_results_iteration/iteration_3_merge_below_3/cnn_model/cnn14/plasma_tp1_0.1x_model_C4/roc_curve_resnet18_tf_0.03_0.1/nested_cv_random/resnet18/repeat_10_fold_5_metrics.csv,7,1,resnet18,"(0.03, 0.1]",C4,Sensitivity at 98% Specificity,0.4864864864864865
/scratchc/nrlab/wang04/ulyses_results_iteration/iteration_3_merge_below_3/cnn_model/cnn14/plasma_tp1_0.1x_model_C4/roc_curve_resnet18_tf_0.03_0.1/nested_cv_random/resnet18/repeat_10_fold_5_metrics.csv,7,1,resnet18,"(0.03, 0.1]",C4,PPV at 98% Specificity,1
/scratchc/nrlab/wang04/ulyses_results_iteration/iteration_3_merge_below_3/cnn_model/cnn14/plasma_tp1_0.1x_model_C4/roc_curve_resnet18_tf_0.03_0.1/nested_cv_random/resnet18/repeat_10_fold_5_metrics.csv,7,1,resnet18,"(0.03, 0.1]",C4,Accuracy at 98% Specificity,0.7332432432432432
/scratchc/nrlab/wang04/ulyses_results_iteration/iteration_3_merge_below_3/cnn_model/cnn14/plasma_tp1_0.1x_model_C4/roc_curve_resnet18_tf_0.03_0.1/nested_cv_random/resnet18/repeat_10_fold_5_metrics.csv,7,1,resnet18,"(0.03, 0.1]",C4,F1 at 98% Specificity,0.6545454545454545
/scratchc/nrlab/wang04/ulyses_results_iteration/iteration_3_merge_below_3/cnn_model/cnn14/plasma_tp1_0.1x_model_C4/roc_curve_resnet18_tf_0.03_0.1/nested_cv_random/resnet18/repeat_10_fold_5_metrics.csv,7,1,resnet18,"(0.03, 0.1]",C4,Sensitivity at 95% Specificity,0.8108108108108109
/scratchc/nrlab/wang04/ulyses_results_iteration/iteration_3_merge_below_3/cnn_model/cnn14/plasma_tp1_0.1x_model_C4/roc_curve_resnet18_tf_0.03_0.1/nested_cv_random/resnet18/repeat_10_fold_5_metrics.csv,7,1,resnet18,"(0.03, 0.1]",C4,PPV at 95% Specificity,0.967741935483871
/scratchc/nrlab/wang04/ulyses_results_iteration/iteration_3_merge_below_3/cnn_model/cnn14/plasma_tp1_0.1x_model_C4/roc_curve_resnet18_tf_0.03_0.1/nested_cv_random/resnet18/repeat_10_fold_5_metrics.csv,7,1,resnet18,"(0.03, 0.1]",C4,Accuracy at 95% Specificity,0.8729835304054054
/scratchc/nrlab/wang04/ulyses_results_iteration/iteration_3_merge_below_3/cnn_model/cnn14/plasma_tp1_0.1x_model_C4/roc_curve_resnet18_tf_0.03_0.1/nested_cv_random/resnet18/repeat_10_fold_5_metrics.csv,7,1,resnet18,"(0.03, 0.1]",C4,F1 at 95% Specificity,0.8823529411764706
/scratchc/nrlab/wang04/ulyses_results_iteration/iteration_3_merge_below_3/cnn_model/cnn14/plasma_tp1_0.1x_model_C4/roc_curve_resnet18_tf_0.03_0.1/nested_cv_random/resnet18/repeat_10_fold_5_metrics.csv,7,2,resnet18,"(0.03, 0.1]",C4,AUROC,0.9337662337662338
/scratchc/nrlab/wang04/ulyses_results_iteration/iteration_3_merge_below_3/cnn_model/cnn14/plasma_tp1_0.1x_model_C4/roc_curve_resnet18_tf_0.03_0.1/nested_cv_random/resnet18/repeat_10_fold_5_metrics.csv,7,2,resnet18,"(0.03, 0.1]",C4,AUPRC,0.9215587604590708
/scratchc/nrlab/wang04/ulyses_results_iteration/iteration_3_merge_below_3/cnn_model/cnn14/plasma_tp1_0.1x_model_C4/roc_curve_resnet18_tf_0.03_0.1/nested_cv_random/resnet18/repeat_10_fold_5_metrics.csv,7,2,resnet18,"(0.03, 0.1]",C4,Sensitivity at 99% Specificity,0.6857142857142857
/scratchc/nrlab/wang04/ulyses_results_iteration/iteration_3_merge_below_3/cnn_model/cnn14/plasma_tp1_0.1x_model_C4/roc_curve_resnet18_tf_0.03_0.1/nested_cv_random/resnet18/repeat_10_fold_5_metrics.csv,7,2,resnet18,"(0.03, 0.1]",C4,PPV at 99% Specificity,1
/scratchc/nrlab/wang04/ulyses_results_iteration/iteration_3_merge_below_3/cnn_model/cnn14/plasma_tp1_0.1x_model_C4/roc_curve_resnet18_tf_0.03_0.1/nested_cv_random/resnet18/repeat_10_fold_5_metrics.csv,7,2,resnet18,"(0.03, 0.1]",C4,Accuracy at 99% Specificity,0.8378571428571429
/scratchc/nrlab/wang04/ulyses_results_iteration/iteration_3_merge_below_3/cnn_model/cnn14/plasma_tp1_0.1x_model_C4/roc_curve_resnet18_tf_0.03_0.1/nested_cv_random/resnet18/repeat_10_fold_5_metrics.csv,7,2,resnet18,"(0.03, 0.1]",C4,F1 at 99% Specificity,0.8135593220338984
/scratchc/nrlab/wang04/ulyses_results_iteration/iteration_3_merge_below_3/cnn_model/cnn14/plasma_tp1_0.1x_model_C4/roc_curve_resnet18_tf_0.03_0.1/nested_cv_random/resnet18/repeat_10_fold_5_metrics.csv,7,2,resnet18,"(0.03, 0.1]",C4,Sensitivity at 98% Specificity,0.6857142857142857
/scratchc/nrlab/wang04/ulyses_results_iteration/iteration_3_merge_below_3/cnn_model/cnn14/plasma_tp1_0.1x_model_C4/roc_curve_resnet18_tf_0.03_0.1/nested_cv_random/resnet18/repeat_10_fold_5_metrics.csv,7,2,resnet18,"(0.03, 0.1]",C4,PPV at 98% Specificity,1
/scratchc/nrlab/wang04/ulyses_results_iteration/iteration_3_merge_below_3/cnn_model/cnn14/plasma_tp1_0.1x_model_C4/roc_curve_resnet18_tf_0.03_0.1/nested_cv_random/resnet18/repeat_10_fold_5_metrics.csv,7,2,resnet18,"(0.03, 0.1]",C4,Accuracy at 98% Specificity,0.8328571428571429
/scratchc/nrlab/wang04/ulyses_results_iteration/iteration_3_merge_below_3/cnn_model/cnn14/plasma_tp1_0.1x_model_C4/roc_curve_resnet18_tf_0.03_0.1/nested_cv_random/resnet18/repeat_10_fold_5_metrics.csv,7,2,resnet18,"(0.03, 0.1]",C4,F1 at 98% Specificity,0.8135593220338984
/scratchc/nrlab/wang04/ulyses_results_iteration/iteration_3_merge_below_3/cnn_model/cnn14/plasma_tp1_0.1x_model_C4/roc_curve_resnet18_tf_0.03_0.1/nested_cv_random/resnet18/repeat_10_fold_5_metrics.csv,7,2,resnet18,"(0.03, 0.1]",C4,Sensitivity at 95% Specificity,0.7428571428571429
/scratchc/nrlab/wang04/ulyses_results_iteration/iteration_3_merge_below_3/cnn_model/cnn14/plasma_tp1_0.1x_model_C4/roc_curve_resnet18_tf_0.03_0.1/nested_cv_random/resnet18/repeat_10_fold_5_metrics.csv,7,2,resnet18,"(0.03, 0.1]",C4,PPV at 95% Specificity,0.9285714285714286
/scratchc/nrlab/wang04/ulyses_results_iteration/iteration_3_merge_below_3/cnn_model/cnn14/plasma_tp1_0.1x_model_C4/roc_curve_resnet18_tf_0.03_0.1/nested_cv_random/resnet18/repeat_10_fold_5_metrics.csv,7,2,resnet18,"(0.03, 0.1]",C4,Accuracy at 95% Specificity,0.832034632034632
/scratchc/nrlab/wang04/ulyses_results_iteration/iteration_3_merge_below_3/cnn_model/cnn14/plasma_tp1_0.1x_model_C4/roc_curve_resnet18_tf_0.03_0.1/nested_cv_random/resnet18/repeat_10_fold_5_metrics.csv,7,2,resnet18,"(0.03, 0.1]",C4,F1 at 95% Specificity,0.8253968253968254
/scratchc/nrlab/wang04/ulyses_results_iteration/iteration_3_merge_below_3/cnn_model/cnn14/plasma_tp1_0.1x_model_C4/roc_curve_resnet18_tf_0.03_0.1/nested_cv_random/resnet18/repeat_10_fold_5_metrics.csv,7,3,resnet18,"(0.03, 0.1]",C4,AUROC,0.9642411642411644
/scratchc/nrlab/wang04/ulyses_results_iteration/iteration_3_merge_below_3/cnn_model/cnn14/plasma_tp1_0.1x_model_C4/roc_curve_resnet18_tf_0.03_0.1/nested_cv_random/resnet18/repeat_10_fold_5_metrics.csv,7,3,resnet18,"(0.03, 0.1]",C4,AUPRC,0.9481748134753404
/scratchc/nrlab/wang04/ulyses_results_iteration/iteration_3_merge_below_3/cnn_model/cnn14/plasma_tp1_0.1x_model_C4/roc_curve_resnet18_tf_0.03_0.1/nested_cv_random/resnet18/repeat_10_fold_5_metrics.csv,7,3,resnet18,"(0.03, 0.1]",C4,Sensitivity at 99% Specificity,0.7297297297297297
/scratchc/nrlab/wang04/ulyses_results_iteration/iteration_3_merge_below_3/cnn_model/cnn14/plasma_tp1_0.1x_model_C4/roc_curve_resnet18_tf_0.03_0.1/nested_cv_random/resnet18/repeat_10_fold_5_metrics.csv,7,3,resnet18,"(0.03, 0.1]",C4,PPV at 99% Specificity,1
/scratchc/nrlab/wang04/ulyses_results_iteration/iteration_3_merge_below_3/cnn_model/cnn14/plasma_tp1_0.1x_model_C4/roc_curve_resnet18_tf_0.03_0.1/nested_cv_random/resnet18/repeat_10_fold_5_metrics.csv,7,3,resnet18,"(0.03, 0.1]",C4,Accuracy at 99% Specificity,0.8598648648648648
/scratchc/nrlab/wang04/ulyses_results_iteration/iteration_3_merge_below_3/cnn_model/cnn14/plasma_tp1_0.1x_model_C4/roc_curve_resnet18_tf_0.03_0.1/nested_cv_random/resnet18/repeat_10_fold_5_metrics.csv,7,3,resnet18,"(0.03, 0.1]",C4,F1 at 99% Specificity,0.84375
/scratchc/nrlab/wang04/ulyses_results_iteration/iteration_3_merge_below_3/cnn_model/cnn14/plasma_tp1_0.1x_model_C4/roc_curve_resnet18_tf_0.03_0.1/nested_cv_random/resnet18/repeat_10_fold_5_metrics.csv,7,3,resnet18,"(0.03, 0.1]",C4,Sensitivity at 98% Specificity,0.7297297297297297
/scratchc/nrlab/wang04/ulyses_results_iteration/iteration_3_merge_below_3/cnn_model/cnn14/plasma_tp1_0.1x_model_C4/roc_curve_resnet18_tf_0.03_0.1/nested_cv_random/resnet18/repeat_10_fold_5_metrics.csv,7,3,resnet18,"(0.03, 0.1]",C4,PPV at 98% Specificity,1
/scratchc/nrlab/wang04/ulyses_results_iteration/iteration_3_merge_below_3/cnn_model/cnn14/plasma_tp1_0.1x_model_C4/roc_curve_resnet18_tf_0.03_0.1/nested_cv_random/resnet18/repeat_10_fold_5_metrics.csv,7,3,resnet18,"(0.03, 0.1]",C4,Accuracy at 98% Specificity,0.8548648648648649
/scratchc/nrlab/wang04/ulyses_results_iteration/iteration_3_merge_below_3/cnn_model/cnn14/plasma_tp1_0.1x_model_C4/roc_curve_resnet18_tf_0.03_0.1/nested_cv_random/resnet18/repeat_10_fold_5_metrics.csv,7,3,resnet18,"(0.03, 0.1]",C4,F1 at 98% Specificity,0.84375
/scratchc/nrlab/wang04/ulyses_results_iteration/iteration_3_merge_below_3/cnn_model/cnn14/plasma_tp1_0.1x_model_C4/roc_curve_resnet18_tf_0.03_0.1/nested_cv_random/resnet18/repeat_10_fold_5_metrics.csv,7,3,resnet18,"(0.03, 0.1]",C4,Sensitivity at 95% Specificity,0.7567567567567568
/scratchc/nrlab/wang04/ulyses_results_iteration/iteration_3_merge_below_3/cnn_model/cnn14/plasma_tp1_0.1x_model_C4/roc_curve_resnet18_tf_0.03_0.1/nested_cv_random/resnet18/repeat_10_fold_5_metrics.csv,7,3,resnet18,"(0.03, 0.1]",C4,PPV at 95% Specificity,0.9655172413793104
/scratchc/nrlab/wang04/ulyses_results_iteration/iteration_3_merge_below_3/cnn_model/cnn14/plasma_tp1_0.1x_model_C4/roc_curve_resnet18_tf_0.03_0.1/nested_cv_random/resnet18/repeat_10_fold_5_metrics.csv,7,3,resnet18,"(0.03, 0.1]",C4,Accuracy at 95% Specificity,0.8460706860706861
/scratchc/nrlab/wang04/ulyses_results_iteration/iteration_3_merge_below_3/cnn_model/cnn14/plasma_tp1_0.1x_model_C4/roc_curve_resnet18_tf_0.03_0.1/nested_cv_random/resnet18/repeat_10_fold_5_metrics.csv,7,3,resnet18,"(0.03, 0.1]",C4,F1 at 95% Specificity,0.8484848484848485
/scratchc/nrlab/wang04/ulyses_results_iteration/iteration_3_merge_below_3/cnn_model/cnn14/plasma_tp1_0.1x_model_C4/roc_curve_resnet18_tf_0.03_0.1/nested_cv_random/resnet18/repeat_10_fold_5_metrics.csv,7,4,resnet18,"(0.03, 0.1]",C4,AUROC,0.9242424242424242
/scratchc/nrlab/wang04/ulyses_results_iteration/iteration_3_merge_below_3/cnn_model/cnn14/plasma_tp1_0.1x_model_C4/roc_curve_resnet18_tf_0.03_0.1/nested_cv_random/resnet18/repeat_10_fold_5_metrics.csv,7,4,resnet18,"(0.03, 0.1]",C4,AUPRC,0.8964953594894589
/scratchc/nrlab/wang04/ulyses_results_iteration/iteration_3_merge_below_3/cnn_model/cnn14/plasma_tp1_0.1x_model_C4/roc_curve_resnet18_tf_0.03_0.1/nested_cv_random/resnet18/repeat_10_fold_5_metrics.csv,7,4,resnet18,"(0.03, 0.1]",C4,Sensitivity at 99% Specificity,0.5454545454545454
/scratchc/nrlab/wang04/ulyses_results_iteration/iteration_3_merge_below_3/cnn_model/cnn14/plasma_tp1_0.1x_model_C4/roc_curve_resnet18_tf_0.03_0.1/nested_cv_random/resnet18/repeat_10_fold_5_metrics.csv,7,4,resnet18,"(0.03, 0.1]",C4,PPV at 99% Specificity,1
/scratchc/nrlab/wang04/ulyses_results_iteration/iteration_3_merge_below_3/cnn_model/cnn14/plasma_tp1_0.1x_model_C4/roc_curve_resnet18_tf_0.03_0.1/nested_cv_random/resnet18/repeat_10_fold_5_metrics.csv,7,4,resnet18,"(0.03, 0.1]",C4,Accuracy at 99% Specificity,0.7677272727272727
/scratchc/nrlab/wang04/ulyses_results_iteration/iteration_3_merge_below_3/cnn_model/cnn14/plasma_tp1_0.1x_model_C4/roc_curve_resnet18_tf_0.03_0.1/nested_cv_random/resnet18/repeat_10_fold_5_metrics.csv,7,4,resnet18,"(0.03, 0.1]",C4,F1 at 99% Specificity,0.7058823529411765
/scratchc/nrlab/wang04/ulyses_results_iteration/iteration_3_merge_below_3/cnn_model/cnn14/plasma_tp1_0.1x_model_C4/roc_curve_resnet18_tf_0.03_0.1/nested_cv_random/resnet18/repeat_10_fold_5_metrics.csv,7,4,resnet18,"(0.03, 0.1]",C4,Sensitivity at 98% Specificity,0.5454545454545454
/scratchc/nrlab/wang04/ulyses_results_iteration/iteration_3_merge_below_3/cnn_model/cnn14/plasma_tp1_0.1x_model_C4/roc_curve_resnet18_tf_0.03_0.1/nested_cv_random/resnet18/repeat_10_fold_5_metrics.csv,7,4,resnet18,"(0.03, 0.1]",C4,PPV at 98% Specificity,1
/scratchc/nrlab/wang04/ulyses_results_iteration/iteration_3_merge_below_3/cnn_model/cnn14/plasma_tp1_0.1x_model_C4/roc_curve_resnet18_tf_0.03_0.1/nested_cv_random/resnet18/repeat_10_fold_5_metrics.csv,7,4,resnet18,"(0.03, 0.1]",C4,Accuracy at 98% Specificity,0.7627272727272727
/scratchc/nrlab/wang04/ulyses_results_iteration/iteration_3_merge_below_3/cnn_model/cnn14/plasma_tp1_0.1x_model_C4/roc_curve_resnet18_tf_0.03_0.1/nested_cv_random/resnet18/repeat_10_fold_5_metrics.csv,7,4,resnet18,"(0.03, 0.1]",C4,F1 at 98% Specificity,0.7058823529411765
/scratchc/nrlab/wang04/ulyses_results_iteration/iteration_3_merge_below_3/cnn_model/cnn14/plasma_tp1_0.1x_model_C4/roc_curve_resnet18_tf_0.03_0.1/nested_cv_random/resnet18/repeat_10_fold_5_metrics.csv,7,4,resnet18,"(0.03, 0.1]",C4,Sensitivity at 95% Specificity,0.5757575757575758
/scratchc/nrlab/wang04/ulyses_results_iteration/iteration_3_merge_below_3/cnn_model/cnn14/plasma_tp1_0.1x_model_C4/roc_curve_resnet18_tf_0.03_0.1/nested_cv_random/resnet18/repeat_10_fold_5_metrics.csv,7,4,resnet18,"(0.03, 0.1]",C4,PPV at 95% Specificity,0.95
/scratchc/nrlab/wang04/ulyses_results_iteration/iteration_3_merge_below_3/cnn_model/cnn14/plasma_tp1_0.1x_model_C4/roc_curve_resnet18_tf_0.03_0.1/nested_cv_random/resnet18/repeat_10_fold_5_metrics.csv,7,4,resnet18,"(0.03, 0.1]",C4,Accuracy at 95% Specificity,0.7558934937611408
/scratchc/nrlab/wang04/ulyses_results_iteration/iteration_3_merge_below_3/cnn_model/cnn14/plasma_tp1_0.1x_model_C4/roc_curve_resnet18_tf_0.03_0.1/nested_cv_random/resnet18/repeat_10_fold_5_metrics.csv,7,4,resnet18,"(0.03, 0.1]",C4,F1 at 95% Specificity,0.71698113207547165
/scratchc/nrlab/wang04/ulyses_results_iteration/iteration_3_merge_below_3/cnn_model/cnn14/plasma_tp1_0.1x_model_C4/roc_curve_resnet18_tf_0.03_0.1/nested_cv_random/resnet18/repeat_10_fold_5_metrics.csv,7,5,resnet18,"(0.03, 0.1]",C4,AUROC,0.913151364764268
/scratchc/nrlab/wang04/ulyses_results_iteration/iteration_3_merge_below_3/cnn_model/cnn14/plasma_tp1_0.1x_model_C4/roc_curve_resnet18_tf_0.03_0.1/nested_cv_random/resnet18/repeat_10_fold_5_metrics.csv,7,5,resnet18,"(0.03, 0.1]",C4,AUPRC,0.9213534866076276
/scratchc/nrlab/wang04/ulyses_results_iteration/iteration_3_merge_below_3/cnn_model/cnn14/plasma_tp1_0.1x_model_C4/roc_curve_resnet18_tf_0.03_0.1/nested_cv_random/resnet18/repeat_10_fold_5_metrics.csv,7,5,resnet18,"(0.03, 0.1]",C4,Sensitivity at 99% Specificity,0.6923076923076923
/scratchc/nrlab/wang04/ulyses_results_iteration/iteration_3_merge_below_3/cnn_model/cnn14/plasma_tp1_0.1x_model_C4/roc_curve_resnet18_tf_0.03_0.1/nested_cv_random/resnet18/repeat_10_fold_5_metrics.csv,7,5,resnet18,"(0.03, 0.1]",C4,PPV at 99% Specificity,1
/scratchc/nrlab/wang04/ulyses_results_iteration/iteration_3_merge_below_3/cnn_model/cnn14/plasma_tp1_0.1x_model_C4/roc_curve_resnet18_tf_0.03_0.1/nested_cv_random/resnet18/repeat_10_fold_5_metrics.csv,7,5,resnet18,"(0.03, 0.1]",C4,Accuracy at 99% Specificity,0.8411538461538461
/scratchc/nrlab/wang04/ulyses_results_iteration/iteration_3_merge_below_3/cnn_model/cnn14/plasma_tp1_0.1x_model_C4/roc_curve_resnet18_tf_0.03_0.1/nested_cv_random/resnet18/repeat_10_fold_5_metrics.csv,7,5,resnet18,"(0.03, 0.1]",C4,F1 at 99% Specificity,0.8181818181818182
/scratchc/nrlab/wang04/ulyses_results_iteration/iteration_3_merge_below_3/cnn_model/cnn14/plasma_tp1_0.1x_model_C4/roc_curve_resnet18_tf_0.03_0.1/nested_cv_random/resnet18/repeat_10_fold_5_metrics.csv,7,5,resnet18,"(0.03, 0.1]",C4,Sensitivity at 98% Specificity,0.6923076923076923
/scratchc/nrlab/wang04/ulyses_results_iteration/iteration_3_merge_below_3/cnn_model/cnn14/plasma_tp1_0.1x_model_C4/roc_curve_resnet18_tf_0.03_0.1/nested_cv_random/resnet18/repeat_10_fold_5_metrics.csv,7,5,resnet18,"(0.03, 0.1]",C4,PPV at 98% Specificity,1
/scratchc/nrlab/wang04/ulyses_results_iteration/iteration_3_merge_below_3/cnn_model/cnn14/plasma_tp1_0.1x_model_C4/roc_curve_resnet18_tf_0.03_0.1/nested_cv_random/resnet18/repeat_10_fold_5_metrics.csv,7,5,resnet18,"(0.03, 0.1]",C4,Accuracy at 98% Specificity,0.8361538461538461
/scratchc/nrlab/wang04/ulyses_results_iteration/iteration_3_merge_below_3/cnn_model/cnn14/plasma_tp1_0.1x_model_C4/roc_curve_resnet18_tf_0.03_0.1/nested_cv_random/resnet18/repeat_10_fold_5_metrics.csv,7,5,resnet18,"(0.03, 0.1]",C4,F1 at 98% Specificity,0.8181818181818182
/scratchc/nrlab/wang04/ulyses_results_iteration/iteration_3_merge_below_3/cnn_model/cnn14/plasma_tp1_0.1x_model_C4/roc_curve_resnet18_tf_0.03_0.1/nested_cv_random/resnet18/repeat_10_fold_5_metrics.csv,7,5,resnet18,"(0.03, 0.1]",C4,Sensitivity at 95% Specificity,0.7435897435897436
/scratchc/nrlab/wang04/ulyses_results_iteration/iteration_3_merge_below_3/cnn_model/cnn14/plasma_tp1_0.1x_model_C4/roc_curve_resnet18_tf_0.03_0.1/nested_cv_random/resnet18/repeat_10_fold_5_metrics.csv,7,5,resnet18,"(0.03, 0.1]",C4,PPV at 95% Specificity,0.9666666666666668
/scratchc/nrlab/wang04/ulyses_results_iteration/iteration_3_merge_below_3/cnn_model/cnn14/plasma_tp1_0.1x_model_C4/roc_curve_resnet18_tf_0.03_0.1/nested_cv_random/resnet18/repeat_10_fold_5_metrics.csv,7,5,resnet18,"(0.03, 0.1]",C4,Accuracy at 95% Specificity,0.8391335814722911
/scratchc/nrlab/wang04/ulyses_results_iteration/iteration_3_merge_below_3/cnn_model/cnn14/plasma_tp1_0.1x_model_C4/roc_curve_resnet18_tf_0.03_0.1/nested_cv_random/resnet18/repeat_10_fold_5_metrics.csv,7,5,resnet18,"(0.03, 0.1]",C4,F1 at 95% Specificity,0.8405797101449275
/scratchc/nrlab/wang04/ulyses_results_iteration/iteration_3_merge_below_3/cnn_model/cnn14/plasma_tp1_0.1x_model_C4/roc_curve_resnet18_tf_0.03_0.1/nested_cv_random/resnet18/repeat_10_fold_5_metrics.csv,8,1,resnet18,"(0.03, 0.1]",C4,AUROC,0.9297138047138048
/scratchc/nrlab/wang04/ulyses_results_iteration/iteration_3_merge_below_3/cnn_model/cnn14/plasma_tp1_0.1x_model_C4/roc_curve_resnet18_tf_0.03_0.1/nested_cv_random/resnet18/repeat_10_fold_5_metrics.csv,8,1,resnet18,"(0.03, 0.1]",C4,AUPRC,0.9042537165067336
/scratchc/nrlab/wang04/ulyses_results_iteration/iteration_3_merge_below_3/cnn_model/cnn14/plasma_tp1_0.1x_model_C4/roc_curve_resnet18_tf_0.03_0.1/nested_cv_random/resnet18/repeat_10_fold_5_metrics.csv,8,1,resnet18,"(0.03, 0.1]",C4,Sensitivity at 99% Specificity,0.4166666666666667
/scratchc/nrlab/wang04/ulyses_results_iteration/iteration_3_merge_below_3/cnn_model/cnn14/plasma_tp1_0.1x_model_C4/roc_curve_resnet18_tf_0.03_0.1/nested_cv_random/resnet18/repeat_10_fold_5_metrics.csv,8,1,resnet18,"(0.03, 0.1]",C4,PPV at 99% Specificity,1
/scratchc/nrlab/wang04/ulyses_results_iteration/iteration_3_merge_below_3/cnn_model/cnn14/plasma_tp1_0.1x_model_C4/roc_curve_resnet18_tf_0.03_0.1/nested_cv_random/resnet18/repeat_10_fold_5_metrics.csv,8,1,resnet18,"(0.03, 0.1]",C4,Accuracy at 99% Specificity,0.7033333333333334
/scratchc/nrlab/wang04/ulyses_results_iteration/iteration_3_merge_below_3/cnn_model/cnn14/plasma_tp1_0.1x_model_C4/roc_curve_resnet18_tf_0.03_0.1/nested_cv_random/resnet18/repeat_10_fold_5_metrics.csv,8,1,resnet18,"(0.03, 0.1]",C4,F1 at 99% Specificity,0.5882352941176471
/scratchc/nrlab/wang04/ulyses_results_iteration/iteration_3_merge_below_3/cnn_model/cnn14/plasma_tp1_0.1x_model_C4/roc_curve_resnet18_tf_0.03_0.1/nested_cv_random/resnet18/repeat_10_fold_5_metrics.csv,8,1,resnet18,"(0.03, 0.1]",C4,Sensitivity at 98% Specificity,0.4166666666666667
/scratchc/nrlab/wang04/ulyses_results_iteration/iteration_3_merge_below_3/cnn_model/cnn14/plasma_tp1_0.1x_model_C4/roc_curve_resnet18_tf_0.03_0.1/nested_cv_random/resnet18/repeat_10_fold_5_metrics.csv,8,1,resnet18,"(0.03, 0.1]",C4,PPV at 98% Specificity,1
/scratchc/nrlab/wang04/ulyses_results_iteration/iteration_3_merge_below_3/cnn_model/cnn14/plasma_tp1_0.1x_model_C4/roc_curve_resnet18_tf_0.03_0.1/nested_cv_random/resnet18/repeat_10_fold_5_metrics.csv,8,1,resnet18,"(0.03, 0.1]",C4,Accuracy at 98% Specificity,0.6983333333333334
/scratchc/nrlab/wang04/ulyses_results_iteration/iteration_3_merge_below_3/cnn_model/cnn14/plasma_tp1_0.1x_model_C4/roc_curve_resnet18_tf_0.03_0.1/nested_cv_random/resnet18/repeat_10_fold_5_metrics.csv,8,1,resnet18,"(0.03, 0.1]",C4,F1 at 98% Specificity,0.5882352941176471
/scratchc/nrlab/wang04/ulyses_results_iteration/iteration_3_merge_below_3/cnn_model/cnn14/plasma_tp1_0.1x_model_C4/roc_curve_resnet18_tf_0.03_0.1/nested_cv_random/resnet18/repeat_10_fold_5_metrics.csv,8,1,resnet18,"(0.03, 0.1]",C4,Sensitivity at 95% Specificity,0.6111111111111112
/scratchc/nrlab/wang04/ulyses_results_iteration/iteration_3_merge_below_3/cnn_model/cnn14/plasma_tp1_0.1x_model_C4/roc_curve_resnet18_tf_0.03_0.1/nested_cv_random/resnet18/repeat_10_fold_5_metrics.csv,8,1,resnet18,"(0.03, 0.1]",C4,PPV at 95% Specificity,0.9166666666666666
/scratchc/nrlab/wang04/ulyses_results_iteration/iteration_3_merge_below_3/cnn_model/cnn14/plasma_tp1_0.1x_model_C4/roc_curve_resnet18_tf_0.03_0.1/nested_cv_random/resnet18/repeat_10_fold_5_metrics.csv,8,1,resnet18,"(0.03, 0.1]",C4,Accuracy at 95% Specificity,0.7661616161616162
/scratchc/nrlab/wang04/ulyses_results_iteration/iteration_3_merge_below_3/cnn_model/cnn14/plasma_tp1_0.1x_model_C4/roc_curve_resnet18_tf_0.03_0.1/nested_cv_random/resnet18/repeat_10_fold_5_metrics.csv,8,1,resnet18,"(0.03, 0.1]",C4,F1 at 95% Specificity,0.7333333333333333
/scratchc/nrlab/wang04/ulyses_results_iteration/iteration_3_merge_below_3/cnn_model/cnn14/plasma_tp1_0.1x_model_C4/roc_curve_resnet18_tf_0.03_0.1/nested_cv_random/resnet18/repeat_10_fold_5_metrics.csv,8,2,resnet18,"(0.03, 0.1]",C4,AUROC,0.9484797297297296
/scratchc/nrlab/wang04/ulyses_results_iteration/iteration_3_merge_below_3/cnn_model/cnn14/plasma_tp1_0.1x_model_C4/roc_curve_resnet18_tf_0.03_0.1/nested_cv_random/resnet18/repeat_10_fold_5_metrics.csv,8,2,resnet18,"(0.03, 0.1]",C4,AUPRC,0.9332097697928736
/scratchc/nrlab/wang04/ulyses_results_iteration/iteration_3_merge_below_3/cnn_model/cnn14/plasma_tp1_0.1x_model_C4/roc_curve_resnet18_tf_0.03_0.1/nested_cv_random/resnet18/repeat_10_fold_5_metrics.csv,8,2,resnet18,"(0.03, 0.1]",C4,Sensitivity at 99% Specificity,0.40540540540540543
/scratchc/nrlab/wang04/ulyses_results_iteration/iteration_3_merge_below_3/cnn_model/cnn14/plasma_tp1_0.1x_model_C4/roc_curve_resnet18_tf_0.03_0.1/nested_cv_random/resnet18/repeat_10_fold_5_metrics.csv,8,2,resnet18,"(0.03, 0.1]",C4,PPV at 99% Specificity,1
/scratchc/nrlab/wang04/ulyses_results_iteration/iteration_3_merge_below_3/cnn_model/cnn14/plasma_tp1_0.1x_model_C4/roc_curve_resnet18_tf_0.03_0.1/nested_cv_random/resnet18/repeat_10_fold_5_metrics.csv,8,2,resnet18,"(0.03, 0.1]",C4,Accuracy at 99% Specificity,0.6977027027027027
/scratchc/nrlab/wang04/ulyses_results_iteration/iteration_3_merge_below_3/cnn_model/cnn14/plasma_tp1_0.1x_model_C4/roc_curve_resnet18_tf_0.03_0.1/nested_cv_random/resnet18/repeat_10_fold_5_metrics.csv,8,2,resnet18,"(0.03, 0.1]",C4,F1 at 99% Specificity,0.5769230769230769
/scratchc/nrlab/wang04/ulyses_results_iteration/iteration_3_merge_below_3/cnn_model/cnn14/plasma_tp1_0.1x_model_C4/roc_curve_resnet18_tf_0.03_0.1/nested_cv_random/resnet18/repeat_10_fold_5_metrics.csv,8,2,resnet18,"(0.03, 0.1]",C4,Sensitivity at 98% Specificity,0.40540540540540543
/scratchc/nrlab/wang04/ulyses_results_iteration/iteration_3_merge_below_3/cnn_model/cnn14/plasma_tp1_0.1x_model_C4/roc_curve_resnet18_tf_0.03_0.1/nested_cv_random/resnet18/repeat_10_fold_5_metrics.csv,8,2,resnet18,"(0.03, 0.1]",C4,PPV at 98% Specificity,1
/scratchc/nrlab/wang04/ulyses_results_iteration/iteration_3_merge_below_3/cnn_model/cnn14/plasma_tp1_0.1x_model_C4/roc_curve_resnet18_tf_0.03_0.1/nested_cv_random/resnet18/repeat_10_fold_5_metrics.csv,8,2,resnet18,"(0.03, 0.1]",C4,Accuracy at 98% Specificity,0.6927027027027027
/scratchc/nrlab/wang04/ulyses_results_iteration/iteration_3_merge_below_3/cnn_model/cnn14/plasma_tp1_0.1x_model_C4/roc_curve_resnet18_tf_0.03_0.1/nested_cv_random/resnet18/repeat_10_fold_5_metrics.csv,8,2,resnet18,"(0.03, 0.1]",C4,F1 at 98% Specificity,0.5769230769230769
/scratchc/nrlab/wang04/ulyses_results_iteration/iteration_3_merge_below_3/cnn_model/cnn14/plasma_tp1_0.1x_model_C4/roc_curve_resnet18_tf_0.03_0.1/nested_cv_random/resnet18/repeat_10_fold_5_metrics.csv,8,2,resnet18,"(0.03, 0.1]",C4,Sensitivity at 95% Specificity,0.8378378378378378
/scratchc/nrlab/wang04/ulyses_results_iteration/iteration_3_merge_below_3/cnn_model/cnn14/plasma_tp1_0.1x_model_C4/roc_curve_resnet18_tf_0.03_0.1/nested_cv_random/resnet18/repeat_10_fold_5_metrics.csv,8,2,resnet18,"(0.03, 0.1]",C4,PPV at 95% Specificity,0.9393939393939394
/scratchc/nrlab/wang04/ulyses_results_iteration/iteration_3_merge_below_3/cnn_model/cnn14/plasma_tp1_0.1x_model_C4/roc_curve_resnet18_tf_0.03_0.1/nested_cv_random/resnet18/repeat_10_fold_5_metrics.csv,8,2,resnet18,"(0.03, 0.1]",C4,Accuracy at 95% Specificity,0.8790751689189189
/scratchc/nrlab/wang04/ulyses_results_iteration/iteration_3_merge_below_3/cnn_model/cnn14/plasma_tp1_0.1x_model_C4/roc_curve_resnet18_tf_0.03_0.1/nested_cv_random/resnet18/repeat_10_fold_5_metrics.csv,8,2,resnet18,"(0.03, 0.1]",C4,F1 at 95% Specificity,0.8857142857142857
/scratchc/nrlab/wang04/ulyses_results_iteration/iteration_3_merge_below_3/cnn_model/cnn14/plasma_tp1_0.1x_model_C4/roc_curve_resnet18_tf_0.03_0.1/nested_cv_random/resnet18/repeat_10_fold_5_metrics.csv,8,3,resnet18,"(0.03, 0.1]",C4,AUROC,0.976068376068376
/scratchc/nrlab/wang04/ulyses_results_iteration/iteration_3_merge_below_3/cnn_model/cnn14/plasma_tp1_0.1x_model_C4/roc_curve_resnet18_tf_0.03_0.1/nested_cv_random/resnet18/repeat_10_fold_5_metrics.csv,8,3,resnet18,"(0.03, 0.1]",C4,AUPRC,0.9637618518167148
/scratchc/nrlab/wang04/ulyses_results_iteration/iteration_3_merge_below_3/cnn_model/cnn14/plasma_tp1_0.1x_model_C4/roc_curve_resnet18_tf_0.03_0.1/nested_cv_random/resnet18/repeat_10_fold_5_metrics.csv,8,3,resnet18,"(0.03, 0.1]",C4,Sensitivity at 99% Specificity,0.75
/scratchc/nrlab/wang04/ulyses_results_iteration/iteration_3_merge_below_3/cnn_model/cnn14/plasma_tp1_0.1x_model_C4/roc_curve_resnet18_tf_0.03_0.1/nested_cv_random/resnet18/repeat_10_fold_5_metrics.csv,8,3,resnet18,"(0.03, 0.1]",C4,PPV at 99% Specificity,1
/scratchc/nrlab/wang04/ulyses_results_iteration/iteration_3_merge_below_3/cnn_model/cnn14/plasma_tp1_0.1x_model_C4/roc_curve_resnet18_tf_0.03_0.1/nested_cv_random/resnet18/repeat_10_fold_5_metrics.csv,8,3,resnet18,"(0.03, 0.1]",C4,Accuracy at 99% Specificity,0.87
/scratchc/nrlab/wang04/ulyses_results_iteration/iteration_3_merge_below_3/cnn_model/cnn14/plasma_tp1_0.1x_model_C4/roc_curve_resnet18_tf_0.03_0.1/nested_cv_random/resnet18/repeat_10_fold_5_metrics.csv,8,3,resnet18,"(0.03, 0.1]",C4,F1 at 99% Specificity,0.8571428571428571
/scratchc/nrlab/wang04/ulyses_results_iteration/iteration_3_merge_below_3/cnn_model/cnn14/plasma_tp1_0.1x_model_C4/roc_curve_resnet18_tf_0.03_0.1/nested_cv_random/resnet18/repeat_10_fold_5_metrics.csv,8,3,resnet18,"(0.03, 0.1]",C4,Sensitivity at 98% Specificity,0.75
/scratchc/nrlab/wang04/ulyses_results_iteration/iteration_3_merge_below_3/cnn_model/cnn14/plasma_tp1_0.1x_model_C4/roc_curve_resnet18_tf_0.03_0.1/nested_cv_random/resnet18/repeat_10_fold_5_metrics.csv,8,3,resnet18,"(0.03, 0.1]",C4,PPV at 98% Specificity,1
/scratchc/nrlab/wang04/ulyses_results_iteration/iteration_3_merge_below_3/cnn_model/cnn14/plasma_tp1_0.1x_model_C4/roc_curve_resnet18_tf_0.03_0.1/nested_cv_random/resnet18/repeat_10_fold_5_metrics.csv,8,3,resnet18,"(0.03, 0.1]",C4,Accuracy at 98% Specificity,0.865
/scratchc/nrlab/wang04/ulyses_results_iteration/iteration_3_merge_below_3/cnn_model/cnn14/plasma_tp1_0.1x_model_C4/roc_curve_resnet18_tf_0.03_0.1/nested_cv_random/resnet18/repeat_10_fold_5_metrics.csv,8,3,resnet18,"(0.03, 0.1]",C4,F1 at 98% Specificity,0.8571428571428571
/scratchc/nrlab/wang04/ulyses_results_iteration/iteration_3_merge_below_3/cnn_model/cnn14/plasma_tp1_0.1x_model_C4/roc_curve_resnet18_tf_0.03_0.1/nested_cv_random/resnet18/repeat_10_fold_5_metrics.csv,8,3,resnet18,"(0.03, 0.1]",C4,Sensitivity at 95% Specificity,0.8055555555555556
/scratchc/nrlab/wang04/ulyses_results_iteration/iteration_3_merge_below_3/cnn_model/cnn14/plasma_tp1_0.1x_model_C4/roc_curve_resnet18_tf_0.03_0.1/nested_cv_random/resnet18/repeat_10_fold_5_metrics.csv,8,3,resnet18,"(0.03, 0.1]",C4,PPV at 95% Specificity,0.935483870967742
/scratchc/nrlab/wang04/ulyses_results_iteration/iteration_3_merge_below_3/cnn_model/cnn14/plasma_tp1_0.1x_model_C4/roc_curve_resnet18_tf_0.03_0.1/nested_cv_random/resnet18/repeat_10_fold_5_metrics.csv,8,3,resnet18,"(0.03, 0.1]",C4,Accuracy at 95% Specificity,0.8631623931623931
/scratchc/nrlab/wang04/ulyses_results_iteration/iteration_3_merge_below_3/cnn_model/cnn14/plasma_tp1_0.1x_model_C4/roc_curve_resnet18_tf_0.03_0.1/nested_cv_random/resnet18/repeat_10_fold_5_metrics.csv,8,3,resnet18,"(0.03, 0.1]",C4,F1 at 95% Specificity,0.8656716417910447
/scratchc/nrlab/wang04/ulyses_results_iteration/iteration_3_merge_below_3/cnn_model/cnn14/plasma_tp1_0.1x_model_C4/roc_curve_resnet18_tf_0.03_0.1/nested_cv_random/resnet18/repeat_10_fold_5_metrics.csv,8,4,resnet18,"(0.03, 0.1]",C4,AUROC,0.8982683982683982
/scratchc/nrlab/wang04/ulyses_results_iteration/iteration_3_merge_below_3/cnn_model/cnn14/plasma_tp1_0.1x_model_C4/roc_curve_resnet18_tf_0.03_0.1/nested_cv_random/resnet18/repeat_10_fold_5_metrics.csv,8,4,resnet18,"(0.03, 0.1]",C4,AUPRC,0.8815470889790149
/scratchc/nrlab/wang04/ulyses_results_iteration/iteration_3_merge_below_3/cnn_model/cnn14/plasma_tp1_0.1x_model_C4/roc_curve_resnet18_tf_0.03_0.1/nested_cv_random/resnet18/repeat_10_fold_5_metrics.csv,8,4,resnet18,"(0.03, 0.1]",C4,Sensitivity at 99% Specificity,0.4
/scratchc/nrlab/wang04/ulyses_results_iteration/iteration_3_merge_below_3/cnn_model/cnn14/plasma_tp1_0.1x_model_C4/roc_curve_resnet18_tf_0.03_0.1/nested_cv_random/resnet18/repeat_10_fold_5_metrics.csv,8,4,resnet18,"(0.03, 0.1]",C4,PPV at 99% Specificity,1
/scratchc/nrlab/wang04/ulyses_results_iteration/iteration_3_merge_below_3/cnn_model/cnn14/plasma_tp1_0.1x_model_C4/roc_curve_resnet18_tf_0.03_0.1/nested_cv_random/resnet18/repeat_10_fold_5_metrics.csv,8,4,resnet18,"(0.03, 0.1]",C4,Accuracy at 99% Specificity,0.6950000000000001
/scratchc/nrlab/wang04/ulyses_results_iteration/iteration_3_merge_below_3/cnn_model/cnn14/plasma_tp1_0.1x_model_C4/roc_curve_resnet18_tf_0.03_0.1/nested_cv_random/resnet18/repeat_10_fold_5_metrics.csv,8,4,resnet18,"(0.03, 0.1]",C4,F1 at 99% Specificity,0.5714285714285714
/scratchc/nrlab/wang04/ulyses_results_iteration/iteration_3_merge_below_3/cnn_model/cnn14/plasma_tp1_0.1x_model_C4/roc_curve_resnet18_tf_0.03_0.1/nested_cv_random/resnet18/repeat_10_fold_5_metrics.csv,8,4,resnet18,"(0.03, 0.1]",C4,Sensitivity at 98% Specificity,0.4
/scratchc/nrlab/wang04/ulyses_results_iteration/iteration_3_merge_below_3/cnn_model/cnn14/plasma_tp1_0.1x_model_C4/roc_curve_resnet18_tf_0.03_0.1/nested_cv_random/resnet18/repeat_10_fold_5_metrics.csv,8,4,resnet18,"(0.03, 0.1]",C4,PPV at 98% Specificity,1
/scratchc/nrlab/wang04/ulyses_results_iteration/iteration_3_merge_below_3/cnn_model/cnn14/plasma_tp1_0.1x_model_C4/roc_curve_resnet18_tf_0.03_0.1/nested_cv_random/resnet18/repeat_10_fold_5_metrics.csv,8,4,resnet18,"(0.03, 0.1]",C4,Accuracy at 98% Specificity,0.69
/scratchc/nrlab/wang04/ulyses_results_iteration/iteration_3_merge_below_3/cnn_model/cnn14/plasma_tp1_0.1x_model_C4/roc_curve_resnet18_tf_0.03_0.1/nested_cv_random/resnet18/repeat_10_fold_5_metrics.csv,8,4,resnet18,"(0.03, 0.1]",C4,F1 at 98% Specificity,0.5714285714285714
/scratchc/nrlab/wang04/ulyses_results_iteration/iteration_3_merge_below_3/cnn_model/cnn14/plasma_tp1_0.1x_model_C4/roc_curve_resnet18_tf_0.03_0.1/nested_cv_random/resnet18/repeat_10_fold_5_metrics.csv,8,4,resnet18,"(0.03, 0.1]",C4,Sensitivity at 95% Specificity,0.7142857142857143
/scratchc/nrlab/wang04/ulyses_results_iteration/iteration_3_merge_below_3/cnn_model/cnn14/plasma_tp1_0.1x_model_C4/roc_curve_resnet18_tf_0.03_0.1/nested_cv_random/resnet18/repeat_10_fold_5_metrics.csv,8,4,resnet18,"(0.03, 0.1]",C4,PPV at 95% Specificity,0.925925925925926
/scratchc/nrlab/wang04/ulyses_results_iteration/iteration_3_merge_below_3/cnn_model/cnn14/plasma_tp1_0.1x_model_C4/roc_curve_resnet18_tf_0.03_0.1/nested_cv_random/resnet18/repeat_10_fold_5_metrics.csv,8,4,resnet18,"(0.03, 0.1]",C4,Accuracy at 95% Specificity,0.8177489177489177
/scratchc/nrlab/wang04/ulyses_results_iteration/iteration_3_merge_below_3/cnn_model/cnn14/plasma_tp1_0.1x_model_C4/roc_curve_resnet18_tf_0.03_0.1/nested_cv_random/resnet18/repeat_10_fold_5_metrics.csv,8,4,resnet18,"(0.03, 0.1]",C4,F1 at 95% Specificity,0.8064516129032258
/scratchc/nrlab/wang04/ulyses_results_iteration/iteration_3_merge_below_3/cnn_model/cnn14/plasma_tp1_0.1x_model_C4/roc_curve_resnet18_tf_0.03_0.1/nested_cv_random/resnet18/repeat_10_fold_5_metrics.csv,8,5,resnet18,"(0.03, 0.1]",C4,AUROC,0.8885135135135135
/scratchc/nrlab/wang04/ulyses_results_iteration/iteration_3_merge_below_3/cnn_model/cnn14/plasma_tp1_0.1x_model_C4/roc_curve_resnet18_tf_0.03_0.1/nested_cv_random/resnet18/repeat_10_fold_5_metrics.csv,8,5,resnet18,"(0.03, 0.1]",C4,AUPRC,0.8873763655787368
/scratchc/nrlab/wang04/ulyses_results_iteration/iteration_3_merge_below_3/cnn_model/cnn14/plasma_tp1_0.1x_model_C4/roc_curve_resnet18_tf_0.03_0.1/nested_cv_random/resnet18/repeat_10_fold_5_metrics.csv,8,5,resnet18,"(0.03, 0.1]",C4,Sensitivity at 99% Specificity,0.4864864864864865
/scratchc/nrlab/wang04/ulyses_results_iteration/iteration_3_merge_below_3/cnn_model/cnn14/plasma_tp1_0.1x_model_C4/roc_curve_resnet18_tf_0.03_0.1/nested_cv_random/resnet18/repeat_10_fold_5_metrics.csv,8,5,resnet18,"(0.03, 0.1]",C4,PPV at 99% Specificity,1
/scratchc/nrlab/wang04/ulyses_results_iteration/iteration_3_merge_below_3/cnn_model/cnn14/plasma_tp1_0.1x_model_C4/roc_curve_resnet18_tf_0.03_0.1/nested_cv_random/resnet18/repeat_10_fold_5_metrics.csv,8,5,resnet18,"(0.03, 0.1]",C4,Accuracy at 99% Specificity,0.7382432432432433
/scratchc/nrlab/wang04/ulyses_results_iteration/iteration_3_merge_below_3/cnn_model/cnn14/plasma_tp1_0.1x_model_C4/roc_curve_resnet18_tf_0.03_0.1/nested_cv_random/resnet18/repeat_10_fold_5_metrics.csv,8,5,resnet18,"(0.03, 0.1]",C4,F1 at 99% Specificity,0.6545454545454545
/scratchc/nrlab/wang04/ulyses_results_iteration/iteration_3_merge_below_3/cnn_model/cnn14/plasma_tp1_0.1x_model_C4/roc_curve_resnet18_tf_0.03_0.1/nested_cv_random/resnet18/repeat_10_fold_5_metrics.csv,8,5,resnet18,"(0.03, 0.1]",C4,Sensitivity at 98% Specificity,0.4864864864864865
/scratchc/nrlab/wang04/ulyses_results_iteration/iteration_3_merge_below_3/cnn_model/cnn14/plasma_tp1_0.1x_model_C4/roc_curve_resnet18_tf_0.03_0.1/nested_cv_random/resnet18/repeat_10_fold_5_metrics.csv,8,5,resnet18,"(0.03, 0.1]",C4,PPV at 98% Specificity,1
/scratchc/nrlab/wang04/ulyses_results_iteration/iteration_3_merge_below_3/cnn_model/cnn14/plasma_tp1_0.1x_model_C4/roc_curve_resnet18_tf_0.03_0.1/nested_cv_random/resnet18/repeat_10_fold_5_metrics.csv,8,5,resnet18,"(0.03, 0.1]",C4,Accuracy at 98% Specificity,0.7332432432432432
/scratchc/nrlab/wang04/ulyses_results_iteration/iteration_3_merge_below_3/cnn_model/cnn14/plasma_tp1_0.1x_model_C4/roc_curve_resnet18_tf_0.03_0.1/nested_cv_random/resnet18/repeat_10_fold_5_metrics.csv,8,5,resnet18,"(0.03, 0.1]",C4,F1 at 98% Specificity,0.6545454545454545
/scratchc/nrlab/wang04/ulyses_results_iteration/iteration_3_merge_below_3/cnn_model/cnn14/plasma_tp1_0.1x_model_C4/roc_curve_resnet18_tf_0.03_0.1/nested_cv_random/resnet18/repeat_10_fold_5_metrics.csv,8,5,resnet18,"(0.03, 0.1]",C4,Sensitivity at 95% Specificity,0.7027027027027027
/scratchc/nrlab/wang04/ulyses_results_iteration/iteration_3_merge_below_3/cnn_model/cnn14/plasma_tp1_0.1x_model_C4/roc_curve_resnet18_tf_0.03_0.1/nested_cv_random/resnet18/repeat_10_fold_5_metrics.csv,8,5,resnet18,"(0.03, 0.1]",C4,PPV at 95% Specificity,0.896551724137931
/scratchc/nrlab/wang04/ulyses_results_iteration/iteration_3_merge_below_3/cnn_model/cnn14/plasma_tp1_0.1x_model_C4/roc_curve_resnet18_tf_0.03_0.1/nested_cv_random/resnet18/repeat_10_fold_5_metrics.csv,8,5,resnet18,"(0.03, 0.1]",C4,Accuracy at 95% Specificity,0.8040857263513513
/scratchc/nrlab/wang04/ulyses_results_iteration/iteration_3_merge_below_3/cnn_model/cnn14/plasma_tp1_0.1x_model_C4/roc_curve_resnet18_tf_0.03_0.1/nested_cv_random/resnet18/repeat_10_fold_5_metrics.csv,8,5,resnet18,"(0.03, 0.1]",C4,F1 at 95% Specificity,0.7878787878787878
/scratchc/nrlab/wang04/ulyses_results_iteration/iteration_3_merge_below_3/cnn_model/cnn14/plasma_tp1_0.1x_model_C4/roc_curve_resnet18_tf_0.03_0.1/nested_cv_random/resnet18/repeat_10_fold_5_metrics.csv,9,1,resnet18,"(0.03, 0.1]",C4,AUROC,0.9515570934256056
/scratchc/nrlab/wang04/ulyses_results_iteration/iteration_3_merge_below_3/cnn_model/cnn14/plasma_tp1_0.1x_model_C4/roc_curve_resnet18_tf_0.03_0.1/nested_cv_random/resnet18/repeat_10_fold_5_metrics.csv,9,1,resnet18,"(0.03, 0.1]",C4,AUPRC,0.938413698309892
/scratchc/nrlab/wang04/ulyses_results_iteration/iteration_3_merge_below_3/cnn_model/cnn14/plasma_tp1_0.1x_model_C4/roc_curve_resnet18_tf_0.03_0.1/nested_cv_random/resnet18/repeat_10_fold_5_metrics.csv,9,1,resnet18,"(0.03, 0.1]",C4,Sensitivity at 99% Specificity,0.7352941176470589
/scratchc/nrlab/wang04/ulyses_results_iteration/iteration_3_merge_below_3/cnn_model/cnn14/plasma_tp1_0.1x_model_C4/roc_curve_resnet18_tf_0.03_0.1/nested_cv_random/resnet18/repeat_10_fold_5_metrics.csv,9,1,resnet18,"(0.03, 0.1]",C4,PPV at 99% Specificity,1
/scratchc/nrlab/wang04/ulyses_results_iteration/iteration_3_merge_below_3/cnn_model/cnn14/plasma_tp1_0.1x_model_C4/roc_curve_resnet18_tf_0.03_0.1/nested_cv_random/resnet18/repeat_10_fold_5_metrics.csv,9,1,resnet18,"(0.03, 0.1]",C4,Accuracy at 99% Specificity,0.8626470588235294
/scratchc/nrlab/wang04/ulyses_results_iteration/iteration_3_merge_below_3/cnn_model/cnn14/plasma_tp1_0.1x_model_C4/roc_curve_resnet18_tf_0.03_0.1/nested_cv_random/resnet18/repeat_10_fold_5_metrics.csv,9,1,resnet18,"(0.03, 0.1]",C4,F1 at 99% Specificity,0.847457627118644
/scratchc/nrlab/wang04/ulyses_results_iteration/iteration_3_merge_below_3/cnn_model/cnn14/plasma_tp1_0.1x_model_C4/roc_curve_resnet18_tf_0.03_0.1/nested_cv_random/resnet18/repeat_10_fold_5_metrics.csv,9,1,resnet18,"(0.03, 0.1]",C4,Sensitivity at 98% Specificity,0.7352941176470589
/scratchc/nrlab/wang04/ulyses_results_iteration/iteration_3_merge_below_3/cnn_model/cnn14/plasma_tp1_0.1x_model_C4/roc_curve_resnet18_tf_0.03_0.1/nested_cv_random/resnet18/repeat_10_fold_5_metrics.csv,9,1,resnet18,"(0.03, 0.1]",C4,PPV at 98% Specificity,1
/scratchc/nrlab/wang04/ulyses_results_iteration/iteration_3_merge_below_3/cnn_model/cnn14/plasma_tp1_0.1x_model_C4/roc_curve_resnet18_tf_0.03_0.1/nested_cv_random/resnet18/repeat_10_fold_5_metrics.csv,9,1,resnet18,"(0.03, 0.1]",C4,Accuracy at 98% Specificity,0.8576470588235294
/scratchc/nrlab/wang04/ulyses_results_iteration/iteration_3_merge_below_3/cnn_model/cnn14/plasma_tp1_0.1x_model_C4/roc_curve_resnet18_tf_0.03_0.1/nested_cv_random/resnet18/repeat_10_fold_5_metrics.csv,9,1,resnet18,"(0.03, 0.1]",C4,F1 at 98% Specificity,0.847457627118644
/scratchc/nrlab/wang04/ulyses_results_iteration/iteration_3_merge_below_3/cnn_model/cnn14/plasma_tp1_0.1x_model_C4/roc_curve_resnet18_tf_0.03_0.1/nested_cv_random/resnet18/repeat_10_fold_5_metrics.csv,9,1,resnet18,"(0.03, 0.1]",C4,Sensitivity at 95% Specificity,0.7941176470588235
/scratchc/nrlab/wang04/ulyses_results_iteration/iteration_3_merge_below_3/cnn_model/cnn14/plasma_tp1_0.1x_model_C4/roc_curve_resnet18_tf_0.03_0.1/nested_cv_random/resnet18/repeat_10_fold_5_metrics.csv,9,1,resnet18,"(0.03, 0.1]",C4,PPV at 95% Specificity,0.9642857142857144
/scratchc/nrlab/wang04/ulyses_results_iteration/iteration_3_merge_below_3/cnn_model/cnn14/plasma_tp1_0.1x_model_C4/roc_curve_resnet18_tf_0.03_0.1/nested_cv_random/resnet18/repeat_10_fold_5_metrics.csv,9,1,resnet18,"(0.03, 0.1]",C4,Accuracy at 95% Specificity,0.8650735294117646
/scratchc/nrlab/wang04/ulyses_results_iteration/iteration_3_merge_below_3/cnn_model/cnn14/plasma_tp1_0.1x_model_C4/roc_curve_resnet18_tf_0.03_0.1/nested_cv_random/resnet18/repeat_10_fold_5_metrics.csv,9,1,resnet18,"(0.03, 0.1]",C4,F1 at 95% Specificity,0.8709677419354839
/scratchc/nrlab/wang04/ulyses_results_iteration/iteration_3_merge_below_3/cnn_model/cnn14/plasma_tp1_0.1x_model_C4/roc_curve_resnet18_tf_0.03_0.1/nested_cv_random/resnet18/repeat_10_fold_5_metrics.csv,9,2,resnet18,"(0.03, 0.1]",C4,AUROC,0.9307065217391304
/scratchc/nrlab/wang04/ulyses_results_iteration/iteration_3_merge_below_3/cnn_model/cnn14/plasma_tp1_0.1x_model_C4/roc_curve_resnet18_tf_0.03_0.1/nested_cv_random/resnet18/repeat_10_fold_5_metrics.csv,9,2,resnet18,"(0.03, 0.1]",C4,AUPRC,0.8996099979521125
/scratchc/nrlab/wang04/ulyses_results_iteration/iteration_3_merge_below_3/cnn_model/cnn14/plasma_tp1_0.1x_model_C4/roc_curve_resnet18_tf_0.03_0.1/nested_cv_random/resnet18/repeat_10_fold_5_metrics.csv,9,2,resnet18,"(0.03, 0.1]",C4,Sensitivity at 99% Specificity,0.4375
/scratchc/nrlab/wang04/ulyses_results_iteration/iteration_3_merge_below_3/cnn_model/cnn14/plasma_tp1_0.1x_model_C4/roc_curve_resnet18_tf_0.03_0.1/nested_cv_random/resnet18/repeat_10_fold_5_metrics.csv,9,2,resnet18,"(0.03, 0.1]",C4,PPV at 99% Specificity,1
/scratchc/nrlab/wang04/ulyses_results_iteration/iteration_3_merge_below_3/cnn_model/cnn14/plasma_tp1_0.1x_model_C4/roc_curve_resnet18_tf_0.03_0.1/nested_cv_random/resnet18/repeat_10_fold_5_metrics.csv,9,2,resnet18,"(0.03, 0.1]",C4,Accuracy at 99% Specificity,0.71375
/scratchc/nrlab/wang04/ulyses_results_iteration/iteration_3_merge_below_3/cnn_model/cnn14/plasma_tp1_0.1x_model_C4/roc_curve_resnet18_tf_0.03_0.1/nested_cv_random/resnet18/repeat_10_fold_5_metrics.csv,9,2,resnet18,"(0.03, 0.1]",C4,F1 at 99% Specificity,0.6086956521739131
/scratchc/nrlab/wang04/ulyses_results_iteration/iteration_3_merge_below_3/cnn_model/cnn14/plasma_tp1_0.1x_model_C4/roc_curve_resnet18_tf_0.03_0.1/nested_cv_random/resnet18/repeat_10_fold_5_metrics.csv,9,2,resnet18,"(0.03, 0.1]",C4,Sensitivity at 98% Specificity,0.4375
/scratchc/nrlab/wang04/ulyses_results_iteration/iteration_3_merge_below_3/cnn_model/cnn14/plasma_tp1_0.1x_model_C4/roc_curve_resnet18_tf_0.03_0.1/nested_cv_random/resnet18/repeat_10_fold_5_metrics.csv,9,2,resnet18,"(0.03, 0.1]",C4,PPV at 98% Specificity,1
/scratchc/nrlab/wang04/ulyses_results_iteration/iteration_3_merge_below_3/cnn_model/cnn14/plasma_tp1_0.1x_model_C4/roc_curve_resnet18_tf_0.03_0.1/nested_cv_random/resnet18/repeat_10_fold_5_metrics.csv,9,2,resnet18,"(0.03, 0.1]",C4,Accuracy at 98% Specificity,0.70875
/scratchc/nrlab/wang04/ulyses_results_iteration/iteration_3_merge_below_3/cnn_model/cnn14/plasma_tp1_0.1x_model_C4/roc_curve_resnet18_tf_0.03_0.1/nested_cv_random/resnet18/repeat_10_fold_5_metrics.csv,9,2,resnet18,"(0.03, 0.1]",C4,F1 at 98% Specificity,0.6086956521739131
/scratchc/nrlab/wang04/ulyses_results_iteration/iteration_3_merge_below_3/cnn_model/cnn14/plasma_tp1_0.1x_model_C4/roc_curve_resnet18_tf_0.03_0.1/nested_cv_random/resnet18/repeat_10_fold_5_metrics.csv,9,2,resnet18,"(0.03, 0.1]",C4,Sensitivity at 95% Specificity,0.4375
/scratchc/nrlab/wang04/ulyses_results_iteration/iteration_3_merge_below_3/cnn_model/cnn14/plasma_tp1_0.1x_model_C4/roc_curve_resnet18_tf_0.03_0.1/nested_cv_random/resnet18/repeat_10_fold_5_metrics.csv,9,2,resnet18,"(0.03, 0.1]",C4,PPV at 95% Specificity,1
/scratchc/nrlab/wang04/ulyses_results_iteration/iteration_3_merge_below_3/cnn_model/cnn14/plasma_tp1_0.1x_model_C4/roc_curve_resnet18_tf_0.03_0.1/nested_cv_random/resnet18/repeat_10_fold_5_metrics.csv,9,2,resnet18,"(0.03, 0.1]",C4,Accuracy at 95% Specificity,0.69375
/scratchc/nrlab/wang04/ulyses_results_iteration/iteration_3_merge_below_3/cnn_model/cnn14/plasma_tp1_0.1x_model_C4/roc_curve_resnet18_tf_0.03_0.1/nested_cv_random/resnet18/repeat_10_fold_5_metrics.csv,9,2,resnet18,"(0.03, 0.1]",C4,F1 at 95% Specificity,0.6086956521739131
/scratchc/nrlab/wang04/ulyses_results_iteration/iteration_3_merge_below_3/cnn_model/cnn14/plasma_tp1_0.1x_model_C4/roc_curve_resnet18_tf_0.03_0.1/nested_cv_random/resnet18/repeat_10_fold_5_metrics.csv,9,3,resnet18,"(0.03, 0.1]",C4,AUROC,0.9413934426229508
/scratchc/nrlab/wang04/ulyses_results_iteration/iteration_3_merge_below_3/cnn_model/cnn14/plasma_tp1_0.1x_model_C4/roc_curve_resnet18_tf_0.03_0.1/nested_cv_random/resnet18/repeat_10_fold_5_metrics.csv,9,3,resnet18,"(0.03, 0.1]",C4,AUPRC,0.9402365297292244
/scratchc/nrlab/wang04/ulyses_results_iteration/iteration_3_merge_below_3/cnn_model/cnn14/plasma_tp1_0.1x_model_C4/roc_curve_resnet18_tf_0.03_0.1/nested_cv_random/resnet18/repeat_10_fold_5_metrics.csv,9,3,resnet18,"(0.03, 0.1]",C4,Sensitivity at 99% Specificity,0.65
/scratchc/nrlab/wang04/ulyses_results_iteration/iteration_3_merge_below_3/cnn_model/cnn14/plasma_tp1_0.1x_model_C4/roc_curve_resnet18_tf_0.03_0.1/nested_cv_random/resnet18/repeat_10_fold_5_metrics.csv,9,3,resnet18,"(0.03, 0.1]",C4,PPV at 99% Specificity,1
/scratchc/nrlab/wang04/ulyses_results_iteration/iteration_3_merge_below_3/cnn_model/cnn14/plasma_tp1_0.1x_model_C4/roc_curve_resnet18_tf_0.03_0.1/nested_cv_random/resnet18/repeat_10_fold_5_metrics.csv,9,3,resnet18,"(0.03, 0.1]",C4,Accuracy at 99% Specificity,0.8200000000000001
/scratchc/nrlab/wang04/ulyses_results_iteration/iteration_3_merge_below_3/cnn_model/cnn14/plasma_tp1_0.1x_model_C4/roc_curve_resnet18_tf_0.03_0.1/nested_cv_random/resnet18/repeat_10_fold_5_metrics.csv,9,3,resnet18,"(0.03, 0.1]",C4,F1 at 99% Specificity,0.7878787878787878
/scratchc/nrlab/wang04/ulyses_results_iteration/iteration_3_merge_below_3/cnn_model/cnn14/plasma_tp1_0.1x_model_C4/roc_curve_resnet18_tf_0.03_0.1/nested_cv_random/resnet18/repeat_10_fold_5_metrics.csv,9,3,resnet18,"(0.03, 0.1]",C4,Sensitivity at 98% Specificity,0.65
/scratchc/nrlab/wang04/ulyses_results_iteration/iteration_3_merge_below_3/cnn_model/cnn14/plasma_tp1_0.1x_model_C4/roc_curve_resnet18_tf_0.03_0.1/nested_cv_random/resnet18/repeat_10_fold_5_metrics.csv,9,3,resnet18,"(0.03, 0.1]",C4,PPV at 98% Specificity,1
/scratchc/nrlab/wang04/ulyses_results_iteration/iteration_3_merge_below_3/cnn_model/cnn14/plasma_tp1_0.1x_model_C4/roc_curve_resnet18_tf_0.03_0.1/nested_cv_random/resnet18/repeat_10_fold_5_metrics.csv,9,3,resnet18,"(0.03, 0.1]",C4,Accuracy at 98% Specificity,0.815
/scratchc/nrlab/wang04/ulyses_results_iteration/iteration_3_merge_below_3/cnn_model/cnn14/plasma_tp1_0.1x_model_C4/roc_curve_resnet18_tf_0.03_0.1/nested_cv_random/resnet18/repeat_10_fold_5_metrics.csv,9,3,resnet18,"(0.03, 0.1]",C4,F1 at 98% Specificity,0.7878787878787878
/scratchc/nrlab/wang04/ulyses_results_iteration/iteration_3_merge_below_3/cnn_model/cnn14/plasma_tp1_0.1x_model_C4/roc_curve_resnet18_tf_0.03_0.1/nested_cv_random/resnet18/repeat_10_fold_5_metrics.csv,9,3,resnet18,"(0.03, 0.1]",C4,Sensitivity at 95% Specificity,0.8
/scratchc/nrlab/wang04/ulyses_results_iteration/iteration_3_merge_below_3/cnn_model/cnn14/plasma_tp1_0.1x_model_C4/roc_curve_resnet18_tf_0.03_0.1/nested_cv_random/resnet18/repeat_10_fold_5_metrics.csv,9,3,resnet18,"(0.03, 0.1]",C4,PPV at 95% Specificity,0.9142857142857144
/scratchc/nrlab/wang04/ulyses_results_iteration/iteration_3_merge_below_3/cnn_model/cnn14/plasma_tp1_0.1x_model_C4/roc_curve_resnet18_tf_0.03_0.1/nested_cv_random/resnet18/repeat_10_fold_5_metrics.csv,9,3,resnet18,"(0.03, 0.1]",C4,Accuracy at 95% Specificity,0.851639344262295
/scratchc/nrlab/wang04/ulyses_results_iteration/iteration_3_merge_below_3/cnn_model/cnn14/plasma_tp1_0.1x_model_C4/roc_curve_resnet18_tf_0.03_0.1/nested_cv_random/resnet18/repeat_10_fold_5_metrics.csv,9,3,resnet18,"(0.03, 0.1]",C4,F1 at 95% Specificity,0.8533333333333334
/scratchc/nrlab/wang04/ulyses_results_iteration/iteration_3_merge_below_3/cnn_model/cnn14/plasma_tp1_0.1x_model_C4/roc_curve_resnet18_tf_0.03_0.1/nested_cv_random/resnet18/repeat_10_fold_5_metrics.csv,9,4,resnet18,"(0.03, 0.1]",C4,AUROC,0.9264957264957264
/scratchc/nrlab/wang04/ulyses_results_iteration/iteration_3_merge_below_3/cnn_model/cnn14/plasma_tp1_0.1x_model_C4/roc_curve_resnet18_tf_0.03_0.1/nested_cv_random/resnet18/repeat_10_fold_5_metrics.csv,9,4,resnet18,"(0.03, 0.1]",C4,AUPRC,0.9297201426263564
/scratchc/nrlab/wang04/ulyses_results_iteration/iteration_3_merge_below_3/cnn_model/cnn14/plasma_tp1_0.1x_model_C4/roc_curve_resnet18_tf_0.03_0.1/nested_cv_random/resnet18/repeat_10_fold_5_metrics.csv,9,4,resnet18,"(0.03, 0.1]",C4,Sensitivity at 99% Specificity,0.75
/scratchc/nrlab/wang04/ulyses_results_iteration/iteration_3_merge_below_3/cnn_model/cnn14/plasma_tp1_0.1x_model_C4/roc_curve_resnet18_tf_0.03_0.1/nested_cv_random/resnet18/repeat_10_fold_5_metrics.csv,9,4,resnet18,"(0.03, 0.1]",C4,PPV at 99% Specificity,1
/scratchc/nrlab/wang04/ulyses_results_iteration/iteration_3_merge_below_3/cnn_model/cnn14/plasma_tp1_0.1x_model_C4/roc_curve_resnet18_tf_0.03_0.1/nested_cv_random/resnet18/repeat_10_fold_5_metrics.csv,9,4,resnet18,"(0.03, 0.1]",C4,Accuracy at 99% Specificity,0.87
/scratchc/nrlab/wang04/ulyses_results_iteration/iteration_3_merge_below_3/cnn_model/cnn14/plasma_tp1_0.1x_model_C4/roc_curve_resnet18_tf_0.03_0.1/nested_cv_random/resnet18/repeat_10_fold_5_metrics.csv,9,4,resnet18,"(0.03, 0.1]",C4,F1 at 99% Specificity,0.8571428571428571
/scratchc/nrlab/wang04/ulyses_results_iteration/iteration_3_merge_below_3/cnn_model/cnn14/plasma_tp1_0.1x_model_C4/roc_curve_resnet18_tf_0.03_0.1/nested_cv_random/resnet18/repeat_10_fold_5_metrics.csv,9,4,resnet18,"(0.03, 0.1]",C4,Sensitivity at 98% Specificity,0.75
/scratchc/nrlab/wang04/ulyses_results_iteration/iteration_3_merge_below_3/cnn_model/cnn14/plasma_tp1_0.1x_model_C4/roc_curve_resnet18_tf_0.03_0.1/nested_cv_random/resnet18/repeat_10_fold_5_metrics.csv,9,4,resnet18,"(0.03, 0.1]",C4,PPV at 98% Specificity,1
/scratchc/nrlab/wang04/ulyses_results_iteration/iteration_3_merge_below_3/cnn_model/cnn14/plasma_tp1_0.1x_model_C4/roc_curve_resnet18_tf_0.03_0.1/nested_cv_random/resnet18/repeat_10_fold_5_metrics.csv,9,4,resnet18,"(0.03, 0.1]",C4,Accuracy at 98% Specificity,0.865
/scratchc/nrlab/wang04/ulyses_results_iteration/iteration_3_merge_below_3/cnn_model/cnn14/plasma_tp1_0.1x_model_C4/roc_curve_resnet18_tf_0.03_0.1/nested_cv_random/resnet18/repeat_10_fold_5_metrics.csv,9,4,resnet18,"(0.03, 0.1]",C4,F1 at 98% Specificity,0.8571428571428571
/scratchc/nrlab/wang04/ulyses_results_iteration/iteration_3_merge_below_3/cnn_model/cnn14/plasma_tp1_0.1x_model_C4/roc_curve_resnet18_tf_0.03_0.1/nested_cv_random/resnet18/repeat_10_fold_5_metrics.csv,9,4,resnet18,"(0.03, 0.1]",C4,Sensitivity at 95% Specificity,0.75
/scratchc/nrlab/wang04/ulyses_results_iteration/iteration_3_merge_below_3/cnn_model/cnn14/plasma_tp1_0.1x_model_C4/roc_curve_resnet18_tf_0.03_0.1/nested_cv_random/resnet18/repeat_10_fold_5_metrics.csv,9,4,resnet18,"(0.03, 0.1]",C4,PPV at 95% Specificity,1
/scratchc/nrlab/wang04/ulyses_results_iteration/iteration_3_merge_below_3/cnn_model/cnn14/plasma_tp1_0.1x_model_C4/roc_curve_resnet18_tf_0.03_0.1/nested_cv_random/resnet18/repeat_10_fold_5_metrics.csv,9,4,resnet18,"(0.03, 0.1]",C4,Accuracy at 95% Specificity,0.85
/scratchc/nrlab/wang04/ulyses_results_iteration/iteration_3_merge_below_3/cnn_model/cnn14/plasma_tp1_0.1x_model_C4/roc_curve_resnet18_tf_0.03_0.1/nested_cv_random/resnet18/repeat_10_fold_5_metrics.csv,9,4,resnet18,"(0.03, 0.1]",C4,F1 at 95% Specificity,0.8571428571428571
/scratchc/nrlab/wang04/ulyses_results_iteration/iteration_3_merge_below_3/cnn_model/cnn14/plasma_tp1_0.1x_model_C4/roc_curve_resnet18_tf_0.03_0.1/nested_cv_random/resnet18/repeat_10_fold_5_metrics.csv,9,5,resnet18,"(0.03, 0.1]",C4,AUROC,0.9511993382961124
/scratchc/nrlab/wang04/ulyses_results_iteration/iteration_3_merge_below_3/cnn_model/cnn14/plasma_tp1_0.1x_model_C4/roc_curve_resnet18_tf_0.03_0.1/nested_cv_random/resnet18/repeat_10_fold_5_metrics.csv,9,5,resnet18,"(0.03, 0.1]",C4,AUPRC,0.9433082211279592
/scratchc/nrlab/wang04/ulyses_results_iteration/iteration_3_merge_below_3/cnn_model/cnn14/plasma_tp1_0.1x_model_C4/roc_curve_resnet18_tf_0.03_0.1/nested_cv_random/resnet18/repeat_10_fold_5_metrics.csv,9,5,resnet18,"(0.03, 0.1]",C4,Sensitivity at 99% Specificity,0.6666666666666666
/scratchc/nrlab/wang04/ulyses_results_iteration/iteration_3_merge_below_3/cnn_model/cnn14/plasma_tp1_0.1x_model_C4/roc_curve_resnet18_tf_0.03_0.1/nested_cv_random/resnet18/repeat_10_fold_5_metrics.csv,9,5,resnet18,"(0.03, 0.1]",C4,PPV at 99% Specificity,1
/scratchc/nrlab/wang04/ulyses_results_iteration/iteration_3_merge_below_3/cnn_model/cnn14/plasma_tp1_0.1x_model_C4/roc_curve_resnet18_tf_0.03_0.1/nested_cv_random/resnet18/repeat_10_fold_5_metrics.csv,9,5,resnet18,"(0.03, 0.1]",C4,Accuracy at 99% Specificity,0.8283333333333334
/scratchc/nrlab/wang04/ulyses_results_iteration/iteration_3_merge_below_3/cnn_model/cnn14/plasma_tp1_0.1x_model_C4/roc_curve_resnet18_tf_0.03_0.1/nested_cv_random/resnet18/repeat_10_fold_5_metrics.csv,9,5,resnet18,"(0.03, 0.1]",C4,F1 at 99% Specificity,0.8
/scratchc/nrlab/wang04/ulyses_results_iteration/iteration_3_merge_below_3/cnn_model/cnn14/plasma_tp1_0.1x_model_C4/roc_curve_resnet18_tf_0.03_0.1/nested_cv_random/resnet18/repeat_10_fold_5_metrics.csv,9,5,resnet18,"(0.03, 0.1]",C4,Sensitivity at 98% Specificity,0.6666666666666666
/scratchc/nrlab/wang04/ulyses_results_iteration/iteration_3_merge_below_3/cnn_model/cnn14/plasma_tp1_0.1x_model_C4/roc_curve_resnet18_tf_0.03_0.1/nested_cv_random/resnet18/repeat_10_fold_5_metrics.csv,9,5,resnet18,"(0.03, 0.1]",C4,PPV at 98% Specificity,1
/scratchc/nrlab/wang04/ulyses_results_iteration/iteration_3_merge_below_3/cnn_model/cnn14/plasma_tp1_0.1x_model_C4/roc_curve_resnet18_tf_0.03_0.1/nested_cv_random/resnet18/repeat_10_fold_5_metrics.csv,9,5,resnet18,"(0.03, 0.1]",C4,Accuracy at 98% Specificity,0.8233333333333333
/scratchc/nrlab/wang04/ulyses_results_iteration/iteration_3_merge_below_3/cnn_model/cnn14/plasma_tp1_0.1x_model_C4/roc_curve_resnet18_tf_0.03_0.1/nested_cv_random/resnet18/repeat_10_fold_5_metrics.csv,9,5,resnet18,"(0.03, 0.1]",C4,F1 at 98% Specificity,0.8
/scratchc/nrlab/wang04/ulyses_results_iteration/iteration_3_merge_below_3/cnn_model/cnn14/plasma_tp1_0.1x_model_C4/roc_curve_resnet18_tf_0.03_0.1/nested_cv_random/resnet18/repeat_10_fold_5_metrics.csv,9,5,resnet18,"(0.03, 0.1]",C4,Sensitivity at 95% Specificity,0.7435897435897436
/scratchc/nrlab/wang04/ulyses_results_iteration/iteration_3_merge_below_3/cnn_model/cnn14/plasma_tp1_0.1x_model_C4/roc_curve_resnet18_tf_0.03_0.1/nested_cv_random/resnet18/repeat_10_fold_5_metrics.csv,9,5,resnet18,"(0.03, 0.1]",C4,PPV at 95% Specificity,0.935483870967742
/scratchc/nrlab/wang04/ulyses_results_iteration/iteration_3_merge_below_3/cnn_model/cnn14/plasma_tp1_0.1x_model_C4/roc_curve_resnet18_tf_0.03_0.1/nested_cv_random/resnet18/repeat_10_fold_5_metrics.csv,9,5,resnet18,"(0.03, 0.1]",C4,Accuracy at 95% Specificity,0.8314722911497106
/scratchc/nrlab/wang04/ulyses_results_iteration/iteration_3_merge_below_3/cnn_model/cnn14/plasma_tp1_0.1x_model_C4/roc_curve_resnet18_tf_0.03_0.1/nested_cv_random/resnet18/repeat_10_fold_5_metrics.csv,9,5,resnet18,"(0.03, 0.1]",C4,F1 at 95% Specificity,0.8285714285714286
/scratchc/nrlab/wang04/ulyses_results_iteration/iteration_3_merge_below_3/cnn_model/cnn14/plasma_tp1_0.1x_model_C4/roc_curve_resnet18_tf_0.03_0.1/nested_cv_random/resnet18/repeat_10_fold_5_metrics.csv,10,1,resnet18,"(0.03, 0.1]",C4,AUROC,0.9390191897654584
/scratchc/nrlab/wang04/ulyses_results_iteration/iteration_3_merge_below_3/cnn_model/cnn14/plasma_tp1_0.1x_model_C4/roc_curve_resnet18_tf_0.03_0.1/nested_cv_random/resnet18/repeat_10_fold_5_metrics.csv,10,1,resnet18,"(0.03, 0.1]",C4,AUPRC,0.9250428556031892
/scratchc/nrlab/wang04/ulyses_results_iteration/iteration_3_merge_below_3/cnn_model/cnn14/plasma_tp1_0.1x_model_C4/roc_curve_resnet18_tf_0.03_0.1/nested_cv_random/resnet18/repeat_10_fold_5_metrics.csv,10,1,resnet18,"(0.03, 0.1]",C4,Sensitivity at 99% Specificity,0.6857142857142857
/scratchc/nrlab/wang04/ulyses_results_iteration/iteration_3_merge_below_3/cnn_model/cnn14/plasma_tp1_0.1x_model_C4/roc_curve_resnet18_tf_0.03_0.1/nested_cv_random/resnet18/repeat_10_fold_5_metrics.csv,10,1,resnet18,"(0.03, 0.1]",C4,PPV at 99% Specificity,1
/scratchc/nrlab/wang04/ulyses_results_iteration/iteration_3_merge_below_3/cnn_model/cnn14/plasma_tp1_0.1x_model_C4/roc_curve_resnet18_tf_0.03_0.1/nested_cv_random/resnet18/repeat_10_fold_5_metrics.csv,10,1,resnet18,"(0.03, 0.1]",C4,Accuracy at 99% Specificity,0.8378571428571429
/scratchc/nrlab/wang04/ulyses_results_iteration/iteration_3_merge_below_3/cnn_model/cnn14/plasma_tp1_0.1x_model_C4/roc_curve_resnet18_tf_0.03_0.1/nested_cv_random/resnet18/repeat_10_fold_5_metrics.csv,10,1,resnet18,"(0.03, 0.1]",C4,F1 at 99% Specificity,0.8135593220338984
/scratchc/nrlab/wang04/ulyses_results_iteration/iteration_3_merge_below_3/cnn_model/cnn14/plasma_tp1_0.1x_model_C4/roc_curve_resnet18_tf_0.03_0.1/nested_cv_random/resnet18/repeat_10_fold_5_metrics.csv,10,1,resnet18,"(0.03, 0.1]",C4,Sensitivity at 98% Specificity,0.6857142857142857
/scratchc/nrlab/wang04/ulyses_results_iteration/iteration_3_merge_below_3/cnn_model/cnn14/plasma_tp1_0.1x_model_C4/roc_curve_resnet18_tf_0.03_0.1/nested_cv_random/resnet18/repeat_10_fold_5_metrics.csv,10,1,resnet18,"(0.03, 0.1]",C4,PPV at 98% Specificity,1
/scratchc/nrlab/wang04/ulyses_results_iteration/iteration_3_merge_below_3/cnn_model/cnn14/plasma_tp1_0.1x_model_C4/roc_curve_resnet18_tf_0.03_0.1/nested_cv_random/resnet18/repeat_10_fold_5_metrics.csv,10,1,resnet18,"(0.03, 0.1]",C4,Accuracy at 98% Specificity,0.8328571428571429
/scratchc/nrlab/wang04/ulyses_results_iteration/iteration_3_merge_below_3/cnn_model/cnn14/plasma_tp1_0.1x_model_C4/roc_curve_resnet18_tf_0.03_0.1/nested_cv_random/resnet18/repeat_10_fold_5_metrics.csv,10,1,resnet18,"(0.03, 0.1]",C4,F1 at 98% Specificity,0.8135593220338984
/scratchc/nrlab/wang04/ulyses_results_iteration/iteration_3_merge_below_3/cnn_model/cnn14/plasma_tp1_0.1x_model_C4/roc_curve_resnet18_tf_0.03_0.1/nested_cv_random/resnet18/repeat_10_fold_5_metrics.csv,10,1,resnet18,"(0.03, 0.1]",C4,Sensitivity at 95% Specificity,0.7428571428571429
/scratchc/nrlab/wang04/ulyses_results_iteration/iteration_3_merge_below_3/cnn_model/cnn14/plasma_tp1_0.1x_model_C4/roc_curve_resnet18_tf_0.03_0.1/nested_cv_random/resnet18/repeat_10_fold_5_metrics.csv,10,1,resnet18,"(0.03, 0.1]",C4,PPV at 95% Specificity,0.9285714285714286
/scratchc/nrlab/wang04/ulyses_results_iteration/iteration_3_merge_below_3/cnn_model/cnn14/plasma_tp1_0.1x_model_C4/roc_curve_resnet18_tf_0.03_0.1/nested_cv_random/resnet18/repeat_10_fold_5_metrics.csv,10,1,resnet18,"(0.03, 0.1]",C4,Accuracy at 95% Specificity,0.8322494669509595
/scratchc/nrlab/wang04/ulyses_results_iteration/iteration_3_merge_below_3/cnn_model/cnn14/plasma_tp1_0.1x_model_C4/roc_curve_resnet18_tf_0.03_0.1/nested_cv_random/resnet18/repeat_10_fold_5_metrics.csv,10,1,resnet18,"(0.03, 0.1]",C4,F1 at 95% Specificity,0.8253968253968254
/scratchc/nrlab/wang04/ulyses_results_iteration/iteration_3_merge_below_3/cnn_model/cnn14/plasma_tp1_0.1x_model_C4/roc_curve_resnet18_tf_0.03_0.1/nested_cv_random/resnet18/repeat_10_fold_5_metrics.csv,10,2,resnet18,"(0.03, 0.1]",C4,AUROC,0.9755067567567568
/scratchc/nrlab/wang04/ulyses_results_iteration/iteration_3_merge_below_3/cnn_model/cnn14/plasma_tp1_0.1x_model_C4/roc_curve_resnet18_tf_0.03_0.1/nested_cv_random/resnet18/repeat_10_fold_5_metrics.csv,10,2,resnet18,"(0.03, 0.1]",C4,AUPRC,0.9674295557928958
/scratchc/nrlab/wang04/ulyses_results_iteration/iteration_3_merge_below_3/cnn_model/cnn14/plasma_tp1_0.1x_model_C4/roc_curve_resnet18_tf_0.03_0.1/nested_cv_random/resnet18/repeat_10_fold_5_metrics.csv,10,2,resnet18,"(0.03, 0.1]",C4,Sensitivity at 99% Specificity,0.7837837837837838
/scratchc/nrlab/wang04/ulyses_results_iteration/iteration_3_merge_below_3/cnn_model/cnn14/plasma_tp1_0.1x_model_C4/roc_curve_resnet18_tf_0.03_0.1/nested_cv_random/resnet18/repeat_10_fold_5_metrics.csv,10,2,resnet18,"(0.03, 0.1]",C4,PPV at 99% Specificity,1
/scratchc/nrlab/wang04/ulyses_results_iteration/iteration_3_merge_below_3/cnn_model/cnn14/plasma_tp1_0.1x_model_C4/roc_curve_resnet18_tf_0.03_0.1/nested_cv_random/resnet18/repeat_10_fold_5_metrics.csv,10,2,resnet18,"(0.03, 0.1]",C4,Accuracy at 99% Specificity,0.8868918918918919
/scratchc/nrlab/wang04/ulyses_results_iteration/iteration_3_merge_below_3/cnn_model/cnn14/plasma_tp1_0.1x_model_C4/roc_curve_resnet18_tf_0.03_0.1/nested_cv_random/resnet18/repeat_10_fold_5_metrics.csv,10,2,resnet18,"(0.03, 0.1]",C4,F1 at 99% Specificity,0.8787878787878788
/scratchc/nrlab/wang04/ulyses_results_iteration/iteration_3_merge_below_3/cnn_model/cnn14/plasma_tp1_0.1x_model_C4/roc_curve_resnet18_tf_0.03_0.1/nested_cv_random/resnet18/repeat_10_fold_5_metrics.csv,10,2,resnet18,"(0.03, 0.1]",C4,Sensitivity at 98% Specificity,0.7837837837837838
/scratchc/nrlab/wang04/ulyses_results_iteration/iteration_3_merge_below_3/cnn_model/cnn14/plasma_tp1_0.1x_model_C4/roc_curve_resnet18_tf_0.03_0.1/nested_cv_random/resnet18/repeat_10_fold_5_metrics.csv,10,2,resnet18,"(0.03, 0.1]",C4,PPV at 98% Specificity,1
/scratchc/nrlab/wang04/ulyses_results_iteration/iteration_3_merge_below_3/cnn_model/cnn14/plasma_tp1_0.1x_model_C4/roc_curve_resnet18_tf_0.03_0.1/nested_cv_random/resnet18/repeat_10_fold_5_metrics.csv,10,2,resnet18,"(0.03, 0.1]",C4,Accuracy at 98% Specificity,0.8818918918918919
/scratchc/nrlab/wang04/ulyses_results_iteration/iteration_3_merge_below_3/cnn_model/cnn14/plasma_tp1_0.1x_model_C4/roc_curve_resnet18_tf_0.03_0.1/nested_cv_random/resnet18/repeat_10_fold_5_metrics.csv,10,2,resnet18,"(0.03, 0.1]",C4,F1 at 98% Specificity,0.8787878787878788
/scratchc/nrlab/wang04/ulyses_results_iteration/iteration_3_merge_below_3/cnn_model/cnn14/plasma_tp1_0.1x_model_C4/roc_curve_resnet18_tf_0.03_0.1/nested_cv_random/resnet18/repeat_10_fold_5_metrics.csv,10,2,resnet18,"(0.03, 0.1]",C4,Sensitivity at 95% Specificity,0.8648648648648649
/scratchc/nrlab/wang04/ulyses_results_iteration/iteration_3_merge_below_3/cnn_model/cnn14/plasma_tp1_0.1x_model_C4/roc_curve_resnet18_tf_0.03_0.1/nested_cv_random/resnet18/repeat_10_fold_5_metrics.csv,10,2,resnet18,"(0.03, 0.1]",C4,PPV at 95% Specificity,0.9142857142857144
/scratchc/nrlab/wang04/ulyses_results_iteration/iteration_3_merge_below_3/cnn_model/cnn14/plasma_tp1_0.1x_model_C4/roc_curve_resnet18_tf_0.03_0.1/nested_cv_random/resnet18/repeat_10_fold_5_metrics.csv,10,2,resnet18,"(0.03, 0.1]",C4,Accuracy at 95% Specificity,0.8851668074324324
/scratchc/nrlab/wang04/ulyses_results_iteration/iteration_3_merge_below_3/cnn_model/cnn14/plasma_tp1_0.1x_model_C4/roc_curve_resnet18_tf_0.03_0.1/nested_cv_random/resnet18/repeat_10_fold_5_metrics.csv,10,2,resnet18,"(0.03, 0.1]",C4,F1 at 95% Specificity,0.8888888888888888
/scratchc/nrlab/wang04/ulyses_results_iteration/iteration_3_merge_below_3/cnn_model/cnn14/plasma_tp1_0.1x_model_C4/roc_curve_resnet18_tf_0.03_0.1/nested_cv_random/resnet18/repeat_10_fold_5_metrics.csv,10,3,resnet18,"(0.03, 0.1]",C4,AUROC,0.9636591478696742
/scratchc/nrlab/wang04/ulyses_results_iteration/iteration_3_merge_below_3/cnn_model/cnn14/plasma_tp1_0.1x_model_C4/roc_curve_resnet18_tf_0.03_0.1/nested_cv_random/resnet18/repeat_10_fold_5_metrics.csv,10,3,resnet18,"(0.03, 0.1]",C4,AUPRC,0.9599777005105832
/scratchc/nrlab/wang04/ulyses_results_iteration/iteration_3_merge_below_3/cnn_model/cnn14/plasma_tp1_0.1x_model_C4/roc_curve_resnet18_tf_0.03_0.1/nested_cv_random/resnet18/repeat_10_fold_5_metrics.csv,10,3,resnet18,"(0.03, 0.1]",C4,Sensitivity at 99% Specificity,0.7368421052631579
/scratchc/nrlab/wang04/ulyses_results_iteration/iteration_3_merge_below_3/cnn_model/cnn14/plasma_tp1_0.1x_model_C4/roc_curve_resnet18_tf_0.03_0.1/nested_cv_random/resnet18/repeat_10_fold_5_metrics.csv,10,3,resnet18,"(0.03, 0.1]",C4,PPV at 99% Specificity,1
/scratchc/nrlab/wang04/ulyses_results_iteration/iteration_3_merge_below_3/cnn_model/cnn14/plasma_tp1_0.1x_model_C4/roc_curve_resnet18_tf_0.03_0.1/nested_cv_random/resnet18/repeat_10_fold_5_metrics.csv,10,3,resnet18,"(0.03, 0.1]",C4,Accuracy at 99% Specificity,0.8634210526315789
/scratchc/nrlab/wang04/ulyses_results_iteration/iteration_3_merge_below_3/cnn_model/cnn14/plasma_tp1_0.1x_model_C4/roc_curve_resnet18_tf_0.03_0.1/nested_cv_random/resnet18/repeat_10_fold_5_metrics.csv,10,3,resnet18,"(0.03, 0.1]",C4,F1 at 99% Specificity,0.8484848484848485
/scratchc/nrlab/wang04/ulyses_results_iteration/iteration_3_merge_below_3/cnn_model/cnn14/plasma_tp1_0.1x_model_C4/roc_curve_resnet18_tf_0.03_0.1/nested_cv_random/resnet18/repeat_10_fold_5_metrics.csv,10,3,resnet18,"(0.03, 0.1]",C4,Sensitivity at 98% Specificity,0.7368421052631579
/scratchc/nrlab/wang04/ulyses_results_iteration/iteration_3_merge_below_3/cnn_model/cnn14/plasma_tp1_0.1x_model_C4/roc_curve_resnet18_tf_0.03_0.1/nested_cv_random/resnet18/repeat_10_fold_5_metrics.csv,10,3,resnet18,"(0.03, 0.1]",C4,PPV at 98% Specificity,1
/scratchc/nrlab/wang04/ulyses_results_iteration/iteration_3_merge_below_3/cnn_model/cnn14/plasma_tp1_0.1x_model_C4/roc_curve_resnet18_tf_0.03_0.1/nested_cv_random/resnet18/repeat_10_fold_5_metrics.csv,10,3,resnet18,"(0.03, 0.1]",C4,Accuracy at 98% Specificity,0.858421052631579
/scratchc/nrlab/wang04/ulyses_results_iteration/iteration_3_merge_below_3/cnn_model/cnn14/plasma_tp1_0.1x_model_C4/roc_curve_resnet18_tf_0.03_0.1/nested_cv_random/resnet18/repeat_10_fold_5_metrics.csv,10,3,resnet18,"(0.03, 0.1]",C4,F1 at 98% Specificity,0.8484848484848485
/scratchc/nrlab/wang04/ulyses_results_iteration/iteration_3_merge_below_3/cnn_model/cnn14/plasma_tp1_0.1x_model_C4/roc_curve_resnet18_tf_0.03_0.1/nested_cv_random/resnet18/repeat_10_fold_5_metrics.csv,10,3,resnet18,"(0.03, 0.1]",C4,Sensitivity at 95% Specificity,0.868421052631579
/scratchc/nrlab/wang04/ulyses_results_iteration/iteration_3_merge_below_3/cnn_model/cnn14/plasma_tp1_0.1x_model_C4/roc_curve_resnet18_tf_0.03_0.1/nested_cv_random/resnet18/repeat_10_fold_5_metrics.csv,10,3,resnet18,"(0.03, 0.1]",C4,PPV at 95% Specificity,0.9705882352941176
/scratchc/nrlab/wang04/ulyses_results_iteration/iteration_3_merge_below_3/cnn_model/cnn14/plasma_tp1_0.1x_model_C4/roc_curve_resnet18_tf_0.03_0.1/nested_cv_random/resnet18/repeat_10_fold_5_metrics.csv,10,3,resnet18,"(0.03, 0.1]",C4,Accuracy at 95% Specificity,0.901670843776107
/scratchc/nrlab/wang04/ulyses_results_iteration/iteration_3_merge_below_3/cnn_model/cnn14/plasma_tp1_0.1x_model_C4/roc_curve_resnet18_tf_0.03_0.1/nested_cv_random/resnet18/repeat_10_fold_5_metrics.csv,10,3,resnet18,"(0.03, 0.1]",C4,F1 at 95% Specificity,0.9166666666666666
/scratchc/nrlab/wang04/ulyses_results_iteration/iteration_3_merge_below_3/cnn_model/cnn14/plasma_tp1_0.1x_model_C4/roc_curve_resnet18_tf_0.03_0.1/nested_cv_random/resnet18/repeat_10_fold_5_metrics.csv,10,4,resnet18,"(0.03, 0.1]",C4,AUROC,0.9575757575757576
/scratchc/nrlab/wang04/ulyses_results_iteration/iteration_3_merge_below_3/cnn_model/cnn14/plasma_tp1_0.1x_model_C4/roc_curve_resnet18_tf_0.03_0.1/nested_cv_random/resnet18/repeat_10_fold_5_metrics.csv,10,4,resnet18,"(0.03, 0.1]",C4,AUPRC,0.9537432016033858
/scratchc/nrlab/wang04/ulyses_results_iteration/iteration_3_merge_below_3/cnn_model/cnn14/plasma_tp1_0.1x_model_C4/roc_curve_resnet18_tf_0.03_0.1/nested_cv_random/resnet18/repeat_10_fold_5_metrics.csv,10,4,resnet18,"(0.03, 0.1]",C4,Sensitivity at 99% Specificity,0.7714285714285715
/scratchc/nrlab/wang04/ulyses_results_iteration/iteration_3_merge_below_3/cnn_model/cnn14/plasma_tp1_0.1x_model_C4/roc_curve_resnet18_tf_0.03_0.1/nested_cv_random/resnet18/repeat_10_fold_5_metrics.csv,10,4,resnet18,"(0.03, 0.1]",C4,PPV at 99% Specificity,1
/scratchc/nrlab/wang04/ulyses_results_iteration/iteration_3_merge_below_3/cnn_model/cnn14/plasma_tp1_0.1x_model_C4/roc_curve_resnet18_tf_0.03_0.1/nested_cv_random/resnet18/repeat_10_fold_5_metrics.csv,10,4,resnet18,"(0.03, 0.1]",C4,Accuracy at 99% Specificity,0.8807142857142858
/scratchc/nrlab/wang04/ulyses_results_iteration/iteration_3_merge_below_3/cnn_model/cnn14/plasma_tp1_0.1x_model_C4/roc_curve_resnet18_tf_0.03_0.1/nested_cv_random/resnet18/repeat_10_fold_5_metrics.csv,10,4,resnet18,"(0.03, 0.1]",C4,F1 at 99% Specificity,0.8709677419354839
/scratchc/nrlab/wang04/ulyses_results_iteration/iteration_3_merge_below_3/cnn_model/cnn14/plasma_tp1_0.1x_model_C4/roc_curve_resnet18_tf_0.03_0.1/nested_cv_random/resnet18/repeat_10_fold_5_metrics.csv,10,4,resnet18,"(0.03, 0.1]",C4,Sensitivity at 98% Specificity,0.7714285714285715
/scratchc/nrlab/wang04/ulyses_results_iteration/iteration_3_merge_below_3/cnn_model/cnn14/plasma_tp1_0.1x_model_C4/roc_curve_resnet18_tf_0.03_0.1/nested_cv_random/resnet18/repeat_10_fold_5_metrics.csv,10,4,resnet18,"(0.03, 0.1]",C4,PPV at 98% Specificity,1
/scratchc/nrlab/wang04/ulyses_results_iteration/iteration_3_merge_below_3/cnn_model/cnn14/plasma_tp1_0.1x_model_C4/roc_curve_resnet18_tf_0.03_0.1/nested_cv_random/resnet18/repeat_10_fold_5_metrics.csv,10,4,resnet18,"(0.03, 0.1]",C4,Accuracy at 98% Specificity,0.8757142857142857
/scratchc/nrlab/wang04/ulyses_results_iteration/iteration_3_merge_below_3/cnn_model/cnn14/plasma_tp1_0.1x_model_C4/roc_curve_resnet18_tf_0.03_0.1/nested_cv_random/resnet18/repeat_10_fold_5_metrics.csv,10,4,resnet18,"(0.03, 0.1]",C4,F1 at 98% Specificity,0.8709677419354839
/scratchc/nrlab/wang04/ulyses_results_iteration/iteration_3_merge_below_3/cnn_model/cnn14/plasma_tp1_0.1x_model_C4/roc_curve_resnet18_tf_0.03_0.1/nested_cv_random/resnet18/repeat_10_fold_5_metrics.csv,10,4,resnet18,"(0.03, 0.1]",C4,Sensitivity at 95% Specificity,0.8285714285714286
/scratchc/nrlab/wang04/ulyses_results_iteration/iteration_3_merge_below_3/cnn_model/cnn14/plasma_tp1_0.1x_model_C4/roc_curve_resnet18_tf_0.03_0.1/nested_cv_random/resnet18/repeat_10_fold_5_metrics.csv,10,4,resnet18,"(0.03, 0.1]",C4,PPV at 95% Specificity,0.935483870967742
/scratchc/nrlab/wang04/ulyses_results_iteration/iteration_3_merge_below_3/cnn_model/cnn14/plasma_tp1_0.1x_model_C4/roc_curve_resnet18_tf_0.03_0.1/nested_cv_random/resnet18/repeat_10_fold_5_metrics.csv,10,4,resnet18,"(0.03, 0.1]",C4,Accuracy at 95% Specificity,0.8748917748917748
/scratchc/nrlab/wang04/ulyses_results_iteration/iteration_3_merge_below_3/cnn_model/cnn14/plasma_tp1_0.1x_model_C4/roc_curve_resnet18_tf_0.03_0.1/nested_cv_random/resnet18/repeat_10_fold_5_metrics.csv,10,4,resnet18,"(0.03, 0.1]",C4,F1 at 95% Specificity,0.8787878787878788
/scratchc/nrlab/wang04/ulyses_results_iteration/iteration_3_merge_below_3/cnn_model/cnn14/plasma_tp1_0.1x_model_C4/roc_curve_resnet18_tf_0.03_0.1/nested_cv_random/resnet18/repeat_10_fold_5_metrics.csv,10,5,resnet18,"(0.03, 0.1]",C4,AUROC,0.8982905982905982
/scratchc/nrlab/wang04/ulyses_results_iteration/iteration_3_merge_below_3/cnn_model/cnn14/plasma_tp1_0.1x_model_C4/roc_curve_resnet18_tf_0.03_0.1/nested_cv_random/resnet18/repeat_10_fold_5_metrics.csv,10,5,resnet18,"(0.03, 0.1]",C4,AUPRC,0.8711106081202783
/scratchc/nrlab/wang04/ulyses_results_iteration/iteration_3_merge_below_3/cnn_model/cnn14/plasma_tp1_0.1x_model_C4/roc_curve_resnet18_tf_0.03_0.1/nested_cv_random/resnet18/repeat_10_fold_5_metrics.csv,10,5,resnet18,"(0.03, 0.1]",C4,Sensitivity at 99% Specificity,0.3888888888888889
/scratchc/nrlab/wang04/ulyses_results_iteration/iteration_3_merge_below_3/cnn_model/cnn14/plasma_tp1_0.1x_model_C4/roc_curve_resnet18_tf_0.03_0.1/nested_cv_random/resnet18/repeat_10_fold_5_metrics.csv,10,5,resnet18,"(0.03, 0.1]",C4,PPV at 99% Specificity,1
/scratchc/nrlab/wang04/ulyses_results_iteration/iteration_3_merge_below_3/cnn_model/cnn14/plasma_tp1_0.1x_model_C4/roc_curve_resnet18_tf_0.03_0.1/nested_cv_random/resnet18/repeat_10_fold_5_metrics.csv,10,5,resnet18,"(0.03, 0.1]",C4,Accuracy at 99% Specificity,0.6894444444444444
/scratchc/nrlab/wang04/ulyses_results_iteration/iteration_3_merge_below_3/cnn_model/cnn14/plasma_tp1_0.1x_model_C4/roc_curve_resnet18_tf_0.03_0.1/nested_cv_random/resnet18/repeat_10_fold_5_metrics.csv,10,5,resnet18,"(0.03, 0.1]",C4,F1 at 99% Specificity,0.56
/scratchc/nrlab/wang04/ulyses_results_iteration/iteration_3_merge_below_3/cnn_model/cnn14/plasma_tp1_0.1x_model_C4/roc_curve_resnet18_tf_0.03_0.1/nested_cv_random/resnet18/repeat_10_fold_5_metrics.csv,10,5,resnet18,"(0.03, 0.1]",C4,Sensitivity at 98% Specificity,0.3888888888888889
/scratchc/nrlab/wang04/ulyses_results_iteration/iteration_3_merge_below_3/cnn_model/cnn14/plasma_tp1_0.1x_model_C4/roc_curve_resnet18_tf_0.03_0.1/nested_cv_random/resnet18/repeat_10_fold_5_metrics.csv,10,5,resnet18,"(0.03, 0.1]",C4,PPV at 98% Specificity,1
/scratchc/nrlab/wang04/ulyses_results_iteration/iteration_3_merge_below_3/cnn_model/cnn14/plasma_tp1_0.1x_model_C4/roc_curve_resnet18_tf_0.03_0.1/nested_cv_random/resnet18/repeat_10_fold_5_metrics.csv,10,5,resnet18,"(0.03, 0.1]",C4,Accuracy at 98% Specificity,0.6844444444444444
/scratchc/nrlab/wang04/ulyses_results_iteration/iteration_3_merge_below_3/cnn_model/cnn14/plasma_tp1_0.1x_model_C4/roc_curve_resnet18_tf_0.03_0.1/nested_cv_random/resnet18/repeat_10_fold_5_metrics.csv,10,5,resnet18,"(0.03, 0.1]",C4,F1 at 98% Specificity,0.56
/scratchc/nrlab/wang04/ulyses_results_iteration/iteration_3_merge_below_3/cnn_model/cnn14/plasma_tp1_0.1x_model_C4/roc_curve_resnet18_tf_0.03_0.1/nested_cv_random/resnet18/repeat_10_fold_5_metrics.csv,10,5,resnet18,"(0.03, 0.1]",C4,Sensitivity at 95% Specificity,0.6388888888888888
/scratchc/nrlab/wang04/ulyses_results_iteration/iteration_3_merge_below_3/cnn_model/cnn14/plasma_tp1_0.1x_model_C4/roc_curve_resnet18_tf_0.03_0.1/nested_cv_random/resnet18/repeat_10_fold_5_metrics.csv,10,5,resnet18,"(0.03, 0.1]",C4,PPV at 95% Specificity,0.8846153846153846
/scratchc/nrlab/wang04/ulyses_results_iteration/iteration_3_merge_below_3/cnn_model/cnn14/plasma_tp1_0.1x_model_C4/roc_curve_resnet18_tf_0.03_0.1/nested_cv_random/resnet18/repeat_10_fold_5_metrics.csv,10,5,resnet18,"(0.03, 0.1]",C4,Accuracy at 95% Specificity,0.7725213675213676
/scratchc/nrlab/wang04/ulyses_results_iteration/iteration_3_merge_below_3/cnn_model/cnn14/plasma_tp1_0.1x_model_C4/roc_curve_resnet18_tf_0.03_0.1/nested_cv_random/resnet18/repeat_10_fold_5_metrics.csv,10,5,resnet18,"(0.03, 0.1]",C4,F1 at 95% Specificity,0.7419354838709677
/scratchc/nrlab/wang04/ulyses_results_iteration/iteration_3_merge_below_3/cnn_model/cnn14/plasma_tp1_0.1x_model_C4/roc_curve_resnet18_tf_0.1_1/nested_cv_random/resnet18/repeat_10_fold_5_metrics.csv,1,3,resnet18,"(0.1, 1]",C4,AUROC,0.9996114996114996
/scratchc/nrlab/wang04/ulyses_results_iteration/iteration_3_merge_below_3/cnn_model/cnn14/plasma_tp1_0.1x_model_C4/roc_curve_resnet18_tf_0.1_1/nested_cv_random/resnet18/repeat_10_fold_5_metrics.csv,1,3,resnet18,"(0.1, 1]",C4,AUPRC,0.9993589743589744
/scratchc/nrlab/wang04/ulyses_results_iteration/iteration_3_merge_below_3/cnn_model/cnn14/plasma_tp1_0.1x_model_C4/roc_curve_resnet18_tf_0.1_1/nested_cv_random/resnet18/repeat_10_fold_5_metrics.csv,1,3,resnet18,"(0.1, 1]",C4,Sensitivity at 99% Specificity,0.97435897435897445
/scratchc/nrlab/wang04/ulyses_results_iteration/iteration_3_merge_below_3/cnn_model/cnn14/plasma_tp1_0.1x_model_C4/roc_curve_resnet18_tf_0.1_1/nested_cv_random/resnet18/repeat_10_fold_5_metrics.csv,1,3,resnet18,"(0.1, 1]",C4,PPV at 99% Specificity,1
/scratchc/nrlab/wang04/ulyses_results_iteration/iteration_3_merge_below_3/cnn_model/cnn14/plasma_tp1_0.1x_model_C4/roc_curve_resnet18_tf_0.1_1/nested_cv_random/resnet18/repeat_10_fold_5_metrics.csv,1,3,resnet18,"(0.1, 1]",C4,Accuracy at 99% Specificity,0.9821794871794872
/scratchc/nrlab/wang04/ulyses_results_iteration/iteration_3_merge_below_3/cnn_model/cnn14/plasma_tp1_0.1x_model_C4/roc_curve_resnet18_tf_0.1_1/nested_cv_random/resnet18/repeat_10_fold_5_metrics.csv,1,3,resnet18,"(0.1, 1]",C4,F1 at 99% Specificity,0.987012987012987
/scratchc/nrlab/wang04/ulyses_results_iteration/iteration_3_merge_below_3/cnn_model/cnn14/plasma_tp1_0.1x_model_C4/roc_curve_resnet18_tf_0.1_1/nested_cv_random/resnet18/repeat_10_fold_5_metrics.csv,1,3,resnet18,"(0.1, 1]",C4,Sensitivity at 98% Specificity,0.97435897435897445
/scratchc/nrlab/wang04/ulyses_results_iteration/iteration_3_merge_below_3/cnn_model/cnn14/plasma_tp1_0.1x_model_C4/roc_curve_resnet18_tf_0.1_1/nested_cv_random/resnet18/repeat_10_fold_5_metrics.csv,1,3,resnet18,"(0.1, 1]",C4,PPV at 98% Specificity,1
/scratchc/nrlab/wang04/ulyses_results_iteration/iteration_3_merge_below_3/cnn_model/cnn14/plasma_tp1_0.1x_model_C4/roc_curve_resnet18_tf_0.1_1/nested_cv_random/resnet18/repeat_10_fold_5_metrics.csv,1,3,resnet18,"(0.1, 1]",C4,Accuracy at 98% Specificity,0.9771794871794872
/scratchc/nrlab/wang04/ulyses_results_iteration/iteration_3_merge_below_3/cnn_model/cnn14/plasma_tp1_0.1x_model_C4/roc_curve_resnet18_tf_0.1_1/nested_cv_random/resnet18/repeat_10_fold_5_metrics.csv,1,3,resnet18,"(0.1, 1]",C4,F1 at 98% Specificity,0.987012987012987
/scratchc/nrlab/wang04/ulyses_results_iteration/iteration_3_merge_below_3/cnn_model/cnn14/plasma_tp1_0.1x_model_C4/roc_curve_resnet18_tf_0.1_1/nested_cv_random/resnet18/repeat_10_fold_5_metrics.csv,1,3,resnet18,"(0.1, 1]",C4,Sensitivity at 95% Specificity,0.97435897435897445
/scratchc/nrlab/wang04/ulyses_results_iteration/iteration_3_merge_below_3/cnn_model/cnn14/plasma_tp1_0.1x_model_C4/roc_curve_resnet18_tf_0.1_1/nested_cv_random/resnet18/repeat_10_fold_5_metrics.csv,1,3,resnet18,"(0.1, 1]",C4,PPV at 95% Specificity,1
/scratchc/nrlab/wang04/ulyses_results_iteration/iteration_3_merge_below_3/cnn_model/cnn14/plasma_tp1_0.1x_model_C4/roc_curve_resnet18_tf_0.1_1/nested_cv_random/resnet18/repeat_10_fold_5_metrics.csv,1,3,resnet18,"(0.1, 1]",C4,Accuracy at 95% Specificity,0.9621794871794872
/scratchc/nrlab/wang04/ulyses_results_iteration/iteration_3_merge_below_3/cnn_model/cnn14/plasma_tp1_0.1x_model_C4/roc_curve_resnet18_tf_0.1_1/nested_cv_random/resnet18/repeat_10_fold_5_metrics.csv,1,3,resnet18,"(0.1, 1]",C4,F1 at 95% Specificity,0.987012987012987
/scratchc/nrlab/wang04/ulyses_results_iteration/iteration_3_merge_below_3/cnn_model/cnn14/plasma_tp1_0.1x_model_C4/roc_curve_resnet18_tf_0.1_1/nested_cv_random/resnet18/repeat_10_fold_5_metrics.csv,3,5,resnet18,"(0.1, 1]",C4,AUROC,0.9996220710506424
/scratchc/nrlab/wang04/ulyses_results_iteration/iteration_3_merge_below_3/cnn_model/cnn14/plasma_tp1_0.1x_model_C4/roc_curve_resnet18_tf_0.1_1/nested_cv_random/resnet18/repeat_10_fold_5_metrics.csv,3,5,resnet18,"(0.1, 1]",C4,AUPRC,0.9994462901439646
/scratchc/nrlab/wang04/ulyses_results_iteration/iteration_3_merge_below_3/cnn_model/cnn14/plasma_tp1_0.1x_model_C4/roc_curve_resnet18_tf_0.1_1/nested_cv_random/resnet18/repeat_10_fold_5_metrics.csv,3,5,resnet18,"(0.1, 1]",C4,Sensitivity at 99% Specificity,0.9761904761904762
/scratchc/nrlab/wang04/ulyses_results_iteration/iteration_3_merge_below_3/cnn_model/cnn14/plasma_tp1_0.1x_model_C4/roc_curve_resnet18_tf_0.1_1/nested_cv_random/resnet18/repeat_10_fold_5_metrics.csv,3,5,resnet18,"(0.1, 1]",C4,PPV at 99% Specificity,1
/scratchc/nrlab/wang04/ulyses_results_iteration/iteration_3_merge_below_3/cnn_model/cnn14/plasma_tp1_0.1x_model_C4/roc_curve_resnet18_tf_0.1_1/nested_cv_random/resnet18/repeat_10_fold_5_metrics.csv,3,5,resnet18,"(0.1, 1]",C4,Accuracy at 99% Specificity,0.983095238095238
/scratchc/nrlab/wang04/ulyses_results_iteration/iteration_3_merge_below_3/cnn_model/cnn14/plasma_tp1_0.1x_model_C4/roc_curve_resnet18_tf_0.1_1/nested_cv_random/resnet18/repeat_10_fold_5_metrics.csv,3,5,resnet18,"(0.1, 1]",C4,F1 at 99% Specificity,0.9879518072289156
/scratchc/nrlab/wang04/ulyses_results_iteration/iteration_3_merge_below_3/cnn_model/cnn14/plasma_tp1_0.1x_model_C4/roc_curve_resnet18_tf_0.1_1/nested_cv_random/resnet18/repeat_10_fold_5_metrics.csv,3,5,resnet18,"(0.1, 1]",C4,Sensitivity at 98% Specificity,0.9761904761904762
/scratchc/nrlab/wang04/ulyses_results_iteration/iteration_3_merge_below_3/cnn_model/cnn14/plasma_tp1_0.1x_model_C4/roc_curve_resnet18_tf_0.1_1/nested_cv_random/resnet18/repeat_10_fold_5_metrics.csv,3,5,resnet18,"(0.1, 1]",C4,PPV at 98% Specificity,1
/scratchc/nrlab/wang04/ulyses_results_iteration/iteration_3_merge_below_3/cnn_model/cnn14/plasma_tp1_0.1x_model_C4/roc_curve_resnet18_tf_0.1_1/nested_cv_random/resnet18/repeat_10_fold_5_metrics.csv,3,5,resnet18,"(0.1, 1]",C4,Accuracy at 98% Specificity,0.978095238095238
/scratchc/nrlab/wang04/ulyses_results_iteration/iteration_3_merge_below_3/cnn_model/cnn14/plasma_tp1_0.1x_model_C4/roc_curve_resnet18_tf_0.1_1/nested_cv_random/resnet18/repeat_10_fold_5_metrics.csv,3,5,resnet18,"(0.1, 1]",C4,F1 at 98% Specificity,0.9879518072289156
/scratchc/nrlab/wang04/ulyses_results_iteration/iteration_3_merge_below_3/cnn_model/cnn14/plasma_tp1_0.1x_model_C4/roc_curve_resnet18_tf_0.1_1/nested_cv_random/resnet18/repeat_10_fold_5_metrics.csv,3,5,resnet18,"(0.1, 1]",C4,Sensitivity at 95% Specificity,0.9761904761904762
/scratchc/nrlab/wang04/ulyses_results_iteration/iteration_3_merge_below_3/cnn_model/cnn14/plasma_tp1_0.1x_model_C4/roc_curve_resnet18_tf_0.1_1/nested_cv_random/resnet18/repeat_10_fold_5_metrics.csv,3,5,resnet18,"(0.1, 1]",C4,PPV at 95% Specificity,1
/scratchc/nrlab/wang04/ulyses_results_iteration/iteration_3_merge_below_3/cnn_model/cnn14/plasma_tp1_0.1x_model_C4/roc_curve_resnet18_tf_0.1_1/nested_cv_random/resnet18/repeat_10_fold_5_metrics.csv,3,5,resnet18,"(0.1, 1]",C4,Accuracy at 95% Specificity,0.963095238095238
/scratchc/nrlab/wang04/ulyses_results_iteration/iteration_3_merge_below_3/cnn_model/cnn14/plasma_tp1_0.1x_model_C4/roc_curve_resnet18_tf_0.1_1/nested_cv_random/resnet18/repeat_10_fold_5_metrics.csv,3,5,resnet18,"(0.1, 1]",C4,F1 at 95% Specificity,0.9879518072289156
/scratchc/nrlab/wang04/ulyses_results_iteration/iteration_3_merge_below_3/cnn_model/cnn14/plasma_tp1_0.1x_model_C4/roc_curve_resnet18_tf_0.1_1/nested_cv_random/resnet18/repeat_10_fold_5_metrics.csv,4,2,resnet18,"(0.1, 1]",C4,AUROC,0.9976331360946746
/scratchc/nrlab/wang04/ulyses_results_iteration/iteration_3_merge_below_3/cnn_model/cnn14/plasma_tp1_0.1x_model_C4/roc_curve_resnet18_tf_0.1_1/nested_cv_random/resnet18/repeat_10_fold_5_metrics.csv,4,2,resnet18,"(0.1, 1]",C4,AUPRC,0.9958888961925398
/scratchc/nrlab/wang04/ulyses_results_iteration/iteration_3_merge_below_3/cnn_model/cnn14/plasma_tp1_0.1x_model_C4/roc_curve_resnet18_tf_0.1_1/nested_cv_random/resnet18/repeat_10_fold_5_metrics.csv,4,2,resnet18,"(0.1, 1]",C4,Sensitivity at 99% Specificity,0.8461538461538461
/scratchc/nrlab/wang04/ulyses_results_iteration/iteration_3_merge_below_3/cnn_model/cnn14/plasma_tp1_0.1x_model_C4/roc_curve_resnet18_tf_0.1_1/nested_cv_random/resnet18/repeat_10_fold_5_metrics.csv,4,2,resnet18,"(0.1, 1]",C4,PPV at 99% Specificity,1
/scratchc/nrlab/wang04/ulyses_results_iteration/iteration_3_merge_below_3/cnn_model/cnn14/plasma_tp1_0.1x_model_C4/roc_curve_resnet18_tf_0.1_1/nested_cv_random/resnet18/repeat_10_fold_5_metrics.csv,4,2,resnet18,"(0.1, 1]",C4,Accuracy at 99% Specificity,0.918076923076923
/scratchc/nrlab/wang04/ulyses_results_iteration/iteration_3_merge_below_3/cnn_model/cnn14/plasma_tp1_0.1x_model_C4/roc_curve_resnet18_tf_0.1_1/nested_cv_random/resnet18/repeat_10_fold_5_metrics.csv,4,2,resnet18,"(0.1, 1]",C4,F1 at 99% Specificity,0.9166666666666666
/scratchc/nrlab/wang04/ulyses_results_iteration/iteration_3_merge_below_3/cnn_model/cnn14/plasma_tp1_0.1x_model_C4/roc_curve_resnet18_tf_0.1_1/nested_cv_random/resnet18/repeat_10_fold_5_metrics.csv,4,2,resnet18,"(0.1, 1]",C4,Sensitivity at 98% Specificity,0.8461538461538461
/scratchc/nrlab/wang04/ulyses_results_iteration/iteration_3_merge_below_3/cnn_model/cnn14/plasma_tp1_0.1x_model_C4/roc_curve_resnet18_tf_0.1_1/nested_cv_random/resnet18/repeat_10_fold_5_metrics.csv,4,2,resnet18,"(0.1, 1]",C4,PPV at 98% Specificity,1
/scratchc/nrlab/wang04/ulyses_results_iteration/iteration_3_merge_below_3/cnn_model/cnn14/plasma_tp1_0.1x_model_C4/roc_curve_resnet18_tf_0.1_1/nested_cv_random/resnet18/repeat_10_fold_5_metrics.csv,4,2,resnet18,"(0.1, 1]",C4,Accuracy at 98% Specificity,0.9130769230769232
/scratchc/nrlab/wang04/ulyses_results_iteration/iteration_3_merge_below_3/cnn_model/cnn14/plasma_tp1_0.1x_model_C4/roc_curve_resnet18_tf_0.1_1/nested_cv_random/resnet18/repeat_10_fold_5_metrics.csv,4,2,resnet18,"(0.1, 1]",C4,F1 at 98% Specificity,0.9166666666666666
/scratchc/nrlab/wang04/ulyses_results_iteration/iteration_3_merge_below_3/cnn_model/cnn14/plasma_tp1_0.1x_model_C4/roc_curve_resnet18_tf_0.1_1/nested_cv_random/resnet18/repeat_10_fold_5_metrics.csv,4,2,resnet18,"(0.1, 1]",C4,Sensitivity at 95% Specificity,0.8461538461538461
/scratchc/nrlab/wang04/ulyses_results_iteration/iteration_3_merge_below_3/cnn_model/cnn14/plasma_tp1_0.1x_model_C4/roc_curve_resnet18_tf_0.1_1/nested_cv_random/resnet18/repeat_10_fold_5_metrics.csv,4,2,resnet18,"(0.1, 1]",C4,PPV at 95% Specificity,1
/scratchc/nrlab/wang04/ulyses_results_iteration/iteration_3_merge_below_3/cnn_model/cnn14/plasma_tp1_0.1x_model_C4/roc_curve_resnet18_tf_0.1_1/nested_cv_random/resnet18/repeat_10_fold_5_metrics.csv,4,2,resnet18,"(0.1, 1]",C4,Accuracy at 95% Specificity,0.898076923076923
/scratchc/nrlab/wang04/ulyses_results_iteration/iteration_3_merge_below_3/cnn_model/cnn14/plasma_tp1_0.1x_model_C4/roc_curve_resnet18_tf_0.1_1/nested_cv_random/resnet18/repeat_10_fold_5_metrics.csv,4,2,resnet18,"(0.1, 1]",C4,F1 at 95% Specificity,0.9166666666666666
/scratchc/nrlab/wang04/ulyses_results_iteration/iteration_3_merge_below_3/cnn_model/cnn14/plasma_tp1_0.1x_model_C4/roc_curve_resnet18_tf_0.1_1/nested_cv_random/resnet18/repeat_10_fold_5_metrics.csv,4,4,resnet18,"(0.1, 1]",C4,AUROC,0.9988038277511962
/scratchc/nrlab/wang04/ulyses_results_iteration/iteration_3_merge_below_3/cnn_model/cnn14/plasma_tp1_0.1x_model_C4/roc_curve_resnet18_tf_0.1_1/nested_cv_random/resnet18/repeat_10_fold_5_metrics.csv,4,4,resnet18,"(0.1, 1]",C4,AUPRC,0.9979916897506924
/scratchc/nrlab/wang04/ulyses_results_iteration/iteration_3_merge_below_3/cnn_model/cnn14/plasma_tp1_0.1x_model_C4/roc_curve_resnet18_tf_0.1_1/nested_cv_random/resnet18/repeat_10_fold_5_metrics.csv,4,4,resnet18,"(0.1, 1]",C4,Sensitivity at 99% Specificity,0.9473684210526316
/scratchc/nrlab/wang04/ulyses_results_iteration/iteration_3_merge_below_3/cnn_model/cnn14/plasma_tp1_0.1x_model_C4/roc_curve_resnet18_tf_0.1_1/nested_cv_random/resnet18/repeat_10_fold_5_metrics.csv,4,4,resnet18,"(0.1, 1]",C4,PPV at 99% Specificity,1
/scratchc/nrlab/wang04/ulyses_results_iteration/iteration_3_merge_below_3/cnn_model/cnn14/plasma_tp1_0.1x_model_C4/roc_curve_resnet18_tf_0.1_1/nested_cv_random/resnet18/repeat_10_fold_5_metrics.csv,4,4,resnet18,"(0.1, 1]",C4,Accuracy at 99% Specificity,0.9686842105263158
/scratchc/nrlab/wang04/ulyses_results_iteration/iteration_3_merge_below_3/cnn_model/cnn14/plasma_tp1_0.1x_model_C4/roc_curve_resnet18_tf_0.1_1/nested_cv_random/resnet18/repeat_10_fold_5_metrics.csv,4,4,resnet18,"(0.1, 1]",C4,F1 at 99% Specificity,0.972972972972973
/scratchc/nrlab/wang04/ulyses_results_iteration/iteration_3_merge_below_3/cnn_model/cnn14/plasma_tp1_0.1x_model_C4/roc_curve_resnet18_tf_0.1_1/nested_cv_random/resnet18/repeat_10_fold_5_metrics.csv,4,4,resnet18,"(0.1, 1]",C4,Sensitivity at 98% Specificity,0.9473684210526316
/scratchc/nrlab/wang04/ulyses_results_iteration/iteration_3_merge_below_3/cnn_model/cnn14/plasma_tp1_0.1x_model_C4/roc_curve_resnet18_tf_0.1_1/nested_cv_random/resnet18/repeat_10_fold_5_metrics.csv,4,4,resnet18,"(0.1, 1]",C4,PPV at 98% Specificity,1
/scratchc/nrlab/wang04/ulyses_results_iteration/iteration_3_merge_below_3/cnn_model/cnn14/plasma_tp1_0.1x_model_C4/roc_curve_resnet18_tf_0.1_1/nested_cv_random/resnet18/repeat_10_fold_5_metrics.csv,4,4,resnet18,"(0.1, 1]",C4,Accuracy at 98% Specificity,0.9636842105263156
/scratchc/nrlab/wang04/ulyses_results_iteration/iteration_3_merge_below_3/cnn_model/cnn14/plasma_tp1_0.1x_model_C4/roc_curve_resnet18_tf_0.1_1/nested_cv_random/resnet18/repeat_10_fold_5_metrics.csv,4,4,resnet18,"(0.1, 1]",C4,F1 at 98% Specificity,0.972972972972973
/scratchc/nrlab/wang04/ulyses_results_iteration/iteration_3_merge_below_3/cnn_model/cnn14/plasma_tp1_0.1x_model_C4/roc_curve_resnet18_tf_0.1_1/nested_cv_random/resnet18/repeat_10_fold_5_metrics.csv,4,4,resnet18,"(0.1, 1]",C4,Sensitivity at 95% Specificity,0.9736842105263158
/scratchc/nrlab/wang04/ulyses_results_iteration/iteration_3_merge_below_3/cnn_model/cnn14/plasma_tp1_0.1x_model_C4/roc_curve_resnet18_tf_0.1_1/nested_cv_random/resnet18/repeat_10_fold_5_metrics.csv,4,4,resnet18,"(0.1, 1]",C4,PPV at 95% Specificity,0.9736842105263158
/scratchc/nrlab/wang04/ulyses_results_iteration/iteration_3_merge_below_3/cnn_model/cnn14/plasma_tp1_0.1x_model_C4/roc_curve_resnet18_tf_0.1_1/nested_cv_random/resnet18/repeat_10_fold_5_metrics.csv,4,4,resnet18,"(0.1, 1]",C4,Accuracy at 95% Specificity,0.9546451355661882
/scratchc/nrlab/wang04/ulyses_results_iteration/iteration_3_merge_below_3/cnn_model/cnn14/plasma_tp1_0.1x_model_C4/roc_curve_resnet18_tf_0.1_1/nested_cv_random/resnet18/repeat_10_fold_5_metrics.csv,4,4,resnet18,"(0.1, 1]",C4,F1 at 95% Specificity,0.9736842105263158
/scratchc/nrlab/wang04/ulyses_results_iteration/iteration_3_merge_below_3/cnn_model/cnn14/plasma_tp1_0.1x_model_C4/roc_curve_resnet18_tf_0.1_1/nested_cv_random/resnet18/repeat_10_fold_5_metrics.csv,5,4,resnet18,"(0.1, 1]",C4,AUROC,0.999624765478424
/scratchc/nrlab/wang04/ulyses_results_iteration/iteration_3_merge_below_3/cnn_model/cnn14/plasma_tp1_0.1x_model_C4/roc_curve_resnet18_tf_0.1_1/nested_cv_random/resnet18/repeat_10_fold_5_metrics.csv,5,4,resnet18,"(0.1, 1]",C4,AUPRC,0.9994192799070848
/scratchc/nrlab/wang04/ulyses_results_iteration/iteration_3_merge_below_3/cnn_model/cnn14/plasma_tp1_0.1x_model_C4/roc_curve_resnet18_tf_0.1_1/nested_cv_random/resnet18/repeat_10_fold_5_metrics.csv,5,4,resnet18,"(0.1, 1]",C4,Sensitivity at 99% Specificity,0.975609756097561
/scratchc/nrlab/wang04/ulyses_results_iteration/iteration_3_merge_below_3/cnn_model/cnn14/plasma_tp1_0.1x_model_C4/roc_curve_resnet18_tf_0.1_1/nested_cv_random/resnet18/repeat_10_fold_5_metrics.csv,5,4,resnet18,"(0.1, 1]",C4,PPV at 99% Specificity,1
/scratchc/nrlab/wang04/ulyses_results_iteration/iteration_3_merge_below_3/cnn_model/cnn14/plasma_tp1_0.1x_model_C4/roc_curve_resnet18_tf_0.1_1/nested_cv_random/resnet18/repeat_10_fold_5_metrics.csv,5,4,resnet18,"(0.1, 1]",C4,Accuracy at 99% Specificity,0.9828048780487804
/scratchc/nrlab/wang04/ulyses_results_iteration/iteration_3_merge_below_3/cnn_model/cnn14/plasma_tp1_0.1x_model_C4/roc_curve_resnet18_tf_0.1_1/nested_cv_random/resnet18/repeat_10_fold_5_metrics.csv,5,4,resnet18,"(0.1, 1]",C4,F1 at 99% Specificity,0.9876543209876544
/scratchc/nrlab/wang04/ulyses_results_iteration/iteration_3_merge_below_3/cnn_model/cnn14/plasma_tp1_0.1x_model_C4/roc_curve_resnet18_tf_0.1_1/nested_cv_random/resnet18/repeat_10_fold_5_metrics.csv,5,4,resnet18,"(0.1, 1]",C4,Sensitivity at 98% Specificity,0.975609756097561
/scratchc/nrlab/wang04/ulyses_results_iteration/iteration_3_merge_below_3/cnn_model/cnn14/plasma_tp1_0.1x_model_C4/roc_curve_resnet18_tf_0.1_1/nested_cv_random/resnet18/repeat_10_fold_5_metrics.csv,5,4,resnet18,"(0.1, 1]",C4,PPV at 98% Specificity,1
/scratchc/nrlab/wang04/ulyses_results_iteration/iteration_3_merge_below_3/cnn_model/cnn14/plasma_tp1_0.1x_model_C4/roc_curve_resnet18_tf_0.1_1/nested_cv_random/resnet18/repeat_10_fold_5_metrics.csv,5,4,resnet18,"(0.1, 1]",C4,Accuracy at 98% Specificity,0.9778048780487804
/scratchc/nrlab/wang04/ulyses_results_iteration/iteration_3_merge_below_3/cnn_model/cnn14/plasma_tp1_0.1x_model_C4/roc_curve_resnet18_tf_0.1_1/nested_cv_random/resnet18/repeat_10_fold_5_metrics.csv,5,4,resnet18,"(0.1, 1]",C4,F1 at 98% Specificity,0.9876543209876544
/scratchc/nrlab/wang04/ulyses_results_iteration/iteration_3_merge_below_3/cnn_model/cnn14/plasma_tp1_0.1x_model_C4/roc_curve_resnet18_tf_0.1_1/nested_cv_random/resnet18/repeat_10_fold_5_metrics.csv,5,4,resnet18,"(0.1, 1]",C4,Sensitivity at 95% Specificity,0.975609756097561
/scratchc/nrlab/wang04/ulyses_results_iteration/iteration_3_merge_below_3/cnn_model/cnn14/plasma_tp1_0.1x_model_C4/roc_curve_resnet18_tf_0.1_1/nested_cv_random/resnet18/repeat_10_fold_5_metrics.csv,5,4,resnet18,"(0.1, 1]",C4,PPV at 95% Specificity,1
/scratchc/nrlab/wang04/ulyses_results_iteration/iteration_3_merge_below_3/cnn_model/cnn14/plasma_tp1_0.1x_model_C4/roc_curve_resnet18_tf_0.1_1/nested_cv_random/resnet18/repeat_10_fold_5_metrics.csv,5,4,resnet18,"(0.1, 1]",C4,Accuracy at 95% Specificity,0.9628048780487805
/scratchc/nrlab/wang04/ulyses_results_iteration/iteration_3_merge_below_3/cnn_model/cnn14/plasma_tp1_0.1x_model_C4/roc_curve_resnet18_tf_0.1_1/nested_cv_random/resnet18/repeat_10_fold_5_metrics.csv,5,4,resnet18,"(0.1, 1]",C4,F1 at 95% Specificity,0.9876543209876544
/scratchc/nrlab/wang04/ulyses_results_iteration/iteration_3_merge_below_3/cnn_model/cnn14/plasma_tp1_0.1x_model_C4/roc_curve_resnet18_tf_0.1_1/nested_cv_random/resnet18/repeat_10_fold_5_metrics.csv,6,2,resnet18,"(0.1, 1]",C4,AUROC,0.9996055226824458
/scratchc/nrlab/wang04/ulyses_results_iteration/iteration_3_merge_below_3/cnn_model/cnn14/plasma_tp1_0.1x_model_C4/roc_curve_resnet18_tf_0.1_1/nested_cv_random/resnet18/repeat_10_fold_5_metrics.csv,6,2,resnet18,"(0.1, 1]",C4,AUPRC,0.9993589743589744
/scratchc/nrlab/wang04/ulyses_results_iteration/iteration_3_merge_below_3/cnn_model/cnn14/plasma_tp1_0.1x_model_C4/roc_curve_resnet18_tf_0.1_1/nested_cv_random/resnet18/repeat_10_fold_5_metrics.csv,6,2,resnet18,"(0.1, 1]",C4,Sensitivity at 99% Specificity,0.97435897435897445
/scratchc/nrlab/wang04/ulyses_results_iteration/iteration_3_merge_below_3/cnn_model/cnn14/plasma_tp1_0.1x_model_C4/roc_curve_resnet18_tf_0.1_1/nested_cv_random/resnet18/repeat_10_fold_5_metrics.csv,6,2,resnet18,"(0.1, 1]",C4,PPV at 99% Specificity,1
/scratchc/nrlab/wang04/ulyses_results_iteration/iteration_3_merge_below_3/cnn_model/cnn14/plasma_tp1_0.1x_model_C4/roc_curve_resnet18_tf_0.1_1/nested_cv_random/resnet18/repeat_10_fold_5_metrics.csv,6,2,resnet18,"(0.1, 1]",C4,Accuracy at 99% Specificity,0.9821794871794872
/scratchc/nrlab/wang04/ulyses_results_iteration/iteration_3_merge_below_3/cnn_model/cnn14/plasma_tp1_0.1x_model_C4/roc_curve_resnet18_tf_0.1_1/nested_cv_random/resnet18/repeat_10_fold_5_metrics.csv,6,2,resnet18,"(0.1, 1]",C4,F1 at 99% Specificity,0.987012987012987
/scratchc/nrlab/wang04/ulyses_results_iteration/iteration_3_merge_below_3/cnn_model/cnn14/plasma_tp1_0.1x_model_C4/roc_curve_resnet18_tf_0.1_1/nested_cv_random/resnet18/repeat_10_fold_5_metrics.csv,6,2,resnet18,"(0.1, 1]",C4,Sensitivity at 98% Specificity,0.97435897435897445
/scratchc/nrlab/wang04/ulyses_results_iteration/iteration_3_merge_below_3/cnn_model/cnn14/plasma_tp1_0.1x_model_C4/roc_curve_resnet18_tf_0.1_1/nested_cv_random/resnet18/repeat_10_fold_5_metrics.csv,6,2,resnet18,"(0.1, 1]",C4,PPV at 98% Specificity,1
/scratchc/nrlab/wang04/ulyses_results_iteration/iteration_3_merge_below_3/cnn_model/cnn14/plasma_tp1_0.1x_model_C4/roc_curve_resnet18_tf_0.1_1/nested_cv_random/resnet18/repeat_10_fold_5_metrics.csv,6,2,resnet18,"(0.1, 1]",C4,Accuracy at 98% Specificity,0.9771794871794872
/scratchc/nrlab/wang04/ulyses_results_iteration/iteration_3_merge_below_3/cnn_model/cnn14/plasma_tp1_0.1x_model_C4/roc_curve_resnet18_tf_0.1_1/nested_cv_random/resnet18/repeat_10_fold_5_metrics.csv,6,2,resnet18,"(0.1, 1]",C4,F1 at 98% Specificity,0.987012987012987
/scratchc/nrlab/wang04/ulyses_results_iteration/iteration_3_merge_below_3/cnn_model/cnn14/plasma_tp1_0.1x_model_C4/roc_curve_resnet18_tf_0.1_1/nested_cv_random/resnet18/repeat_10_fold_5_metrics.csv,6,2,resnet18,"(0.1, 1]",C4,Sensitivity at 95% Specificity,0.97435897435897445
/scratchc/nrlab/wang04/ulyses_results_iteration/iteration_3_merge_below_3/cnn_model/cnn14/plasma_tp1_0.1x_model_C4/roc_curve_resnet18_tf_0.1_1/nested_cv_random/resnet18/repeat_10_fold_5_metrics.csv,6,2,resnet18,"(0.1, 1]",C4,PPV at 95% Specificity,1
/scratchc/nrlab/wang04/ulyses_results_iteration/iteration_3_merge_below_3/cnn_model/cnn14/plasma_tp1_0.1x_model_C4/roc_curve_resnet18_tf_0.1_1/nested_cv_random/resnet18/repeat_10_fold_5_metrics.csv,6,2,resnet18,"(0.1, 1]",C4,Accuracy at 95% Specificity,0.9621794871794872
/scratchc/nrlab/wang04/ulyses_results_iteration/iteration_3_merge_below_3/cnn_model/cnn14/plasma_tp1_0.1x_model_C4/roc_curve_resnet18_tf_0.1_1/nested_cv_random/resnet18/repeat_10_fold_5_metrics.csv,6,2,resnet18,"(0.1, 1]",C4,F1 at 95% Specificity,0.987012987012987
/scratchc/nrlab/wang04/ulyses_results_iteration/iteration_3_merge_below_3/cnn_model/cnn14/plasma_tp1_0.1x_model_C4/roc_curve_resnet18_tf_0.1_1/nested_cv_random/resnet18/repeat_10_fold_5_metrics.csv,8,1,resnet18,"(0.1, 1]",C4,AUROC,0.9953125
/scratchc/nrlab/wang04/ulyses_results_iteration/iteration_3_merge_below_3/cnn_model/cnn14/plasma_tp1_0.1x_model_C4/roc_curve_resnet18_tf_0.1_1/nested_cv_random/resnet18/repeat_10_fold_5_metrics.csv,8,1,resnet18,"(0.1, 1]",C4,AUPRC,0.9933099887083064
/scratchc/nrlab/wang04/ulyses_results_iteration/iteration_3_merge_below_3/cnn_model/cnn14/plasma_tp1_0.1x_model_C4/roc_curve_resnet18_tf_0.1_1/nested_cv_random/resnet18/repeat_10_fold_5_metrics.csv,8,1,resnet18,"(0.1, 1]",C4,Sensitivity at 99% Specificity,0.925
/scratchc/nrlab/wang04/ulyses_results_iteration/iteration_3_merge_below_3/cnn_model/cnn14/plasma_tp1_0.1x_model_C4/roc_curve_resnet18_tf_0.1_1/nested_cv_random/resnet18/repeat_10_fold_5_metrics.csv,8,1,resnet18,"(0.1, 1]",C4,PPV at 99% Specificity,1
/scratchc/nrlab/wang04/ulyses_results_iteration/iteration_3_merge_below_3/cnn_model/cnn14/plasma_tp1_0.1x_model_C4/roc_curve_resnet18_tf_0.1_1/nested_cv_random/resnet18/repeat_10_fold_5_metrics.csv,8,1,resnet18,"(0.1, 1]",C4,Accuracy at 99% Specificity,0.9575
/scratchc/nrlab/wang04/ulyses_results_iteration/iteration_3_merge_below_3/cnn_model/cnn14/plasma_tp1_0.1x_model_C4/roc_curve_resnet18_tf_0.1_1/nested_cv_random/resnet18/repeat_10_fold_5_metrics.csv,8,1,resnet18,"(0.1, 1]",C4,F1 at 99% Specificity,0.961038961038961
/scratchc/nrlab/wang04/ulyses_results_iteration/iteration_3_merge_below_3/cnn_model/cnn14/plasma_tp1_0.1x_model_C4/roc_curve_resnet18_tf_0.1_1/nested_cv_random/resnet18/repeat_10_fold_5_metrics.csv,8,1,resnet18,"(0.1, 1]",C4,Sensitivity at 98% Specificity,0.925
/scratchc/nrlab/wang04/ulyses_results_iteration/iteration_3_merge_below_3/cnn_model/cnn14/plasma_tp1_0.1x_model_C4/roc_curve_resnet18_tf_0.1_1/nested_cv_random/resnet18/repeat_10_fold_5_metrics.csv,8,1,resnet18,"(0.1, 1]",C4,PPV at 98% Specificity,1
/scratchc/nrlab/wang04/ulyses_results_iteration/iteration_3_merge_below_3/cnn_model/cnn14/plasma_tp1_0.1x_model_C4/roc_curve_resnet18_tf_0.1_1/nested_cv_random/resnet18/repeat_10_fold_5_metrics.csv,8,1,resnet18,"(0.1, 1]",C4,Accuracy at 98% Specificity,0.9525
/scratchc/nrlab/wang04/ulyses_results_iteration/iteration_3_merge_below_3/cnn_model/cnn14/plasma_tp1_0.1x_model_C4/roc_curve_resnet18_tf_0.1_1/nested_cv_random/resnet18/repeat_10_fold_5_metrics.csv,8,1,resnet18,"(0.1, 1]",C4,F1 at 98% Specificity,0.961038961038961
/scratchc/nrlab/wang04/ulyses_results_iteration/iteration_3_merge_below_3/cnn_model/cnn14/plasma_tp1_0.1x_model_C4/roc_curve_resnet18_tf_0.1_1/nested_cv_random/resnet18/repeat_10_fold_5_metrics.csv,8,1,resnet18,"(0.1, 1]",C4,Sensitivity at 95% Specificity,0.95
/scratchc/nrlab/wang04/ulyses_results_iteration/iteration_3_merge_below_3/cnn_model/cnn14/plasma_tp1_0.1x_model_C4/roc_curve_resnet18_tf_0.1_1/nested_cv_random/resnet18/repeat_10_fold_5_metrics.csv,8,1,resnet18,"(0.1, 1]",C4,PPV at 95% Specificity,0.926829268292683
/scratchc/nrlab/wang04/ulyses_results_iteration/iteration_3_merge_below_3/cnn_model/cnn14/plasma_tp1_0.1x_model_C4/roc_curve_resnet18_tf_0.1_1/nested_cv_random/resnet18/repeat_10_fold_5_metrics.csv,8,1,resnet18,"(0.1, 1]",C4,Accuracy at 95% Specificity,0.927734375
/scratchc/nrlab/wang04/ulyses_results_iteration/iteration_3_merge_below_3/cnn_model/cnn14/plasma_tp1_0.1x_model_C4/roc_curve_resnet18_tf_0.1_1/nested_cv_random/resnet18/repeat_10_fold_5_metrics.csv,8,1,resnet18,"(0.1, 1]",C4,F1 at 95% Specificity,0.9382716049382716
/scratchc/nrlab/wang04/ulyses_results_iteration/iteration_3_merge_below_3/cnn_model/cnn14/plasma_tp1_0.1x_model_C4/roc_curve_resnet18_tf_0.1_1/nested_cv_random/resnet18/repeat_10_fold_5_metrics.csv,8,4,resnet18,"(0.1, 1]",C4,AUROC,0.99961285327139
/scratchc/nrlab/wang04/ulyses_results_iteration/iteration_3_merge_below_3/cnn_model/cnn14/plasma_tp1_0.1x_model_C4/roc_curve_resnet18_tf_0.1_1/nested_cv_random/resnet18/repeat_10_fold_5_metrics.csv,8,4,resnet18,"(0.1, 1]",C4,AUPRC,0.9994192799070848
/scratchc/nrlab/wang04/ulyses_results_iteration/iteration_3_merge_below_3/cnn_model/cnn14/plasma_tp1_0.1x_model_C4/roc_curve_resnet18_tf_0.1_1/nested_cv_random/resnet18/repeat_10_fold_5_metrics.csv,8,4,resnet18,"(0.1, 1]",C4,Sensitivity at 99% Specificity,0.975609756097561
/scratchc/nrlab/wang04/ulyses_results_iteration/iteration_3_merge_below_3/cnn_model/cnn14/plasma_tp1_0.1x_model_C4/roc_curve_resnet18_tf_0.1_1/nested_cv_random/resnet18/repeat_10_fold_5_metrics.csv,8,4,resnet18,"(0.1, 1]",C4,PPV at 99% Specificity,1
/scratchc/nrlab/wang04/ulyses_results_iteration/iteration_3_merge_below_3/cnn_model/cnn14/plasma_tp1_0.1x_model_C4/roc_curve_resnet18_tf_0.1_1/nested_cv_random/resnet18/repeat_10_fold_5_metrics.csv,8,4,resnet18,"(0.1, 1]",C4,Accuracy at 99% Specificity,0.9828048780487804
/scratchc/nrlab/wang04/ulyses_results_iteration/iteration_3_merge_below_3/cnn_model/cnn14/plasma_tp1_0.1x_model_C4/roc_curve_resnet18_tf_0.1_1/nested_cv_random/resnet18/repeat_10_fold_5_metrics.csv,8,4,resnet18,"(0.1, 1]",C4,F1 at 99% Specificity,0.9876543209876544
/scratchc/nrlab/wang04/ulyses_results_iteration/iteration_3_merge_below_3/cnn_model/cnn14/plasma_tp1_0.1x_model_C4/roc_curve_resnet18_tf_0.1_1/nested_cv_random/resnet18/repeat_10_fold_5_metrics.csv,8,4,resnet18,"(0.1, 1]",C4,Sensitivity at 98% Specificity,0.975609756097561
/scratchc/nrlab/wang04/ulyses_results_iteration/iteration_3_merge_below_3/cnn_model/cnn14/plasma_tp1_0.1x_model_C4/roc_curve_resnet18_tf_0.1_1/nested_cv_random/resnet18/repeat_10_fold_5_metrics.csv,8,4,resnet18,"(0.1, 1]",C4,PPV at 98% Specificity,1
/scratchc/nrlab/wang04/ulyses_results_iteration/iteration_3_merge_below_3/cnn_model/cnn14/plasma_tp1_0.1x_model_C4/roc_curve_resnet18_tf_0.1_1/nested_cv_random/resnet18/repeat_10_fold_5_metrics.csv,8,4,resnet18,"(0.1, 1]",C4,Accuracy at 98% Specificity,0.9778048780487804
/scratchc/nrlab/wang04/ulyses_results_iteration/iteration_3_merge_below_3/cnn_model/cnn14/plasma_tp1_0.1x_model_C4/roc_curve_resnet18_tf_0.1_1/nested_cv_random/resnet18/repeat_10_fold_5_metrics.csv,8,4,resnet18,"(0.1, 1]",C4,F1 at 98% Specificity,0.9876543209876544
/scratchc/nrlab/wang04/ulyses_results_iteration/iteration_3_merge_below_3/cnn_model/cnn14/plasma_tp1_0.1x_model_C4/roc_curve_resnet18_tf_0.1_1/nested_cv_random/resnet18/repeat_10_fold_5_metrics.csv,8,4,resnet18,"(0.1, 1]",C4,Sensitivity at 95% Specificity,0.975609756097561
/scratchc/nrlab/wang04/ulyses_results_iteration/iteration_3_merge_below_3/cnn_model/cnn14/plasma_tp1_0.1x_model_C4/roc_curve_resnet18_tf_0.1_1/nested_cv_random/resnet18/repeat_10_fold_5_metrics.csv,8,4,resnet18,"(0.1, 1]",C4,PPV at 95% Specificity,1
/scratchc/nrlab/wang04/ulyses_results_iteration/iteration_3_merge_below_3/cnn_model/cnn14/plasma_tp1_0.1x_model_C4/roc_curve_resnet18_tf_0.1_1/nested_cv_random/resnet18/repeat_10_fold_5_metrics.csv,8,4,resnet18,"(0.1, 1]",C4,Accuracy at 95% Specificity,0.9628048780487805
/scratchc/nrlab/wang04/ulyses_results_iteration/iteration_3_merge_below_3/cnn_model/cnn14/plasma_tp1_0.1x_model_C4/roc_curve_resnet18_tf_0.1_1/nested_cv_random/resnet18/repeat_10_fold_5_metrics.csv,8,4,resnet18,"(0.1, 1]",C4,F1 at 95% Specificity,0.9876543209876544
/scratchc/nrlab/wang04/ulyses_results_iteration/iteration_3_merge_below_3/cnn_model/cnn14/plasma_tp1_0.1x_model_C4/roc_curve_resnet18_tf_0.1_1/nested_cv_random/resnet18/repeat_10_fold_5_metrics.csv,9,5,resnet18,"(0.1, 1]",C4,AUROC,0.9932216905901116
/scratchc/nrlab/wang04/ulyses_results_iteration/iteration_3_merge_below_3/cnn_model/cnn14/plasma_tp1_0.1x_model_C4/roc_curve_resnet18_tf_0.1_1/nested_cv_random/resnet18/repeat_10_fold_5_metrics.csv,9,5,resnet18,"(0.1, 1]",C4,AUPRC,0.9895352232308754
/scratchc/nrlab/wang04/ulyses_results_iteration/iteration_3_merge_below_3/cnn_model/cnn14/plasma_tp1_0.1x_model_C4/roc_curve_resnet18_tf_0.1_1/nested_cv_random/resnet18/repeat_10_fold_5_metrics.csv,9,5,resnet18,"(0.1, 1]",C4,Sensitivity at 99% Specificity,0.8947368421052632
/scratchc/nrlab/wang04/ulyses_results_iteration/iteration_3_merge_below_3/cnn_model/cnn14/plasma_tp1_0.1x_model_C4/roc_curve_resnet18_tf_0.1_1/nested_cv_random/resnet18/repeat_10_fold_5_metrics.csv,9,5,resnet18,"(0.1, 1]",C4,PPV at 99% Specificity,1
/scratchc/nrlab/wang04/ulyses_results_iteration/iteration_3_merge_below_3/cnn_model/cnn14/plasma_tp1_0.1x_model_C4/roc_curve_resnet18_tf_0.1_1/nested_cv_random/resnet18/repeat_10_fold_5_metrics.csv,9,5,resnet18,"(0.1, 1]",C4,Accuracy at 99% Specificity,0.9423684210526316
/scratchc/nrlab/wang04/ulyses_results_iteration/iteration_3_merge_below_3/cnn_model/cnn14/plasma_tp1_0.1x_model_C4/roc_curve_resnet18_tf_0.1_1/nested_cv_random/resnet18/repeat_10_fold_5_metrics.csv,9,5,resnet18,"(0.1, 1]",C4,F1 at 99% Specificity,0.9444444444444444
/scratchc/nrlab/wang04/ulyses_results_iteration/iteration_3_merge_below_3/cnn_model/cnn14/plasma_tp1_0.1x_model_C4/roc_curve_resnet18_tf_0.1_1/nested_cv_random/resnet18/repeat_10_fold_5_metrics.csv,9,5,resnet18,"(0.1, 1]",C4,Sensitivity at 98% Specificity,0.8947368421052632
/scratchc/nrlab/wang04/ulyses_results_iteration/iteration_3_merge_below_3/cnn_model/cnn14/plasma_tp1_0.1x_model_C4/roc_curve_resnet18_tf_0.1_1/nested_cv_random/resnet18/repeat_10_fold_5_metrics.csv,9,5,resnet18,"(0.1, 1]",C4,PPV at 98% Specificity,1
/scratchc/nrlab/wang04/ulyses_results_iteration/iteration_3_merge_below_3/cnn_model/cnn14/plasma_tp1_0.1x_model_C4/roc_curve_resnet18_tf_0.1_1/nested_cv_random/resnet18/repeat_10_fold_5_metrics.csv,9,5,resnet18,"(0.1, 1]",C4,Accuracy at 98% Specificity,0.9373684210526316
/scratchc/nrlab/wang04/ulyses_results_iteration/iteration_3_merge_below_3/cnn_model/cnn14/plasma_tp1_0.1x_model_C4/roc_curve_resnet18_tf_0.1_1/nested_cv_random/resnet18/repeat_10_fold_5_metrics.csv,9,5,resnet18,"(0.1, 1]",C4,F1 at 98% Specificity,0.9444444444444444
/scratchc/nrlab/wang04/ulyses_results_iteration/iteration_3_merge_below_3/cnn_model/cnn14/plasma_tp1_0.1x_model_C4/roc_curve_resnet18_tf_0.1_1/nested_cv_random/resnet18/repeat_10_fold_5_metrics.csv,9,5,resnet18,"(0.1, 1]",C4,Sensitivity at 95% Specificity,0.9210526315789472
/scratchc/nrlab/wang04/ulyses_results_iteration/iteration_3_merge_below_3/cnn_model/cnn14/plasma_tp1_0.1x_model_C4/roc_curve_resnet18_tf_0.1_1/nested_cv_random/resnet18/repeat_10_fold_5_metrics.csv,9,5,resnet18,"(0.1, 1]",C4,PPV at 95% Specificity,0.945945945945946
/scratchc/nrlab/wang04/ulyses_results_iteration/iteration_3_merge_below_3/cnn_model/cnn14/plasma_tp1_0.1x_model_C4/roc_curve_resnet18_tf_0.1_1/nested_cv_random/resnet18/repeat_10_fold_5_metrics.csv,9,5,resnet18,"(0.1, 1]",C4,Accuracy at 95% Specificity,0.9211323763955342
/scratchc/nrlab/wang04/ulyses_results_iteration/iteration_3_merge_below_3/cnn_model/cnn14/plasma_tp1_0.1x_model_C4/roc_curve_resnet18_tf_0.1_1/nested_cv_random/resnet18/repeat_10_fold_5_metrics.csv,9,5,resnet18,"(0.1, 1]",C4,F1 at 95% Specificity,0.9333333333333332
/scratchc/nrlab/wang04/ulyses_results_iteration/iteration_3_merge_below_3/cnn_model/cnn14/plasma_tp1_0.1x_model_C5/roc_curve_resnet18_tf_0_0.03/nested_cv_random/resnet18/repeat_10_fold_5_metrics.csv,1,2,resnet18,"[0, 0.03]",C5,AUROC,0.9344729344729344
/scratchc/nrlab/wang04/ulyses_results_iteration/iteration_3_merge_below_3/cnn_model/cnn14/plasma_tp1_0.1x_model_C5/roc_curve_resnet18_tf_0_0.03/nested_cv_random/resnet18/repeat_10_fold_5_metrics.csv,1,2,resnet18,"[0, 0.03]",C5,AUPRC,0.959726804919279
/scratchc/nrlab/wang04/ulyses_results_iteration/iteration_3_merge_below_3/cnn_model/cnn14/plasma_tp1_0.1x_model_C5/roc_curve_resnet18_tf_0_0.03/nested_cv_random/resnet18/repeat_10_fold_5_metrics.csv,1,2,resnet18,"[0, 0.03]",C5,Sensitivity at 99% Specificity,0.4444444444444444
/scratchc/nrlab/wang04/ulyses_results_iteration/iteration_3_merge_below_3/cnn_model/cnn14/plasma_tp1_0.1x_model_C5/roc_curve_resnet18_tf_0_0.03/nested_cv_random/resnet18/repeat_10_fold_5_metrics.csv,1,2,resnet18,"[0, 0.03]",C5,PPV at 99% Specificity,1
/scratchc/nrlab/wang04/ulyses_results_iteration/iteration_3_merge_below_3/cnn_model/cnn14/plasma_tp1_0.1x_model_C5/roc_curve_resnet18_tf_0_0.03/nested_cv_random/resnet18/repeat_10_fold_5_metrics.csv,1,2,resnet18,"[0, 0.03]",C5,Accuracy at 99% Specificity,0.7172222222222222
/scratchc/nrlab/wang04/ulyses_results_iteration/iteration_3_merge_below_3/cnn_model/cnn14/plasma_tp1_0.1x_model_C5/roc_curve_resnet18_tf_0_0.03/nested_cv_random/resnet18/repeat_10_fold_5_metrics.csv,1,2,resnet18,"[0, 0.03]",C5,F1 at 99% Specificity,0.6153846153846154
/scratchc/nrlab/wang04/ulyses_results_iteration/iteration_3_merge_below_3/cnn_model/cnn14/plasma_tp1_0.1x_model_C5/roc_curve_resnet18_tf_0_0.03/nested_cv_random/resnet18/repeat_10_fold_5_metrics.csv,1,2,resnet18,"[0, 0.03]",C5,Sensitivity at 98% Specificity,0.4444444444444444
/scratchc/nrlab/wang04/ulyses_results_iteration/iteration_3_merge_below_3/cnn_model/cnn14/plasma_tp1_0.1x_model_C5/roc_curve_resnet18_tf_0_0.03/nested_cv_random/resnet18/repeat_10_fold_5_metrics.csv,1,2,resnet18,"[0, 0.03]",C5,PPV at 98% Specificity,1
/scratchc/nrlab/wang04/ulyses_results_iteration/iteration_3_merge_below_3/cnn_model/cnn14/plasma_tp1_0.1x_model_C5/roc_curve_resnet18_tf_0_0.03/nested_cv_random/resnet18/repeat_10_fold_5_metrics.csv,1,2,resnet18,"[0, 0.03]",C5,Accuracy at 98% Specificity,0.7122222222222222
/scratchc/nrlab/wang04/ulyses_results_iteration/iteration_3_merge_below_3/cnn_model/cnn14/plasma_tp1_0.1x_model_C5/roc_curve_resnet18_tf_0_0.03/nested_cv_random/resnet18/repeat_10_fold_5_metrics.csv,1,2,resnet18,"[0, 0.03]",C5,F1 at 98% Specificity,0.6153846153846154
/scratchc/nrlab/wang04/ulyses_results_iteration/iteration_3_merge_below_3/cnn_model/cnn14/plasma_tp1_0.1x_model_C5/roc_curve_resnet18_tf_0_0.03/nested_cv_random/resnet18/repeat_10_fold_5_metrics.csv,1,2,resnet18,"[0, 0.03]",C5,Sensitivity at 95% Specificity,0.5277777777777778
/scratchc/nrlab/wang04/ulyses_results_iteration/iteration_3_merge_below_3/cnn_model/cnn14/plasma_tp1_0.1x_model_C5/roc_curve_resnet18_tf_0_0.03/nested_cv_random/resnet18/repeat_10_fold_5_metrics.csv,1,2,resnet18,"[0, 0.03]",C5,PPV at 95% Specificity,0.9661016949152542
/scratchc/nrlab/wang04/ulyses_results_iteration/iteration_3_merge_below_3/cnn_model/cnn14/plasma_tp1_0.1x_model_C5/roc_curve_resnet18_tf_0_0.03/nested_cv_random/resnet18/repeat_10_fold_5_metrics.csv,1,2,resnet18,"[0, 0.03]",C5,Accuracy at 95% Specificity,0.7242735042735042
/scratchc/nrlab/wang04/ulyses_results_iteration/iteration_3_merge_below_3/cnn_model/cnn14/plasma_tp1_0.1x_model_C5/roc_curve_resnet18_tf_0_0.03/nested_cv_random/resnet18/repeat_10_fold_5_metrics.csv,1,2,resnet18,"[0, 0.03]",C5,F1 at 95% Specificity,0.6826347305389222
/scratchc/nrlab/wang04/ulyses_results_iteration/iteration_3_merge_below_3/cnn_model/cnn14/plasma_tp1_0.1x_model_C5/roc_curve_resnet18_tf_0_0.03/nested_cv_random/resnet18/repeat_10_fold_5_metrics.csv,1,4,resnet18,"[0, 0.03]",C5,AUROC,0.8977987421383649
/scratchc/nrlab/wang04/ulyses_results_iteration/iteration_3_merge_below_3/cnn_model/cnn14/plasma_tp1_0.1x_model_C5/roc_curve_resnet18_tf_0_0.03/nested_cv_random/resnet18/repeat_10_fold_5_metrics.csv,1,4,resnet18,"[0, 0.03]",C5,AUPRC,0.9434158453155695
/scratchc/nrlab/wang04/ulyses_results_iteration/iteration_3_merge_below_3/cnn_model/cnn14/plasma_tp1_0.1x_model_C5/roc_curve_resnet18_tf_0_0.03/nested_cv_random/resnet18/repeat_10_fold_5_metrics.csv,1,4,resnet18,"[0, 0.03]",C5,Sensitivity at 99% Specificity,0.4528301886792453
/scratchc/nrlab/wang04/ulyses_results_iteration/iteration_3_merge_below_3/cnn_model/cnn14/plasma_tp1_0.1x_model_C5/roc_curve_resnet18_tf_0_0.03/nested_cv_random/resnet18/repeat_10_fold_5_metrics.csv,1,4,resnet18,"[0, 0.03]",C5,PPV at 99% Specificity,1
/scratchc/nrlab/wang04/ulyses_results_iteration/iteration_3_merge_below_3/cnn_model/cnn14/plasma_tp1_0.1x_model_C5/roc_curve_resnet18_tf_0_0.03/nested_cv_random/resnet18/repeat_10_fold_5_metrics.csv,1,4,resnet18,"[0, 0.03]",C5,Accuracy at 99% Specificity,0.7214150943396227
/scratchc/nrlab/wang04/ulyses_results_iteration/iteration_3_merge_below_3/cnn_model/cnn14/plasma_tp1_0.1x_model_C5/roc_curve_resnet18_tf_0_0.03/nested_cv_random/resnet18/repeat_10_fold_5_metrics.csv,1,4,resnet18,"[0, 0.03]",C5,F1 at 99% Specificity,0.6233766233766234
/scratchc/nrlab/wang04/ulyses_results_iteration/iteration_3_merge_below_3/cnn_model/cnn14/plasma_tp1_0.1x_model_C5/roc_curve_resnet18_tf_0_0.03/nested_cv_random/resnet18/repeat_10_fold_5_metrics.csv,1,4,resnet18,"[0, 0.03]",C5,Sensitivity at 98% Specificity,0.4528301886792453
/scratchc/nrlab/wang04/ulyses_results_iteration/iteration_3_merge_below_3/cnn_model/cnn14/plasma_tp1_0.1x_model_C5/roc_curve_resnet18_tf_0_0.03/nested_cv_random/resnet18/repeat_10_fold_5_metrics.csv,1,4,resnet18,"[0, 0.03]",C5,PPV at 98% Specificity,1
/scratchc/nrlab/wang04/ulyses_results_iteration/iteration_3_merge_below_3/cnn_model/cnn14/plasma_tp1_0.1x_model_C5/roc_curve_resnet18_tf_0_0.03/nested_cv_random/resnet18/repeat_10_fold_5_metrics.csv,1,4,resnet18,"[0, 0.03]",C5,Accuracy at 98% Specificity,0.7164150943396226
/scratchc/nrlab/wang04/ulyses_results_iteration/iteration_3_merge_below_3/cnn_model/cnn14/plasma_tp1_0.1x_model_C5/roc_curve_resnet18_tf_0_0.03/nested_cv_random/resnet18/repeat_10_fold_5_metrics.csv,1,4,resnet18,"[0, 0.03]",C5,F1 at 98% Specificity,0.6233766233766234
/scratchc/nrlab/wang04/ulyses_results_iteration/iteration_3_merge_below_3/cnn_model/cnn14/plasma_tp1_0.1x_model_C5/roc_curve_resnet18_tf_0_0.03/nested_cv_random/resnet18/repeat_10_fold_5_metrics.csv,1,4,resnet18,"[0, 0.03]",C5,Sensitivity at 95% Specificity,0.6981132075471698
/scratchc/nrlab/wang04/ulyses_results_iteration/iteration_3_merge_below_3/cnn_model/cnn14/plasma_tp1_0.1x_model_C5/roc_curve_resnet18_tf_0_0.03/nested_cv_random/resnet18/repeat_10_fold_5_metrics.csv,1,4,resnet18,"[0, 0.03]",C5,PPV at 95% Specificity,0.9736842105263158
/scratchc/nrlab/wang04/ulyses_results_iteration/iteration_3_merge_below_3/cnn_model/cnn14/plasma_tp1_0.1x_model_C5/roc_curve_resnet18_tf_0_0.03/nested_cv_random/resnet18/repeat_10_fold_5_metrics.csv,1,4,resnet18,"[0, 0.03]",C5,Accuracy at 95% Specificity,0.8096626643796454
/scratchc/nrlab/wang04/ulyses_results_iteration/iteration_3_merge_below_3/cnn_model/cnn14/plasma_tp1_0.1x_model_C5/roc_curve_resnet18_tf_0_0.03/nested_cv_random/resnet18/repeat_10_fold_5_metrics.csv,1,4,resnet18,"[0, 0.03]",C5,F1 at 95% Specificity,0.8131868131868132
/scratchc/nrlab/wang04/ulyses_results_iteration/iteration_3_merge_below_3/cnn_model/cnn14/plasma_tp1_0.1x_model_C5/roc_curve_resnet18_tf_0_0.03/nested_cv_random/resnet18/repeat_10_fold_5_metrics.csv,1,5,resnet18,"[0, 0.03]",C5,AUROC,0.896655231560892
/scratchc/nrlab/wang04/ulyses_results_iteration/iteration_3_merge_below_3/cnn_model/cnn14/plasma_tp1_0.1x_model_C5/roc_curve_resnet18_tf_0_0.03/nested_cv_random/resnet18/repeat_10_fold_5_metrics.csv,1,5,resnet18,"[0, 0.03]",C5,AUPRC,0.9379716885539424
/scratchc/nrlab/wang04/ulyses_results_iteration/iteration_3_merge_below_3/cnn_model/cnn14/plasma_tp1_0.1x_model_C5/roc_curve_resnet18_tf_0_0.03/nested_cv_random/resnet18/repeat_10_fold_5_metrics.csv,1,5,resnet18,"[0, 0.03]",C5,Sensitivity at 99% Specificity,0.3490566037735849
/scratchc/nrlab/wang04/ulyses_results_iteration/iteration_3_merge_below_3/cnn_model/cnn14/plasma_tp1_0.1x_model_C5/roc_curve_resnet18_tf_0_0.03/nested_cv_random/resnet18/repeat_10_fold_5_metrics.csv,1,5,resnet18,"[0, 0.03]",C5,PPV at 99% Specificity,1
/scratchc/nrlab/wang04/ulyses_results_iteration/iteration_3_merge_below_3/cnn_model/cnn14/plasma_tp1_0.1x_model_C5/roc_curve_resnet18_tf_0_0.03/nested_cv_random/resnet18/repeat_10_fold_5_metrics.csv,1,5,resnet18,"[0, 0.03]",C5,Accuracy at 99% Specificity,0.6695283018867925
/scratchc/nrlab/wang04/ulyses_results_iteration/iteration_3_merge_below_3/cnn_model/cnn14/plasma_tp1_0.1x_model_C5/roc_curve_resnet18_tf_0_0.03/nested_cv_random/resnet18/repeat_10_fold_5_metrics.csv,1,5,resnet18,"[0, 0.03]",C5,F1 at 99% Specificity,0.5174825174825175
/scratchc/nrlab/wang04/ulyses_results_iteration/iteration_3_merge_below_3/cnn_model/cnn14/plasma_tp1_0.1x_model_C5/roc_curve_resnet18_tf_0_0.03/nested_cv_random/resnet18/repeat_10_fold_5_metrics.csv,1,5,resnet18,"[0, 0.03]",C5,Sensitivity at 98% Specificity,0.3490566037735849
/scratchc/nrlab/wang04/ulyses_results_iteration/iteration_3_merge_below_3/cnn_model/cnn14/plasma_tp1_0.1x_model_C5/roc_curve_resnet18_tf_0_0.03/nested_cv_random/resnet18/repeat_10_fold_5_metrics.csv,1,5,resnet18,"[0, 0.03]",C5,PPV at 98% Specificity,1
/scratchc/nrlab/wang04/ulyses_results_iteration/iteration_3_merge_below_3/cnn_model/cnn14/plasma_tp1_0.1x_model_C5/roc_curve_resnet18_tf_0_0.03/nested_cv_random/resnet18/repeat_10_fold_5_metrics.csv,1,5,resnet18,"[0, 0.03]",C5,Accuracy at 98% Specificity,0.6645283018867925
/scratchc/nrlab/wang04/ulyses_results_iteration/iteration_3_merge_below_3/cnn_model/cnn14/plasma_tp1_0.1x_model_C5/roc_curve_resnet18_tf_0_0.03/nested_cv_random/resnet18/repeat_10_fold_5_metrics.csv,1,5,resnet18,"[0, 0.03]",C5,F1 at 98% Specificity,0.5174825174825175
/scratchc/nrlab/wang04/ulyses_results_iteration/iteration_3_merge_below_3/cnn_model/cnn14/plasma_tp1_0.1x_model_C5/roc_curve_resnet18_tf_0_0.03/nested_cv_random/resnet18/repeat_10_fold_5_metrics.csv,1,5,resnet18,"[0, 0.03]",C5,Sensitivity at 95% Specificity,0.6037735849056604
/scratchc/nrlab/wang04/ulyses_results_iteration/iteration_3_merge_below_3/cnn_model/cnn14/plasma_tp1_0.1x_model_C5/roc_curve_resnet18_tf_0_0.03/nested_cv_random/resnet18/repeat_10_fold_5_metrics.csv,1,5,resnet18,"[0, 0.03]",C5,PPV at 95% Specificity,0.9696969696969696
/scratchc/nrlab/wang04/ulyses_results_iteration/iteration_3_merge_below_3/cnn_model/cnn14/plasma_tp1_0.1x_model_C5/roc_curve_resnet18_tf_0_0.03/nested_cv_random/resnet18/repeat_10_fold_5_metrics.csv,1,5,resnet18,"[0, 0.03]",C5,Accuracy at 95% Specificity,0.7624928530588908
/scratchc/nrlab/wang04/ulyses_results_iteration/iteration_3_merge_below_3/cnn_model/cnn14/plasma_tp1_0.1x_model_C5/roc_curve_resnet18_tf_0_0.03/nested_cv_random/resnet18/repeat_10_fold_5_metrics.csv,1,5,resnet18,"[0, 0.03]",C5,F1 at 95% Specificity,0.7441860465116279
/scratchc/nrlab/wang04/ulyses_results_iteration/iteration_3_merge_below_3/cnn_model/cnn14/plasma_tp1_0.1x_model_C5/roc_curve_resnet18_tf_0_0.03/nested_cv_random/resnet18/repeat_10_fold_5_metrics.csv,2,1,resnet18,"[0, 0.03]",C5,AUROC,0.8875621890547262
/scratchc/nrlab/wang04/ulyses_results_iteration/iteration_3_merge_below_3/cnn_model/cnn14/plasma_tp1_0.1x_model_C5/roc_curve_resnet18_tf_0_0.03/nested_cv_random/resnet18/repeat_10_fold_5_metrics.csv,2,1,resnet18,"[0, 0.03]",C5,AUPRC,0.932339864799137
/scratchc/nrlab/wang04/ulyses_results_iteration/iteration_3_merge_below_3/cnn_model/cnn14/plasma_tp1_0.1x_model_C5/roc_curve_resnet18_tf_0_0.03/nested_cv_random/resnet18/repeat_10_fold_5_metrics.csv,2,1,resnet18,"[0, 0.03]",C5,Sensitivity at 99% Specificity,0.41904761904761906
/scratchc/nrlab/wang04/ulyses_results_iteration/iteration_3_merge_below_3/cnn_model/cnn14/plasma_tp1_0.1x_model_C5/roc_curve_resnet18_tf_0_0.03/nested_cv_random/resnet18/repeat_10_fold_5_metrics.csv,2,1,resnet18,"[0, 0.03]",C5,PPV at 99% Specificity,1
/scratchc/nrlab/wang04/ulyses_results_iteration/iteration_3_merge_below_3/cnn_model/cnn14/plasma_tp1_0.1x_model_C5/roc_curve_resnet18_tf_0_0.03/nested_cv_random/resnet18/repeat_10_fold_5_metrics.csv,2,1,resnet18,"[0, 0.03]",C5,Accuracy at 99% Specificity,0.7045238095238096
/scratchc/nrlab/wang04/ulyses_results_iteration/iteration_3_merge_below_3/cnn_model/cnn14/plasma_tp1_0.1x_model_C5/roc_curve_resnet18_tf_0_0.03/nested_cv_random/resnet18/repeat_10_fold_5_metrics.csv,2,1,resnet18,"[0, 0.03]",C5,F1 at 99% Specificity,0.5906040268456376
/scratchc/nrlab/wang04/ulyses_results_iteration/iteration_3_merge_below_3/cnn_model/cnn14/plasma_tp1_0.1x_model_C5/roc_curve_resnet18_tf_0_0.03/nested_cv_random/resnet18/repeat_10_fold_5_metrics.csv,2,1,resnet18,"[0, 0.03]",C5,Sensitivity at 98% Specificity,0.41904761904761906
/scratchc/nrlab/wang04/ulyses_results_iteration/iteration_3_merge_below_3/cnn_model/cnn14/plasma_tp1_0.1x_model_C5/roc_curve_resnet18_tf_0_0.03/nested_cv_random/resnet18/repeat_10_fold_5_metrics.csv,2,1,resnet18,"[0, 0.03]",C5,PPV at 98% Specificity,1
/scratchc/nrlab/wang04/ulyses_results_iteration/iteration_3_merge_below_3/cnn_model/cnn14/plasma_tp1_0.1x_model_C5/roc_curve_resnet18_tf_0_0.03/nested_cv_random/resnet18/repeat_10_fold_5_metrics.csv,2,1,resnet18,"[0, 0.03]",C5,Accuracy at 98% Specificity,0.6995238095238095
/scratchc/nrlab/wang04/ulyses_results_iteration/iteration_3_merge_below_3/cnn_model/cnn14/plasma_tp1_0.1x_model_C5/roc_curve_resnet18_tf_0_0.03/nested_cv_random/resnet18/repeat_10_fold_5_metrics.csv,2,1,resnet18,"[0, 0.03]",C5,F1 at 98% Specificity,0.5906040268456376
/scratchc/nrlab/wang04/ulyses_results_iteration/iteration_3_merge_below_3/cnn_model/cnn14/plasma_tp1_0.1x_model_C5/roc_curve_resnet18_tf_0_0.03/nested_cv_random/resnet18/repeat_10_fold_5_metrics.csv,2,1,resnet18,"[0, 0.03]",C5,Sensitivity at 95% Specificity,0.580952380952381
/scratchc/nrlab/wang04/ulyses_results_iteration/iteration_3_merge_below_3/cnn_model/cnn14/plasma_tp1_0.1x_model_C5/roc_curve_resnet18_tf_0_0.03/nested_cv_random/resnet18/repeat_10_fold_5_metrics.csv,2,1,resnet18,"[0, 0.03]",C5,PPV at 95% Specificity,0.9682539682539684
/scratchc/nrlab/wang04/ulyses_results_iteration/iteration_3_merge_below_3/cnn_model/cnn14/plasma_tp1_0.1x_model_C5/roc_curve_resnet18_tf_0_0.03/nested_cv_random/resnet18/repeat_10_fold_5_metrics.csv,2,1,resnet18,"[0, 0.03]",C5,Accuracy at 95% Specificity,0.7512970859985786
/scratchc/nrlab/wang04/ulyses_results_iteration/iteration_3_merge_below_3/cnn_model/cnn14/plasma_tp1_0.1x_model_C5/roc_curve_resnet18_tf_0_0.03/nested_cv_random/resnet18/repeat_10_fold_5_metrics.csv,2,1,resnet18,"[0, 0.03]",C5,F1 at 95% Specificity,0.7261904761904762
/scratchc/nrlab/wang04/ulyses_results_iteration/iteration_3_merge_below_3/cnn_model/cnn14/plasma_tp1_0.1x_model_C5/roc_curve_resnet18_tf_0_0.03/nested_cv_random/resnet18/repeat_10_fold_5_metrics.csv,2,2,resnet18,"[0, 0.03]",C5,AUROC,0.9100914808461978
/scratchc/nrlab/wang04/ulyses_results_iteration/iteration_3_merge_below_3/cnn_model/cnn14/plasma_tp1_0.1x_model_C5/roc_curve_resnet18_tf_0_0.03/nested_cv_random/resnet18/repeat_10_fold_5_metrics.csv,2,2,resnet18,"[0, 0.03]",C5,AUPRC,0.9470496280345428
/scratchc/nrlab/wang04/ulyses_results_iteration/iteration_3_merge_below_3/cnn_model/cnn14/plasma_tp1_0.1x_model_C5/roc_curve_resnet18_tf_0_0.03/nested_cv_random/resnet18/repeat_10_fold_5_metrics.csv,2,2,resnet18,"[0, 0.03]",C5,Sensitivity at 99% Specificity,0.5
/scratchc/nrlab/wang04/ulyses_results_iteration/iteration_3_merge_below_3/cnn_model/cnn14/plasma_tp1_0.1x_model_C5/roc_curve_resnet18_tf_0_0.03/nested_cv_random/resnet18/repeat_10_fold_5_metrics.csv,2,2,resnet18,"[0, 0.03]",C5,PPV at 99% Specificity,1
/scratchc/nrlab/wang04/ulyses_results_iteration/iteration_3_merge_below_3/cnn_model/cnn14/plasma_tp1_0.1x_model_C5/roc_curve_resnet18_tf_0_0.03/nested_cv_random/resnet18/repeat_10_fold_5_metrics.csv,2,2,resnet18,"[0, 0.03]",C5,Accuracy at 99% Specificity,0.745
/scratchc/nrlab/wang04/ulyses_results_iteration/iteration_3_merge_below_3/cnn_model/cnn14/plasma_tp1_0.1x_model_C5/roc_curve_resnet18_tf_0_0.03/nested_cv_random/resnet18/repeat_10_fold_5_metrics.csv,2,2,resnet18,"[0, 0.03]",C5,F1 at 99% Specificity,0.6666666666666666
/scratchc/nrlab/wang04/ulyses_results_iteration/iteration_3_merge_below_3/cnn_model/cnn14/plasma_tp1_0.1x_model_C5/roc_curve_resnet18_tf_0_0.03/nested_cv_random/resnet18/repeat_10_fold_5_metrics.csv,2,2,resnet18,"[0, 0.03]",C5,Sensitivity at 98% Specificity,0.5
/scratchc/nrlab/wang04/ulyses_results_iteration/iteration_3_merge_below_3/cnn_model/cnn14/plasma_tp1_0.1x_model_C5/roc_curve_resnet18_tf_0_0.03/nested_cv_random/resnet18/repeat_10_fold_5_metrics.csv,2,2,resnet18,"[0, 0.03]",C5,PPV at 98% Specificity,1
/scratchc/nrlab/wang04/ulyses_results_iteration/iteration_3_merge_below_3/cnn_model/cnn14/plasma_tp1_0.1x_model_C5/roc_curve_resnet18_tf_0_0.03/nested_cv_random/resnet18/repeat_10_fold_5_metrics.csv,2,2,resnet18,"[0, 0.03]",C5,Accuracy at 98% Specificity,0.74
/scratchc/nrlab/wang04/ulyses_results_iteration/iteration_3_merge_below_3/cnn_model/cnn14/plasma_tp1_0.1x_model_C5/roc_curve_resnet18_tf_0_0.03/nested_cv_random/resnet18/repeat_10_fold_5_metrics.csv,2,2,resnet18,"[0, 0.03]",C5,F1 at 98% Specificity,0.6666666666666666
/scratchc/nrlab/wang04/ulyses_results_iteration/iteration_3_merge_below_3/cnn_model/cnn14/plasma_tp1_0.1x_model_C5/roc_curve_resnet18_tf_0_0.03/nested_cv_random/resnet18/repeat_10_fold_5_metrics.csv,2,2,resnet18,"[0, 0.03]",C5,Sensitivity at 95% Specificity,0.5943396226415094
/scratchc/nrlab/wang04/ulyses_results_iteration/iteration_3_merge_below_3/cnn_model/cnn14/plasma_tp1_0.1x_model_C5/roc_curve_resnet18_tf_0_0.03/nested_cv_random/resnet18/repeat_10_fold_5_metrics.csv,2,2,resnet18,"[0, 0.03]",C5,PPV at 95% Specificity,0.9545454545454546
/scratchc/nrlab/wang04/ulyses_results_iteration/iteration_3_merge_below_3/cnn_model/cnn14/plasma_tp1_0.1x_model_C5/roc_curve_resnet18_tf_0_0.03/nested_cv_random/resnet18/repeat_10_fold_5_metrics.csv,2,2,resnet18,"[0, 0.03]",C5,Accuracy at 95% Specificity,0.7505789022298457
/scratchc/nrlab/wang04/ulyses_results_iteration/iteration_3_merge_below_3/cnn_model/cnn14/plasma_tp1_0.1x_model_C5/roc_curve_resnet18_tf_0_0.03/nested_cv_random/resnet18/repeat_10_fold_5_metrics.csv,2,2,resnet18,"[0, 0.03]",C5,F1 at 95% Specificity,0.7325581395348837
/scratchc/nrlab/wang04/ulyses_results_iteration/iteration_3_merge_below_3/cnn_model/cnn14/plasma_tp1_0.1x_model_C5/roc_curve_resnet18_tf_0_0.03/nested_cv_random/resnet18/repeat_10_fold_5_metrics.csv,2,3,resnet18,"[0, 0.03]",C5,AUROC,0.8916666666666668
/scratchc/nrlab/wang04/ulyses_results_iteration/iteration_3_merge_below_3/cnn_model/cnn14/plasma_tp1_0.1x_model_C5/roc_curve_resnet18_tf_0_0.03/nested_cv_random/resnet18/repeat_10_fold_5_metrics.csv,2,3,resnet18,"[0, 0.03]",C5,AUPRC,0.9336486395471462
/scratchc/nrlab/wang04/ulyses_results_iteration/iteration_3_merge_below_3/cnn_model/cnn14/plasma_tp1_0.1x_model_C5/roc_curve_resnet18_tf_0_0.03/nested_cv_random/resnet18/repeat_10_fold_5_metrics.csv,2,3,resnet18,"[0, 0.03]",C5,Sensitivity at 99% Specificity,0.08928571428571429
/scratchc/nrlab/wang04/ulyses_results_iteration/iteration_3_merge_below_3/cnn_model/cnn14/plasma_tp1_0.1x_model_C5/roc_curve_resnet18_tf_0_0.03/nested_cv_random/resnet18/repeat_10_fold_5_metrics.csv,2,3,resnet18,"[0, 0.03]",C5,PPV at 99% Specificity,1
/scratchc/nrlab/wang04/ulyses_results_iteration/iteration_3_merge_below_3/cnn_model/cnn14/plasma_tp1_0.1x_model_C5/roc_curve_resnet18_tf_0_0.03/nested_cv_random/resnet18/repeat_10_fold_5_metrics.csv,2,3,resnet18,"[0, 0.03]",C5,Accuracy at 99% Specificity,0.5396428571428571
/scratchc/nrlab/wang04/ulyses_results_iteration/iteration_3_merge_below_3/cnn_model/cnn14/plasma_tp1_0.1x_model_C5/roc_curve_resnet18_tf_0_0.03/nested_cv_random/resnet18/repeat_10_fold_5_metrics.csv,2,3,resnet18,"[0, 0.03]",C5,F1 at 99% Specificity,0.16393442622950818
/scratchc/nrlab/wang04/ulyses_results_iteration/iteration_3_merge_below_3/cnn_model/cnn14/plasma_tp1_0.1x_model_C5/roc_curve_resnet18_tf_0_0.03/nested_cv_random/resnet18/repeat_10_fold_5_metrics.csv,2,3,resnet18,"[0, 0.03]",C5,Sensitivity at 98% Specificity,0.08928571428571429
/scratchc/nrlab/wang04/ulyses_results_iteration/iteration_3_merge_below_3/cnn_model/cnn14/plasma_tp1_0.1x_model_C5/roc_curve_resnet18_tf_0_0.03/nested_cv_random/resnet18/repeat_10_fold_5_metrics.csv,2,3,resnet18,"[0, 0.03]",C5,PPV at 98% Specificity,1
/scratchc/nrlab/wang04/ulyses_results_iteration/iteration_3_merge_below_3/cnn_model/cnn14/plasma_tp1_0.1x_model_C5/roc_curve_resnet18_tf_0_0.03/nested_cv_random/resnet18/repeat_10_fold_5_metrics.csv,2,3,resnet18,"[0, 0.03]",C5,Accuracy at 98% Specificity,0.5346428571428571
/scratchc/nrlab/wang04/ulyses_results_iteration/iteration_3_merge_below_3/cnn_model/cnn14/plasma_tp1_0.1x_model_C5/roc_curve_resnet18_tf_0_0.03/nested_cv_random/resnet18/repeat_10_fold_5_metrics.csv,2,3,resnet18,"[0, 0.03]",C5,F1 at 98% Specificity,0.16393442622950818
/scratchc/nrlab/wang04/ulyses_results_iteration/iteration_3_merge_below_3/cnn_model/cnn14/plasma_tp1_0.1x_model_C5/roc_curve_resnet18_tf_0_0.03/nested_cv_random/resnet18/repeat_10_fold_5_metrics.csv,2,3,resnet18,"[0, 0.03]",C5,Sensitivity at 95% Specificity,0.5625
/scratchc/nrlab/wang04/ulyses_results_iteration/iteration_3_merge_below_3/cnn_model/cnn14/plasma_tp1_0.1x_model_C5/roc_curve_resnet18_tf_0_0.03/nested_cv_random/resnet18/repeat_10_fold_5_metrics.csv,2,3,resnet18,"[0, 0.03]",C5,PPV at 95% Specificity,0.9692307692307692
/scratchc/nrlab/wang04/ulyses_results_iteration/iteration_3_merge_below_3/cnn_model/cnn14/plasma_tp1_0.1x_model_C5/roc_curve_resnet18_tf_0_0.03/nested_cv_random/resnet18/repeat_10_fold_5_metrics.csv,2,3,resnet18,"[0, 0.03]",C5,Accuracy at 95% Specificity,0.7404166666666667
/scratchc/nrlab/wang04/ulyses_results_iteration/iteration_3_merge_below_3/cnn_model/cnn14/plasma_tp1_0.1x_model_C5/roc_curve_resnet18_tf_0_0.03/nested_cv_random/resnet18/repeat_10_fold_5_metrics.csv,2,3,resnet18,"[0, 0.03]",C5,F1 at 95% Specificity,0.711864406779661
/scratchc/nrlab/wang04/ulyses_results_iteration/iteration_3_merge_below_3/cnn_model/cnn14/plasma_tp1_0.1x_model_C5/roc_curve_resnet18_tf_0_0.03/nested_cv_random/resnet18/repeat_10_fold_5_metrics.csv,2,5,resnet18,"[0, 0.03]",C5,AUROC,0.8907350042241623
/scratchc/nrlab/wang04/ulyses_results_iteration/iteration_3_merge_below_3/cnn_model/cnn14/plasma_tp1_0.1x_model_C5/roc_curve_resnet18_tf_0_0.03/nested_cv_random/resnet18/repeat_10_fold_5_metrics.csv,2,5,resnet18,"[0, 0.03]",C5,AUPRC,0.929821056109986
/scratchc/nrlab/wang04/ulyses_results_iteration/iteration_3_merge_below_3/cnn_model/cnn14/plasma_tp1_0.1x_model_C5/roc_curve_resnet18_tf_0_0.03/nested_cv_random/resnet18/repeat_10_fold_5_metrics.csv,2,5,resnet18,"[0, 0.03]",C5,Sensitivity at 99% Specificity,0.25471698113207547
/scratchc/nrlab/wang04/ulyses_results_iteration/iteration_3_merge_below_3/cnn_model/cnn14/plasma_tp1_0.1x_model_C5/roc_curve_resnet18_tf_0_0.03/nested_cv_random/resnet18/repeat_10_fold_5_metrics.csv,2,5,resnet18,"[0, 0.03]",C5,PPV at 99% Specificity,1
/scratchc/nrlab/wang04/ulyses_results_iteration/iteration_3_merge_below_3/cnn_model/cnn14/plasma_tp1_0.1x_model_C5/roc_curve_resnet18_tf_0_0.03/nested_cv_random/resnet18/repeat_10_fold_5_metrics.csv,2,5,resnet18,"[0, 0.03]",C5,Accuracy at 99% Specificity,0.6223584905660378
/scratchc/nrlab/wang04/ulyses_results_iteration/iteration_3_merge_below_3/cnn_model/cnn14/plasma_tp1_0.1x_model_C5/roc_curve_resnet18_tf_0_0.03/nested_cv_random/resnet18/repeat_10_fold_5_metrics.csv,2,5,resnet18,"[0, 0.03]",C5,F1 at 99% Specificity,0.40601503759398494
/scratchc/nrlab/wang04/ulyses_results_iteration/iteration_3_merge_below_3/cnn_model/cnn14/plasma_tp1_0.1x_model_C5/roc_curve_resnet18_tf_0_0.03/nested_cv_random/resnet18/repeat_10_fold_5_metrics.csv,2,5,resnet18,"[0, 0.03]",C5,Sensitivity at 98% Specificity,0.25471698113207547
/scratchc/nrlab/wang04/ulyses_results_iteration/iteration_3_merge_below_3/cnn_model/cnn14/plasma_tp1_0.1x_model_C5/roc_curve_resnet18_tf_0_0.03/nested_cv_random/resnet18/repeat_10_fold_5_metrics.csv,2,5,resnet18,"[0, 0.03]",C5,PPV at 98% Specificity,1
/scratchc/nrlab/wang04/ulyses_results_iteration/iteration_3_merge_below_3/cnn_model/cnn14/plasma_tp1_0.1x_model_C5/roc_curve_resnet18_tf_0_0.03/nested_cv_random/resnet18/repeat_10_fold_5_metrics.csv,2,5,resnet18,"[0, 0.03]",C5,Accuracy at 98% Specificity,0.6173584905660378
/scratchc/nrlab/wang04/ulyses_results_iteration/iteration_3_merge_below_3/cnn_model/cnn14/plasma_tp1_0.1x_model_C5/roc_curve_resnet18_tf_0_0.03/nested_cv_random/resnet18/repeat_10_fold_5_metrics.csv,2,5,resnet18,"[0, 0.03]",C5,F1 at 98% Specificity,0.40601503759398494
/scratchc/nrlab/wang04/ulyses_results_iteration/iteration_3_merge_below_3/cnn_model/cnn14/plasma_tp1_0.1x_model_C5/roc_curve_resnet18_tf_0_0.03/nested_cv_random/resnet18/repeat_10_fold_5_metrics.csv,2,5,resnet18,"[0, 0.03]",C5,Sensitivity at 95% Specificity,0.5566037735849056
/scratchc/nrlab/wang04/ulyses_results_iteration/iteration_3_merge_below_3/cnn_model/cnn14/plasma_tp1_0.1x_model_C5/roc_curve_resnet18_tf_0_0.03/nested_cv_random/resnet18/repeat_10_fold_5_metrics.csv,2,5,resnet18,"[0, 0.03]",C5,PPV at 95% Specificity,0.9672131147540984
/scratchc/nrlab/wang04/ulyses_results_iteration/iteration_3_merge_below_3/cnn_model/cnn14/plasma_tp1_0.1x_model_C5/roc_curve_resnet18_tf_0_0.03/nested_cv_random/resnet18/repeat_10_fold_5_metrics.csv,2,5,resnet18,"[0, 0.03]",C5,Accuracy at 95% Specificity,0.7391227823148409
/scratchc/nrlab/wang04/ulyses_results_iteration/iteration_3_merge_below_3/cnn_model/cnn14/plasma_tp1_0.1x_model_C5/roc_curve_resnet18_tf_0_0.03/nested_cv_random/resnet18/repeat_10_fold_5_metrics.csv,2,5,resnet18,"[0, 0.03]",C5,F1 at 95% Specificity,0.7065868263473054
/scratchc/nrlab/wang04/ulyses_results_iteration/iteration_3_merge_below_3/cnn_model/cnn14/plasma_tp1_0.1x_model_C5/roc_curve_resnet18_tf_0_0.03/nested_cv_random/resnet18/repeat_10_fold_5_metrics.csv,3,1,resnet18,"[0, 0.03]",C5,AUROC,0.9039564220183486
/scratchc/nrlab/wang04/ulyses_results_iteration/iteration_3_merge_below_3/cnn_model/cnn14/plasma_tp1_0.1x_model_C5/roc_curve_resnet18_tf_0_0.03/nested_cv_random/resnet18/repeat_10_fold_5_metrics.csv,3,1,resnet18,"[0, 0.03]",C5,AUPRC,0.9418281532897524
/scratchc/nrlab/wang04/ulyses_results_iteration/iteration_3_merge_below_3/cnn_model/cnn14/plasma_tp1_0.1x_model_C5/roc_curve_resnet18_tf_0_0.03/nested_cv_random/resnet18/repeat_10_fold_5_metrics.csv,3,1,resnet18,"[0, 0.03]",C5,Sensitivity at 99% Specificity,0.3302752293577982
/scratchc/nrlab/wang04/ulyses_results_iteration/iteration_3_merge_below_3/cnn_model/cnn14/plasma_tp1_0.1x_model_C5/roc_curve_resnet18_tf_0_0.03/nested_cv_random/resnet18/repeat_10_fold_5_metrics.csv,3,1,resnet18,"[0, 0.03]",C5,PPV at 99% Specificity,1
/scratchc/nrlab/wang04/ulyses_results_iteration/iteration_3_merge_below_3/cnn_model/cnn14/plasma_tp1_0.1x_model_C5/roc_curve_resnet18_tf_0_0.03/nested_cv_random/resnet18/repeat_10_fold_5_metrics.csv,3,1,resnet18,"[0, 0.03]",C5,Accuracy at 99% Specificity,0.6601376146788991
/scratchc/nrlab/wang04/ulyses_results_iteration/iteration_3_merge_below_3/cnn_model/cnn14/plasma_tp1_0.1x_model_C5/roc_curve_resnet18_tf_0_0.03/nested_cv_random/resnet18/repeat_10_fold_5_metrics.csv,3,1,resnet18,"[0, 0.03]",C5,F1 at 99% Specificity,0.496551724137931
/scratchc/nrlab/wang04/ulyses_results_iteration/iteration_3_merge_below_3/cnn_model/cnn14/plasma_tp1_0.1x_model_C5/roc_curve_resnet18_tf_0_0.03/nested_cv_random/resnet18/repeat_10_fold_5_metrics.csv,3,1,resnet18,"[0, 0.03]",C5,Sensitivity at 98% Specificity,0.3302752293577982
/scratchc/nrlab/wang04/ulyses_results_iteration/iteration_3_merge_below_3/cnn_model/cnn14/plasma_tp1_0.1x_model_C5/roc_curve_resnet18_tf_0_0.03/nested_cv_random/resnet18/repeat_10_fold_5_metrics.csv,3,1,resnet18,"[0, 0.03]",C5,PPV at 98% Specificity,1
/scratchc/nrlab/wang04/ulyses_results_iteration/iteration_3_merge_below_3/cnn_model/cnn14/plasma_tp1_0.1x_model_C5/roc_curve_resnet18_tf_0_0.03/nested_cv_random/resnet18/repeat_10_fold_5_metrics.csv,3,1,resnet18,"[0, 0.03]",C5,Accuracy at 98% Specificity,0.6551376146788991
/scratchc/nrlab/wang04/ulyses_results_iteration/iteration_3_merge_below_3/cnn_model/cnn14/plasma_tp1_0.1x_model_C5/roc_curve_resnet18_tf_0_0.03/nested_cv_random/resnet18/repeat_10_fold_5_metrics.csv,3,1,resnet18,"[0, 0.03]",C5,F1 at 98% Specificity,0.496551724137931
/scratchc/nrlab/wang04/ulyses_results_iteration/iteration_3_merge_below_3/cnn_model/cnn14/plasma_tp1_0.1x_model_C5/roc_curve_resnet18_tf_0_0.03/nested_cv_random/resnet18/repeat_10_fold_5_metrics.csv,3,1,resnet18,"[0, 0.03]",C5,Sensitivity at 95% Specificity,0.5412844036697247
/scratchc/nrlab/wang04/ulyses_results_iteration/iteration_3_merge_below_3/cnn_model/cnn14/plasma_tp1_0.1x_model_C5/roc_curve_resnet18_tf_0_0.03/nested_cv_random/resnet18/repeat_10_fold_5_metrics.csv,3,1,resnet18,"[0, 0.03]",C5,PPV at 95% Specificity,0.9672131147540984
/scratchc/nrlab/wang04/ulyses_results_iteration/iteration_3_merge_below_3/cnn_model/cnn14/plasma_tp1_0.1x_model_C5/roc_curve_resnet18_tf_0_0.03/nested_cv_random/resnet18/repeat_10_fold_5_metrics.csv,3,1,resnet18,"[0, 0.03]",C5,Accuracy at 95% Specificity,0.7307984518348624
/scratchc/nrlab/wang04/ulyses_results_iteration/iteration_3_merge_below_3/cnn_model/cnn14/plasma_tp1_0.1x_model_C5/roc_curve_resnet18_tf_0_0.03/nested_cv_random/resnet18/repeat_10_fold_5_metrics.csv,3,1,resnet18,"[0, 0.03]",C5,F1 at 95% Specificity,0.6941176470588235
/scratchc/nrlab/wang04/ulyses_results_iteration/iteration_3_merge_below_3/cnn_model/cnn14/plasma_tp1_0.1x_model_C5/roc_curve_resnet18_tf_0_0.03/nested_cv_random/resnet18/repeat_10_fold_5_metrics.csv,3,2,resnet18,"[0, 0.03]",C5,AUROC,0.9243495475113122
/scratchc/nrlab/wang04/ulyses_results_iteration/iteration_3_merge_below_3/cnn_model/cnn14/plasma_tp1_0.1x_model_C5/roc_curve_resnet18_tf_0_0.03/nested_cv_random/resnet18/repeat_10_fold_5_metrics.csv,3,2,resnet18,"[0, 0.03]",C5,AUPRC,0.9540269999960888
/scratchc/nrlab/wang04/ulyses_results_iteration/iteration_3_merge_below_3/cnn_model/cnn14/plasma_tp1_0.1x_model_C5/roc_curve_resnet18_tf_0_0.03/nested_cv_random/resnet18/repeat_10_fold_5_metrics.csv,3,2,resnet18,"[0, 0.03]",C5,Sensitivity at 99% Specificity,0.5192307692307693
/scratchc/nrlab/wang04/ulyses_results_iteration/iteration_3_merge_below_3/cnn_model/cnn14/plasma_tp1_0.1x_model_C5/roc_curve_resnet18_tf_0_0.03/nested_cv_random/resnet18/repeat_10_fold_5_metrics.csv,3,2,resnet18,"[0, 0.03]",C5,PPV at 99% Specificity,1
/scratchc/nrlab/wang04/ulyses_results_iteration/iteration_3_merge_below_3/cnn_model/cnn14/plasma_tp1_0.1x_model_C5/roc_curve_resnet18_tf_0_0.03/nested_cv_random/resnet18/repeat_10_fold_5_metrics.csv,3,2,resnet18,"[0, 0.03]",C5,Accuracy at 99% Specificity,0.7546153846153847
/scratchc/nrlab/wang04/ulyses_results_iteration/iteration_3_merge_below_3/cnn_model/cnn14/plasma_tp1_0.1x_model_C5/roc_curve_resnet18_tf_0_0.03/nested_cv_random/resnet18/repeat_10_fold_5_metrics.csv,3,2,resnet18,"[0, 0.03]",C5,F1 at 99% Specificity,0.6835443037974683
/scratchc/nrlab/wang04/ulyses_results_iteration/iteration_3_merge_below_3/cnn_model/cnn14/plasma_tp1_0.1x_model_C5/roc_curve_resnet18_tf_0_0.03/nested_cv_random/resnet18/repeat_10_fold_5_metrics.csv,3,2,resnet18,"[0, 0.03]",C5,Sensitivity at 98% Specificity,0.5192307692307693
/scratchc/nrlab/wang04/ulyses_results_iteration/iteration_3_merge_below_3/cnn_model/cnn14/plasma_tp1_0.1x_model_C5/roc_curve_resnet18_tf_0_0.03/nested_cv_random/resnet18/repeat_10_fold_5_metrics.csv,3,2,resnet18,"[0, 0.03]",C5,PPV at 98% Specificity,1
/scratchc/nrlab/wang04/ulyses_results_iteration/iteration_3_merge_below_3/cnn_model/cnn14/plasma_tp1_0.1x_model_C5/roc_curve_resnet18_tf_0_0.03/nested_cv_random/resnet18/repeat_10_fold_5_metrics.csv,3,2,resnet18,"[0, 0.03]",C5,Accuracy at 98% Specificity,0.7496153846153846
/scratchc/nrlab/wang04/ulyses_results_iteration/iteration_3_merge_below_3/cnn_model/cnn14/plasma_tp1_0.1x_model_C5/roc_curve_resnet18_tf_0_0.03/nested_cv_random/resnet18/repeat_10_fold_5_metrics.csv,3,2,resnet18,"[0, 0.03]",C5,F1 at 98% Specificity,0.6835443037974683
/scratchc/nrlab/wang04/ulyses_results_iteration/iteration_3_merge_below_3/cnn_model/cnn14/plasma_tp1_0.1x_model_C5/roc_curve_resnet18_tf_0_0.03/nested_cv_random/resnet18/repeat_10_fold_5_metrics.csv,3,2,resnet18,"[0, 0.03]",C5,Sensitivity at 95% Specificity,0.6826923076923077
/scratchc/nrlab/wang04/ulyses_results_iteration/iteration_3_merge_below_3/cnn_model/cnn14/plasma_tp1_0.1x_model_C5/roc_curve_resnet18_tf_0_0.03/nested_cv_random/resnet18/repeat_10_fold_5_metrics.csv,3,2,resnet18,"[0, 0.03]",C5,PPV at 95% Specificity,0.9594594594594594
/scratchc/nrlab/wang04/ulyses_results_iteration/iteration_3_merge_below_3/cnn_model/cnn14/plasma_tp1_0.1x_model_C5/roc_curve_resnet18_tf_0_0.03/nested_cv_random/resnet18/repeat_10_fold_5_metrics.csv,3,2,resnet18,"[0, 0.03]",C5,Accuracy at 95% Specificity,0.7953902714932126
/scratchc/nrlab/wang04/ulyses_results_iteration/iteration_3_merge_below_3/cnn_model/cnn14/plasma_tp1_0.1x_model_C5/roc_curve_resnet18_tf_0_0.03/nested_cv_random/resnet18/repeat_10_fold_5_metrics.csv,3,2,resnet18,"[0, 0.03]",C5,F1 at 95% Specificity,0.797752808988764
/scratchc/nrlab/wang04/ulyses_results_iteration/iteration_3_merge_below_3/cnn_model/cnn14/plasma_tp1_0.1x_model_C5/roc_curve_resnet18_tf_0_0.03/nested_cv_random/resnet18/repeat_10_fold_5_metrics.csv,3,3,resnet18,"[0, 0.03]",C5,AUROC,0.9105902777777776
/scratchc/nrlab/wang04/ulyses_results_iteration/iteration_3_merge_below_3/cnn_model/cnn14/plasma_tp1_0.1x_model_C5/roc_curve_resnet18_tf_0_0.03/nested_cv_random/resnet18/repeat_10_fold_5_metrics.csv,3,3,resnet18,"[0, 0.03]",C5,AUPRC,0.941182193262756
/scratchc/nrlab/wang04/ulyses_results_iteration/iteration_3_merge_below_3/cnn_model/cnn14/plasma_tp1_0.1x_model_C5/roc_curve_resnet18_tf_0_0.03/nested_cv_random/resnet18/repeat_10_fold_5_metrics.csv,3,3,resnet18,"[0, 0.03]",C5,Sensitivity at 99% Specificity,0.10185185185185185
/scratchc/nrlab/wang04/ulyses_results_iteration/iteration_3_merge_below_3/cnn_model/cnn14/plasma_tp1_0.1x_model_C5/roc_curve_resnet18_tf_0_0.03/nested_cv_random/resnet18/repeat_10_fold_5_metrics.csv,3,3,resnet18,"[0, 0.03]",C5,PPV at 99% Specificity,1
/scratchc/nrlab/wang04/ulyses_results_iteration/iteration_3_merge_below_3/cnn_model/cnn14/plasma_tp1_0.1x_model_C5/roc_curve_resnet18_tf_0_0.03/nested_cv_random/resnet18/repeat_10_fold_5_metrics.csv,3,3,resnet18,"[0, 0.03]",C5,Accuracy at 99% Specificity,0.5459259259259259
/scratchc/nrlab/wang04/ulyses_results_iteration/iteration_3_merge_below_3/cnn_model/cnn14/plasma_tp1_0.1x_model_C5/roc_curve_resnet18_tf_0_0.03/nested_cv_random/resnet18/repeat_10_fold_5_metrics.csv,3,3,resnet18,"[0, 0.03]",C5,F1 at 99% Specificity,0.18487394957983191
/scratchc/nrlab/wang04/ulyses_results_iteration/iteration_3_merge_below_3/cnn_model/cnn14/plasma_tp1_0.1x_model_C5/roc_curve_resnet18_tf_0_0.03/nested_cv_random/resnet18/repeat_10_fold_5_metrics.csv,3,3,resnet18,"[0, 0.03]",C5,Sensitivity at 98% Specificity,0.10185185185185185
/scratchc/nrlab/wang04/ulyses_results_iteration/iteration_3_merge_below_3/cnn_model/cnn14/plasma_tp1_0.1x_model_C5/roc_curve_resnet18_tf_0_0.03/nested_cv_random/resnet18/repeat_10_fold_5_metrics.csv,3,3,resnet18,"[0, 0.03]",C5,PPV at 98% Specificity,1
/scratchc/nrlab/wang04/ulyses_results_iteration/iteration_3_merge_below_3/cnn_model/cnn14/plasma_tp1_0.1x_model_C5/roc_curve_resnet18_tf_0_0.03/nested_cv_random/resnet18/repeat_10_fold_5_metrics.csv,3,3,resnet18,"[0, 0.03]",C5,Accuracy at 98% Specificity,0.5409259259259259
/scratchc/nrlab/wang04/ulyses_results_iteration/iteration_3_merge_below_3/cnn_model/cnn14/plasma_tp1_0.1x_model_C5/roc_curve_resnet18_tf_0_0.03/nested_cv_random/resnet18/repeat_10_fold_5_metrics.csv,3,3,resnet18,"[0, 0.03]",C5,F1 at 98% Specificity,0.18487394957983191
/scratchc/nrlab/wang04/ulyses_results_iteration/iteration_3_merge_below_3/cnn_model/cnn14/plasma_tp1_0.1x_model_C5/roc_curve_resnet18_tf_0_0.03/nested_cv_random/resnet18/repeat_10_fold_5_metrics.csv,3,3,resnet18,"[0, 0.03]",C5,Sensitivity at 95% Specificity,0.7222222222222222
/scratchc/nrlab/wang04/ulyses_results_iteration/iteration_3_merge_below_3/cnn_model/cnn14/plasma_tp1_0.1x_model_C5/roc_curve_resnet18_tf_0_0.03/nested_cv_random/resnet18/repeat_10_fold_5_metrics.csv,3,3,resnet18,"[0, 0.03]",C5,PPV at 95% Specificity,0.975
/scratchc/nrlab/wang04/ulyses_results_iteration/iteration_3_merge_below_3/cnn_model/cnn14/plasma_tp1_0.1x_model_C5/roc_curve_resnet18_tf_0_0.03/nested_cv_random/resnet18/repeat_10_fold_5_metrics.csv,3,3,resnet18,"[0, 0.03]",C5,Accuracy at 95% Specificity,0.8212673611111111
/scratchc/nrlab/wang04/ulyses_results_iteration/iteration_3_merge_below_3/cnn_model/cnn14/plasma_tp1_0.1x_model_C5/roc_curve_resnet18_tf_0_0.03/nested_cv_random/resnet18/repeat_10_fold_5_metrics.csv,3,3,resnet18,"[0, 0.03]",C5,F1 at 95% Specificity,0.8297872340425532
/scratchc/nrlab/wang04/ulyses_results_iteration/iteration_3_merge_below_3/cnn_model/cnn14/plasma_tp1_0.1x_model_C5/roc_curve_resnet18_tf_0_0.03/nested_cv_random/resnet18/repeat_10_fold_5_metrics.csv,3,4,resnet18,"[0, 0.03]",C5,AUROC,0.8723220704529117
/scratchc/nrlab/wang04/ulyses_results_iteration/iteration_3_merge_below_3/cnn_model/cnn14/plasma_tp1_0.1x_model_C5/roc_curve_resnet18_tf_0_0.03/nested_cv_random/resnet18/repeat_10_fold_5_metrics.csv,3,4,resnet18,"[0, 0.03]",C5,AUPRC,0.9183681621270988
/scratchc/nrlab/wang04/ulyses_results_iteration/iteration_3_merge_below_3/cnn_model/cnn14/plasma_tp1_0.1x_model_C5/roc_curve_resnet18_tf_0_0.03/nested_cv_random/resnet18/repeat_10_fold_5_metrics.csv,3,4,resnet18,"[0, 0.03]",C5,Sensitivity at 99% Specificity,0.2523364485981308
/scratchc/nrlab/wang04/ulyses_results_iteration/iteration_3_merge_below_3/cnn_model/cnn14/plasma_tp1_0.1x_model_C5/roc_curve_resnet18_tf_0_0.03/nested_cv_random/resnet18/repeat_10_fold_5_metrics.csv,3,4,resnet18,"[0, 0.03]",C5,PPV at 99% Specificity,1
/scratchc/nrlab/wang04/ulyses_results_iteration/iteration_3_merge_below_3/cnn_model/cnn14/plasma_tp1_0.1x_model_C5/roc_curve_resnet18_tf_0_0.03/nested_cv_random/resnet18/repeat_10_fold_5_metrics.csv,3,4,resnet18,"[0, 0.03]",C5,Accuracy at 99% Specificity,0.6211682242990654
/scratchc/nrlab/wang04/ulyses_results_iteration/iteration_3_merge_below_3/cnn_model/cnn14/plasma_tp1_0.1x_model_C5/roc_curve_resnet18_tf_0_0.03/nested_cv_random/resnet18/repeat_10_fold_5_metrics.csv,3,4,resnet18,"[0, 0.03]",C5,F1 at 99% Specificity,0.40298507462686567
/scratchc/nrlab/wang04/ulyses_results_iteration/iteration_3_merge_below_3/cnn_model/cnn14/plasma_tp1_0.1x_model_C5/roc_curve_resnet18_tf_0_0.03/nested_cv_random/resnet18/repeat_10_fold_5_metrics.csv,3,4,resnet18,"[0, 0.03]",C5,Sensitivity at 98% Specificity,0.2523364485981308
/scratchc/nrlab/wang04/ulyses_results_iteration/iteration_3_merge_below_3/cnn_model/cnn14/plasma_tp1_0.1x_model_C5/roc_curve_resnet18_tf_0_0.03/nested_cv_random/resnet18/repeat_10_fold_5_metrics.csv,3,4,resnet18,"[0, 0.03]",C5,PPV at 98% Specificity,1
/scratchc/nrlab/wang04/ulyses_results_iteration/iteration_3_merge_below_3/cnn_model/cnn14/plasma_tp1_0.1x_model_C5/roc_curve_resnet18_tf_0_0.03/nested_cv_random/resnet18/repeat_10_fold_5_metrics.csv,3,4,resnet18,"[0, 0.03]",C5,Accuracy at 98% Specificity,0.6161682242990654
/scratchc/nrlab/wang04/ulyses_results_iteration/iteration_3_merge_below_3/cnn_model/cnn14/plasma_tp1_0.1x_model_C5/roc_curve_resnet18_tf_0_0.03/nested_cv_random/resnet18/repeat_10_fold_5_metrics.csv,3,4,resnet18,"[0, 0.03]",C5,F1 at 98% Specificity,0.40298507462686567
/scratchc/nrlab/wang04/ulyses_results_iteration/iteration_3_merge_below_3/cnn_model/cnn14/plasma_tp1_0.1x_model_C5/roc_curve_resnet18_tf_0_0.03/nested_cv_random/resnet18/repeat_10_fold_5_metrics.csv,3,4,resnet18,"[0, 0.03]",C5,Sensitivity at 95% Specificity,0.4205607476635514
/scratchc/nrlab/wang04/ulyses_results_iteration/iteration_3_merge_below_3/cnn_model/cnn14/plasma_tp1_0.1x_model_C5/roc_curve_resnet18_tf_0_0.03/nested_cv_random/resnet18/repeat_10_fold_5_metrics.csv,3,4,resnet18,"[0, 0.03]",C5,PPV at 95% Specificity,0.9574468085106383
/scratchc/nrlab/wang04/ulyses_results_iteration/iteration_3_merge_below_3/cnn_model/cnn14/plasma_tp1_0.1x_model_C5/roc_curve_resnet18_tf_0_0.03/nested_cv_random/resnet18/repeat_10_fold_5_metrics.csv,3,4,resnet18,"[0, 0.03]",C5,Accuracy at 95% Specificity,0.6706649892163911
/scratchc/nrlab/wang04/ulyses_results_iteration/iteration_3_merge_below_3/cnn_model/cnn14/plasma_tp1_0.1x_model_C5/roc_curve_resnet18_tf_0_0.03/nested_cv_random/resnet18/repeat_10_fold_5_metrics.csv,3,4,resnet18,"[0, 0.03]",C5,F1 at 95% Specificity,0.5844155844155844
/scratchc/nrlab/wang04/ulyses_results_iteration/iteration_3_merge_below_3/cnn_model/cnn14/plasma_tp1_0.1x_model_C5/roc_curve_resnet18_tf_0_0.03/nested_cv_random/resnet18/repeat_10_fold_5_metrics.csv,3,5,resnet18,"[0, 0.03]",C5,AUROC,0.8760127314814815
/scratchc/nrlab/wang04/ulyses_results_iteration/iteration_3_merge_below_3/cnn_model/cnn14/plasma_tp1_0.1x_model_C5/roc_curve_resnet18_tf_0_0.03/nested_cv_random/resnet18/repeat_10_fold_5_metrics.csv,3,5,resnet18,"[0, 0.03]",C5,AUPRC,0.9326617051732256
/scratchc/nrlab/wang04/ulyses_results_iteration/iteration_3_merge_below_3/cnn_model/cnn14/plasma_tp1_0.1x_model_C5/roc_curve_resnet18_tf_0_0.03/nested_cv_random/resnet18/repeat_10_fold_5_metrics.csv,3,5,resnet18,"[0, 0.03]",C5,Sensitivity at 99% Specificity,0.48148148148148145
/scratchc/nrlab/wang04/ulyses_results_iteration/iteration_3_merge_below_3/cnn_model/cnn14/plasma_tp1_0.1x_model_C5/roc_curve_resnet18_tf_0_0.03/nested_cv_random/resnet18/repeat_10_fold_5_metrics.csv,3,5,resnet18,"[0, 0.03]",C5,PPV at 99% Specificity,1
/scratchc/nrlab/wang04/ulyses_results_iteration/iteration_3_merge_below_3/cnn_model/cnn14/plasma_tp1_0.1x_model_C5/roc_curve_resnet18_tf_0_0.03/nested_cv_random/resnet18/repeat_10_fold_5_metrics.csv,3,5,resnet18,"[0, 0.03]",C5,Accuracy at 99% Specificity,0.7357407407407407
/scratchc/nrlab/wang04/ulyses_results_iteration/iteration_3_merge_below_3/cnn_model/cnn14/plasma_tp1_0.1x_model_C5/roc_curve_resnet18_tf_0_0.03/nested_cv_random/resnet18/repeat_10_fold_5_metrics.csv,3,5,resnet18,"[0, 0.03]",C5,F1 at 99% Specificity,0.65
/scratchc/nrlab/wang04/ulyses_results_iteration/iteration_3_merge_below_3/cnn_model/cnn14/plasma_tp1_0.1x_model_C5/roc_curve_resnet18_tf_0_0.03/nested_cv_random/resnet18/repeat_10_fold_5_metrics.csv,3,5,resnet18,"[0, 0.03]",C5,Sensitivity at 98% Specificity,0.48148148148148145
/scratchc/nrlab/wang04/ulyses_results_iteration/iteration_3_merge_below_3/cnn_model/cnn14/plasma_tp1_0.1x_model_C5/roc_curve_resnet18_tf_0_0.03/nested_cv_random/resnet18/repeat_10_fold_5_metrics.csv,3,5,resnet18,"[0, 0.03]",C5,PPV at 98% Specificity,1
/scratchc/nrlab/wang04/ulyses_results_iteration/iteration_3_merge_below_3/cnn_model/cnn14/plasma_tp1_0.1x_model_C5/roc_curve_resnet18_tf_0_0.03/nested_cv_random/resnet18/repeat_10_fold_5_metrics.csv,3,5,resnet18,"[0, 0.03]",C5,Accuracy at 98% Specificity,0.7307407407407407
/scratchc/nrlab/wang04/ulyses_results_iteration/iteration_3_merge_below_3/cnn_model/cnn14/plasma_tp1_0.1x_model_C5/roc_curve_resnet18_tf_0_0.03/nested_cv_random/resnet18/repeat_10_fold_5_metrics.csv,3,5,resnet18,"[0, 0.03]",C5,F1 at 98% Specificity,0.65
/scratchc/nrlab/wang04/ulyses_results_iteration/iteration_3_merge_below_3/cnn_model/cnn14/plasma_tp1_0.1x_model_C5/roc_curve_resnet18_tf_0_0.03/nested_cv_random/resnet18/repeat_10_fold_5_metrics.csv,3,5,resnet18,"[0, 0.03]",C5,Sensitivity at 95% Specificity,0.6018518518518519
/scratchc/nrlab/wang04/ulyses_results_iteration/iteration_3_merge_below_3/cnn_model/cnn14/plasma_tp1_0.1x_model_C5/roc_curve_resnet18_tf_0_0.03/nested_cv_random/resnet18/repeat_10_fold_5_metrics.csv,3,5,resnet18,"[0, 0.03]",C5,PPV at 95% Specificity,0.9701492537313432
/scratchc/nrlab/wang04/ulyses_results_iteration/iteration_3_merge_below_3/cnn_model/cnn14/plasma_tp1_0.1x_model_C5/roc_curve_resnet18_tf_0_0.03/nested_cv_random/resnet18/repeat_10_fold_5_metrics.csv,3,5,resnet18,"[0, 0.03]",C5,Accuracy at 95% Specificity,0.7610821759259259
/scratchc/nrlab/wang04/ulyses_results_iteration/iteration_3_merge_below_3/cnn_model/cnn14/plasma_tp1_0.1x_model_C5/roc_curve_resnet18_tf_0_0.03/nested_cv_random/resnet18/repeat_10_fold_5_metrics.csv,3,5,resnet18,"[0, 0.03]",C5,F1 at 95% Specificity,0.7428571428571429
/scratchc/nrlab/wang04/ulyses_results_iteration/iteration_3_merge_below_3/cnn_model/cnn14/plasma_tp1_0.1x_model_C5/roc_curve_resnet18_tf_0_0.03/nested_cv_random/resnet18/repeat_10_fold_5_metrics.csv,4,1,resnet18,"[0, 0.03]",C5,AUROC,0.9088541666666666
/scratchc/nrlab/wang04/ulyses_results_iteration/iteration_3_merge_below_3/cnn_model/cnn14/plasma_tp1_0.1x_model_C5/roc_curve_resnet18_tf_0_0.03/nested_cv_random/resnet18/repeat_10_fold_5_metrics.csv,4,1,resnet18,"[0, 0.03]",C5,AUPRC,0.9463352360423344
/scratchc/nrlab/wang04/ulyses_results_iteration/iteration_3_merge_below_3/cnn_model/cnn14/plasma_tp1_0.1x_model_C5/roc_curve_resnet18_tf_0_0.03/nested_cv_random/resnet18/repeat_10_fold_5_metrics.csv,4,1,resnet18,"[0, 0.03]",C5,Sensitivity at 99% Specificity,0.4166666666666667
/scratchc/nrlab/wang04/ulyses_results_iteration/iteration_3_merge_below_3/cnn_model/cnn14/plasma_tp1_0.1x_model_C5/roc_curve_resnet18_tf_0_0.03/nested_cv_random/resnet18/repeat_10_fold_5_metrics.csv,4,1,resnet18,"[0, 0.03]",C5,PPV at 99% Specificity,1
/scratchc/nrlab/wang04/ulyses_results_iteration/iteration_3_merge_below_3/cnn_model/cnn14/plasma_tp1_0.1x_model_C5/roc_curve_resnet18_tf_0_0.03/nested_cv_random/resnet18/repeat_10_fold_5_metrics.csv,4,1,resnet18,"[0, 0.03]",C5,Accuracy at 99% Specificity,0.7033333333333334
/scratchc/nrlab/wang04/ulyses_results_iteration/iteration_3_merge_below_3/cnn_model/cnn14/plasma_tp1_0.1x_model_C5/roc_curve_resnet18_tf_0_0.03/nested_cv_random/resnet18/repeat_10_fold_5_metrics.csv,4,1,resnet18,"[0, 0.03]",C5,F1 at 99% Specificity,0.5882352941176471
/scratchc/nrlab/wang04/ulyses_results_iteration/iteration_3_merge_below_3/cnn_model/cnn14/plasma_tp1_0.1x_model_C5/roc_curve_resnet18_tf_0_0.03/nested_cv_random/resnet18/repeat_10_fold_5_metrics.csv,4,1,resnet18,"[0, 0.03]",C5,Sensitivity at 98% Specificity,0.4166666666666667
/scratchc/nrlab/wang04/ulyses_results_iteration/iteration_3_merge_below_3/cnn_model/cnn14/plasma_tp1_0.1x_model_C5/roc_curve_resnet18_tf_0_0.03/nested_cv_random/resnet18/repeat_10_fold_5_metrics.csv,4,1,resnet18,"[0, 0.03]",C5,PPV at 98% Specificity,1
/scratchc/nrlab/wang04/ulyses_results_iteration/iteration_3_merge_below_3/cnn_model/cnn14/plasma_tp1_0.1x_model_C5/roc_curve_resnet18_tf_0_0.03/nested_cv_random/resnet18/repeat_10_fold_5_metrics.csv,4,1,resnet18,"[0, 0.03]",C5,Accuracy at 98% Specificity,0.6983333333333334
/scratchc/nrlab/wang04/ulyses_results_iteration/iteration_3_merge_below_3/cnn_model/cnn14/plasma_tp1_0.1x_model_C5/roc_curve_resnet18_tf_0_0.03/nested_cv_random/resnet18/repeat_10_fold_5_metrics.csv,4,1,resnet18,"[0, 0.03]",C5,F1 at 98% Specificity,0.5882352941176471
/scratchc/nrlab/wang04/ulyses_results_iteration/iteration_3_merge_below_3/cnn_model/cnn14/plasma_tp1_0.1x_model_C5/roc_curve_resnet18_tf_0_0.03/nested_cv_random/resnet18/repeat_10_fold_5_metrics.csv,4,1,resnet18,"[0, 0.03]",C5,Sensitivity at 95% Specificity,0.5833333333333334
/scratchc/nrlab/wang04/ulyses_results_iteration/iteration_3_merge_below_3/cnn_model/cnn14/plasma_tp1_0.1x_model_C5/roc_curve_resnet18_tf_0_0.03/nested_cv_random/resnet18/repeat_10_fold_5_metrics.csv,4,1,resnet18,"[0, 0.03]",C5,PPV at 95% Specificity,0.9692307692307692
/scratchc/nrlab/wang04/ulyses_results_iteration/iteration_3_merge_below_3/cnn_model/cnn14/plasma_tp1_0.1x_model_C5/roc_curve_resnet18_tf_0_0.03/nested_cv_random/resnet18/repeat_10_fold_5_metrics.csv,4,1,resnet18,"[0, 0.03]",C5,Accuracy at 95% Specificity,0.7518229166666667
/scratchc/nrlab/wang04/ulyses_results_iteration/iteration_3_merge_below_3/cnn_model/cnn14/plasma_tp1_0.1x_model_C5/roc_curve_resnet18_tf_0_0.03/nested_cv_random/resnet18/repeat_10_fold_5_metrics.csv,4,1,resnet18,"[0, 0.03]",C5,F1 at 95% Specificity,0.7283236994219653
/scratchc/nrlab/wang04/ulyses_results_iteration/iteration_3_merge_below_3/cnn_model/cnn14/plasma_tp1_0.1x_model_C5/roc_curve_resnet18_tf_0_0.03/nested_cv_random/resnet18/repeat_10_fold_5_metrics.csv,4,2,resnet18,"[0, 0.03]",C5,AUROC,0.8972190366972477
/scratchc/nrlab/wang04/ulyses_results_iteration/iteration_3_merge_below_3/cnn_model/cnn14/plasma_tp1_0.1x_model_C5/roc_curve_resnet18_tf_0_0.03/nested_cv_random/resnet18/repeat_10_fold_5_metrics.csv,4,2,resnet18,"[0, 0.03]",C5,AUPRC,0.946674147956682
/scratchc/nrlab/wang04/ulyses_results_iteration/iteration_3_merge_below_3/cnn_model/cnn14/plasma_tp1_0.1x_model_C5/roc_curve_resnet18_tf_0_0.03/nested_cv_random/resnet18/repeat_10_fold_5_metrics.csv,4,2,resnet18,"[0, 0.03]",C5,Sensitivity at 99% Specificity,0.5137614678899083
/scratchc/nrlab/wang04/ulyses_results_iteration/iteration_3_merge_below_3/cnn_model/cnn14/plasma_tp1_0.1x_model_C5/roc_curve_resnet18_tf_0_0.03/nested_cv_random/resnet18/repeat_10_fold_5_metrics.csv,4,2,resnet18,"[0, 0.03]",C5,PPV at 99% Specificity,1
/scratchc/nrlab/wang04/ulyses_results_iteration/iteration_3_merge_below_3/cnn_model/cnn14/plasma_tp1_0.1x_model_C5/roc_curve_resnet18_tf_0_0.03/nested_cv_random/resnet18/repeat_10_fold_5_metrics.csv,4,2,resnet18,"[0, 0.03]",C5,Accuracy at 99% Specificity,0.7518807339449541
/scratchc/nrlab/wang04/ulyses_results_iteration/iteration_3_merge_below_3/cnn_model/cnn14/plasma_tp1_0.1x_model_C5/roc_curve_resnet18_tf_0_0.03/nested_cv_random/resnet18/repeat_10_fold_5_metrics.csv,4,2,resnet18,"[0, 0.03]",C5,F1 at 99% Specificity,0.6787878787878788
/scratchc/nrlab/wang04/ulyses_results_iteration/iteration_3_merge_below_3/cnn_model/cnn14/plasma_tp1_0.1x_model_C5/roc_curve_resnet18_tf_0_0.03/nested_cv_random/resnet18/repeat_10_fold_5_metrics.csv,4,2,resnet18,"[0, 0.03]",C5,Sensitivity at 98% Specificity,0.5137614678899083
/scratchc/nrlab/wang04/ulyses_results_iteration/iteration_3_merge_below_3/cnn_model/cnn14/plasma_tp1_0.1x_model_C5/roc_curve_resnet18_tf_0_0.03/nested_cv_random/resnet18/repeat_10_fold_5_metrics.csv,4,2,resnet18,"[0, 0.03]",C5,PPV at 98% Specificity,1
/scratchc/nrlab/wang04/ulyses_results_iteration/iteration_3_merge_below_3/cnn_model/cnn14/plasma_tp1_0.1x_model_C5/roc_curve_resnet18_tf_0_0.03/nested_cv_random/resnet18/repeat_10_fold_5_metrics.csv,4,2,resnet18,"[0, 0.03]",C5,Accuracy at 98% Specificity,0.7468807339449541
/scratchc/nrlab/wang04/ulyses_results_iteration/iteration_3_merge_below_3/cnn_model/cnn14/plasma_tp1_0.1x_model_C5/roc_curve_resnet18_tf_0_0.03/nested_cv_random/resnet18/repeat_10_fold_5_metrics.csv,4,2,resnet18,"[0, 0.03]",C5,F1 at 98% Specificity,0.6787878787878788
/scratchc/nrlab/wang04/ulyses_results_iteration/iteration_3_merge_below_3/cnn_model/cnn14/plasma_tp1_0.1x_model_C5/roc_curve_resnet18_tf_0_0.03/nested_cv_random/resnet18/repeat_10_fold_5_metrics.csv,4,2,resnet18,"[0, 0.03]",C5,Sensitivity at 95% Specificity,0.6788990825688074
/scratchc/nrlab/wang04/ulyses_results_iteration/iteration_3_merge_below_3/cnn_model/cnn14/plasma_tp1_0.1x_model_C5/roc_curve_resnet18_tf_0_0.03/nested_cv_random/resnet18/repeat_10_fold_5_metrics.csv,4,2,resnet18,"[0, 0.03]",C5,PPV at 95% Specificity,0.9736842105263158
/scratchc/nrlab/wang04/ulyses_results_iteration/iteration_3_merge_below_3/cnn_model/cnn14/plasma_tp1_0.1x_model_C5/roc_curve_resnet18_tf_0_0.03/nested_cv_random/resnet18/repeat_10_fold_5_metrics.csv,4,2,resnet18,"[0, 0.03]",C5,Accuracy at 95% Specificity,0.7996057912844037
/scratchc/nrlab/wang04/ulyses_results_iteration/iteration_3_merge_below_3/cnn_model/cnn14/plasma_tp1_0.1x_model_C5/roc_curve_resnet18_tf_0_0.03/nested_cv_random/resnet18/repeat_10_fold_5_metrics.csv,4,2,resnet18,"[0, 0.03]",C5,F1 at 95% Specificity,0.8
/scratchc/nrlab/wang04/ulyses_results_iteration/iteration_3_merge_below_3/cnn_model/cnn14/plasma_tp1_0.1x_model_C5/roc_curve_resnet18_tf_0_0.03/nested_cv_random/resnet18/repeat_10_fold_5_metrics.csv,4,3,resnet18,"[0, 0.03]",C5,AUROC,0.8992092020129403
/scratchc/nrlab/wang04/ulyses_results_iteration/iteration_3_merge_below_3/cnn_model/cnn14/plasma_tp1_0.1x_model_C5/roc_curve_resnet18_tf_0_0.03/nested_cv_random/resnet18/repeat_10_fold_5_metrics.csv,4,3,resnet18,"[0, 0.03]",C5,AUPRC,0.938801880550995
/scratchc/nrlab/wang04/ulyses_results_iteration/iteration_3_merge_below_3/cnn_model/cnn14/plasma_tp1_0.1x_model_C5/roc_curve_resnet18_tf_0_0.03/nested_cv_random/resnet18/repeat_10_fold_5_metrics.csv,4,3,resnet18,"[0, 0.03]",C5,Sensitivity at 99% Specificity,0.3644859813084112
/scratchc/nrlab/wang04/ulyses_results_iteration/iteration_3_merge_below_3/cnn_model/cnn14/plasma_tp1_0.1x_model_C5/roc_curve_resnet18_tf_0_0.03/nested_cv_random/resnet18/repeat_10_fold_5_metrics.csv,4,3,resnet18,"[0, 0.03]",C5,PPV at 99% Specificity,1
/scratchc/nrlab/wang04/ulyses_results_iteration/iteration_3_merge_below_3/cnn_model/cnn14/plasma_tp1_0.1x_model_C5/roc_curve_resnet18_tf_0_0.03/nested_cv_random/resnet18/repeat_10_fold_5_metrics.csv,4,3,resnet18,"[0, 0.03]",C5,Accuracy at 99% Specificity,0.6772429906542056
/scratchc/nrlab/wang04/ulyses_results_iteration/iteration_3_merge_below_3/cnn_model/cnn14/plasma_tp1_0.1x_model_C5/roc_curve_resnet18_tf_0_0.03/nested_cv_random/resnet18/repeat_10_fold_5_metrics.csv,4,3,resnet18,"[0, 0.03]",C5,F1 at 99% Specificity,0.5342465753424658
/scratchc/nrlab/wang04/ulyses_results_iteration/iteration_3_merge_below_3/cnn_model/cnn14/plasma_tp1_0.1x_model_C5/roc_curve_resnet18_tf_0_0.03/nested_cv_random/resnet18/repeat_10_fold_5_metrics.csv,4,3,resnet18,"[0, 0.03]",C5,Sensitivity at 98% Specificity,0.3644859813084112
/scratchc/nrlab/wang04/ulyses_results_iteration/iteration_3_merge_below_3/cnn_model/cnn14/plasma_tp1_0.1x_model_C5/roc_curve_resnet18_tf_0_0.03/nested_cv_random/resnet18/repeat_10_fold_5_metrics.csv,4,3,resnet18,"[0, 0.03]",C5,PPV at 98% Specificity,1
/scratchc/nrlab/wang04/ulyses_results_iteration/iteration_3_merge_below_3/cnn_model/cnn14/plasma_tp1_0.1x_model_C5/roc_curve_resnet18_tf_0_0.03/nested_cv_random/resnet18/repeat_10_fold_5_metrics.csv,4,3,resnet18,"[0, 0.03]",C5,Accuracy at 98% Specificity,0.6722429906542056
/scratchc/nrlab/wang04/ulyses_results_iteration/iteration_3_merge_below_3/cnn_model/cnn14/plasma_tp1_0.1x_model_C5/roc_curve_resnet18_tf_0_0.03/nested_cv_random/resnet18/repeat_10_fold_5_metrics.csv,4,3,resnet18,"[0, 0.03]",C5,F1 at 98% Specificity,0.5342465753424658
/scratchc/nrlab/wang04/ulyses_results_iteration/iteration_3_merge_below_3/cnn_model/cnn14/plasma_tp1_0.1x_model_C5/roc_curve_resnet18_tf_0_0.03/nested_cv_random/resnet18/repeat_10_fold_5_metrics.csv,4,3,resnet18,"[0, 0.03]",C5,Sensitivity at 95% Specificity,0.5700934579439252
/scratchc/nrlab/wang04/ulyses_results_iteration/iteration_3_merge_below_3/cnn_model/cnn14/plasma_tp1_0.1x_model_C5/roc_curve_resnet18_tf_0_0.03/nested_cv_random/resnet18/repeat_10_fold_5_metrics.csv,4,3,resnet18,"[0, 0.03]",C5,PPV at 95% Specificity,0.9682539682539684
/scratchc/nrlab/wang04/ulyses_results_iteration/iteration_3_merge_below_3/cnn_model/cnn14/plasma_tp1_0.1x_model_C5/roc_curve_resnet18_tf_0_0.03/nested_cv_random/resnet18/repeat_10_fold_5_metrics.csv,4,3,resnet18,"[0, 0.03]",C5,Accuracy at 95% Specificity,0.7454313443565779
/scratchc/nrlab/wang04/ulyses_results_iteration/iteration_3_merge_below_3/cnn_model/cnn14/plasma_tp1_0.1x_model_C5/roc_curve_resnet18_tf_0_0.03/nested_cv_random/resnet18/repeat_10_fold_5_metrics.csv,4,3,resnet18,"[0, 0.03]",C5,F1 at 95% Specificity,0.7176470588235294
/scratchc/nrlab/wang04/ulyses_results_iteration/iteration_3_merge_below_3/cnn_model/cnn14/plasma_tp1_0.1x_model_C5/roc_curve_resnet18_tf_0_0.03/nested_cv_random/resnet18/repeat_10_fold_5_metrics.csv,4,4,resnet18,"[0, 0.03]",C5,AUROC,0.8996405463695183
/scratchc/nrlab/wang04/ulyses_results_iteration/iteration_3_merge_below_3/cnn_model/cnn14/plasma_tp1_0.1x_model_C5/roc_curve_resnet18_tf_0_0.03/nested_cv_random/resnet18/repeat_10_fold_5_metrics.csv,4,4,resnet18,"[0, 0.03]",C5,AUPRC,0.93591947569055
/scratchc/nrlab/wang04/ulyses_results_iteration/iteration_3_merge_below_3/cnn_model/cnn14/plasma_tp1_0.1x_model_C5/roc_curve_resnet18_tf_0_0.03/nested_cv_random/resnet18/repeat_10_fold_5_metrics.csv,4,4,resnet18,"[0, 0.03]",C5,Sensitivity at 99% Specificity,0.40186915887850466
/scratchc/nrlab/wang04/ulyses_results_iteration/iteration_3_merge_below_3/cnn_model/cnn14/plasma_tp1_0.1x_model_C5/roc_curve_resnet18_tf_0_0.03/nested_cv_random/resnet18/repeat_10_fold_5_metrics.csv,4,4,resnet18,"[0, 0.03]",C5,PPV at 99% Specificity,1
/scratchc/nrlab/wang04/ulyses_results_iteration/iteration_3_merge_below_3/cnn_model/cnn14/plasma_tp1_0.1x_model_C5/roc_curve_resnet18_tf_0_0.03/nested_cv_random/resnet18/repeat_10_fold_5_metrics.csv,4,4,resnet18,"[0, 0.03]",C5,Accuracy at 99% Specificity,0.6959345794392523
/scratchc/nrlab/wang04/ulyses_results_iteration/iteration_3_merge_below_3/cnn_model/cnn14/plasma_tp1_0.1x_model_C5/roc_curve_resnet18_tf_0_0.03/nested_cv_random/resnet18/repeat_10_fold_5_metrics.csv,4,4,resnet18,"[0, 0.03]",C5,F1 at 99% Specificity,0.5733333333333334
/scratchc/nrlab/wang04/ulyses_results_iteration/iteration_3_merge_below_3/cnn_model/cnn14/plasma_tp1_0.1x_model_C5/roc_curve_resnet18_tf_0_0.03/nested_cv_random/resnet18/repeat_10_fold_5_metrics.csv,4,4,resnet18,"[0, 0.03]",C5,Sensitivity at 98% Specificity,0.40186915887850466
/scratchc/nrlab/wang04/ulyses_results_iteration/iteration_3_merge_below_3/cnn_model/cnn14/plasma_tp1_0.1x_model_C5/roc_curve_resnet18_tf_0_0.03/nested_cv_random/resnet18/repeat_10_fold_5_metrics.csv,4,4,resnet18,"[0, 0.03]",C5,PPV at 98% Specificity,1
/scratchc/nrlab/wang04/ulyses_results_iteration/iteration_3_merge_below_3/cnn_model/cnn14/plasma_tp1_0.1x_model_C5/roc_curve_resnet18_tf_0_0.03/nested_cv_random/resnet18/repeat_10_fold_5_metrics.csv,4,4,resnet18,"[0, 0.03]",C5,Accuracy at 98% Specificity,0.6909345794392523
/scratchc/nrlab/wang04/ulyses_results_iteration/iteration_3_merge_below_3/cnn_model/cnn14/plasma_tp1_0.1x_model_C5/roc_curve_resnet18_tf_0_0.03/nested_cv_random/resnet18/repeat_10_fold_5_metrics.csv,4,4,resnet18,"[0, 0.03]",C5,F1 at 98% Specificity,0.5733333333333334
/scratchc/nrlab/wang04/ulyses_results_iteration/iteration_3_merge_below_3/cnn_model/cnn14/plasma_tp1_0.1x_model_C5/roc_curve_resnet18_tf_0_0.03/nested_cv_random/resnet18/repeat_10_fold_5_metrics.csv,4,4,resnet18,"[0, 0.03]",C5,Sensitivity at 95% Specificity,0.5046728971962616
/scratchc/nrlab/wang04/ulyses_results_iteration/iteration_3_merge_below_3/cnn_model/cnn14/plasma_tp1_0.1x_model_C5/roc_curve_resnet18_tf_0_0.03/nested_cv_random/resnet18/repeat_10_fold_5_metrics.csv,4,4,resnet18,"[0, 0.03]",C5,PPV at 95% Specificity,0.9642857142857144
/scratchc/nrlab/wang04/ulyses_results_iteration/iteration_3_merge_below_3/cnn_model/cnn14/plasma_tp1_0.1x_model_C5/roc_curve_resnet18_tf_0_0.03/nested_cv_random/resnet18/repeat_10_fold_5_metrics.csv,4,4,resnet18,"[0, 0.03]",C5,Accuracy at 95% Specificity,0.7127210639827462
/scratchc/nrlab/wang04/ulyses_results_iteration/iteration_3_merge_below_3/cnn_model/cnn14/plasma_tp1_0.1x_model_C5/roc_curve_resnet18_tf_0_0.03/nested_cv_random/resnet18/repeat_10_fold_5_metrics.csv,4,4,resnet18,"[0, 0.03]",C5,F1 at 95% Specificity,0.6625766871165644
/scratchc/nrlab/wang04/ulyses_results_iteration/iteration_3_merge_below_3/cnn_model/cnn14/plasma_tp1_0.1x_model_C5/roc_curve_resnet18_tf_0_0.03/nested_cv_random/resnet18/repeat_10_fold_5_metrics.csv,4,5,resnet18,"[0, 0.03]",C5,AUROC,0.9095948827292112
/scratchc/nrlab/wang04/ulyses_results_iteration/iteration_3_merge_below_3/cnn_model/cnn14/plasma_tp1_0.1x_model_C5/roc_curve_resnet18_tf_0_0.03/nested_cv_random/resnet18/repeat_10_fold_5_metrics.csv,4,5,resnet18,"[0, 0.03]",C5,AUPRC,0.9428446741720048
/scratchc/nrlab/wang04/ulyses_results_iteration/iteration_3_merge_below_3/cnn_model/cnn14/plasma_tp1_0.1x_model_C5/roc_curve_resnet18_tf_0_0.03/nested_cv_random/resnet18/repeat_10_fold_5_metrics.csv,4,5,resnet18,"[0, 0.03]",C5,Sensitivity at 99% Specificity,0.23809523809523808
/scratchc/nrlab/wang04/ulyses_results_iteration/iteration_3_merge_below_3/cnn_model/cnn14/plasma_tp1_0.1x_model_C5/roc_curve_resnet18_tf_0_0.03/nested_cv_random/resnet18/repeat_10_fold_5_metrics.csv,4,5,resnet18,"[0, 0.03]",C5,PPV at 99% Specificity,1
/scratchc/nrlab/wang04/ulyses_results_iteration/iteration_3_merge_below_3/cnn_model/cnn14/plasma_tp1_0.1x_model_C5/roc_curve_resnet18_tf_0_0.03/nested_cv_random/resnet18/repeat_10_fold_5_metrics.csv,4,5,resnet18,"[0, 0.03]",C5,Accuracy at 99% Specificity,0.6140476190476191
/scratchc/nrlab/wang04/ulyses_results_iteration/iteration_3_merge_below_3/cnn_model/cnn14/plasma_tp1_0.1x_model_C5/roc_curve_resnet18_tf_0_0.03/nested_cv_random/resnet18/repeat_10_fold_5_metrics.csv,4,5,resnet18,"[0, 0.03]",C5,F1 at 99% Specificity,0.38461538461538464
/scratchc/nrlab/wang04/ulyses_results_iteration/iteration_3_merge_below_3/cnn_model/cnn14/plasma_tp1_0.1x_model_C5/roc_curve_resnet18_tf_0_0.03/nested_cv_random/resnet18/repeat_10_fold_5_metrics.csv,4,5,resnet18,"[0, 0.03]",C5,Sensitivity at 98% Specificity,0.23809523809523808
/scratchc/nrlab/wang04/ulyses_results_iteration/iteration_3_merge_below_3/cnn_model/cnn14/plasma_tp1_0.1x_model_C5/roc_curve_resnet18_tf_0_0.03/nested_cv_random/resnet18/repeat_10_fold_5_metrics.csv,4,5,resnet18,"[0, 0.03]",C5,PPV at 98% Specificity,1
/scratchc/nrlab/wang04/ulyses_results_iteration/iteration_3_merge_below_3/cnn_model/cnn14/plasma_tp1_0.1x_model_C5/roc_curve_resnet18_tf_0_0.03/nested_cv_random/resnet18/repeat_10_fold_5_metrics.csv,4,5,resnet18,"[0, 0.03]",C5,Accuracy at 98% Specificity,0.6090476190476191
/scratchc/nrlab/wang04/ulyses_results_iteration/iteration_3_merge_below_3/cnn_model/cnn14/plasma_tp1_0.1x_model_C5/roc_curve_resnet18_tf_0_0.03/nested_cv_random/resnet18/repeat_10_fold_5_metrics.csv,4,5,resnet18,"[0, 0.03]",C5,F1 at 98% Specificity,0.38461538461538464
/scratchc/nrlab/wang04/ulyses_results_iteration/iteration_3_merge_below_3/cnn_model/cnn14/plasma_tp1_0.1x_model_C5/roc_curve_resnet18_tf_0_0.03/nested_cv_random/resnet18/repeat_10_fold_5_metrics.csv,4,5,resnet18,"[0, 0.03]",C5,Sensitivity at 95% Specificity,0.6
/scratchc/nrlab/wang04/ulyses_results_iteration/iteration_3_merge_below_3/cnn_model/cnn14/plasma_tp1_0.1x_model_C5/roc_curve_resnet18_tf_0_0.03/nested_cv_random/resnet18/repeat_10_fold_5_metrics.csv,4,5,resnet18,"[0, 0.03]",C5,PPV at 95% Specificity,0.9692307692307692
/scratchc/nrlab/wang04/ulyses_results_iteration/iteration_3_merge_below_3/cnn_model/cnn14/plasma_tp1_0.1x_model_C5/roc_curve_resnet18_tf_0_0.03/nested_cv_random/resnet18/repeat_10_fold_5_metrics.csv,4,5,resnet18,"[0, 0.03]",C5,Accuracy at 95% Specificity,0.7608208955223881
/scratchc/nrlab/wang04/ulyses_results_iteration/iteration_3_merge_below_3/cnn_model/cnn14/plasma_tp1_0.1x_model_C5/roc_curve_resnet18_tf_0_0.03/nested_cv_random/resnet18/repeat_10_fold_5_metrics.csv,4,5,resnet18,"[0, 0.03]",C5,F1 at 95% Specificity,0.7411764705882353
/scratchc/nrlab/wang04/ulyses_results_iteration/iteration_3_merge_below_3/cnn_model/cnn14/plasma_tp1_0.1x_model_C5/roc_curve_resnet18_tf_0_0.03/nested_cv_random/resnet18/repeat_10_fold_5_metrics.csv,5,2,resnet18,"[0, 0.03]",C5,AUROC,0.9046585648148148
/scratchc/nrlab/wang04/ulyses_results_iteration/iteration_3_merge_below_3/cnn_model/cnn14/plasma_tp1_0.1x_model_C5/roc_curve_resnet18_tf_0_0.03/nested_cv_random/resnet18/repeat_10_fold_5_metrics.csv,5,2,resnet18,"[0, 0.03]",C5,AUPRC,0.947559402288728
/scratchc/nrlab/wang04/ulyses_results_iteration/iteration_3_merge_below_3/cnn_model/cnn14/plasma_tp1_0.1x_model_C5/roc_curve_resnet18_tf_0_0.03/nested_cv_random/resnet18/repeat_10_fold_5_metrics.csv,5,2,resnet18,"[0, 0.03]",C5,Sensitivity at 99% Specificity,0.5185185185185185
/scratchc/nrlab/wang04/ulyses_results_iteration/iteration_3_merge_below_3/cnn_model/cnn14/plasma_tp1_0.1x_model_C5/roc_curve_resnet18_tf_0_0.03/nested_cv_random/resnet18/repeat_10_fold_5_metrics.csv,5,2,resnet18,"[0, 0.03]",C5,PPV at 99% Specificity,1
/scratchc/nrlab/wang04/ulyses_results_iteration/iteration_3_merge_below_3/cnn_model/cnn14/plasma_tp1_0.1x_model_C5/roc_curve_resnet18_tf_0_0.03/nested_cv_random/resnet18/repeat_10_fold_5_metrics.csv,5,2,resnet18,"[0, 0.03]",C5,Accuracy at 99% Specificity,0.7542592592592592
/scratchc/nrlab/wang04/ulyses_results_iteration/iteration_3_merge_below_3/cnn_model/cnn14/plasma_tp1_0.1x_model_C5/roc_curve_resnet18_tf_0_0.03/nested_cv_random/resnet18/repeat_10_fold_5_metrics.csv,5,2,resnet18,"[0, 0.03]",C5,F1 at 99% Specificity,0.6829268292682927
/scratchc/nrlab/wang04/ulyses_results_iteration/iteration_3_merge_below_3/cnn_model/cnn14/plasma_tp1_0.1x_model_C5/roc_curve_resnet18_tf_0_0.03/nested_cv_random/resnet18/repeat_10_fold_5_metrics.csv,5,2,resnet18,"[0, 0.03]",C5,Sensitivity at 98% Specificity,0.5185185185185185
/scratchc/nrlab/wang04/ulyses_results_iteration/iteration_3_merge_below_3/cnn_model/cnn14/plasma_tp1_0.1x_model_C5/roc_curve_resnet18_tf_0_0.03/nested_cv_random/resnet18/repeat_10_fold_5_metrics.csv,5,2,resnet18,"[0, 0.03]",C5,PPV at 98% Specificity,1
/scratchc/nrlab/wang04/ulyses_results_iteration/iteration_3_merge_below_3/cnn_model/cnn14/plasma_tp1_0.1x_model_C5/roc_curve_resnet18_tf_0_0.03/nested_cv_random/resnet18/repeat_10_fold_5_metrics.csv,5,2,resnet18,"[0, 0.03]",C5,Accuracy at 98% Specificity,0.7492592592592593
/scratchc/nrlab/wang04/ulyses_results_iteration/iteration_3_merge_below_3/cnn_model/cnn14/plasma_tp1_0.1x_model_C5/roc_curve_resnet18_tf_0_0.03/nested_cv_random/resnet18/repeat_10_fold_5_metrics.csv,5,2,resnet18,"[0, 0.03]",C5,F1 at 98% Specificity,0.6829268292682927
/scratchc/nrlab/wang04/ulyses_results_iteration/iteration_3_merge_below_3/cnn_model/cnn14/plasma_tp1_0.1x_model_C5/roc_curve_resnet18_tf_0_0.03/nested_cv_random/resnet18/repeat_10_fold_5_metrics.csv,5,2,resnet18,"[0, 0.03]",C5,Sensitivity at 95% Specificity,0.6574074074074074
/scratchc/nrlab/wang04/ulyses_results_iteration/iteration_3_merge_below_3/cnn_model/cnn14/plasma_tp1_0.1x_model_C5/roc_curve_resnet18_tf_0_0.03/nested_cv_random/resnet18/repeat_10_fold_5_metrics.csv,5,2,resnet18,"[0, 0.03]",C5,PPV at 95% Specificity,0.9726027397260274
/scratchc/nrlab/wang04/ulyses_results_iteration/iteration_3_merge_below_3/cnn_model/cnn14/plasma_tp1_0.1x_model_C5/roc_curve_resnet18_tf_0_0.03/nested_cv_random/resnet18/repeat_10_fold_5_metrics.csv,5,2,resnet18,"[0, 0.03]",C5,Accuracy at 95% Specificity,0.7888599537037038
/scratchc/nrlab/wang04/ulyses_results_iteration/iteration_3_merge_below_3/cnn_model/cnn14/plasma_tp1_0.1x_model_C5/roc_curve_resnet18_tf_0_0.03/nested_cv_random/resnet18/repeat_10_fold_5_metrics.csv,5,2,resnet18,"[0, 0.03]",C5,F1 at 95% Specificity,0.7845303867403315
/scratchc/nrlab/wang04/ulyses_results_iteration/iteration_3_merge_below_3/cnn_model/cnn14/plasma_tp1_0.1x_model_C5/roc_curve_resnet18_tf_0_0.03/nested_cv_random/resnet18/repeat_10_fold_5_metrics.csv,5,3,resnet18,"[0, 0.03]",C5,AUROC,0.9180136886558904
/scratchc/nrlab/wang04/ulyses_results_iteration/iteration_3_merge_below_3/cnn_model/cnn14/plasma_tp1_0.1x_model_C5/roc_curve_resnet18_tf_0_0.03/nested_cv_random/resnet18/repeat_10_fold_5_metrics.csv,5,3,resnet18,"[0, 0.03]",C5,AUPRC,0.953351703844963
/scratchc/nrlab/wang04/ulyses_results_iteration/iteration_3_merge_below_3/cnn_model/cnn14/plasma_tp1_0.1x_model_C5/roc_curve_resnet18_tf_0_0.03/nested_cv_random/resnet18/repeat_10_fold_5_metrics.csv,5,3,resnet18,"[0, 0.03]",C5,Sensitivity at 99% Specificity,0.4678899082568808
/scratchc/nrlab/wang04/ulyses_results_iteration/iteration_3_merge_below_3/cnn_model/cnn14/plasma_tp1_0.1x_model_C5/roc_curve_resnet18_tf_0_0.03/nested_cv_random/resnet18/repeat_10_fold_5_metrics.csv,5,3,resnet18,"[0, 0.03]",C5,PPV at 99% Specificity,1
/scratchc/nrlab/wang04/ulyses_results_iteration/iteration_3_merge_below_3/cnn_model/cnn14/plasma_tp1_0.1x_model_C5/roc_curve_resnet18_tf_0_0.03/nested_cv_random/resnet18/repeat_10_fold_5_metrics.csv,5,3,resnet18,"[0, 0.03]",C5,Accuracy at 99% Specificity,0.7289449541284404
/scratchc/nrlab/wang04/ulyses_results_iteration/iteration_3_merge_below_3/cnn_model/cnn14/plasma_tp1_0.1x_model_C5/roc_curve_resnet18_tf_0_0.03/nested_cv_random/resnet18/repeat_10_fold_5_metrics.csv,5,3,resnet18,"[0, 0.03]",C5,F1 at 99% Specificity,0.6375
/scratchc/nrlab/wang04/ulyses_results_iteration/iteration_3_merge_below_3/cnn_model/cnn14/plasma_tp1_0.1x_model_C5/roc_curve_resnet18_tf_0_0.03/nested_cv_random/resnet18/repeat_10_fold_5_metrics.csv,5,3,resnet18,"[0, 0.03]",C5,Sensitivity at 98% Specificity,0.4678899082568808
/scratchc/nrlab/wang04/ulyses_results_iteration/iteration_3_merge_below_3/cnn_model/cnn14/plasma_tp1_0.1x_model_C5/roc_curve_resnet18_tf_0_0.03/nested_cv_random/resnet18/repeat_10_fold_5_metrics.csv,5,3,resnet18,"[0, 0.03]",C5,PPV at 98% Specificity,1
/scratchc/nrlab/wang04/ulyses_results_iteration/iteration_3_merge_below_3/cnn_model/cnn14/plasma_tp1_0.1x_model_C5/roc_curve_resnet18_tf_0_0.03/nested_cv_random/resnet18/repeat_10_fold_5_metrics.csv,5,3,resnet18,"[0, 0.03]",C5,Accuracy at 98% Specificity,0.7239449541284404
/scratchc/nrlab/wang04/ulyses_results_iteration/iteration_3_merge_below_3/cnn_model/cnn14/plasma_tp1_0.1x_model_C5/roc_curve_resnet18_tf_0_0.03/nested_cv_random/resnet18/repeat_10_fold_5_metrics.csv,5,3,resnet18,"[0, 0.03]",C5,F1 at 98% Specificity,0.6375
/scratchc/nrlab/wang04/ulyses_results_iteration/iteration_3_merge_below_3/cnn_model/cnn14/plasma_tp1_0.1x_model_C5/roc_curve_resnet18_tf_0_0.03/nested_cv_random/resnet18/repeat_10_fold_5_metrics.csv,5,3,resnet18,"[0, 0.03]",C5,Sensitivity at 95% Specificity,0.6146788990825688
/scratchc/nrlab/wang04/ulyses_results_iteration/iteration_3_merge_below_3/cnn_model/cnn14/plasma_tp1_0.1x_model_C5/roc_curve_resnet18_tf_0_0.03/nested_cv_random/resnet18/repeat_10_fold_5_metrics.csv,5,3,resnet18,"[0, 0.03]",C5,PPV at 95% Specificity,0.9710144927536232
/scratchc/nrlab/wang04/ulyses_results_iteration/iteration_3_merge_below_3/cnn_model/cnn14/plasma_tp1_0.1x_model_C5/roc_curve_resnet18_tf_0_0.03/nested_cv_random/resnet18/repeat_10_fold_5_metrics.csv,5,3,resnet18,"[0, 0.03]",C5,Accuracy at 95% Specificity,0.7672600844619193
/scratchc/nrlab/wang04/ulyses_results_iteration/iteration_3_merge_below_3/cnn_model/cnn14/plasma_tp1_0.1x_model_C5/roc_curve_resnet18_tf_0_0.03/nested_cv_random/resnet18/repeat_10_fold_5_metrics.csv,5,3,resnet18,"[0, 0.03]",C5,F1 at 95% Specificity,0.7528089887640449
/scratchc/nrlab/wang04/ulyses_results_iteration/iteration_3_merge_below_3/cnn_model/cnn14/plasma_tp1_0.1x_model_C5/roc_curve_resnet18_tf_0_0.03/nested_cv_random/resnet18/repeat_10_fold_5_metrics.csv,5,4,resnet18,"[0, 0.03]",C5,AUROC,0.868262614678899
/scratchc/nrlab/wang04/ulyses_results_iteration/iteration_3_merge_below_3/cnn_model/cnn14/plasma_tp1_0.1x_model_C5/roc_curve_resnet18_tf_0_0.03/nested_cv_random/resnet18/repeat_10_fold_5_metrics.csv,5,4,resnet18,"[0, 0.03]",C5,AUPRC,0.9225942100237808
/scratchc/nrlab/wang04/ulyses_results_iteration/iteration_3_merge_below_3/cnn_model/cnn14/plasma_tp1_0.1x_model_C5/roc_curve_resnet18_tf_0_0.03/nested_cv_random/resnet18/repeat_10_fold_5_metrics.csv,5,4,resnet18,"[0, 0.03]",C5,Sensitivity at 99% Specificity,0.3394495412844037
/scratchc/nrlab/wang04/ulyses_results_iteration/iteration_3_merge_below_3/cnn_model/cnn14/plasma_tp1_0.1x_model_C5/roc_curve_resnet18_tf_0_0.03/nested_cv_random/resnet18/repeat_10_fold_5_metrics.csv,5,4,resnet18,"[0, 0.03]",C5,PPV at 99% Specificity,1
/scratchc/nrlab/wang04/ulyses_results_iteration/iteration_3_merge_below_3/cnn_model/cnn14/plasma_tp1_0.1x_model_C5/roc_curve_resnet18_tf_0_0.03/nested_cv_random/resnet18/repeat_10_fold_5_metrics.csv,5,4,resnet18,"[0, 0.03]",C5,Accuracy at 99% Specificity,0.6647247706422018
/scratchc/nrlab/wang04/ulyses_results_iteration/iteration_3_merge_below_3/cnn_model/cnn14/plasma_tp1_0.1x_model_C5/roc_curve_resnet18_tf_0_0.03/nested_cv_random/resnet18/repeat_10_fold_5_metrics.csv,5,4,resnet18,"[0, 0.03]",C5,F1 at 99% Specificity,0.5068493150684932
/scratchc/nrlab/wang04/ulyses_results_iteration/iteration_3_merge_below_3/cnn_model/cnn14/plasma_tp1_0.1x_model_C5/roc_curve_resnet18_tf_0_0.03/nested_cv_random/resnet18/repeat_10_fold_5_metrics.csv,5,4,resnet18,"[0, 0.03]",C5,Sensitivity at 98% Specificity,0.3394495412844037
/scratchc/nrlab/wang04/ulyses_results_iteration/iteration_3_merge_below_3/cnn_model/cnn14/plasma_tp1_0.1x_model_C5/roc_curve_resnet18_tf_0_0.03/nested_cv_random/resnet18/repeat_10_fold_5_metrics.csv,5,4,resnet18,"[0, 0.03]",C5,PPV at 98% Specificity,1
/scratchc/nrlab/wang04/ulyses_results_iteration/iteration_3_merge_below_3/cnn_model/cnn14/plasma_tp1_0.1x_model_C5/roc_curve_resnet18_tf_0_0.03/nested_cv_random/resnet18/repeat_10_fold_5_metrics.csv,5,4,resnet18,"[0, 0.03]",C5,Accuracy at 98% Specificity,0.6597247706422018
/scratchc/nrlab/wang04/ulyses_results_iteration/iteration_3_merge_below_3/cnn_model/cnn14/plasma_tp1_0.1x_model_C5/roc_curve_resnet18_tf_0_0.03/nested_cv_random/resnet18/repeat_10_fold_5_metrics.csv,5,4,resnet18,"[0, 0.03]",C5,F1 at 98% Specificity,0.5068493150684932
/scratchc/nrlab/wang04/ulyses_results_iteration/iteration_3_merge_below_3/cnn_model/cnn14/plasma_tp1_0.1x_model_C5/roc_curve_resnet18_tf_0_0.03/nested_cv_random/resnet18/repeat_10_fold_5_metrics.csv,5,4,resnet18,"[0, 0.03]",C5,Sensitivity at 95% Specificity,0.44954128440366975
/scratchc/nrlab/wang04/ulyses_results_iteration/iteration_3_merge_below_3/cnn_model/cnn14/plasma_tp1_0.1x_model_C5/roc_curve_resnet18_tf_0_0.03/nested_cv_random/resnet18/repeat_10_fold_5_metrics.csv,5,4,resnet18,"[0, 0.03]",C5,PPV at 95% Specificity,0.9607843137254902
/scratchc/nrlab/wang04/ulyses_results_iteration/iteration_3_merge_below_3/cnn_model/cnn14/plasma_tp1_0.1x_model_C5/roc_curve_resnet18_tf_0_0.03/nested_cv_random/resnet18/repeat_10_fold_5_metrics.csv,5,4,resnet18,"[0, 0.03]",C5,Accuracy at 95% Specificity,0.6849268922018349
/scratchc/nrlab/wang04/ulyses_results_iteration/iteration_3_merge_below_3/cnn_model/cnn14/plasma_tp1_0.1x_model_C5/roc_curve_resnet18_tf_0_0.03/nested_cv_random/resnet18/repeat_10_fold_5_metrics.csv,5,4,resnet18,"[0, 0.03]",C5,F1 at 95% Specificity,0.6125
/scratchc/nrlab/wang04/ulyses_results_iteration/iteration_3_merge_below_3/cnn_model/cnn14/plasma_tp1_0.1x_model_C5/roc_curve_resnet18_tf_0_0.03/nested_cv_random/resnet18/repeat_10_fold_5_metrics.csv,5,5,resnet18,"[0, 0.03]",C5,AUROC,0.9366027007818052
/scratchc/nrlab/wang04/ulyses_results_iteration/iteration_3_merge_below_3/cnn_model/cnn14/plasma_tp1_0.1x_model_C5/roc_curve_resnet18_tf_0_0.03/nested_cv_random/resnet18/repeat_10_fold_5_metrics.csv,5,5,resnet18,"[0, 0.03]",C5,AUPRC,0.9588273198703332
/scratchc/nrlab/wang04/ulyses_results_iteration/iteration_3_merge_below_3/cnn_model/cnn14/plasma_tp1_0.1x_model_C5/roc_curve_resnet18_tf_0_0.03/nested_cv_random/resnet18/repeat_10_fold_5_metrics.csv,5,5,resnet18,"[0, 0.03]",C5,Sensitivity at 99% Specificity,0.4
/scratchc/nrlab/wang04/ulyses_results_iteration/iteration_3_merge_below_3/cnn_model/cnn14/plasma_tp1_0.1x_model_C5/roc_curve_resnet18_tf_0_0.03/nested_cv_random/resnet18/repeat_10_fold_5_metrics.csv,5,5,resnet18,"[0, 0.03]",C5,PPV at 99% Specificity,1
/scratchc/nrlab/wang04/ulyses_results_iteration/iteration_3_merge_below_3/cnn_model/cnn14/plasma_tp1_0.1x_model_C5/roc_curve_resnet18_tf_0_0.03/nested_cv_random/resnet18/repeat_10_fold_5_metrics.csv,5,5,resnet18,"[0, 0.03]",C5,Accuracy at 99% Specificity,0.6950000000000001
/scratchc/nrlab/wang04/ulyses_results_iteration/iteration_3_merge_below_3/cnn_model/cnn14/plasma_tp1_0.1x_model_C5/roc_curve_resnet18_tf_0_0.03/nested_cv_random/resnet18/repeat_10_fold_5_metrics.csv,5,5,resnet18,"[0, 0.03]",C5,F1 at 99% Specificity,0.5714285714285714
/scratchc/nrlab/wang04/ulyses_results_iteration/iteration_3_merge_below_3/cnn_model/cnn14/plasma_tp1_0.1x_model_C5/roc_curve_resnet18_tf_0_0.03/nested_cv_random/resnet18/repeat_10_fold_5_metrics.csv,5,5,resnet18,"[0, 0.03]",C5,Sensitivity at 98% Specificity,0.4
/scratchc/nrlab/wang04/ulyses_results_iteration/iteration_3_merge_below_3/cnn_model/cnn14/plasma_tp1_0.1x_model_C5/roc_curve_resnet18_tf_0_0.03/nested_cv_random/resnet18/repeat_10_fold_5_metrics.csv,5,5,resnet18,"[0, 0.03]",C5,PPV at 98% Specificity,1
/scratchc/nrlab/wang04/ulyses_results_iteration/iteration_3_merge_below_3/cnn_model/cnn14/plasma_tp1_0.1x_model_C5/roc_curve_resnet18_tf_0_0.03/nested_cv_random/resnet18/repeat_10_fold_5_metrics.csv,5,5,resnet18,"[0, 0.03]",C5,Accuracy at 98% Specificity,0.69
/scratchc/nrlab/wang04/ulyses_results_iteration/iteration_3_merge_below_3/cnn_model/cnn14/plasma_tp1_0.1x_model_C5/roc_curve_resnet18_tf_0_0.03/nested_cv_random/resnet18/repeat_10_fold_5_metrics.csv,5,5,resnet18,"[0, 0.03]",C5,F1 at 98% Specificity,0.5714285714285714
/scratchc/nrlab/wang04/ulyses_results_iteration/iteration_3_merge_below_3/cnn_model/cnn14/plasma_tp1_0.1x_model_C5/roc_curve_resnet18_tf_0_0.03/nested_cv_random/resnet18/repeat_10_fold_5_metrics.csv,5,5,resnet18,"[0, 0.03]",C5,Sensitivity at 95% Specificity,0.6
/scratchc/nrlab/wang04/ulyses_results_iteration/iteration_3_merge_below_3/cnn_model/cnn14/plasma_tp1_0.1x_model_C5/roc_curve_resnet18_tf_0_0.03/nested_cv_random/resnet18/repeat_10_fold_5_metrics.csv,5,5,resnet18,"[0, 0.03]",C5,PPV at 95% Specificity,0.9692307692307692
/scratchc/nrlab/wang04/ulyses_results_iteration/iteration_3_merge_below_3/cnn_model/cnn14/plasma_tp1_0.1x_model_C5/roc_curve_resnet18_tf_0_0.03/nested_cv_random/resnet18/repeat_10_fold_5_metrics.csv,5,5,resnet18,"[0, 0.03]",C5,Accuracy at 95% Specificity,0.7608208955223881
/scratchc/nrlab/wang04/ulyses_results_iteration/iteration_3_merge_below_3/cnn_model/cnn14/plasma_tp1_0.1x_model_C5/roc_curve_resnet18_tf_0_0.03/nested_cv_random/resnet18/repeat_10_fold_5_metrics.csv,5,5,resnet18,"[0, 0.03]",C5,F1 at 95% Specificity,0.7411764705882353
/scratchc/nrlab/wang04/ulyses_results_iteration/iteration_3_merge_below_3/cnn_model/cnn14/plasma_tp1_0.1x_model_C5/roc_curve_resnet18_tf_0_0.03/nested_cv_random/resnet18/repeat_10_fold_5_metrics.csv,6,2,resnet18,"[0, 0.03]",C5,AUROC,0.9024926686217009
/scratchc/nrlab/wang04/ulyses_results_iteration/iteration_3_merge_below_3/cnn_model/cnn14/plasma_tp1_0.1x_model_C5/roc_curve_resnet18_tf_0_0.03/nested_cv_random/resnet18/repeat_10_fold_5_metrics.csv,6,2,resnet18,"[0, 0.03]",C5,AUPRC,0.9459936247093104
/scratchc/nrlab/wang04/ulyses_results_iteration/iteration_3_merge_below_3/cnn_model/cnn14/plasma_tp1_0.1x_model_C5/roc_curve_resnet18_tf_0_0.03/nested_cv_random/resnet18/repeat_10_fold_5_metrics.csv,6,2,resnet18,"[0, 0.03]",C5,Sensitivity at 99% Specificity,0.37272727272727274
/scratchc/nrlab/wang04/ulyses_results_iteration/iteration_3_merge_below_3/cnn_model/cnn14/plasma_tp1_0.1x_model_C5/roc_curve_resnet18_tf_0_0.03/nested_cv_random/resnet18/repeat_10_fold_5_metrics.csv,6,2,resnet18,"[0, 0.03]",C5,PPV at 99% Specificity,1
/scratchc/nrlab/wang04/ulyses_results_iteration/iteration_3_merge_below_3/cnn_model/cnn14/plasma_tp1_0.1x_model_C5/roc_curve_resnet18_tf_0_0.03/nested_cv_random/resnet18/repeat_10_fold_5_metrics.csv,6,2,resnet18,"[0, 0.03]",C5,Accuracy at 99% Specificity,0.6813636363636364
/scratchc/nrlab/wang04/ulyses_results_iteration/iteration_3_merge_below_3/cnn_model/cnn14/plasma_tp1_0.1x_model_C5/roc_curve_resnet18_tf_0_0.03/nested_cv_random/resnet18/repeat_10_fold_5_metrics.csv,6,2,resnet18,"[0, 0.03]",C5,F1 at 99% Specificity,0.543046357615894
/scratchc/nrlab/wang04/ulyses_results_iteration/iteration_3_merge_below_3/cnn_model/cnn14/plasma_tp1_0.1x_model_C5/roc_curve_resnet18_tf_0_0.03/nested_cv_random/resnet18/repeat_10_fold_5_metrics.csv,6,2,resnet18,"[0, 0.03]",C5,Sensitivity at 98% Specificity,0.37272727272727274
/scratchc/nrlab/wang04/ulyses_results_iteration/iteration_3_merge_below_3/cnn_model/cnn14/plasma_tp1_0.1x_model_C5/roc_curve_resnet18_tf_0_0.03/nested_cv_random/resnet18/repeat_10_fold_5_metrics.csv,6,2,resnet18,"[0, 0.03]",C5,PPV at 98% Specificity,1
/scratchc/nrlab/wang04/ulyses_results_iteration/iteration_3_merge_below_3/cnn_model/cnn14/plasma_tp1_0.1x_model_C5/roc_curve_resnet18_tf_0_0.03/nested_cv_random/resnet18/repeat_10_fold_5_metrics.csv,6,2,resnet18,"[0, 0.03]",C5,Accuracy at 98% Specificity,0.6763636363636364
/scratchc/nrlab/wang04/ulyses_results_iteration/iteration_3_merge_below_3/cnn_model/cnn14/plasma_tp1_0.1x_model_C5/roc_curve_resnet18_tf_0_0.03/nested_cv_random/resnet18/repeat_10_fold_5_metrics.csv,6,2,resnet18,"[0, 0.03]",C5,F1 at 98% Specificity,0.543046357615894
/scratchc/nrlab/wang04/ulyses_results_iteration/iteration_3_merge_below_3/cnn_model/cnn14/plasma_tp1_0.1x_model_C5/roc_curve_resnet18_tf_0_0.03/nested_cv_random/resnet18/repeat_10_fold_5_metrics.csv,6,2,resnet18,"[0, 0.03]",C5,Sensitivity at 95% Specificity,0.5727272727272728
/scratchc/nrlab/wang04/ulyses_results_iteration/iteration_3_merge_below_3/cnn_model/cnn14/plasma_tp1_0.1x_model_C5/roc_curve_resnet18_tf_0_0.03/nested_cv_random/resnet18/repeat_10_fold_5_metrics.csv,6,2,resnet18,"[0, 0.03]",C5,PPV at 95% Specificity,0.9692307692307692
/scratchc/nrlab/wang04/ulyses_results_iteration/iteration_3_merge_below_3/cnn_model/cnn14/plasma_tp1_0.1x_model_C5/roc_curve_resnet18_tf_0_0.03/nested_cv_random/resnet18/repeat_10_fold_5_metrics.csv,6,2,resnet18,"[0, 0.03]",C5,Accuracy at 95% Specificity,0.7460410557184751
/scratchc/nrlab/wang04/ulyses_results_iteration/iteration_3_merge_below_3/cnn_model/cnn14/plasma_tp1_0.1x_model_C5/roc_curve_resnet18_tf_0_0.03/nested_cv_random/resnet18/repeat_10_fold_5_metrics.csv,6,2,resnet18,"[0, 0.03]",C5,F1 at 95% Specificity,0.72
/scratchc/nrlab/wang04/ulyses_results_iteration/iteration_3_merge_below_3/cnn_model/cnn14/plasma_tp1_0.1x_model_C5/roc_curve_resnet18_tf_0_0.03/nested_cv_random/resnet18/repeat_10_fold_5_metrics.csv,6,3,resnet18,"[0, 0.03]",C5,AUROC,0.8667145938173976
/scratchc/nrlab/wang04/ulyses_results_iteration/iteration_3_merge_below_3/cnn_model/cnn14/plasma_tp1_0.1x_model_C5/roc_curve_resnet18_tf_0_0.03/nested_cv_random/resnet18/repeat_10_fold_5_metrics.csv,6,3,resnet18,"[0, 0.03]",C5,AUPRC,0.9154773433900468
/scratchc/nrlab/wang04/ulyses_results_iteration/iteration_3_merge_below_3/cnn_model/cnn14/plasma_tp1_0.1x_model_C5/roc_curve_resnet18_tf_0_0.03/nested_cv_random/resnet18/repeat_10_fold_5_metrics.csv,6,3,resnet18,"[0, 0.03]",C5,Sensitivity at 99% Specificity,0.34579439252336447
/scratchc/nrlab/wang04/ulyses_results_iteration/iteration_3_merge_below_3/cnn_model/cnn14/plasma_tp1_0.1x_model_C5/roc_curve_resnet18_tf_0_0.03/nested_cv_random/resnet18/repeat_10_fold_5_metrics.csv,6,3,resnet18,"[0, 0.03]",C5,PPV at 99% Specificity,1
/scratchc/nrlab/wang04/ulyses_results_iteration/iteration_3_merge_below_3/cnn_model/cnn14/plasma_tp1_0.1x_model_C5/roc_curve_resnet18_tf_0_0.03/nested_cv_random/resnet18/repeat_10_fold_5_metrics.csv,6,3,resnet18,"[0, 0.03]",C5,Accuracy at 99% Specificity,0.6678971962616822
/scratchc/nrlab/wang04/ulyses_results_iteration/iteration_3_merge_below_3/cnn_model/cnn14/plasma_tp1_0.1x_model_C5/roc_curve_resnet18_tf_0_0.03/nested_cv_random/resnet18/repeat_10_fold_5_metrics.csv,6,3,resnet18,"[0, 0.03]",C5,F1 at 99% Specificity,0.5138888888888888
/scratchc/nrlab/wang04/ulyses_results_iteration/iteration_3_merge_below_3/cnn_model/cnn14/plasma_tp1_0.1x_model_C5/roc_curve_resnet18_tf_0_0.03/nested_cv_random/resnet18/repeat_10_fold_5_metrics.csv,6,3,resnet18,"[0, 0.03]",C5,Sensitivity at 98% Specificity,0.34579439252336447
/scratchc/nrlab/wang04/ulyses_results_iteration/iteration_3_merge_below_3/cnn_model/cnn14/plasma_tp1_0.1x_model_C5/roc_curve_resnet18_tf_0_0.03/nested_cv_random/resnet18/repeat_10_fold_5_metrics.csv,6,3,resnet18,"[0, 0.03]",C5,PPV at 98% Specificity,1
/scratchc/nrlab/wang04/ulyses_results_iteration/iteration_3_merge_below_3/cnn_model/cnn14/plasma_tp1_0.1x_model_C5/roc_curve_resnet18_tf_0_0.03/nested_cv_random/resnet18/repeat_10_fold_5_metrics.csv,6,3,resnet18,"[0, 0.03]",C5,Accuracy at 98% Specificity,0.6628971962616822
/scratchc/nrlab/wang04/ulyses_results_iteration/iteration_3_merge_below_3/cnn_model/cnn14/plasma_tp1_0.1x_model_C5/roc_curve_resnet18_tf_0_0.03/nested_cv_random/resnet18/repeat_10_fold_5_metrics.csv,6,3,resnet18,"[0, 0.03]",C5,F1 at 98% Specificity,0.5138888888888888
/scratchc/nrlab/wang04/ulyses_results_iteration/iteration_3_merge_below_3/cnn_model/cnn14/plasma_tp1_0.1x_model_C5/roc_curve_resnet18_tf_0_0.03/nested_cv_random/resnet18/repeat_10_fold_5_metrics.csv,6,3,resnet18,"[0, 0.03]",C5,Sensitivity at 95% Specificity,0.3925233644859813
/scratchc/nrlab/wang04/ulyses_results_iteration/iteration_3_merge_below_3/cnn_model/cnn14/plasma_tp1_0.1x_model_C5/roc_curve_resnet18_tf_0_0.03/nested_cv_random/resnet18/repeat_10_fold_5_metrics.csv,6,3,resnet18,"[0, 0.03]",C5,PPV at 95% Specificity,0.9545454545454546
/scratchc/nrlab/wang04/ulyses_results_iteration/iteration_3_merge_below_3/cnn_model/cnn14/plasma_tp1_0.1x_model_C5/roc_curve_resnet18_tf_0_0.03/nested_cv_random/resnet18/repeat_10_fold_5_metrics.csv,6,3,resnet18,"[0, 0.03]",C5,Accuracy at 95% Specificity,0.656646297627606
/scratchc/nrlab/wang04/ulyses_results_iteration/iteration_3_merge_below_3/cnn_model/cnn14/plasma_tp1_0.1x_model_C5/roc_curve_resnet18_tf_0_0.03/nested_cv_random/resnet18/repeat_10_fold_5_metrics.csv,6,3,resnet18,"[0, 0.03]",C5,F1 at 95% Specificity,0.5562913907284768
/scratchc/nrlab/wang04/ulyses_results_iteration/iteration_3_merge_below_3/cnn_model/cnn14/plasma_tp1_0.1x_model_C5/roc_curve_resnet18_tf_0_0.03/nested_cv_random/resnet18/repeat_10_fold_5_metrics.csv,6,4,resnet18,"[0, 0.03]",C5,AUROC,0.8929185779816514
/scratchc/nrlab/wang04/ulyses_results_iteration/iteration_3_merge_below_3/cnn_model/cnn14/plasma_tp1_0.1x_model_C5/roc_curve_resnet18_tf_0_0.03/nested_cv_random/resnet18/repeat_10_fold_5_metrics.csv,6,4,resnet18,"[0, 0.03]",C5,AUPRC,0.926706266026494
/scratchc/nrlab/wang04/ulyses_results_iteration/iteration_3_merge_below_3/cnn_model/cnn14/plasma_tp1_0.1x_model_C5/roc_curve_resnet18_tf_0_0.03/nested_cv_random/resnet18/repeat_10_fold_5_metrics.csv,6,4,resnet18,"[0, 0.03]",C5,Sensitivity at 99% Specificity,0.08256880733944955
/scratchc/nrlab/wang04/ulyses_results_iteration/iteration_3_merge_below_3/cnn_model/cnn14/plasma_tp1_0.1x_model_C5/roc_curve_resnet18_tf_0_0.03/nested_cv_random/resnet18/repeat_10_fold_5_metrics.csv,6,4,resnet18,"[0, 0.03]",C5,PPV at 99% Specificity,1
/scratchc/nrlab/wang04/ulyses_results_iteration/iteration_3_merge_below_3/cnn_model/cnn14/plasma_tp1_0.1x_model_C5/roc_curve_resnet18_tf_0_0.03/nested_cv_random/resnet18/repeat_10_fold_5_metrics.csv,6,4,resnet18,"[0, 0.03]",C5,Accuracy at 99% Specificity,0.5362844036697247
/scratchc/nrlab/wang04/ulyses_results_iteration/iteration_3_merge_below_3/cnn_model/cnn14/plasma_tp1_0.1x_model_C5/roc_curve_resnet18_tf_0_0.03/nested_cv_random/resnet18/repeat_10_fold_5_metrics.csv,6,4,resnet18,"[0, 0.03]",C5,F1 at 99% Specificity,0.15254237288135594
/scratchc/nrlab/wang04/ulyses_results_iteration/iteration_3_merge_below_3/cnn_model/cnn14/plasma_tp1_0.1x_model_C5/roc_curve_resnet18_tf_0_0.03/nested_cv_random/resnet18/repeat_10_fold_5_metrics.csv,6,4,resnet18,"[0, 0.03]",C5,Sensitivity at 98% Specificity,0.08256880733944955
/scratchc/nrlab/wang04/ulyses_results_iteration/iteration_3_merge_below_3/cnn_model/cnn14/plasma_tp1_0.1x_model_C5/roc_curve_resnet18_tf_0_0.03/nested_cv_random/resnet18/repeat_10_fold_5_metrics.csv,6,4,resnet18,"[0, 0.03]",C5,PPV at 98% Specificity,1
/scratchc/nrlab/wang04/ulyses_results_iteration/iteration_3_merge_below_3/cnn_model/cnn14/plasma_tp1_0.1x_model_C5/roc_curve_resnet18_tf_0_0.03/nested_cv_random/resnet18/repeat_10_fold_5_metrics.csv,6,4,resnet18,"[0, 0.03]",C5,Accuracy at 98% Specificity,0.5312844036697247
/scratchc/nrlab/wang04/ulyses_results_iteration/iteration_3_merge_below_3/cnn_model/cnn14/plasma_tp1_0.1x_model_C5/roc_curve_resnet18_tf_0_0.03/nested_cv_random/resnet18/repeat_10_fold_5_metrics.csv,6,4,resnet18,"[0, 0.03]",C5,F1 at 98% Specificity,0.15254237288135594
/scratchc/nrlab/wang04/ulyses_results_iteration/iteration_3_merge_below_3/cnn_model/cnn14/plasma_tp1_0.1x_model_C5/roc_curve_resnet18_tf_0_0.03/nested_cv_random/resnet18/repeat_10_fold_5_metrics.csv,6,4,resnet18,"[0, 0.03]",C5,Sensitivity at 95% Specificity,0.5779816513761468
/scratchc/nrlab/wang04/ulyses_results_iteration/iteration_3_merge_below_3/cnn_model/cnn14/plasma_tp1_0.1x_model_C5/roc_curve_resnet18_tf_0_0.03/nested_cv_random/resnet18/repeat_10_fold_5_metrics.csv,6,4,resnet18,"[0, 0.03]",C5,PPV at 95% Specificity,0.9692307692307692
/scratchc/nrlab/wang04/ulyses_results_iteration/iteration_3_merge_below_3/cnn_model/cnn14/plasma_tp1_0.1x_model_C5/roc_curve_resnet18_tf_0_0.03/nested_cv_random/resnet18/repeat_10_fold_5_metrics.csv,6,4,resnet18,"[0, 0.03]",C5,Accuracy at 95% Specificity,0.7491470756880734
/scratchc/nrlab/wang04/ulyses_results_iteration/iteration_3_merge_below_3/cnn_model/cnn14/plasma_tp1_0.1x_model_C5/roc_curve_resnet18_tf_0_0.03/nested_cv_random/resnet18/repeat_10_fold_5_metrics.csv,6,4,resnet18,"[0, 0.03]",C5,F1 at 95% Specificity,0.7241379310344828
/scratchc/nrlab/wang04/ulyses_results_iteration/iteration_3_merge_below_3/cnn_model/cnn14/plasma_tp1_0.1x_model_C5/roc_curve_resnet18_tf_0_0.03/nested_cv_random/resnet18/repeat_10_fold_5_metrics.csv,6,5,resnet18,"[0, 0.03]",C5,AUROC,0.9192395654659806
/scratchc/nrlab/wang04/ulyses_results_iteration/iteration_3_merge_below_3/cnn_model/cnn14/plasma_tp1_0.1x_model_C5/roc_curve_resnet18_tf_0_0.03/nested_cv_random/resnet18/repeat_10_fold_5_metrics.csv,6,5,resnet18,"[0, 0.03]",C5,AUPRC,0.950575000973757
/scratchc/nrlab/wang04/ulyses_results_iteration/iteration_3_merge_below_3/cnn_model/cnn14/plasma_tp1_0.1x_model_C5/roc_curve_resnet18_tf_0_0.03/nested_cv_random/resnet18/repeat_10_fold_5_metrics.csv,6,5,resnet18,"[0, 0.03]",C5,Sensitivity at 99% Specificity,0.4056603773584906
/scratchc/nrlab/wang04/ulyses_results_iteration/iteration_3_merge_below_3/cnn_model/cnn14/plasma_tp1_0.1x_model_C5/roc_curve_resnet18_tf_0_0.03/nested_cv_random/resnet18/repeat_10_fold_5_metrics.csv,6,5,resnet18,"[0, 0.03]",C5,PPV at 99% Specificity,1
/scratchc/nrlab/wang04/ulyses_results_iteration/iteration_3_merge_below_3/cnn_model/cnn14/plasma_tp1_0.1x_model_C5/roc_curve_resnet18_tf_0_0.03/nested_cv_random/resnet18/repeat_10_fold_5_metrics.csv,6,5,resnet18,"[0, 0.03]",C5,Accuracy at 99% Specificity,0.6978301886792453
/scratchc/nrlab/wang04/ulyses_results_iteration/iteration_3_merge_below_3/cnn_model/cnn14/plasma_tp1_0.1x_model_C5/roc_curve_resnet18_tf_0_0.03/nested_cv_random/resnet18/repeat_10_fold_5_metrics.csv,6,5,resnet18,"[0, 0.03]",C5,F1 at 99% Specificity,0.5771812080536913
/scratchc/nrlab/wang04/ulyses_results_iteration/iteration_3_merge_below_3/cnn_model/cnn14/plasma_tp1_0.1x_model_C5/roc_curve_resnet18_tf_0_0.03/nested_cv_random/resnet18/repeat_10_fold_5_metrics.csv,6,5,resnet18,"[0, 0.03]",C5,Sensitivity at 98% Specificity,0.4056603773584906
/scratchc/nrlab/wang04/ulyses_results_iteration/iteration_3_merge_below_3/cnn_model/cnn14/plasma_tp1_0.1x_model_C5/roc_curve_resnet18_tf_0_0.03/nested_cv_random/resnet18/repeat_10_fold_5_metrics.csv,6,5,resnet18,"[0, 0.03]",C5,PPV at 98% Specificity,1
/scratchc/nrlab/wang04/ulyses_results_iteration/iteration_3_merge_below_3/cnn_model/cnn14/plasma_tp1_0.1x_model_C5/roc_curve_resnet18_tf_0_0.03/nested_cv_random/resnet18/repeat_10_fold_5_metrics.csv,6,5,resnet18,"[0, 0.03]",C5,Accuracy at 98% Specificity,0.6928301886792453
/scratchc/nrlab/wang04/ulyses_results_iteration/iteration_3_merge_below_3/cnn_model/cnn14/plasma_tp1_0.1x_model_C5/roc_curve_resnet18_tf_0_0.03/nested_cv_random/resnet18/repeat_10_fold_5_metrics.csv,6,5,resnet18,"[0, 0.03]",C5,F1 at 98% Specificity,0.5771812080536913
/scratchc/nrlab/wang04/ulyses_results_iteration/iteration_3_merge_below_3/cnn_model/cnn14/plasma_tp1_0.1x_model_C5/roc_curve_resnet18_tf_0_0.03/nested_cv_random/resnet18/repeat_10_fold_5_metrics.csv,6,5,resnet18,"[0, 0.03]",C5,Sensitivity at 95% Specificity,0.6132075471698113
/scratchc/nrlab/wang04/ulyses_results_iteration/iteration_3_merge_below_3/cnn_model/cnn14/plasma_tp1_0.1x_model_C5/roc_curve_resnet18_tf_0_0.03/nested_cv_random/resnet18/repeat_10_fold_5_metrics.csv,6,5,resnet18,"[0, 0.03]",C5,PPV at 95% Specificity,0.9701492537313432
/scratchc/nrlab/wang04/ulyses_results_iteration/iteration_3_merge_below_3/cnn_model/cnn14/plasma_tp1_0.1x_model_C5/roc_curve_resnet18_tf_0_0.03/nested_cv_random/resnet18/repeat_10_fold_5_metrics.csv,6,5,resnet18,"[0, 0.03]",C5,Accuracy at 95% Specificity,0.7672098341909662
/scratchc/nrlab/wang04/ulyses_results_iteration/iteration_3_merge_below_3/cnn_model/cnn14/plasma_tp1_0.1x_model_C5/roc_curve_resnet18_tf_0_0.03/nested_cv_random/resnet18/repeat_10_fold_5_metrics.csv,6,5,resnet18,"[0, 0.03]",C5,F1 at 95% Specificity,0.7514450867052023
/scratchc/nrlab/wang04/ulyses_results_iteration/iteration_3_merge_below_3/cnn_model/cnn14/plasma_tp1_0.1x_model_C5/roc_curve_resnet18_tf_0_0.03/nested_cv_random/resnet18/repeat_10_fold_5_metrics.csv,7,1,resnet18,"[0, 0.03]",C5,AUROC,0.9000718907260964
/scratchc/nrlab/wang04/ulyses_results_iteration/iteration_3_merge_below_3/cnn_model/cnn14/plasma_tp1_0.1x_model_C5/roc_curve_resnet18_tf_0_0.03/nested_cv_random/resnet18/repeat_10_fold_5_metrics.csv,7,1,resnet18,"[0, 0.03]",C5,AUPRC,0.9397636907300284
/scratchc/nrlab/wang04/ulyses_results_iteration/iteration_3_merge_below_3/cnn_model/cnn14/plasma_tp1_0.1x_model_C5/roc_curve_resnet18_tf_0_0.03/nested_cv_random/resnet18/repeat_10_fold_5_metrics.csv,7,1,resnet18,"[0, 0.03]",C5,Sensitivity at 99% Specificity,0.37383177570093457
/scratchc/nrlab/wang04/ulyses_results_iteration/iteration_3_merge_below_3/cnn_model/cnn14/plasma_tp1_0.1x_model_C5/roc_curve_resnet18_tf_0_0.03/nested_cv_random/resnet18/repeat_10_fold_5_metrics.csv,7,1,resnet18,"[0, 0.03]",C5,PPV at 99% Specificity,1
/scratchc/nrlab/wang04/ulyses_results_iteration/iteration_3_merge_below_3/cnn_model/cnn14/plasma_tp1_0.1x_model_C5/roc_curve_resnet18_tf_0_0.03/nested_cv_random/resnet18/repeat_10_fold_5_metrics.csv,7,1,resnet18,"[0, 0.03]",C5,Accuracy at 99% Specificity,0.6819158878504673
/scratchc/nrlab/wang04/ulyses_results_iteration/iteration_3_merge_below_3/cnn_model/cnn14/plasma_tp1_0.1x_model_C5/roc_curve_resnet18_tf_0_0.03/nested_cv_random/resnet18/repeat_10_fold_5_metrics.csv,7,1,resnet18,"[0, 0.03]",C5,F1 at 99% Specificity,0.54421768707483
/scratchc/nrlab/wang04/ulyses_results_iteration/iteration_3_merge_below_3/cnn_model/cnn14/plasma_tp1_0.1x_model_C5/roc_curve_resnet18_tf_0_0.03/nested_cv_random/resnet18/repeat_10_fold_5_metrics.csv,7,1,resnet18,"[0, 0.03]",C5,Sensitivity at 98% Specificity,0.37383177570093457
/scratchc/nrlab/wang04/ulyses_results_iteration/iteration_3_merge_below_3/cnn_model/cnn14/plasma_tp1_0.1x_model_C5/roc_curve_resnet18_tf_0_0.03/nested_cv_random/resnet18/repeat_10_fold_5_metrics.csv,7,1,resnet18,"[0, 0.03]",C5,PPV at 98% Specificity,1
/scratchc/nrlab/wang04/ulyses_results_iteration/iteration_3_merge_below_3/cnn_model/cnn14/plasma_tp1_0.1x_model_C5/roc_curve_resnet18_tf_0_0.03/nested_cv_random/resnet18/repeat_10_fold_5_metrics.csv,7,1,resnet18,"[0, 0.03]",C5,Accuracy at 98% Specificity,0.6769158878504673
/scratchc/nrlab/wang04/ulyses_results_iteration/iteration_3_merge_below_3/cnn_model/cnn14/plasma_tp1_0.1x_model_C5/roc_curve_resnet18_tf_0_0.03/nested_cv_random/resnet18/repeat_10_fold_5_metrics.csv,7,1,resnet18,"[0, 0.03]",C5,F1 at 98% Specificity,0.54421768707483
/scratchc/nrlab/wang04/ulyses_results_iteration/iteration_3_merge_below_3/cnn_model/cnn14/plasma_tp1_0.1x_model_C5/roc_curve_resnet18_tf_0_0.03/nested_cv_random/resnet18/repeat_10_fold_5_metrics.csv,7,1,resnet18,"[0, 0.03]",C5,Sensitivity at 95% Specificity,0.616822429906542
/scratchc/nrlab/wang04/ulyses_results_iteration/iteration_3_merge_below_3/cnn_model/cnn14/plasma_tp1_0.1x_model_C5/roc_curve_resnet18_tf_0_0.03/nested_cv_random/resnet18/repeat_10_fold_5_metrics.csv,7,1,resnet18,"[0, 0.03]",C5,PPV at 95% Specificity,0.9705882352941176
/scratchc/nrlab/wang04/ulyses_results_iteration/iteration_3_merge_below_3/cnn_model/cnn14/plasma_tp1_0.1x_model_C5/roc_curve_resnet18_tf_0_0.03/nested_cv_random/resnet18/repeat_10_fold_5_metrics.csv,7,1,resnet18,"[0, 0.03]",C5,Accuracy at 95% Specificity,0.7687958303378863
/scratchc/nrlab/wang04/ulyses_results_iteration/iteration_3_merge_below_3/cnn_model/cnn14/plasma_tp1_0.1x_model_C5/roc_curve_resnet18_tf_0_0.03/nested_cv_random/resnet18/repeat_10_fold_5_metrics.csv,7,1,resnet18,"[0, 0.03]",C5,F1 at 95% Specificity,0.7542857142857143
/scratchc/nrlab/wang04/ulyses_results_iteration/iteration_3_merge_below_3/cnn_model/cnn14/plasma_tp1_0.1x_model_C5/roc_curve_resnet18_tf_0_0.03/nested_cv_random/resnet18/repeat_10_fold_5_metrics.csv,7,3,resnet18,"[0, 0.03]",C5,AUROC,0.868230277185501
/scratchc/nrlab/wang04/ulyses_results_iteration/iteration_3_merge_below_3/cnn_model/cnn14/plasma_tp1_0.1x_model_C5/roc_curve_resnet18_tf_0_0.03/nested_cv_random/resnet18/repeat_10_fold_5_metrics.csv,7,3,resnet18,"[0, 0.03]",C5,AUPRC,0.9153556831886808
/scratchc/nrlab/wang04/ulyses_results_iteration/iteration_3_merge_below_3/cnn_model/cnn14/plasma_tp1_0.1x_model_C5/roc_curve_resnet18_tf_0_0.03/nested_cv_random/resnet18/repeat_10_fold_5_metrics.csv,7,3,resnet18,"[0, 0.03]",C5,Sensitivity at 99% Specificity,0.3333333333333333
/scratchc/nrlab/wang04/ulyses_results_iteration/iteration_3_merge_below_3/cnn_model/cnn14/plasma_tp1_0.1x_model_C5/roc_curve_resnet18_tf_0_0.03/nested_cv_random/resnet18/repeat_10_fold_5_metrics.csv,7,3,resnet18,"[0, 0.03]",C5,PPV at 99% Specificity,1
/scratchc/nrlab/wang04/ulyses_results_iteration/iteration_3_merge_below_3/cnn_model/cnn14/plasma_tp1_0.1x_model_C5/roc_curve_resnet18_tf_0_0.03/nested_cv_random/resnet18/repeat_10_fold_5_metrics.csv,7,3,resnet18,"[0, 0.03]",C5,Accuracy at 99% Specificity,0.6616666666666666
/scratchc/nrlab/wang04/ulyses_results_iteration/iteration_3_merge_below_3/cnn_model/cnn14/plasma_tp1_0.1x_model_C5/roc_curve_resnet18_tf_0_0.03/nested_cv_random/resnet18/repeat_10_fold_5_metrics.csv,7,3,resnet18,"[0, 0.03]",C5,F1 at 99% Specificity,0.5
/scratchc/nrlab/wang04/ulyses_results_iteration/iteration_3_merge_below_3/cnn_model/cnn14/plasma_tp1_0.1x_model_C5/roc_curve_resnet18_tf_0_0.03/nested_cv_random/resnet18/repeat_10_fold_5_metrics.csv,7,3,resnet18,"[0, 0.03]",C5,Sensitivity at 98% Specificity,0.3333333333333333
/scratchc/nrlab/wang04/ulyses_results_iteration/iteration_3_merge_below_3/cnn_model/cnn14/plasma_tp1_0.1x_model_C5/roc_curve_resnet18_tf_0_0.03/nested_cv_random/resnet18/repeat_10_fold_5_metrics.csv,7,3,resnet18,"[0, 0.03]",C5,PPV at 98% Specificity,1
/scratchc/nrlab/wang04/ulyses_results_iteration/iteration_3_merge_below_3/cnn_model/cnn14/plasma_tp1_0.1x_model_C5/roc_curve_resnet18_tf_0_0.03/nested_cv_random/resnet18/repeat_10_fold_5_metrics.csv,7,3,resnet18,"[0, 0.03]",C5,Accuracy at 98% Specificity,0.6566666666666666
/scratchc/nrlab/wang04/ulyses_results_iteration/iteration_3_merge_below_3/cnn_model/cnn14/plasma_tp1_0.1x_model_C5/roc_curve_resnet18_tf_0_0.03/nested_cv_random/resnet18/repeat_10_fold_5_metrics.csv,7,3,resnet18,"[0, 0.03]",C5,F1 at 98% Specificity,0.5
/scratchc/nrlab/wang04/ulyses_results_iteration/iteration_3_merge_below_3/cnn_model/cnn14/plasma_tp1_0.1x_model_C5/roc_curve_resnet18_tf_0_0.03/nested_cv_random/resnet18/repeat_10_fold_5_metrics.csv,7,3,resnet18,"[0, 0.03]",C5,Sensitivity at 95% Specificity,0.42857142857142855
/scratchc/nrlab/wang04/ulyses_results_iteration/iteration_3_merge_below_3/cnn_model/cnn14/plasma_tp1_0.1x_model_C5/roc_curve_resnet18_tf_0_0.03/nested_cv_random/resnet18/repeat_10_fold_5_metrics.csv,7,3,resnet18,"[0, 0.03]",C5,PPV at 95% Specificity,0.9574468085106383
/scratchc/nrlab/wang04/ulyses_results_iteration/iteration_3_merge_below_3/cnn_model/cnn14/plasma_tp1_0.1x_model_C5/roc_curve_resnet18_tf_0_0.03/nested_cv_random/resnet18/repeat_10_fold_5_metrics.csv,7,3,resnet18,"[0, 0.03]",C5,Accuracy at 95% Specificity,0.6751066098081023
/scratchc/nrlab/wang04/ulyses_results_iteration/iteration_3_merge_below_3/cnn_model/cnn14/plasma_tp1_0.1x_model_C5/roc_curve_resnet18_tf_0_0.03/nested_cv_random/resnet18/repeat_10_fold_5_metrics.csv,7,3,resnet18,"[0, 0.03]",C5,F1 at 95% Specificity,0.5921052631578947
/scratchc/nrlab/wang04/ulyses_results_iteration/iteration_3_merge_below_3/cnn_model/cnn14/plasma_tp1_0.1x_model_C5/roc_curve_resnet18_tf_0_0.03/nested_cv_random/resnet18/repeat_10_fold_5_metrics.csv,7,5,resnet18,"[0, 0.03]",C5,AUROC,0.9236930246104558
/scratchc/nrlab/wang04/ulyses_results_iteration/iteration_3_merge_below_3/cnn_model/cnn14/plasma_tp1_0.1x_model_C5/roc_curve_resnet18_tf_0_0.03/nested_cv_random/resnet18/repeat_10_fold_5_metrics.csv,7,5,resnet18,"[0, 0.03]",C5,AUPRC,0.9578858590143146
/scratchc/nrlab/wang04/ulyses_results_iteration/iteration_3_merge_below_3/cnn_model/cnn14/plasma_tp1_0.1x_model_C5/roc_curve_resnet18_tf_0_0.03/nested_cv_random/resnet18/repeat_10_fold_5_metrics.csv,7,5,resnet18,"[0, 0.03]",C5,Sensitivity at 99% Specificity,0.5229357798165137
/scratchc/nrlab/wang04/ulyses_results_iteration/iteration_3_merge_below_3/cnn_model/cnn14/plasma_tp1_0.1x_model_C5/roc_curve_resnet18_tf_0_0.03/nested_cv_random/resnet18/repeat_10_fold_5_metrics.csv,7,5,resnet18,"[0, 0.03]",C5,PPV at 99% Specificity,1
/scratchc/nrlab/wang04/ulyses_results_iteration/iteration_3_merge_below_3/cnn_model/cnn14/plasma_tp1_0.1x_model_C5/roc_curve_resnet18_tf_0_0.03/nested_cv_random/resnet18/repeat_10_fold_5_metrics.csv,7,5,resnet18,"[0, 0.03]",C5,Accuracy at 99% Specificity,0.7564678899082569
/scratchc/nrlab/wang04/ulyses_results_iteration/iteration_3_merge_below_3/cnn_model/cnn14/plasma_tp1_0.1x_model_C5/roc_curve_resnet18_tf_0_0.03/nested_cv_random/resnet18/repeat_10_fold_5_metrics.csv,7,5,resnet18,"[0, 0.03]",C5,F1 at 99% Specificity,0.6867469879518072
/scratchc/nrlab/wang04/ulyses_results_iteration/iteration_3_merge_below_3/cnn_model/cnn14/plasma_tp1_0.1x_model_C5/roc_curve_resnet18_tf_0_0.03/nested_cv_random/resnet18/repeat_10_fold_5_metrics.csv,7,5,resnet18,"[0, 0.03]",C5,Sensitivity at 98% Specificity,0.5229357798165137
/scratchc/nrlab/wang04/ulyses_results_iteration/iteration_3_merge_below_3/cnn_model/cnn14/plasma_tp1_0.1x_model_C5/roc_curve_resnet18_tf_0_0.03/nested_cv_random/resnet18/repeat_10_fold_5_metrics.csv,7,5,resnet18,"[0, 0.03]",C5,PPV at 98% Specificity,1
/scratchc/nrlab/wang04/ulyses_results_iteration/iteration_3_merge_below_3/cnn_model/cnn14/plasma_tp1_0.1x_model_C5/roc_curve_resnet18_tf_0_0.03/nested_cv_random/resnet18/repeat_10_fold_5_metrics.csv,7,5,resnet18,"[0, 0.03]",C5,Accuracy at 98% Specificity,0.7514678899082569
/scratchc/nrlab/wang04/ulyses_results_iteration/iteration_3_merge_below_3/cnn_model/cnn14/plasma_tp1_0.1x_model_C5/roc_curve_resnet18_tf_0_0.03/nested_cv_random/resnet18/repeat_10_fold_5_metrics.csv,7,5,resnet18,"[0, 0.03]",C5,F1 at 98% Specificity,0.6867469879518072
/scratchc/nrlab/wang04/ulyses_results_iteration/iteration_3_merge_below_3/cnn_model/cnn14/plasma_tp1_0.1x_model_C5/roc_curve_resnet18_tf_0_0.03/nested_cv_random/resnet18/repeat_10_fold_5_metrics.csv,7,5,resnet18,"[0, 0.03]",C5,Sensitivity at 95% Specificity,0.6605504587155964
/scratchc/nrlab/wang04/ulyses_results_iteration/iteration_3_merge_below_3/cnn_model/cnn14/plasma_tp1_0.1x_model_C5/roc_curve_resnet18_tf_0_0.03/nested_cv_random/resnet18/repeat_10_fold_5_metrics.csv,7,5,resnet18,"[0, 0.03]",C5,PPV at 95% Specificity,0.972972972972973
/scratchc/nrlab/wang04/ulyses_results_iteration/iteration_3_merge_below_3/cnn_model/cnn14/plasma_tp1_0.1x_model_C5/roc_curve_resnet18_tf_0_0.03/nested_cv_random/resnet18/repeat_10_fold_5_metrics.csv,7,5,resnet18,"[0, 0.03]",C5,Accuracy at 95% Specificity,0.790195864278433
/scratchc/nrlab/wang04/ulyses_results_iteration/iteration_3_merge_below_3/cnn_model/cnn14/plasma_tp1_0.1x_model_C5/roc_curve_resnet18_tf_0_0.03/nested_cv_random/resnet18/repeat_10_fold_5_metrics.csv,7,5,resnet18,"[0, 0.03]",C5,F1 at 95% Specificity,0.7868852459016393
/scratchc/nrlab/wang04/ulyses_results_iteration/iteration_3_merge_below_3/cnn_model/cnn14/plasma_tp1_0.1x_model_C5/roc_curve_resnet18_tf_0_0.03/nested_cv_random/resnet18/repeat_10_fold_5_metrics.csv,8,1,resnet18,"[0, 0.03]",C5,AUROC,0.8911680911680911
/scratchc/nrlab/wang04/ulyses_results_iteration/iteration_3_merge_below_3/cnn_model/cnn14/plasma_tp1_0.1x_model_C5/roc_curve_resnet18_tf_0_0.03/nested_cv_random/resnet18/repeat_10_fold_5_metrics.csv,8,1,resnet18,"[0, 0.03]",C5,AUPRC,0.931284362146547
/scratchc/nrlab/wang04/ulyses_results_iteration/iteration_3_merge_below_3/cnn_model/cnn14/plasma_tp1_0.1x_model_C5/roc_curve_resnet18_tf_0_0.03/nested_cv_random/resnet18/repeat_10_fold_5_metrics.csv,8,1,resnet18,"[0, 0.03]",C5,Sensitivity at 99% Specificity,0.3148148148148148
/scratchc/nrlab/wang04/ulyses_results_iteration/iteration_3_merge_below_3/cnn_model/cnn14/plasma_tp1_0.1x_model_C5/roc_curve_resnet18_tf_0_0.03/nested_cv_random/resnet18/repeat_10_fold_5_metrics.csv,8,1,resnet18,"[0, 0.03]",C5,PPV at 99% Specificity,1
/scratchc/nrlab/wang04/ulyses_results_iteration/iteration_3_merge_below_3/cnn_model/cnn14/plasma_tp1_0.1x_model_C5/roc_curve_resnet18_tf_0_0.03/nested_cv_random/resnet18/repeat_10_fold_5_metrics.csv,8,1,resnet18,"[0, 0.03]",C5,Accuracy at 99% Specificity,0.6524074074074074
/scratchc/nrlab/wang04/ulyses_results_iteration/iteration_3_merge_below_3/cnn_model/cnn14/plasma_tp1_0.1x_model_C5/roc_curve_resnet18_tf_0_0.03/nested_cv_random/resnet18/repeat_10_fold_5_metrics.csv,8,1,resnet18,"[0, 0.03]",C5,F1 at 99% Specificity,0.4788732394366197
/scratchc/nrlab/wang04/ulyses_results_iteration/iteration_3_merge_below_3/cnn_model/cnn14/plasma_tp1_0.1x_model_C5/roc_curve_resnet18_tf_0_0.03/nested_cv_random/resnet18/repeat_10_fold_5_metrics.csv,8,1,resnet18,"[0, 0.03]",C5,Sensitivity at 98% Specificity,0.3148148148148148
/scratchc/nrlab/wang04/ulyses_results_iteration/iteration_3_merge_below_3/cnn_model/cnn14/plasma_tp1_0.1x_model_C5/roc_curve_resnet18_tf_0_0.03/nested_cv_random/resnet18/repeat_10_fold_5_metrics.csv,8,1,resnet18,"[0, 0.03]",C5,PPV at 98% Specificity,1
/scratchc/nrlab/wang04/ulyses_results_iteration/iteration_3_merge_below_3/cnn_model/cnn14/plasma_tp1_0.1x_model_C5/roc_curve_resnet18_tf_0_0.03/nested_cv_random/resnet18/repeat_10_fold_5_metrics.csv,8,1,resnet18,"[0, 0.03]",C5,Accuracy at 98% Specificity,0.6474074074074074
/scratchc/nrlab/wang04/ulyses_results_iteration/iteration_3_merge_below_3/cnn_model/cnn14/plasma_tp1_0.1x_model_C5/roc_curve_resnet18_tf_0_0.03/nested_cv_random/resnet18/repeat_10_fold_5_metrics.csv,8,1,resnet18,"[0, 0.03]",C5,F1 at 98% Specificity,0.4788732394366197
/scratchc/nrlab/wang04/ulyses_results_iteration/iteration_3_merge_below_3/cnn_model/cnn14/plasma_tp1_0.1x_model_C5/roc_curve_resnet18_tf_0_0.03/nested_cv_random/resnet18/repeat_10_fold_5_metrics.csv,8,1,resnet18,"[0, 0.03]",C5,Sensitivity at 95% Specificity,0.4444444444444444
/scratchc/nrlab/wang04/ulyses_results_iteration/iteration_3_merge_below_3/cnn_model/cnn14/plasma_tp1_0.1x_model_C5/roc_curve_resnet18_tf_0_0.03/nested_cv_random/resnet18/repeat_10_fold_5_metrics.csv,8,1,resnet18,"[0, 0.03]",C5,PPV at 95% Specificity,0.96
/scratchc/nrlab/wang04/ulyses_results_iteration/iteration_3_merge_below_3/cnn_model/cnn14/plasma_tp1_0.1x_model_C5/roc_curve_resnet18_tf_0_0.03/nested_cv_random/resnet18/repeat_10_fold_5_metrics.csv,8,1,resnet18,"[0, 0.03]",C5,Accuracy at 95% Specificity,0.6826068376068375
/scratchc/nrlab/wang04/ulyses_results_iteration/iteration_3_merge_below_3/cnn_model/cnn14/plasma_tp1_0.1x_model_C5/roc_curve_resnet18_tf_0_0.03/nested_cv_random/resnet18/repeat_10_fold_5_metrics.csv,8,1,resnet18,"[0, 0.03]",C5,F1 at 95% Specificity,0.6075949367088608
/scratchc/nrlab/wang04/ulyses_results_iteration/iteration_3_merge_below_3/cnn_model/cnn14/plasma_tp1_0.1x_model_C5/roc_curve_resnet18_tf_0_0.03/nested_cv_random/resnet18/repeat_10_fold_5_metrics.csv,8,2,resnet18,"[0, 0.03]",C5,AUROC,0.8690680388793596
/scratchc/nrlab/wang04/ulyses_results_iteration/iteration_3_merge_below_3/cnn_model/cnn14/plasma_tp1_0.1x_model_C5/roc_curve_resnet18_tf_0_0.03/nested_cv_random/resnet18/repeat_10_fold_5_metrics.csv,8,2,resnet18,"[0, 0.03]",C5,AUPRC,0.9081321744175582
/scratchc/nrlab/wang04/ulyses_results_iteration/iteration_3_merge_below_3/cnn_model/cnn14/plasma_tp1_0.1x_model_C5/roc_curve_resnet18_tf_0_0.03/nested_cv_random/resnet18/repeat_10_fold_5_metrics.csv,8,2,resnet18,"[0, 0.03]",C5,Sensitivity at 99% Specificity,0.14150943396226415
/scratchc/nrlab/wang04/ulyses_results_iteration/iteration_3_merge_below_3/cnn_model/cnn14/plasma_tp1_0.1x_model_C5/roc_curve_resnet18_tf_0_0.03/nested_cv_random/resnet18/repeat_10_fold_5_metrics.csv,8,2,resnet18,"[0, 0.03]",C5,PPV at 99% Specificity,1
/scratchc/nrlab/wang04/ulyses_results_iteration/iteration_3_merge_below_3/cnn_model/cnn14/plasma_tp1_0.1x_model_C5/roc_curve_resnet18_tf_0_0.03/nested_cv_random/resnet18/repeat_10_fold_5_metrics.csv,8,2,resnet18,"[0, 0.03]",C5,Accuracy at 99% Specificity,0.5657547169811321
/scratchc/nrlab/wang04/ulyses_results_iteration/iteration_3_merge_below_3/cnn_model/cnn14/plasma_tp1_0.1x_model_C5/roc_curve_resnet18_tf_0_0.03/nested_cv_random/resnet18/repeat_10_fold_5_metrics.csv,8,2,resnet18,"[0, 0.03]",C5,F1 at 99% Specificity,0.24793388429752067
/scratchc/nrlab/wang04/ulyses_results_iteration/iteration_3_merge_below_3/cnn_model/cnn14/plasma_tp1_0.1x_model_C5/roc_curve_resnet18_tf_0_0.03/nested_cv_random/resnet18/repeat_10_fold_5_metrics.csv,8,2,resnet18,"[0, 0.03]",C5,Sensitivity at 98% Specificity,0.14150943396226415
/scratchc/nrlab/wang04/ulyses_results_iteration/iteration_3_merge_below_3/cnn_model/cnn14/plasma_tp1_0.1x_model_C5/roc_curve_resnet18_tf_0_0.03/nested_cv_random/resnet18/repeat_10_fold_5_metrics.csv,8,2,resnet18,"[0, 0.03]",C5,PPV at 98% Specificity,1
/scratchc/nrlab/wang04/ulyses_results_iteration/iteration_3_merge_below_3/cnn_model/cnn14/plasma_tp1_0.1x_model_C5/roc_curve_resnet18_tf_0_0.03/nested_cv_random/resnet18/repeat_10_fold_5_metrics.csv,8,2,resnet18,"[0, 0.03]",C5,Accuracy at 98% Specificity,0.5607547169811321
/scratchc/nrlab/wang04/ulyses_results_iteration/iteration_3_merge_below_3/cnn_model/cnn14/plasma_tp1_0.1x_model_C5/roc_curve_resnet18_tf_0_0.03/nested_cv_random/resnet18/repeat_10_fold_5_metrics.csv,8,2,resnet18,"[0, 0.03]",C5,F1 at 98% Specificity,0.24793388429752067
/scratchc/nrlab/wang04/ulyses_results_iteration/iteration_3_merge_below_3/cnn_model/cnn14/plasma_tp1_0.1x_model_C5/roc_curve_resnet18_tf_0_0.03/nested_cv_random/resnet18/repeat_10_fold_5_metrics.csv,8,2,resnet18,"[0, 0.03]",C5,Sensitivity at 95% Specificity,0.3867924528301887
/scratchc/nrlab/wang04/ulyses_results_iteration/iteration_3_merge_below_3/cnn_model/cnn14/plasma_tp1_0.1x_model_C5/roc_curve_resnet18_tf_0_0.03/nested_cv_random/resnet18/repeat_10_fold_5_metrics.csv,8,2,resnet18,"[0, 0.03]",C5,PPV at 95% Specificity,0.9534883720930232
/scratchc/nrlab/wang04/ulyses_results_iteration/iteration_3_merge_below_3/cnn_model/cnn14/plasma_tp1_0.1x_model_C5/roc_curve_resnet18_tf_0_0.03/nested_cv_random/resnet18/repeat_10_fold_5_metrics.csv,8,2,resnet18,"[0, 0.03]",C5,Accuracy at 95% Specificity,0.6540022870211549
/scratchc/nrlab/wang04/ulyses_results_iteration/iteration_3_merge_below_3/cnn_model/cnn14/plasma_tp1_0.1x_model_C5/roc_curve_resnet18_tf_0_0.03/nested_cv_random/resnet18/repeat_10_fold_5_metrics.csv,8,2,resnet18,"[0, 0.03]",C5,F1 at 95% Specificity,0.5503355704697986
/scratchc/nrlab/wang04/ulyses_results_iteration/iteration_3_merge_below_3/cnn_model/cnn14/plasma_tp1_0.1x_model_C5/roc_curve_resnet18_tf_0_0.03/nested_cv_random/resnet18/repeat_10_fold_5_metrics.csv,8,3,resnet18,"[0, 0.03]",C5,AUROC,0.8661394680086268
/scratchc/nrlab/wang04/ulyses_results_iteration/iteration_3_merge_below_3/cnn_model/cnn14/plasma_tp1_0.1x_model_C5/roc_curve_resnet18_tf_0_0.03/nested_cv_random/resnet18/repeat_10_fold_5_metrics.csv,8,3,resnet18,"[0, 0.03]",C5,AUPRC,0.9140001993643122
/scratchc/nrlab/wang04/ulyses_results_iteration/iteration_3_merge_below_3/cnn_model/cnn14/plasma_tp1_0.1x_model_C5/roc_curve_resnet18_tf_0_0.03/nested_cv_random/resnet18/repeat_10_fold_5_metrics.csv,8,3,resnet18,"[0, 0.03]",C5,Sensitivity at 99% Specificity,0.14018691588785046
/scratchc/nrlab/wang04/ulyses_results_iteration/iteration_3_merge_below_3/cnn_model/cnn14/plasma_tp1_0.1x_model_C5/roc_curve_resnet18_tf_0_0.03/nested_cv_random/resnet18/repeat_10_fold_5_metrics.csv,8,3,resnet18,"[0, 0.03]",C5,PPV at 99% Specificity,1
/scratchc/nrlab/wang04/ulyses_results_iteration/iteration_3_merge_below_3/cnn_model/cnn14/plasma_tp1_0.1x_model_C5/roc_curve_resnet18_tf_0_0.03/nested_cv_random/resnet18/repeat_10_fold_5_metrics.csv,8,3,resnet18,"[0, 0.03]",C5,Accuracy at 99% Specificity,0.5650934579439252
/scratchc/nrlab/wang04/ulyses_results_iteration/iteration_3_merge_below_3/cnn_model/cnn14/plasma_tp1_0.1x_model_C5/roc_curve_resnet18_tf_0_0.03/nested_cv_random/resnet18/repeat_10_fold_5_metrics.csv,8,3,resnet18,"[0, 0.03]",C5,F1 at 99% Specificity,0.2459016393442623
/scratchc/nrlab/wang04/ulyses_results_iteration/iteration_3_merge_below_3/cnn_model/cnn14/plasma_tp1_0.1x_model_C5/roc_curve_resnet18_tf_0_0.03/nested_cv_random/resnet18/repeat_10_fold_5_metrics.csv,8,3,resnet18,"[0, 0.03]",C5,Sensitivity at 98% Specificity,0.14018691588785046
/scratchc/nrlab/wang04/ulyses_results_iteration/iteration_3_merge_below_3/cnn_model/cnn14/plasma_tp1_0.1x_model_C5/roc_curve_resnet18_tf_0_0.03/nested_cv_random/resnet18/repeat_10_fold_5_metrics.csv,8,3,resnet18,"[0, 0.03]",C5,PPV at 98% Specificity,1
/scratchc/nrlab/wang04/ulyses_results_iteration/iteration_3_merge_below_3/cnn_model/cnn14/plasma_tp1_0.1x_model_C5/roc_curve_resnet18_tf_0_0.03/nested_cv_random/resnet18/repeat_10_fold_5_metrics.csv,8,3,resnet18,"[0, 0.03]",C5,Accuracy at 98% Specificity,0.5600934579439252
/scratchc/nrlab/wang04/ulyses_results_iteration/iteration_3_merge_below_3/cnn_model/cnn14/plasma_tp1_0.1x_model_C5/roc_curve_resnet18_tf_0_0.03/nested_cv_random/resnet18/repeat_10_fold_5_metrics.csv,8,3,resnet18,"[0, 0.03]",C5,F1 at 98% Specificity,0.2459016393442623
/scratchc/nrlab/wang04/ulyses_results_iteration/iteration_3_merge_below_3/cnn_model/cnn14/plasma_tp1_0.1x_model_C5/roc_curve_resnet18_tf_0_0.03/nested_cv_random/resnet18/repeat_10_fold_5_metrics.csv,8,3,resnet18,"[0, 0.03]",C5,Sensitivity at 95% Specificity,0.48598130841121495
/scratchc/nrlab/wang04/ulyses_results_iteration/iteration_3_merge_below_3/cnn_model/cnn14/plasma_tp1_0.1x_model_C5/roc_curve_resnet18_tf_0_0.03/nested_cv_random/resnet18/repeat_10_fold_5_metrics.csv,8,3,resnet18,"[0, 0.03]",C5,PPV at 95% Specificity,0.9629629629629628
/scratchc/nrlab/wang04/ulyses_results_iteration/iteration_3_merge_below_3/cnn_model/cnn14/plasma_tp1_0.1x_model_C5/roc_curve_resnet18_tf_0_0.03/nested_cv_random/resnet18/repeat_10_fold_5_metrics.csv,8,3,resnet18,"[0, 0.03]",C5,Accuracy at 95% Specificity,0.7033752695902228
/scratchc/nrlab/wang04/ulyses_results_iteration/iteration_3_merge_below_3/cnn_model/cnn14/plasma_tp1_0.1x_model_C5/roc_curve_resnet18_tf_0_0.03/nested_cv_random/resnet18/repeat_10_fold_5_metrics.csv,8,3,resnet18,"[0, 0.03]",C5,F1 at 95% Specificity,0.6459627329192547
/scratchc/nrlab/wang04/ulyses_results_iteration/iteration_3_merge_below_3/cnn_model/cnn14/plasma_tp1_0.1x_model_C5/roc_curve_resnet18_tf_0_0.03/nested_cv_random/resnet18/repeat_10_fold_5_metrics.csv,8,4,resnet18,"[0, 0.03]",C5,AUROC,0.8967013888888888
/scratchc/nrlab/wang04/ulyses_results_iteration/iteration_3_merge_below_3/cnn_model/cnn14/plasma_tp1_0.1x_model_C5/roc_curve_resnet18_tf_0_0.03/nested_cv_random/resnet18/repeat_10_fold_5_metrics.csv,8,4,resnet18,"[0, 0.03]",C5,AUPRC,0.9251283716142192
/scratchc/nrlab/wang04/ulyses_results_iteration/iteration_3_merge_below_3/cnn_model/cnn14/plasma_tp1_0.1x_model_C5/roc_curve_resnet18_tf_0_0.03/nested_cv_random/resnet18/repeat_10_fold_5_metrics.csv,8,4,resnet18,"[0, 0.03]",C5,Sensitivity at 99% Specificity,0.1388888888888889
/scratchc/nrlab/wang04/ulyses_results_iteration/iteration_3_merge_below_3/cnn_model/cnn14/plasma_tp1_0.1x_model_C5/roc_curve_resnet18_tf_0_0.03/nested_cv_random/resnet18/repeat_10_fold_5_metrics.csv,8,4,resnet18,"[0, 0.03]",C5,PPV at 99% Specificity,1
/scratchc/nrlab/wang04/ulyses_results_iteration/iteration_3_merge_below_3/cnn_model/cnn14/plasma_tp1_0.1x_model_C5/roc_curve_resnet18_tf_0_0.03/nested_cv_random/resnet18/repeat_10_fold_5_metrics.csv,8,4,resnet18,"[0, 0.03]",C5,Accuracy at 99% Specificity,0.5644444444444444
/scratchc/nrlab/wang04/ulyses_results_iteration/iteration_3_merge_below_3/cnn_model/cnn14/plasma_tp1_0.1x_model_C5/roc_curve_resnet18_tf_0_0.03/nested_cv_random/resnet18/repeat_10_fold_5_metrics.csv,8,4,resnet18,"[0, 0.03]",C5,F1 at 99% Specificity,0.24390243902439024
/scratchc/nrlab/wang04/ulyses_results_iteration/iteration_3_merge_below_3/cnn_model/cnn14/plasma_tp1_0.1x_model_C5/roc_curve_resnet18_tf_0_0.03/nested_cv_random/resnet18/repeat_10_fold_5_metrics.csv,8,4,resnet18,"[0, 0.03]",C5,Sensitivity at 98% Specificity,0.1388888888888889
/scratchc/nrlab/wang04/ulyses_results_iteration/iteration_3_merge_below_3/cnn_model/cnn14/plasma_tp1_0.1x_model_C5/roc_curve_resnet18_tf_0_0.03/nested_cv_random/resnet18/repeat_10_fold_5_metrics.csv,8,4,resnet18,"[0, 0.03]",C5,PPV at 98% Specificity,1
/scratchc/nrlab/wang04/ulyses_results_iteration/iteration_3_merge_below_3/cnn_model/cnn14/plasma_tp1_0.1x_model_C5/roc_curve_resnet18_tf_0_0.03/nested_cv_random/resnet18/repeat_10_fold_5_metrics.csv,8,4,resnet18,"[0, 0.03]",C5,Accuracy at 98% Specificity,0.5594444444444444
/scratchc/nrlab/wang04/ulyses_results_iteration/iteration_3_merge_below_3/cnn_model/cnn14/plasma_tp1_0.1x_model_C5/roc_curve_resnet18_tf_0_0.03/nested_cv_random/resnet18/repeat_10_fold_5_metrics.csv,8,4,resnet18,"[0, 0.03]",C5,F1 at 98% Specificity,0.24390243902439024
/scratchc/nrlab/wang04/ulyses_results_iteration/iteration_3_merge_below_3/cnn_model/cnn14/plasma_tp1_0.1x_model_C5/roc_curve_resnet18_tf_0_0.03/nested_cv_random/resnet18/repeat_10_fold_5_metrics.csv,8,4,resnet18,"[0, 0.03]",C5,Sensitivity at 95% Specificity,0.4074074074074074
/scratchc/nrlab/wang04/ulyses_results_iteration/iteration_3_merge_below_3/cnn_model/cnn14/plasma_tp1_0.1x_model_C5/roc_curve_resnet18_tf_0_0.03/nested_cv_random/resnet18/repeat_10_fold_5_metrics.csv,8,4,resnet18,"[0, 0.03]",C5,PPV at 95% Specificity,0.9565217391304348
/scratchc/nrlab/wang04/ulyses_results_iteration/iteration_3_merge_below_3/cnn_model/cnn14/plasma_tp1_0.1x_model_C5/roc_curve_resnet18_tf_0_0.03/nested_cv_random/resnet18/repeat_10_fold_5_metrics.csv,8,4,resnet18,"[0, 0.03]",C5,Accuracy at 95% Specificity,0.6638599537037037
/scratchc/nrlab/wang04/ulyses_results_iteration/iteration_3_merge_below_3/cnn_model/cnn14/plasma_tp1_0.1x_model_C5/roc_curve_resnet18_tf_0_0.03/nested_cv_random/resnet18/repeat_10_fold_5_metrics.csv,8,4,resnet18,"[0, 0.03]",C5,F1 at 95% Specificity,0.5714285714285714
/scratchc/nrlab/wang04/ulyses_results_iteration/iteration_3_merge_below_3/cnn_model/cnn14/plasma_tp1_0.1x_model_C5/roc_curve_resnet18_tf_0_0.03/nested_cv_random/resnet18/repeat_10_fold_5_metrics.csv,8,5,resnet18,"[0, 0.03]",C5,AUROC,0.8641265276779296
/scratchc/nrlab/wang04/ulyses_results_iteration/iteration_3_merge_below_3/cnn_model/cnn14/plasma_tp1_0.1x_model_C5/roc_curve_resnet18_tf_0_0.03/nested_cv_random/resnet18/repeat_10_fold_5_metrics.csv,8,5,resnet18,"[0, 0.03]",C5,AUPRC,0.92040129302537
/scratchc/nrlab/wang04/ulyses_results_iteration/iteration_3_merge_below_3/cnn_model/cnn14/plasma_tp1_0.1x_model_C5/roc_curve_resnet18_tf_0_0.03/nested_cv_random/resnet18/repeat_10_fold_5_metrics.csv,8,5,resnet18,"[0, 0.03]",C5,Sensitivity at 99% Specificity,0.3177570093457944
/scratchc/nrlab/wang04/ulyses_results_iteration/iteration_3_merge_below_3/cnn_model/cnn14/plasma_tp1_0.1x_model_C5/roc_curve_resnet18_tf_0_0.03/nested_cv_random/resnet18/repeat_10_fold_5_metrics.csv,8,5,resnet18,"[0, 0.03]",C5,PPV at 99% Specificity,1
/scratchc/nrlab/wang04/ulyses_results_iteration/iteration_3_merge_below_3/cnn_model/cnn14/plasma_tp1_0.1x_model_C5/roc_curve_resnet18_tf_0_0.03/nested_cv_random/resnet18/repeat_10_fold_5_metrics.csv,8,5,resnet18,"[0, 0.03]",C5,Accuracy at 99% Specificity,0.6538785046728972
/scratchc/nrlab/wang04/ulyses_results_iteration/iteration_3_merge_below_3/cnn_model/cnn14/plasma_tp1_0.1x_model_C5/roc_curve_resnet18_tf_0_0.03/nested_cv_random/resnet18/repeat_10_fold_5_metrics.csv,8,5,resnet18,"[0, 0.03]",C5,F1 at 99% Specificity,0.48226950354609927
/scratchc/nrlab/wang04/ulyses_results_iteration/iteration_3_merge_below_3/cnn_model/cnn14/plasma_tp1_0.1x_model_C5/roc_curve_resnet18_tf_0_0.03/nested_cv_random/resnet18/repeat_10_fold_5_metrics.csv,8,5,resnet18,"[0, 0.03]",C5,Sensitivity at 98% Specificity,0.3177570093457944
/scratchc/nrlab/wang04/ulyses_results_iteration/iteration_3_merge_below_3/cnn_model/cnn14/plasma_tp1_0.1x_model_C5/roc_curve_resnet18_tf_0_0.03/nested_cv_random/resnet18/repeat_10_fold_5_metrics.csv,8,5,resnet18,"[0, 0.03]",C5,PPV at 98% Specificity,1
/scratchc/nrlab/wang04/ulyses_results_iteration/iteration_3_merge_below_3/cnn_model/cnn14/plasma_tp1_0.1x_model_C5/roc_curve_resnet18_tf_0_0.03/nested_cv_random/resnet18/repeat_10_fold_5_metrics.csv,8,5,resnet18,"[0, 0.03]",C5,Accuracy at 98% Specificity,0.6488785046728972
/scratchc/nrlab/wang04/ulyses_results_iteration/iteration_3_merge_below_3/cnn_model/cnn14/plasma_tp1_0.1x_model_C5/roc_curve_resnet18_tf_0_0.03/nested_cv_random/resnet18/repeat_10_fold_5_metrics.csv,8,5,resnet18,"[0, 0.03]",C5,F1 at 98% Specificity,0.48226950354609927
/scratchc/nrlab/wang04/ulyses_results_iteration/iteration_3_merge_below_3/cnn_model/cnn14/plasma_tp1_0.1x_model_C5/roc_curve_resnet18_tf_0_0.03/nested_cv_random/resnet18/repeat_10_fold_5_metrics.csv,8,5,resnet18,"[0, 0.03]",C5,Sensitivity at 95% Specificity,0.5514018691588785
/scratchc/nrlab/wang04/ulyses_results_iteration/iteration_3_merge_below_3/cnn_model/cnn14/plasma_tp1_0.1x_model_C5/roc_curve_resnet18_tf_0_0.03/nested_cv_random/resnet18/repeat_10_fold_5_metrics.csv,8,5,resnet18,"[0, 0.03]",C5,PPV at 95% Specificity,0.9672131147540984
/scratchc/nrlab/wang04/ulyses_results_iteration/iteration_3_merge_below_3/cnn_model/cnn14/plasma_tp1_0.1x_model_C5/roc_curve_resnet18_tf_0_0.03/nested_cv_random/resnet18/repeat_10_fold_5_metrics.csv,8,5,resnet18,"[0, 0.03]",C5,Accuracy at 95% Specificity,0.7360855499640546
/scratchc/nrlab/wang04/ulyses_results_iteration/iteration_3_merge_below_3/cnn_model/cnn14/plasma_tp1_0.1x_model_C5/roc_curve_resnet18_tf_0_0.03/nested_cv_random/resnet18/repeat_10_fold_5_metrics.csv,8,5,resnet18,"[0, 0.03]",C5,F1 at 95% Specificity,0.7023809523809523
/scratchc/nrlab/wang04/ulyses_results_iteration/iteration_3_merge_below_3/cnn_model/cnn14/plasma_tp1_0.1x_model_C5/roc_curve_resnet18_tf_0_0.03/nested_cv_random/resnet18/repeat_10_fold_5_metrics.csv,9,1,resnet18,"[0, 0.03]",C5,AUROC,0.8719618055555556
/scratchc/nrlab/wang04/ulyses_results_iteration/iteration_3_merge_below_3/cnn_model/cnn14/plasma_tp1_0.1x_model_C5/roc_curve_resnet18_tf_0_0.03/nested_cv_random/resnet18/repeat_10_fold_5_metrics.csv,9,1,resnet18,"[0, 0.03]",C5,AUPRC,0.9036463769882506
/scratchc/nrlab/wang04/ulyses_results_iteration/iteration_3_merge_below_3/cnn_model/cnn14/plasma_tp1_0.1x_model_C5/roc_curve_resnet18_tf_0_0.03/nested_cv_random/resnet18/repeat_10_fold_5_metrics.csv,9,1,resnet18,"[0, 0.03]",C5,Sensitivity at 99% Specificity,0.05555555555555555
/scratchc/nrlab/wang04/ulyses_results_iteration/iteration_3_merge_below_3/cnn_model/cnn14/plasma_tp1_0.1x_model_C5/roc_curve_resnet18_tf_0_0.03/nested_cv_random/resnet18/repeat_10_fold_5_metrics.csv,9,1,resnet18,"[0, 0.03]",C5,PPV at 99% Specificity,1
/scratchc/nrlab/wang04/ulyses_results_iteration/iteration_3_merge_below_3/cnn_model/cnn14/plasma_tp1_0.1x_model_C5/roc_curve_resnet18_tf_0_0.03/nested_cv_random/resnet18/repeat_10_fold_5_metrics.csv,9,1,resnet18,"[0, 0.03]",C5,Accuracy at 99% Specificity,0.5227777777777778
/scratchc/nrlab/wang04/ulyses_results_iteration/iteration_3_merge_below_3/cnn_model/cnn14/plasma_tp1_0.1x_model_C5/roc_curve_resnet18_tf_0_0.03/nested_cv_random/resnet18/repeat_10_fold_5_metrics.csv,9,1,resnet18,"[0, 0.03]",C5,F1 at 99% Specificity,0.10526315789473684
/scratchc/nrlab/wang04/ulyses_results_iteration/iteration_3_merge_below_3/cnn_model/cnn14/plasma_tp1_0.1x_model_C5/roc_curve_resnet18_tf_0_0.03/nested_cv_random/resnet18/repeat_10_fold_5_metrics.csv,9,1,resnet18,"[0, 0.03]",C5,Sensitivity at 98% Specificity,0.05555555555555555
/scratchc/nrlab/wang04/ulyses_results_iteration/iteration_3_merge_below_3/cnn_model/cnn14/plasma_tp1_0.1x_model_C5/roc_curve_resnet18_tf_0_0.03/nested_cv_random/resnet18/repeat_10_fold_5_metrics.csv,9,1,resnet18,"[0, 0.03]",C5,PPV at 98% Specificity,1
/scratchc/nrlab/wang04/ulyses_results_iteration/iteration_3_merge_below_3/cnn_model/cnn14/plasma_tp1_0.1x_model_C5/roc_curve_resnet18_tf_0_0.03/nested_cv_random/resnet18/repeat_10_fold_5_metrics.csv,9,1,resnet18,"[0, 0.03]",C5,Accuracy at 98% Specificity,0.5177777777777778
/scratchc/nrlab/wang04/ulyses_results_iteration/iteration_3_merge_below_3/cnn_model/cnn14/plasma_tp1_0.1x_model_C5/roc_curve_resnet18_tf_0_0.03/nested_cv_random/resnet18/repeat_10_fold_5_metrics.csv,9,1,resnet18,"[0, 0.03]",C5,F1 at 98% Specificity,0.10526315789473684
/scratchc/nrlab/wang04/ulyses_results_iteration/iteration_3_merge_below_3/cnn_model/cnn14/plasma_tp1_0.1x_model_C5/roc_curve_resnet18_tf_0_0.03/nested_cv_random/resnet18/repeat_10_fold_5_metrics.csv,9,1,resnet18,"[0, 0.03]",C5,Sensitivity at 95% Specificity,0.3611111111111111
/scratchc/nrlab/wang04/ulyses_results_iteration/iteration_3_merge_below_3/cnn_model/cnn14/plasma_tp1_0.1x_model_C5/roc_curve_resnet18_tf_0_0.03/nested_cv_random/resnet18/repeat_10_fold_5_metrics.csv,9,1,resnet18,"[0, 0.03]",C5,PPV at 95% Specificity,0.951219512195122
/scratchc/nrlab/wang04/ulyses_results_iteration/iteration_3_merge_below_3/cnn_model/cnn14/plasma_tp1_0.1x_model_C5/roc_curve_resnet18_tf_0_0.03/nested_cv_random/resnet18/repeat_10_fold_5_metrics.csv,9,1,resnet18,"[0, 0.03]",C5,Accuracy at 95% Specificity,0.6407118055555555
/scratchc/nrlab/wang04/ulyses_results_iteration/iteration_3_merge_below_3/cnn_model/cnn14/plasma_tp1_0.1x_model_C5/roc_curve_resnet18_tf_0_0.03/nested_cv_random/resnet18/repeat_10_fold_5_metrics.csv,9,1,resnet18,"[0, 0.03]",C5,F1 at 95% Specificity,0.5234899328859061
/scratchc/nrlab/wang04/ulyses_results_iteration/iteration_3_merge_below_3/cnn_model/cnn14/plasma_tp1_0.1x_model_C5/roc_curve_resnet18_tf_0_0.03/nested_cv_random/resnet18/repeat_10_fold_5_metrics.csv,9,2,resnet18,"[0, 0.03]",C5,AUROC,0.9379645511720984
/scratchc/nrlab/wang04/ulyses_results_iteration/iteration_3_merge_below_3/cnn_model/cnn14/plasma_tp1_0.1x_model_C5/roc_curve_resnet18_tf_0_0.03/nested_cv_random/resnet18/repeat_10_fold_5_metrics.csv,9,2,resnet18,"[0, 0.03]",C5,AUPRC,0.9644319870836374
/scratchc/nrlab/wang04/ulyses_results_iteration/iteration_3_merge_below_3/cnn_model/cnn14/plasma_tp1_0.1x_model_C5/roc_curve_resnet18_tf_0_0.03/nested_cv_random/resnet18/repeat_10_fold_5_metrics.csv,9,2,resnet18,"[0, 0.03]",C5,Sensitivity at 99% Specificity,0.5377358490566038
/scratchc/nrlab/wang04/ulyses_results_iteration/iteration_3_merge_below_3/cnn_model/cnn14/plasma_tp1_0.1x_model_C5/roc_curve_resnet18_tf_0_0.03/nested_cv_random/resnet18/repeat_10_fold_5_metrics.csv,9,2,resnet18,"[0, 0.03]",C5,PPV at 99% Specificity,1
/scratchc/nrlab/wang04/ulyses_results_iteration/iteration_3_merge_below_3/cnn_model/cnn14/plasma_tp1_0.1x_model_C5/roc_curve_resnet18_tf_0_0.03/nested_cv_random/resnet18/repeat_10_fold_5_metrics.csv,9,2,resnet18,"[0, 0.03]",C5,Accuracy at 99% Specificity,0.7638679245283019
/scratchc/nrlab/wang04/ulyses_results_iteration/iteration_3_merge_below_3/cnn_model/cnn14/plasma_tp1_0.1x_model_C5/roc_curve_resnet18_tf_0_0.03/nested_cv_random/resnet18/repeat_10_fold_5_metrics.csv,9,2,resnet18,"[0, 0.03]",C5,F1 at 99% Specificity,0.6993865030674846
/scratchc/nrlab/wang04/ulyses_results_iteration/iteration_3_merge_below_3/cnn_model/cnn14/plasma_tp1_0.1x_model_C5/roc_curve_resnet18_tf_0_0.03/nested_cv_random/resnet18/repeat_10_fold_5_metrics.csv,9,2,resnet18,"[0, 0.03]",C5,Sensitivity at 98% Specificity,0.5377358490566038
/scratchc/nrlab/wang04/ulyses_results_iteration/iteration_3_merge_below_3/cnn_model/cnn14/plasma_tp1_0.1x_model_C5/roc_curve_resnet18_tf_0_0.03/nested_cv_random/resnet18/repeat_10_fold_5_metrics.csv,9,2,resnet18,"[0, 0.03]",C5,PPV at 98% Specificity,1
/scratchc/nrlab/wang04/ulyses_results_iteration/iteration_3_merge_below_3/cnn_model/cnn14/plasma_tp1_0.1x_model_C5/roc_curve_resnet18_tf_0_0.03/nested_cv_random/resnet18/repeat_10_fold_5_metrics.csv,9,2,resnet18,"[0, 0.03]",C5,Accuracy at 98% Specificity,0.7588679245283019
/scratchc/nrlab/wang04/ulyses_results_iteration/iteration_3_merge_below_3/cnn_model/cnn14/plasma_tp1_0.1x_model_C5/roc_curve_resnet18_tf_0_0.03/nested_cv_random/resnet18/repeat_10_fold_5_metrics.csv,9,2,resnet18,"[0, 0.03]",C5,F1 at 98% Specificity,0.6993865030674846
/scratchc/nrlab/wang04/ulyses_results_iteration/iteration_3_merge_below_3/cnn_model/cnn14/plasma_tp1_0.1x_model_C5/roc_curve_resnet18_tf_0_0.03/nested_cv_random/resnet18/repeat_10_fold_5_metrics.csv,9,2,resnet18,"[0, 0.03]",C5,Sensitivity at 95% Specificity,0.6226415094339622
/scratchc/nrlab/wang04/ulyses_results_iteration/iteration_3_merge_below_3/cnn_model/cnn14/plasma_tp1_0.1x_model_C5/roc_curve_resnet18_tf_0_0.03/nested_cv_random/resnet18/repeat_10_fold_5_metrics.csv,9,2,resnet18,"[0, 0.03]",C5,PPV at 95% Specificity,0.9705882352941176
/scratchc/nrlab/wang04/ulyses_results_iteration/iteration_3_merge_below_3/cnn_model/cnn14/plasma_tp1_0.1x_model_C5/roc_curve_resnet18_tf_0_0.03/nested_cv_random/resnet18/repeat_10_fold_5_metrics.csv,9,2,resnet18,"[0, 0.03]",C5,Accuracy at 95% Specificity,0.7719268153230416
/scratchc/nrlab/wang04/ulyses_results_iteration/iteration_3_merge_below_3/cnn_model/cnn14/plasma_tp1_0.1x_model_C5/roc_curve_resnet18_tf_0_0.03/nested_cv_random/resnet18/repeat_10_fold_5_metrics.csv,9,2,resnet18,"[0, 0.03]",C5,F1 at 95% Specificity,0.7586206896551724
/scratchc/nrlab/wang04/ulyses_results_iteration/iteration_3_merge_below_3/cnn_model/cnn14/plasma_tp1_0.1x_model_C5/roc_curve_resnet18_tf_0_0.03/nested_cv_random/resnet18/repeat_10_fold_5_metrics.csv,9,3,resnet18,"[0, 0.03]",C5,AUROC,0.9458278724333772
/scratchc/nrlab/wang04/ulyses_results_iteration/iteration_3_merge_below_3/cnn_model/cnn14/plasma_tp1_0.1x_model_C5/roc_curve_resnet18_tf_0_0.03/nested_cv_random/resnet18/repeat_10_fold_5_metrics.csv,9,3,resnet18,"[0, 0.03]",C5,AUPRC,0.9699151130252436
/scratchc/nrlab/wang04/ulyses_results_iteration/iteration_3_merge_below_3/cnn_model/cnn14/plasma_tp1_0.1x_model_C5/roc_curve_resnet18_tf_0_0.03/nested_cv_random/resnet18/repeat_10_fold_5_metrics.csv,9,3,resnet18,"[0, 0.03]",C5,Sensitivity at 99% Specificity,0.47706422018348627
/scratchc/nrlab/wang04/ulyses_results_iteration/iteration_3_merge_below_3/cnn_model/cnn14/plasma_tp1_0.1x_model_C5/roc_curve_resnet18_tf_0_0.03/nested_cv_random/resnet18/repeat_10_fold_5_metrics.csv,9,3,resnet18,"[0, 0.03]",C5,PPV at 99% Specificity,1
/scratchc/nrlab/wang04/ulyses_results_iteration/iteration_3_merge_below_3/cnn_model/cnn14/plasma_tp1_0.1x_model_C5/roc_curve_resnet18_tf_0_0.03/nested_cv_random/resnet18/repeat_10_fold_5_metrics.csv,9,3,resnet18,"[0, 0.03]",C5,Accuracy at 99% Specificity,0.7335321100917431
/scratchc/nrlab/wang04/ulyses_results_iteration/iteration_3_merge_below_3/cnn_model/cnn14/plasma_tp1_0.1x_model_C5/roc_curve_resnet18_tf_0_0.03/nested_cv_random/resnet18/repeat_10_fold_5_metrics.csv,9,3,resnet18,"[0, 0.03]",C5,F1 at 99% Specificity,0.6459627329192547
/scratchc/nrlab/wang04/ulyses_results_iteration/iteration_3_merge_below_3/cnn_model/cnn14/plasma_tp1_0.1x_model_C5/roc_curve_resnet18_tf_0_0.03/nested_cv_random/resnet18/repeat_10_fold_5_metrics.csv,9,3,resnet18,"[0, 0.03]",C5,Sensitivity at 98% Specificity,0.47706422018348627
/scratchc/nrlab/wang04/ulyses_results_iteration/iteration_3_merge_below_3/cnn_model/cnn14/plasma_tp1_0.1x_model_C5/roc_curve_resnet18_tf_0_0.03/nested_cv_random/resnet18/repeat_10_fold_5_metrics.csv,9,3,resnet18,"[0, 0.03]",C5,PPV at 98% Specificity,1
/scratchc/nrlab/wang04/ulyses_results_iteration/iteration_3_merge_below_3/cnn_model/cnn14/plasma_tp1_0.1x_model_C5/roc_curve_resnet18_tf_0_0.03/nested_cv_random/resnet18/repeat_10_fold_5_metrics.csv,9,3,resnet18,"[0, 0.03]",C5,Accuracy at 98% Specificity,0.7285321100917431
/scratchc/nrlab/wang04/ulyses_results_iteration/iteration_3_merge_below_3/cnn_model/cnn14/plasma_tp1_0.1x_model_C5/roc_curve_resnet18_tf_0_0.03/nested_cv_random/resnet18/repeat_10_fold_5_metrics.csv,9,3,resnet18,"[0, 0.03]",C5,F1 at 98% Specificity,0.6459627329192547
/scratchc/nrlab/wang04/ulyses_results_iteration/iteration_3_merge_below_3/cnn_model/cnn14/plasma_tp1_0.1x_model_C5/roc_curve_resnet18_tf_0_0.03/nested_cv_random/resnet18/repeat_10_fold_5_metrics.csv,9,3,resnet18,"[0, 0.03]",C5,Sensitivity at 95% Specificity,0.7798165137614679
/scratchc/nrlab/wang04/ulyses_results_iteration/iteration_3_merge_below_3/cnn_model/cnn14/plasma_tp1_0.1x_model_C5/roc_curve_resnet18_tf_0_0.03/nested_cv_random/resnet18/repeat_10_fold_5_metrics.csv,9,3,resnet18,"[0, 0.03]",C5,PPV at 95% Specificity,0.9659090909090908
/scratchc/nrlab/wang04/ulyses_results_iteration/iteration_3_merge_below_3/cnn_model/cnn14/plasma_tp1_0.1x_model_C5/roc_curve_resnet18_tf_0_0.03/nested_cv_random/resnet18/repeat_10_fold_5_metrics.csv,9,3,resnet18,"[0, 0.03]",C5,Accuracy at 95% Specificity,0.8422892092616863
/scratchc/nrlab/wang04/ulyses_results_iteration/iteration_3_merge_below_3/cnn_model/cnn14/plasma_tp1_0.1x_model_C5/roc_curve_resnet18_tf_0_0.03/nested_cv_random/resnet18/repeat_10_fold_5_metrics.csv,9,3,resnet18,"[0, 0.03]",C5,F1 at 95% Specificity,0.8629441624365483
/scratchc/nrlab/wang04/ulyses_results_iteration/iteration_3_merge_below_3/cnn_model/cnn14/plasma_tp1_0.1x_model_C5/roc_curve_resnet18_tf_0_0.03/nested_cv_random/resnet18/repeat_10_fold_5_metrics.csv,9,5,resnet18,"[0, 0.03]",C5,AUROC,0.9079798705966928
/scratchc/nrlab/wang04/ulyses_results_iteration/iteration_3_merge_below_3/cnn_model/cnn14/plasma_tp1_0.1x_model_C5/roc_curve_resnet18_tf_0_0.03/nested_cv_random/resnet18/repeat_10_fold_5_metrics.csv,9,5,resnet18,"[0, 0.03]",C5,AUPRC,0.9396677475341144
/scratchc/nrlab/wang04/ulyses_results_iteration/iteration_3_merge_below_3/cnn_model/cnn14/plasma_tp1_0.1x_model_C5/roc_curve_resnet18_tf_0_0.03/nested_cv_random/resnet18/repeat_10_fold_5_metrics.csv,9,5,resnet18,"[0, 0.03]",C5,Sensitivity at 99% Specificity,0.2897196261682243
/scratchc/nrlab/wang04/ulyses_results_iteration/iteration_3_merge_below_3/cnn_model/cnn14/plasma_tp1_0.1x_model_C5/roc_curve_resnet18_tf_0_0.03/nested_cv_random/resnet18/repeat_10_fold_5_metrics.csv,9,5,resnet18,"[0, 0.03]",C5,PPV at 99% Specificity,1
/scratchc/nrlab/wang04/ulyses_results_iteration/iteration_3_merge_below_3/cnn_model/cnn14/plasma_tp1_0.1x_model_C5/roc_curve_resnet18_tf_0_0.03/nested_cv_random/resnet18/repeat_10_fold_5_metrics.csv,9,5,resnet18,"[0, 0.03]",C5,Accuracy at 99% Specificity,0.6398598130841121
/scratchc/nrlab/wang04/ulyses_results_iteration/iteration_3_merge_below_3/cnn_model/cnn14/plasma_tp1_0.1x_model_C5/roc_curve_resnet18_tf_0_0.03/nested_cv_random/resnet18/repeat_10_fold_5_metrics.csv,9,5,resnet18,"[0, 0.03]",C5,F1 at 99% Specificity,0.4492753623188406
/scratchc/nrlab/wang04/ulyses_results_iteration/iteration_3_merge_below_3/cnn_model/cnn14/plasma_tp1_0.1x_model_C5/roc_curve_resnet18_tf_0_0.03/nested_cv_random/resnet18/repeat_10_fold_5_metrics.csv,9,5,resnet18,"[0, 0.03]",C5,Sensitivity at 98% Specificity,0.2897196261682243
/scratchc/nrlab/wang04/ulyses_results_iteration/iteration_3_merge_below_3/cnn_model/cnn14/plasma_tp1_0.1x_model_C5/roc_curve_resnet18_tf_0_0.03/nested_cv_random/resnet18/repeat_10_fold_5_metrics.csv,9,5,resnet18,"[0, 0.03]",C5,PPV at 98% Specificity,1
/scratchc/nrlab/wang04/ulyses_results_iteration/iteration_3_merge_below_3/cnn_model/cnn14/plasma_tp1_0.1x_model_C5/roc_curve_resnet18_tf_0_0.03/nested_cv_random/resnet18/repeat_10_fold_5_metrics.csv,9,5,resnet18,"[0, 0.03]",C5,Accuracy at 98% Specificity,0.6348598130841121
/scratchc/nrlab/wang04/ulyses_results_iteration/iteration_3_merge_below_3/cnn_model/cnn14/plasma_tp1_0.1x_model_C5/roc_curve_resnet18_tf_0_0.03/nested_cv_random/resnet18/repeat_10_fold_5_metrics.csv,9,5,resnet18,"[0, 0.03]",C5,F1 at 98% Specificity,0.4492753623188406
/scratchc/nrlab/wang04/ulyses_results_iteration/iteration_3_merge_below_3/cnn_model/cnn14/plasma_tp1_0.1x_model_C5/roc_curve_resnet18_tf_0_0.03/nested_cv_random/resnet18/repeat_10_fold_5_metrics.csv,9,5,resnet18,"[0, 0.03]",C5,Sensitivity at 95% Specificity,0.5233644859813084
/scratchc/nrlab/wang04/ulyses_results_iteration/iteration_3_merge_below_3/cnn_model/cnn14/plasma_tp1_0.1x_model_C5/roc_curve_resnet18_tf_0_0.03/nested_cv_random/resnet18/repeat_10_fold_5_metrics.csv,9,5,resnet18,"[0, 0.03]",C5,PPV at 95% Specificity,0.9655172413793104
/scratchc/nrlab/wang04/ulyses_results_iteration/iteration_3_merge_below_3/cnn_model/cnn14/plasma_tp1_0.1x_model_C5/roc_curve_resnet18_tf_0_0.03/nested_cv_random/resnet18/repeat_10_fold_5_metrics.csv,9,5,resnet18,"[0, 0.03]",C5,Accuracy at 95% Specificity,0.7220668583752695
/scratchc/nrlab/wang04/ulyses_results_iteration/iteration_3_merge_below_3/cnn_model/cnn14/plasma_tp1_0.1x_model_C5/roc_curve_resnet18_tf_0_0.03/nested_cv_random/resnet18/repeat_10_fold_5_metrics.csv,9,5,resnet18,"[0, 0.03]",C5,F1 at 95% Specificity,0.6787878787878788
/scratchc/nrlab/wang04/ulyses_results_iteration/iteration_3_merge_below_3/cnn_model/cnn14/plasma_tp1_0.1x_model_C5/roc_curve_resnet18_tf_0_0.03/nested_cv_random/resnet18/repeat_10_fold_5_metrics.csv,10,1,resnet18,"[0, 0.03]",C5,AUROC,0.9391804457225016
/scratchc/nrlab/wang04/ulyses_results_iteration/iteration_3_merge_below_3/cnn_model/cnn14/plasma_tp1_0.1x_model_C5/roc_curve_resnet18_tf_0_0.03/nested_cv_random/resnet18/repeat_10_fold_5_metrics.csv,10,1,resnet18,"[0, 0.03]",C5,AUPRC,0.9591795571786188
/scratchc/nrlab/wang04/ulyses_results_iteration/iteration_3_merge_below_3/cnn_model/cnn14/plasma_tp1_0.1x_model_C5/roc_curve_resnet18_tf_0_0.03/nested_cv_random/resnet18/repeat_10_fold_5_metrics.csv,10,1,resnet18,"[0, 0.03]",C5,Sensitivity at 99% Specificity,0.16822429906542055
/scratchc/nrlab/wang04/ulyses_results_iteration/iteration_3_merge_below_3/cnn_model/cnn14/plasma_tp1_0.1x_model_C5/roc_curve_resnet18_tf_0_0.03/nested_cv_random/resnet18/repeat_10_fold_5_metrics.csv,10,1,resnet18,"[0, 0.03]",C5,PPV at 99% Specificity,1
/scratchc/nrlab/wang04/ulyses_results_iteration/iteration_3_merge_below_3/cnn_model/cnn14/plasma_tp1_0.1x_model_C5/roc_curve_resnet18_tf_0_0.03/nested_cv_random/resnet18/repeat_10_fold_5_metrics.csv,10,1,resnet18,"[0, 0.03]",C5,Accuracy at 99% Specificity,0.5791121495327103
/scratchc/nrlab/wang04/ulyses_results_iteration/iteration_3_merge_below_3/cnn_model/cnn14/plasma_tp1_0.1x_model_C5/roc_curve_resnet18_tf_0_0.03/nested_cv_random/resnet18/repeat_10_fold_5_metrics.csv,10,1,resnet18,"[0, 0.03]",C5,F1 at 99% Specificity,0.288
/scratchc/nrlab/wang04/ulyses_results_iteration/iteration_3_merge_below_3/cnn_model/cnn14/plasma_tp1_0.1x_model_C5/roc_curve_resnet18_tf_0_0.03/nested_cv_random/resnet18/repeat_10_fold_5_metrics.csv,10,1,resnet18,"[0, 0.03]",C5,Sensitivity at 98% Specificity,0.16822429906542055
/scratchc/nrlab/wang04/ulyses_results_iteration/iteration_3_merge_below_3/cnn_model/cnn14/plasma_tp1_0.1x_model_C5/roc_curve_resnet18_tf_0_0.03/nested_cv_random/resnet18/repeat_10_fold_5_metrics.csv,10,1,resnet18,"[0, 0.03]",C5,PPV at 98% Specificity,1
/scratchc/nrlab/wang04/ulyses_results_iteration/iteration_3_merge_below_3/cnn_model/cnn14/plasma_tp1_0.1x_model_C5/roc_curve_resnet18_tf_0_0.03/nested_cv_random/resnet18/repeat_10_fold_5_metrics.csv,10,1,resnet18,"[0, 0.03]",C5,Accuracy at 98% Specificity,0.5741121495327103
/scratchc/nrlab/wang04/ulyses_results_iteration/iteration_3_merge_below_3/cnn_model/cnn14/plasma_tp1_0.1x_model_C5/roc_curve_resnet18_tf_0_0.03/nested_cv_random/resnet18/repeat_10_fold_5_metrics.csv,10,1,resnet18,"[0, 0.03]",C5,F1 at 98% Specificity,0.288
/scratchc/nrlab/wang04/ulyses_results_iteration/iteration_3_merge_below_3/cnn_model/cnn14/plasma_tp1_0.1x_model_C5/roc_curve_resnet18_tf_0_0.03/nested_cv_random/resnet18/repeat_10_fold_5_metrics.csv,10,1,resnet18,"[0, 0.03]",C5,Sensitivity at 95% Specificity,0.7289719626168224
/scratchc/nrlab/wang04/ulyses_results_iteration/iteration_3_merge_below_3/cnn_model/cnn14/plasma_tp1_0.1x_model_C5/roc_curve_resnet18_tf_0_0.03/nested_cv_random/resnet18/repeat_10_fold_5_metrics.csv,10,1,resnet18,"[0, 0.03]",C5,PPV at 95% Specificity,0.975
/scratchc/nrlab/wang04/ulyses_results_iteration/iteration_3_merge_below_3/cnn_model/cnn14/plasma_tp1_0.1x_model_C5/roc_curve_resnet18_tf_0_0.03/nested_cv_random/resnet18/repeat_10_fold_5_metrics.csv,10,1,resnet18,"[0, 0.03]",C5,Accuracy at 95% Specificity,0.8248705966930265
/scratchc/nrlab/wang04/ulyses_results_iteration/iteration_3_merge_below_3/cnn_model/cnn14/plasma_tp1_0.1x_model_C5/roc_curve_resnet18_tf_0_0.03/nested_cv_random/resnet18/repeat_10_fold_5_metrics.csv,10,1,resnet18,"[0, 0.03]",C5,F1 at 95% Specificity,0.8342245989304813
/scratchc/nrlab/wang04/ulyses_results_iteration/iteration_3_merge_below_3/cnn_model/cnn14/plasma_tp1_0.1x_model_C5/roc_curve_resnet18_tf_0_0.03/nested_cv_random/resnet18/repeat_10_fold_5_metrics.csv,10,2,resnet18,"[0, 0.03]",C5,AUROC,0.8982088248143295
/scratchc/nrlab/wang04/ulyses_results_iteration/iteration_3_merge_below_3/cnn_model/cnn14/plasma_tp1_0.1x_model_C5/roc_curve_resnet18_tf_0_0.03/nested_cv_random/resnet18/repeat_10_fold_5_metrics.csv,10,2,resnet18,"[0, 0.03]",C5,AUPRC,0.9447813502335468
/scratchc/nrlab/wang04/ulyses_results_iteration/iteration_3_merge_below_3/cnn_model/cnn14/plasma_tp1_0.1x_model_C5/roc_curve_resnet18_tf_0_0.03/nested_cv_random/resnet18/repeat_10_fold_5_metrics.csv,10,2,resnet18,"[0, 0.03]",C5,Sensitivity at 99% Specificity,0.5229357798165137
/scratchc/nrlab/wang04/ulyses_results_iteration/iteration_3_merge_below_3/cnn_model/cnn14/plasma_tp1_0.1x_model_C5/roc_curve_resnet18_tf_0_0.03/nested_cv_random/resnet18/repeat_10_fold_5_metrics.csv,10,2,resnet18,"[0, 0.03]",C5,PPV at 99% Specificity,1
/scratchc/nrlab/wang04/ulyses_results_iteration/iteration_3_merge_below_3/cnn_model/cnn14/plasma_tp1_0.1x_model_C5/roc_curve_resnet18_tf_0_0.03/nested_cv_random/resnet18/repeat_10_fold_5_metrics.csv,10,2,resnet18,"[0, 0.03]",C5,Accuracy at 99% Specificity,0.7564678899082569
/scratchc/nrlab/wang04/ulyses_results_iteration/iteration_3_merge_below_3/cnn_model/cnn14/plasma_tp1_0.1x_model_C5/roc_curve_resnet18_tf_0_0.03/nested_cv_random/resnet18/repeat_10_fold_5_metrics.csv,10,2,resnet18,"[0, 0.03]",C5,F1 at 99% Specificity,0.6867469879518072
/scratchc/nrlab/wang04/ulyses_results_iteration/iteration_3_merge_below_3/cnn_model/cnn14/plasma_tp1_0.1x_model_C5/roc_curve_resnet18_tf_0_0.03/nested_cv_random/resnet18/repeat_10_fold_5_metrics.csv,10,2,resnet18,"[0, 0.03]",C5,Sensitivity at 98% Specificity,0.5229357798165137
/scratchc/nrlab/wang04/ulyses_results_iteration/iteration_3_merge_below_3/cnn_model/cnn14/plasma_tp1_0.1x_model_C5/roc_curve_resnet18_tf_0_0.03/nested_cv_random/resnet18/repeat_10_fold_5_metrics.csv,10,2,resnet18,"[0, 0.03]",C5,PPV at 98% Specificity,1
/scratchc/nrlab/wang04/ulyses_results_iteration/iteration_3_merge_below_3/cnn_model/cnn14/plasma_tp1_0.1x_model_C5/roc_curve_resnet18_tf_0_0.03/nested_cv_random/resnet18/repeat_10_fold_5_metrics.csv,10,2,resnet18,"[0, 0.03]",C5,Accuracy at 98% Specificity,0.7514678899082569
/scratchc/nrlab/wang04/ulyses_results_iteration/iteration_3_merge_below_3/cnn_model/cnn14/plasma_tp1_0.1x_model_C5/roc_curve_resnet18_tf_0_0.03/nested_cv_random/resnet18/repeat_10_fold_5_metrics.csv,10,2,resnet18,"[0, 0.03]",C5,F1 at 98% Specificity,0.6867469879518072
/scratchc/nrlab/wang04/ulyses_results_iteration/iteration_3_merge_below_3/cnn_model/cnn14/plasma_tp1_0.1x_model_C5/roc_curve_resnet18_tf_0_0.03/nested_cv_random/resnet18/repeat_10_fold_5_metrics.csv,10,2,resnet18,"[0, 0.03]",C5,Sensitivity at 95% Specificity,0.5688073394495413
/scratchc/nrlab/wang04/ulyses_results_iteration/iteration_3_merge_below_3/cnn_model/cnn14/plasma_tp1_0.1x_model_C5/roc_curve_resnet18_tf_0_0.03/nested_cv_random/resnet18/repeat_10_fold_5_metrics.csv,10,2,resnet18,"[0, 0.03]",C5,PPV at 95% Specificity,0.96875
/scratchc/nrlab/wang04/ulyses_results_iteration/iteration_3_merge_below_3/cnn_model/cnn14/plasma_tp1_0.1x_model_C5/roc_curve_resnet18_tf_0_0.03/nested_cv_random/resnet18/repeat_10_fold_5_metrics.csv,10,2,resnet18,"[0, 0.03]",C5,Accuracy at 95% Specificity,0.7443243046454056
/scratchc/nrlab/wang04/ulyses_results_iteration/iteration_3_merge_below_3/cnn_model/cnn14/plasma_tp1_0.1x_model_C5/roc_curve_resnet18_tf_0_0.03/nested_cv_random/resnet18/repeat_10_fold_5_metrics.csv,10,2,resnet18,"[0, 0.03]",C5,F1 at 95% Specificity,0.7167630057803468
/scratchc/nrlab/wang04/ulyses_results_iteration/iteration_3_merge_below_3/cnn_model/cnn14/plasma_tp1_0.1x_model_C5/roc_curve_resnet18_tf_0_0.03/nested_cv_random/resnet18/repeat_10_fold_5_metrics.csv,10,3,resnet18,"[0, 0.03]",C5,AUROC,0.9166666666666669
/scratchc/nrlab/wang04/ulyses_results_iteration/iteration_3_merge_below_3/cnn_model/cnn14/plasma_tp1_0.1x_model_C5/roc_curve_resnet18_tf_0_0.03/nested_cv_random/resnet18/repeat_10_fold_5_metrics.csv,10,3,resnet18,"[0, 0.03]",C5,AUPRC,0.9472893389603596
/scratchc/nrlab/wang04/ulyses_results_iteration/iteration_3_merge_below_3/cnn_model/cnn14/plasma_tp1_0.1x_model_C5/roc_curve_resnet18_tf_0_0.03/nested_cv_random/resnet18/repeat_10_fold_5_metrics.csv,10,3,resnet18,"[0, 0.03]",C5,Sensitivity at 99% Specificity,0.3703703703703703
/scratchc/nrlab/wang04/ulyses_results_iteration/iteration_3_merge_below_3/cnn_model/cnn14/plasma_tp1_0.1x_model_C5/roc_curve_resnet18_tf_0_0.03/nested_cv_random/resnet18/repeat_10_fold_5_metrics.csv,10,3,resnet18,"[0, 0.03]",C5,PPV at 99% Specificity,1
/scratchc/nrlab/wang04/ulyses_results_iteration/iteration_3_merge_below_3/cnn_model/cnn14/plasma_tp1_0.1x_model_C5/roc_curve_resnet18_tf_0_0.03/nested_cv_random/resnet18/repeat_10_fold_5_metrics.csv,10,3,resnet18,"[0, 0.03]",C5,Accuracy at 99% Specificity,0.6801851851851852
/scratchc/nrlab/wang04/ulyses_results_iteration/iteration_3_merge_below_3/cnn_model/cnn14/plasma_tp1_0.1x_model_C5/roc_curve_resnet18_tf_0_0.03/nested_cv_random/resnet18/repeat_10_fold_5_metrics.csv,10,3,resnet18,"[0, 0.03]",C5,F1 at 99% Specificity,0.5405405405405406
/scratchc/nrlab/wang04/ulyses_results_iteration/iteration_3_merge_below_3/cnn_model/cnn14/plasma_tp1_0.1x_model_C5/roc_curve_resnet18_tf_0_0.03/nested_cv_random/resnet18/repeat_10_fold_5_metrics.csv,10,3,resnet18,"[0, 0.03]",C5,Sensitivity at 98% Specificity,0.3703703703703703
/scratchc/nrlab/wang04/ulyses_results_iteration/iteration_3_merge_below_3/cnn_model/cnn14/plasma_tp1_0.1x_model_C5/roc_curve_resnet18_tf_0_0.03/nested_cv_random/resnet18/repeat_10_fold_5_metrics.csv,10,3,resnet18,"[0, 0.03]",C5,PPV at 98% Specificity,1
/scratchc/nrlab/wang04/ulyses_results_iteration/iteration_3_merge_below_3/cnn_model/cnn14/plasma_tp1_0.1x_model_C5/roc_curve_resnet18_tf_0_0.03/nested_cv_random/resnet18/repeat_10_fold_5_metrics.csv,10,3,resnet18,"[0, 0.03]",C5,Accuracy at 98% Specificity,0.6751851851851851
/scratchc/nrlab/wang04/ulyses_results_iteration/iteration_3_merge_below_3/cnn_model/cnn14/plasma_tp1_0.1x_model_C5/roc_curve_resnet18_tf_0_0.03/nested_cv_random/resnet18/repeat_10_fold_5_metrics.csv,10,3,resnet18,"[0, 0.03]",C5,F1 at 98% Specificity,0.5405405405405406
/scratchc/nrlab/wang04/ulyses_results_iteration/iteration_3_merge_below_3/cnn_model/cnn14/plasma_tp1_0.1x_model_C5/roc_curve_resnet18_tf_0_0.03/nested_cv_random/resnet18/repeat_10_fold_5_metrics.csv,10,3,resnet18,"[0, 0.03]",C5,Sensitivity at 95% Specificity,0.5092592592592593
/scratchc/nrlab/wang04/ulyses_results_iteration/iteration_3_merge_below_3/cnn_model/cnn14/plasma_tp1_0.1x_model_C5/roc_curve_resnet18_tf_0_0.03/nested_cv_random/resnet18/repeat_10_fold_5_metrics.csv,10,3,resnet18,"[0, 0.03]",C5,PPV at 95% Specificity,0.9649122807017544
/scratchc/nrlab/wang04/ulyses_results_iteration/iteration_3_merge_below_3/cnn_model/cnn14/plasma_tp1_0.1x_model_C5/roc_curve_resnet18_tf_0_0.03/nested_cv_random/resnet18/repeat_10_fold_5_metrics.csv,10,3,resnet18,"[0, 0.03]",C5,Accuracy at 95% Specificity,0.7150142450142449
/scratchc/nrlab/wang04/ulyses_results_iteration/iteration_3_merge_below_3/cnn_model/cnn14/plasma_tp1_0.1x_model_C5/roc_curve_resnet18_tf_0_0.03/nested_cv_random/resnet18/repeat_10_fold_5_metrics.csv,10,3,resnet18,"[0, 0.03]",C5,F1 at 95% Specificity,0.6666666666666666
/scratchc/nrlab/wang04/ulyses_results_iteration/iteration_3_merge_below_3/cnn_model/cnn14/plasma_tp1_0.1x_model_C5/roc_curve_resnet18_tf_0_0.03/nested_cv_random/resnet18/repeat_10_fold_5_metrics.csv,10,4,resnet18,"[0, 0.03]",C5,AUROC,0.8516295025728988
/scratchc/nrlab/wang04/ulyses_results_iteration/iteration_3_merge_below_3/cnn_model/cnn14/plasma_tp1_0.1x_model_C5/roc_curve_resnet18_tf_0_0.03/nested_cv_random/resnet18/repeat_10_fold_5_metrics.csv,10,4,resnet18,"[0, 0.03]",C5,AUPRC,0.90538780007289
/scratchc/nrlab/wang04/ulyses_results_iteration/iteration_3_merge_below_3/cnn_model/cnn14/plasma_tp1_0.1x_model_C5/roc_curve_resnet18_tf_0_0.03/nested_cv_random/resnet18/repeat_10_fold_5_metrics.csv,10,4,resnet18,"[0, 0.03]",C5,Sensitivity at 99% Specificity,0.3584905660377358
/scratchc/nrlab/wang04/ulyses_results_iteration/iteration_3_merge_below_3/cnn_model/cnn14/plasma_tp1_0.1x_model_C5/roc_curve_resnet18_tf_0_0.03/nested_cv_random/resnet18/repeat_10_fold_5_metrics.csv,10,4,resnet18,"[0, 0.03]",C5,PPV at 99% Specificity,1
/scratchc/nrlab/wang04/ulyses_results_iteration/iteration_3_merge_below_3/cnn_model/cnn14/plasma_tp1_0.1x_model_C5/roc_curve_resnet18_tf_0_0.03/nested_cv_random/resnet18/repeat_10_fold_5_metrics.csv,10,4,resnet18,"[0, 0.03]",C5,Accuracy at 99% Specificity,0.6742452830188679
/scratchc/nrlab/wang04/ulyses_results_iteration/iteration_3_merge_below_3/cnn_model/cnn14/plasma_tp1_0.1x_model_C5/roc_curve_resnet18_tf_0_0.03/nested_cv_random/resnet18/repeat_10_fold_5_metrics.csv,10,4,resnet18,"[0, 0.03]",C5,F1 at 99% Specificity,0.5277777777777778
/scratchc/nrlab/wang04/ulyses_results_iteration/iteration_3_merge_below_3/cnn_model/cnn14/plasma_tp1_0.1x_model_C5/roc_curve_resnet18_tf_0_0.03/nested_cv_random/resnet18/repeat_10_fold_5_metrics.csv,10,4,resnet18,"[0, 0.03]",C5,Sensitivity at 98% Specificity,0.3584905660377358
/scratchc/nrlab/wang04/ulyses_results_iteration/iteration_3_merge_below_3/cnn_model/cnn14/plasma_tp1_0.1x_model_C5/roc_curve_resnet18_tf_0_0.03/nested_cv_random/resnet18/repeat_10_fold_5_metrics.csv,10,4,resnet18,"[0, 0.03]",C5,PPV at 98% Specificity,1
/scratchc/nrlab/wang04/ulyses_results_iteration/iteration_3_merge_below_3/cnn_model/cnn14/plasma_tp1_0.1x_model_C5/roc_curve_resnet18_tf_0_0.03/nested_cv_random/resnet18/repeat_10_fold_5_metrics.csv,10,4,resnet18,"[0, 0.03]",C5,Accuracy at 98% Specificity,0.6692452830188679
/scratchc/nrlab/wang04/ulyses_results_iteration/iteration_3_merge_below_3/cnn_model/cnn14/plasma_tp1_0.1x_model_C5/roc_curve_resnet18_tf_0_0.03/nested_cv_random/resnet18/repeat_10_fold_5_metrics.csv,10,4,resnet18,"[0, 0.03]",C5,F1 at 98% Specificity,0.5277777777777778
/scratchc/nrlab/wang04/ulyses_results_iteration/iteration_3_merge_below_3/cnn_model/cnn14/plasma_tp1_0.1x_model_C5/roc_curve_resnet18_tf_0_0.03/nested_cv_random/resnet18/repeat_10_fold_5_metrics.csv,10,4,resnet18,"[0, 0.03]",C5,Sensitivity at 95% Specificity,0.46226415094339623
/scratchc/nrlab/wang04/ulyses_results_iteration/iteration_3_merge_below_3/cnn_model/cnn14/plasma_tp1_0.1x_model_C5/roc_curve_resnet18_tf_0_0.03/nested_cv_random/resnet18/repeat_10_fold_5_metrics.csv,10,4,resnet18,"[0, 0.03]",C5,PPV at 95% Specificity,0.9607843137254902
/scratchc/nrlab/wang04/ulyses_results_iteration/iteration_3_merge_below_3/cnn_model/cnn14/plasma_tp1_0.1x_model_C5/roc_curve_resnet18_tf_0_0.03/nested_cv_random/resnet18/repeat_10_fold_5_metrics.csv,10,4,resnet18,"[0, 0.03]",C5,Accuracy at 95% Specificity,0.6917381360777587
/scratchc/nrlab/wang04/ulyses_results_iteration/iteration_3_merge_below_3/cnn_model/cnn14/plasma_tp1_0.1x_model_C5/roc_curve_resnet18_tf_0_0.03/nested_cv_random/resnet18/repeat_10_fold_5_metrics.csv,10,4,resnet18,"[0, 0.03]",C5,F1 at 95% Specificity,0.6242038216560509
/scratchc/nrlab/wang04/ulyses_results_iteration/iteration_3_merge_below_3/cnn_model/cnn14/plasma_tp1_0.1x_model_C5/roc_curve_resnet18_tf_0_0.03/nested_cv_random/resnet18/repeat_10_fold_5_metrics.csv,10,5,resnet18,"[0, 0.03]",C5,AUROC,0.927958833619211
/scratchc/nrlab/wang04/ulyses_results_iteration/iteration_3_merge_below_3/cnn_model/cnn14/plasma_tp1_0.1x_model_C5/roc_curve_resnet18_tf_0_0.03/nested_cv_random/resnet18/repeat_10_fold_5_metrics.csv,10,5,resnet18,"[0, 0.03]",C5,AUPRC,0.950278051646716
/scratchc/nrlab/wang04/ulyses_results_iteration/iteration_3_merge_below_3/cnn_model/cnn14/plasma_tp1_0.1x_model_C5/roc_curve_resnet18_tf_0_0.03/nested_cv_random/resnet18/repeat_10_fold_5_metrics.csv,10,5,resnet18,"[0, 0.03]",C5,Sensitivity at 99% Specificity,0.33962264150943394
/scratchc/nrlab/wang04/ulyses_results_iteration/iteration_3_merge_below_3/cnn_model/cnn14/plasma_tp1_0.1x_model_C5/roc_curve_resnet18_tf_0_0.03/nested_cv_random/resnet18/repeat_10_fold_5_metrics.csv,10,5,resnet18,"[0, 0.03]",C5,PPV at 99% Specificity,1
/scratchc/nrlab/wang04/ulyses_results_iteration/iteration_3_merge_below_3/cnn_model/cnn14/plasma_tp1_0.1x_model_C5/roc_curve_resnet18_tf_0_0.03/nested_cv_random/resnet18/repeat_10_fold_5_metrics.csv,10,5,resnet18,"[0, 0.03]",C5,Accuracy at 99% Specificity,0.6648113207547169
/scratchc/nrlab/wang04/ulyses_results_iteration/iteration_3_merge_below_3/cnn_model/cnn14/plasma_tp1_0.1x_model_C5/roc_curve_resnet18_tf_0_0.03/nested_cv_random/resnet18/repeat_10_fold_5_metrics.csv,10,5,resnet18,"[0, 0.03]",C5,F1 at 99% Specificity,0.5070422535211268
/scratchc/nrlab/wang04/ulyses_results_iteration/iteration_3_merge_below_3/cnn_model/cnn14/plasma_tp1_0.1x_model_C5/roc_curve_resnet18_tf_0_0.03/nested_cv_random/resnet18/repeat_10_fold_5_metrics.csv,10,5,resnet18,"[0, 0.03]",C5,Sensitivity at 98% Specificity,0.33962264150943394
/scratchc/nrlab/wang04/ulyses_results_iteration/iteration_3_merge_below_3/cnn_model/cnn14/plasma_tp1_0.1x_model_C5/roc_curve_resnet18_tf_0_0.03/nested_cv_random/resnet18/repeat_10_fold_5_metrics.csv,10,5,resnet18,"[0, 0.03]",C5,PPV at 98% Specificity,1
/scratchc/nrlab/wang04/ulyses_results_iteration/iteration_3_merge_below_3/cnn_model/cnn14/plasma_tp1_0.1x_model_C5/roc_curve_resnet18_tf_0_0.03/nested_cv_random/resnet18/repeat_10_fold_5_metrics.csv,10,5,resnet18,"[0, 0.03]",C5,Accuracy at 98% Specificity,0.6598113207547169
/scratchc/nrlab/wang04/ulyses_results_iteration/iteration_3_merge_below_3/cnn_model/cnn14/plasma_tp1_0.1x_model_C5/roc_curve_resnet18_tf_0_0.03/nested_cv_random/resnet18/repeat_10_fold_5_metrics.csv,10,5,resnet18,"[0, 0.03]",C5,F1 at 98% Specificity,0.5070422535211268
/scratchc/nrlab/wang04/ulyses_results_iteration/iteration_3_merge_below_3/cnn_model/cnn14/plasma_tp1_0.1x_model_C5/roc_curve_resnet18_tf_0_0.03/nested_cv_random/resnet18/repeat_10_fold_5_metrics.csv,10,5,resnet18,"[0, 0.03]",C5,Sensitivity at 95% Specificity,0.5188679245283019
/scratchc/nrlab/wang04/ulyses_results_iteration/iteration_3_merge_below_3/cnn_model/cnn14/plasma_tp1_0.1x_model_C5/roc_curve_resnet18_tf_0_0.03/nested_cv_random/resnet18/repeat_10_fold_5_metrics.csv,10,5,resnet18,"[0, 0.03]",C5,PPV at 95% Specificity,0.9649122807017544
/scratchc/nrlab/wang04/ulyses_results_iteration/iteration_3_merge_below_3/cnn_model/cnn14/plasma_tp1_0.1x_model_C5/roc_curve_resnet18_tf_0_0.03/nested_cv_random/resnet18/repeat_10_fold_5_metrics.csv,10,5,resnet18,"[0, 0.03]",C5,Accuracy at 95% Specificity,0.7200400228702115
/scratchc/nrlab/wang04/ulyses_results_iteration/iteration_3_merge_below_3/cnn_model/cnn14/plasma_tp1_0.1x_model_C5/roc_curve_resnet18_tf_0_0.03/nested_cv_random/resnet18/repeat_10_fold_5_metrics.csv,10,5,resnet18,"[0, 0.03]",C5,F1 at 95% Specificity,0.6748466257668712
/scratchc/nrlab/wang04/ulyses_results_iteration/iteration_3_merge_below_3/cnn_model/cnn14/plasma_tp1_0.1x_model_C5/roc_curve_resnet18_tf_0_1/nested_cv_random/resnet18/repeat_10_fold_5_metrics.csv,1,1,resnet18,all,C5,AUROC,0.9372005044136192
/scratchc/nrlab/wang04/ulyses_results_iteration/iteration_3_merge_below_3/cnn_model/cnn14/plasma_tp1_0.1x_model_C5/roc_curve_resnet18_tf_0_1/nested_cv_random/resnet18/repeat_10_fold_5_metrics.csv,1,1,resnet18,all,C5,AUPRC,0.9764275545470552
/scratchc/nrlab/wang04/ulyses_results_iteration/iteration_3_merge_below_3/cnn_model/cnn14/plasma_tp1_0.1x_model_C5/roc_curve_resnet18_tf_0_1/nested_cv_random/resnet18/repeat_10_fold_5_metrics.csv,1,1,resnet18,all,C5,Sensitivity at 99% Specificity,0.3606557377049181
/scratchc/nrlab/wang04/ulyses_results_iteration/iteration_3_merge_below_3/cnn_model/cnn14/plasma_tp1_0.1x_model_C5/roc_curve_resnet18_tf_0_1/nested_cv_random/resnet18/repeat_10_fold_5_metrics.csv,1,1,resnet18,all,C5,PPV at 99% Specificity,1
/scratchc/nrlab/wang04/ulyses_results_iteration/iteration_3_merge_below_3/cnn_model/cnn14/plasma_tp1_0.1x_model_C5/roc_curve_resnet18_tf_0_1/nested_cv_random/resnet18/repeat_10_fold_5_metrics.csv,1,1,resnet18,all,C5,Accuracy at 99% Specificity,0.675327868852459
/scratchc/nrlab/wang04/ulyses_results_iteration/iteration_3_merge_below_3/cnn_model/cnn14/plasma_tp1_0.1x_model_C5/roc_curve_resnet18_tf_0_1/nested_cv_random/resnet18/repeat_10_fold_5_metrics.csv,1,1,resnet18,all,C5,F1 at 99% Specificity,0.5301204819277109
/scratchc/nrlab/wang04/ulyses_results_iteration/iteration_3_merge_below_3/cnn_model/cnn14/plasma_tp1_0.1x_model_C5/roc_curve_resnet18_tf_0_1/nested_cv_random/resnet18/repeat_10_fold_5_metrics.csv,1,1,resnet18,all,C5,Sensitivity at 98% Specificity,0.3606557377049181
/scratchc/nrlab/wang04/ulyses_results_iteration/iteration_3_merge_below_3/cnn_model/cnn14/plasma_tp1_0.1x_model_C5/roc_curve_resnet18_tf_0_1/nested_cv_random/resnet18/repeat_10_fold_5_metrics.csv,1,1,resnet18,all,C5,PPV at 98% Specificity,1
/scratchc/nrlab/wang04/ulyses_results_iteration/iteration_3_merge_below_3/cnn_model/cnn14/plasma_tp1_0.1x_model_C5/roc_curve_resnet18_tf_0_1/nested_cv_random/resnet18/repeat_10_fold_5_metrics.csv,1,1,resnet18,all,C5,Accuracy at 98% Specificity,0.670327868852459
/scratchc/nrlab/wang04/ulyses_results_iteration/iteration_3_merge_below_3/cnn_model/cnn14/plasma_tp1_0.1x_model_C5/roc_curve_resnet18_tf_0_1/nested_cv_random/resnet18/repeat_10_fold_5_metrics.csv,1,1,resnet18,all,C5,F1 at 98% Specificity,0.5301204819277109
/scratchc/nrlab/wang04/ulyses_results_iteration/iteration_3_merge_below_3/cnn_model/cnn14/plasma_tp1_0.1x_model_C5/roc_curve_resnet18_tf_0_1/nested_cv_random/resnet18/repeat_10_fold_5_metrics.csv,1,1,resnet18,all,C5,Sensitivity at 95% Specificity,0.7595628415300546
/scratchc/nrlab/wang04/ulyses_results_iteration/iteration_3_merge_below_3/cnn_model/cnn14/plasma_tp1_0.1x_model_C5/roc_curve_resnet18_tf_0_1/nested_cv_random/resnet18/repeat_10_fold_5_metrics.csv,1,1,resnet18,all,C5,PPV at 95% Specificity,0.9858156028368794
/scratchc/nrlab/wang04/ulyses_results_iteration/iteration_3_merge_below_3/cnn_model/cnn14/plasma_tp1_0.1x_model_C5/roc_curve_resnet18_tf_0_1/nested_cv_random/resnet18/repeat_10_fold_5_metrics.csv,1,1,resnet18,all,C5,Accuracy at 95% Specificity,0.8401660361496426
/scratchc/nrlab/wang04/ulyses_results_iteration/iteration_3_merge_below_3/cnn_model/cnn14/plasma_tp1_0.1x_model_C5/roc_curve_resnet18_tf_0_1/nested_cv_random/resnet18/repeat_10_fold_5_metrics.csv,1,1,resnet18,all,C5,F1 at 95% Specificity,0.8580246913580247
/scratchc/nrlab/wang04/ulyses_results_iteration/iteration_3_merge_below_3/cnn_model/cnn14/plasma_tp1_0.1x_model_C5/roc_curve_resnet18_tf_0_1/nested_cv_random/resnet18/repeat_10_fold_5_metrics.csv,1,2,resnet18,all,C5,AUROC,0.9237401640716558
/scratchc/nrlab/wang04/ulyses_results_iteration/iteration_3_merge_below_3/cnn_model/cnn14/plasma_tp1_0.1x_model_C5/roc_curve_resnet18_tf_0_1/nested_cv_random/resnet18/repeat_10_fold_5_metrics.csv,1,2,resnet18,all,C5,AUPRC,0.9727065379289496
/scratchc/nrlab/wang04/ulyses_results_iteration/iteration_3_merge_below_3/cnn_model/cnn14/plasma_tp1_0.1x_model_C5/roc_curve_resnet18_tf_0_1/nested_cv_random/resnet18/repeat_10_fold_5_metrics.csv,1,2,resnet18,all,C5,Sensitivity at 99% Specificity,0.4419889502762431
/scratchc/nrlab/wang04/ulyses_results_iteration/iteration_3_merge_below_3/cnn_model/cnn14/plasma_tp1_0.1x_model_C5/roc_curve_resnet18_tf_0_1/nested_cv_random/resnet18/repeat_10_fold_5_metrics.csv,1,2,resnet18,all,C5,PPV at 99% Specificity,1
/scratchc/nrlab/wang04/ulyses_results_iteration/iteration_3_merge_below_3/cnn_model/cnn14/plasma_tp1_0.1x_model_C5/roc_curve_resnet18_tf_0_1/nested_cv_random/resnet18/repeat_10_fold_5_metrics.csv,1,2,resnet18,all,C5,Accuracy at 99% Specificity,0.7159944751381215
/scratchc/nrlab/wang04/ulyses_results_iteration/iteration_3_merge_below_3/cnn_model/cnn14/plasma_tp1_0.1x_model_C5/roc_curve_resnet18_tf_0_1/nested_cv_random/resnet18/repeat_10_fold_5_metrics.csv,1,2,resnet18,all,C5,F1 at 99% Specificity,0.6130268199233716
/scratchc/nrlab/wang04/ulyses_results_iteration/iteration_3_merge_below_3/cnn_model/cnn14/plasma_tp1_0.1x_model_C5/roc_curve_resnet18_tf_0_1/nested_cv_random/resnet18/repeat_10_fold_5_metrics.csv,1,2,resnet18,all,C5,Sensitivity at 98% Specificity,0.4419889502762431
/scratchc/nrlab/wang04/ulyses_results_iteration/iteration_3_merge_below_3/cnn_model/cnn14/plasma_tp1_0.1x_model_C5/roc_curve_resnet18_tf_0_1/nested_cv_random/resnet18/repeat_10_fold_5_metrics.csv,1,2,resnet18,all,C5,PPV at 98% Specificity,1
/scratchc/nrlab/wang04/ulyses_results_iteration/iteration_3_merge_below_3/cnn_model/cnn14/plasma_tp1_0.1x_model_C5/roc_curve_resnet18_tf_0_1/nested_cv_random/resnet18/repeat_10_fold_5_metrics.csv,1,2,resnet18,all,C5,Accuracy at 98% Specificity,0.7109944751381215
/scratchc/nrlab/wang04/ulyses_results_iteration/iteration_3_merge_below_3/cnn_model/cnn14/plasma_tp1_0.1x_model_C5/roc_curve_resnet18_tf_0_1/nested_cv_random/resnet18/repeat_10_fold_5_metrics.csv,1,2,resnet18,all,C5,F1 at 98% Specificity,0.6130268199233716
/scratchc/nrlab/wang04/ulyses_results_iteration/iteration_3_merge_below_3/cnn_model/cnn14/plasma_tp1_0.1x_model_C5/roc_curve_resnet18_tf_0_1/nested_cv_random/resnet18/repeat_10_fold_5_metrics.csv,1,2,resnet18,all,C5,Sensitivity at 95% Specificity,0.7569060773480663
/scratchc/nrlab/wang04/ulyses_results_iteration/iteration_3_merge_below_3/cnn_model/cnn14/plasma_tp1_0.1x_model_C5/roc_curve_resnet18_tf_0_1/nested_cv_random/resnet18/repeat_10_fold_5_metrics.csv,1,2,resnet18,all,C5,PPV at 95% Specificity,0.9856115107913668
/scratchc/nrlab/wang04/ulyses_results_iteration/iteration_3_merge_below_3/cnn_model/cnn14/plasma_tp1_0.1x_model_C5/roc_curve_resnet18_tf_0_1/nested_cv_random/resnet18/repeat_10_fold_5_metrics.csv,1,2,resnet18,all,C5,Accuracy at 95% Specificity,0.8390590992800937
/scratchc/nrlab/wang04/ulyses_results_iteration/iteration_3_merge_below_3/cnn_model/cnn14/plasma_tp1_0.1x_model_C5/roc_curve_resnet18_tf_0_1/nested_cv_random/resnet18/repeat_10_fold_5_metrics.csv,1,2,resnet18,all,C5,F1 at 95% Specificity,0.85625
/scratchc/nrlab/wang04/ulyses_results_iteration/iteration_3_merge_below_3/cnn_model/cnn14/plasma_tp1_0.1x_model_C5/roc_curve_resnet18_tf_0_1/nested_cv_random/resnet18/repeat_10_fold_5_metrics.csv,1,3,resnet18,all,C5,AUROC,0.9492827868852458
/scratchc/nrlab/wang04/ulyses_results_iteration/iteration_3_merge_below_3/cnn_model/cnn14/plasma_tp1_0.1x_model_C5/roc_curve_resnet18_tf_0_1/nested_cv_random/resnet18/repeat_10_fold_5_metrics.csv,1,3,resnet18,all,C5,AUPRC,0.9827065547818704
/scratchc/nrlab/wang04/ulyses_results_iteration/iteration_3_merge_below_3/cnn_model/cnn14/plasma_tp1_0.1x_model_C5/roc_curve_resnet18_tf_0_1/nested_cv_random/resnet18/repeat_10_fold_5_metrics.csv,1,3,resnet18,all,C5,Sensitivity at 99% Specificity,0.7213114754098361
/scratchc/nrlab/wang04/ulyses_results_iteration/iteration_3_merge_below_3/cnn_model/cnn14/plasma_tp1_0.1x_model_C5/roc_curve_resnet18_tf_0_1/nested_cv_random/resnet18/repeat_10_fold_5_metrics.csv,1,3,resnet18,all,C5,PPV at 99% Specificity,1
/scratchc/nrlab/wang04/ulyses_results_iteration/iteration_3_merge_below_3/cnn_model/cnn14/plasma_tp1_0.1x_model_C5/roc_curve_resnet18_tf_0_1/nested_cv_random/resnet18/repeat_10_fold_5_metrics.csv,1,3,resnet18,all,C5,Accuracy at 99% Specificity,0.8556557377049181
/scratchc/nrlab/wang04/ulyses_results_iteration/iteration_3_merge_below_3/cnn_model/cnn14/plasma_tp1_0.1x_model_C5/roc_curve_resnet18_tf_0_1/nested_cv_random/resnet18/repeat_10_fold_5_metrics.csv,1,3,resnet18,all,C5,F1 at 99% Specificity,0.8380952380952381
/scratchc/nrlab/wang04/ulyses_results_iteration/iteration_3_merge_below_3/cnn_model/cnn14/plasma_tp1_0.1x_model_C5/roc_curve_resnet18_tf_0_1/nested_cv_random/resnet18/repeat_10_fold_5_metrics.csv,1,3,resnet18,all,C5,Sensitivity at 98% Specificity,0.7213114754098361
/scratchc/nrlab/wang04/ulyses_results_iteration/iteration_3_merge_below_3/cnn_model/cnn14/plasma_tp1_0.1x_model_C5/roc_curve_resnet18_tf_0_1/nested_cv_random/resnet18/repeat_10_fold_5_metrics.csv,1,3,resnet18,all,C5,PPV at 98% Specificity,1
/scratchc/nrlab/wang04/ulyses_results_iteration/iteration_3_merge_below_3/cnn_model/cnn14/plasma_tp1_0.1x_model_C5/roc_curve_resnet18_tf_0_1/nested_cv_random/resnet18/repeat_10_fold_5_metrics.csv,1,3,resnet18,all,C5,Accuracy at 98% Specificity,0.850655737704918
/scratchc/nrlab/wang04/ulyses_results_iteration/iteration_3_merge_below_3/cnn_model/cnn14/plasma_tp1_0.1x_model_C5/roc_curve_resnet18_tf_0_1/nested_cv_random/resnet18/repeat_10_fold_5_metrics.csv,1,3,resnet18,all,C5,F1 at 98% Specificity,0.8380952380952381
/scratchc/nrlab/wang04/ulyses_results_iteration/iteration_3_merge_below_3/cnn_model/cnn14/plasma_tp1_0.1x_model_C5/roc_curve_resnet18_tf_0_1/nested_cv_random/resnet18/repeat_10_fold_5_metrics.csv,1,3,resnet18,all,C5,Sensitivity at 95% Specificity,0.73224043715847
/scratchc/nrlab/wang04/ulyses_results_iteration/iteration_3_merge_below_3/cnn_model/cnn14/plasma_tp1_0.1x_model_C5/roc_curve_resnet18_tf_0_1/nested_cv_random/resnet18/repeat_10_fold_5_metrics.csv,1,3,resnet18,all,C5,PPV at 95% Specificity,0.9852941176470588
/scratchc/nrlab/wang04/ulyses_results_iteration/iteration_3_merge_below_3/cnn_model/cnn14/plasma_tp1_0.1x_model_C5/roc_curve_resnet18_tf_0_1/nested_cv_random/resnet18/repeat_10_fold_5_metrics.csv,1,3,resnet18,all,C5,Accuracy at 95% Specificity,0.826276468579235
/scratchc/nrlab/wang04/ulyses_results_iteration/iteration_3_merge_below_3/cnn_model/cnn14/plasma_tp1_0.1x_model_C5/roc_curve_resnet18_tf_0_1/nested_cv_random/resnet18/repeat_10_fold_5_metrics.csv,1,3,resnet18,all,C5,F1 at 95% Specificity,0.8401253918495298
/scratchc/nrlab/wang04/ulyses_results_iteration/iteration_3_merge_below_3/cnn_model/cnn14/plasma_tp1_0.1x_model_C5/roc_curve_resnet18_tf_0_1/nested_cv_random/resnet18/repeat_10_fold_5_metrics.csv,1,4,resnet18,all,C5,AUROC,0.8967391304347826
/scratchc/nrlab/wang04/ulyses_results_iteration/iteration_3_merge_below_3/cnn_model/cnn14/plasma_tp1_0.1x_model_C5/roc_curve_resnet18_tf_0_1/nested_cv_random/resnet18/repeat_10_fold_5_metrics.csv,1,4,resnet18,all,C5,AUPRC,0.9596877978598772
/scratchc/nrlab/wang04/ulyses_results_iteration/iteration_3_merge_below_3/cnn_model/cnn14/plasma_tp1_0.1x_model_C5/roc_curve_resnet18_tf_0_1/nested_cv_random/resnet18/repeat_10_fold_5_metrics.csv,1,4,resnet18,all,C5,Sensitivity at 99% Specificity,0.28804347826086957
/scratchc/nrlab/wang04/ulyses_results_iteration/iteration_3_merge_below_3/cnn_model/cnn14/plasma_tp1_0.1x_model_C5/roc_curve_resnet18_tf_0_1/nested_cv_random/resnet18/repeat_10_fold_5_metrics.csv,1,4,resnet18,all,C5,PPV at 99% Specificity,1
/scratchc/nrlab/wang04/ulyses_results_iteration/iteration_3_merge_below_3/cnn_model/cnn14/plasma_tp1_0.1x_model_C5/roc_curve_resnet18_tf_0_1/nested_cv_random/resnet18/repeat_10_fold_5_metrics.csv,1,4,resnet18,all,C5,Accuracy at 99% Specificity,0.6390217391304348
/scratchc/nrlab/wang04/ulyses_results_iteration/iteration_3_merge_below_3/cnn_model/cnn14/plasma_tp1_0.1x_model_C5/roc_curve_resnet18_tf_0_1/nested_cv_random/resnet18/repeat_10_fold_5_metrics.csv,1,4,resnet18,all,C5,F1 at 99% Specificity,0.4472573839662447
/scratchc/nrlab/wang04/ulyses_results_iteration/iteration_3_merge_below_3/cnn_model/cnn14/plasma_tp1_0.1x_model_C5/roc_curve_resnet18_tf_0_1/nested_cv_random/resnet18/repeat_10_fold_5_metrics.csv,1,4,resnet18,all,C5,Sensitivity at 98% Specificity,0.28804347826086957
/scratchc/nrlab/wang04/ulyses_results_iteration/iteration_3_merge_below_3/cnn_model/cnn14/plasma_tp1_0.1x_model_C5/roc_curve_resnet18_tf_0_1/nested_cv_random/resnet18/repeat_10_fold_5_metrics.csv,1,4,resnet18,all,C5,PPV at 98% Specificity,1
/scratchc/nrlab/wang04/ulyses_results_iteration/iteration_3_merge_below_3/cnn_model/cnn14/plasma_tp1_0.1x_model_C5/roc_curve_resnet18_tf_0_1/nested_cv_random/resnet18/repeat_10_fold_5_metrics.csv,1,4,resnet18,all,C5,Accuracy at 98% Specificity,0.6340217391304348
/scratchc/nrlab/wang04/ulyses_results_iteration/iteration_3_merge_below_3/cnn_model/cnn14/plasma_tp1_0.1x_model_C5/roc_curve_resnet18_tf_0_1/nested_cv_random/resnet18/repeat_10_fold_5_metrics.csv,1,4,resnet18,all,C5,F1 at 98% Specificity,0.4472573839662447
/scratchc/nrlab/wang04/ulyses_results_iteration/iteration_3_merge_below_3/cnn_model/cnn14/plasma_tp1_0.1x_model_C5/roc_curve_resnet18_tf_0_1/nested_cv_random/resnet18/repeat_10_fold_5_metrics.csv,1,4,resnet18,all,C5,Sensitivity at 95% Specificity,0.4728260869565218
/scratchc/nrlab/wang04/ulyses_results_iteration/iteration_3_merge_below_3/cnn_model/cnn14/plasma_tp1_0.1x_model_C5/roc_curve_resnet18_tf_0_1/nested_cv_random/resnet18/repeat_10_fold_5_metrics.csv,1,4,resnet18,all,C5,PPV at 95% Specificity,0.9775280898876404
/scratchc/nrlab/wang04/ulyses_results_iteration/iteration_3_merge_below_3/cnn_model/cnn14/plasma_tp1_0.1x_model_C5/roc_curve_resnet18_tf_0_1/nested_cv_random/resnet18/repeat_10_fold_5_metrics.csv,1,4,resnet18,all,C5,Accuracy at 95% Specificity,0.6963336783988958
/scratchc/nrlab/wang04/ulyses_results_iteration/iteration_3_merge_below_3/cnn_model/cnn14/plasma_tp1_0.1x_model_C5/roc_curve_resnet18_tf_0_1/nested_cv_random/resnet18/repeat_10_fold_5_metrics.csv,1,4,resnet18,all,C5,F1 at 95% Specificity,0.6373626373626373
/scratchc/nrlab/wang04/ulyses_results_iteration/iteration_3_merge_below_3/cnn_model/cnn14/plasma_tp1_0.1x_model_C5/roc_curve_resnet18_tf_0_1/nested_cv_random/resnet18/repeat_10_fold_5_metrics.csv,1,5,resnet18,all,C5,AUROC,0.929331244330832
/scratchc/nrlab/wang04/ulyses_results_iteration/iteration_3_merge_below_3/cnn_model/cnn14/plasma_tp1_0.1x_model_C5/roc_curve_resnet18_tf_0_1/nested_cv_random/resnet18/repeat_10_fold_5_metrics.csv,1,5,resnet18,all,C5,AUPRC,0.9754331652968972
/scratchc/nrlab/wang04/ulyses_results_iteration/iteration_3_merge_below_3/cnn_model/cnn14/plasma_tp1_0.1x_model_C5/roc_curve_resnet18_tf_0_1/nested_cv_random/resnet18/repeat_10_fold_5_metrics.csv,1,5,resnet18,all,C5,Sensitivity at 99% Specificity,0.580110497237569
/scratchc/nrlab/wang04/ulyses_results_iteration/iteration_3_merge_below_3/cnn_model/cnn14/plasma_tp1_0.1x_model_C5/roc_curve_resnet18_tf_0_1/nested_cv_random/resnet18/repeat_10_fold_5_metrics.csv,1,5,resnet18,all,C5,PPV at 99% Specificity,1
/scratchc/nrlab/wang04/ulyses_results_iteration/iteration_3_merge_below_3/cnn_model/cnn14/plasma_tp1_0.1x_model_C5/roc_curve_resnet18_tf_0_1/nested_cv_random/resnet18/repeat_10_fold_5_metrics.csv,1,5,resnet18,all,C5,Accuracy at 99% Specificity,0.7850552486187845
/scratchc/nrlab/wang04/ulyses_results_iteration/iteration_3_merge_below_3/cnn_model/cnn14/plasma_tp1_0.1x_model_C5/roc_curve_resnet18_tf_0_1/nested_cv_random/resnet18/repeat_10_fold_5_metrics.csv,1,5,resnet18,all,C5,F1 at 99% Specificity,0.7342657342657343
/scratchc/nrlab/wang04/ulyses_results_iteration/iteration_3_merge_below_3/cnn_model/cnn14/plasma_tp1_0.1x_model_C5/roc_curve_resnet18_tf_0_1/nested_cv_random/resnet18/repeat_10_fold_5_metrics.csv,1,5,resnet18,all,C5,Sensitivity at 98% Specificity,0.580110497237569
/scratchc/nrlab/wang04/ulyses_results_iteration/iteration_3_merge_below_3/cnn_model/cnn14/plasma_tp1_0.1x_model_C5/roc_curve_resnet18_tf_0_1/nested_cv_random/resnet18/repeat_10_fold_5_metrics.csv,1,5,resnet18,all,C5,PPV at 98% Specificity,1
/scratchc/nrlab/wang04/ulyses_results_iteration/iteration_3_merge_below_3/cnn_model/cnn14/plasma_tp1_0.1x_model_C5/roc_curve_resnet18_tf_0_1/nested_cv_random/resnet18/repeat_10_fold_5_metrics.csv,1,5,resnet18,all,C5,Accuracy at 98% Specificity,0.7800552486187845
/scratchc/nrlab/wang04/ulyses_results_iteration/iteration_3_merge_below_3/cnn_model/cnn14/plasma_tp1_0.1x_model_C5/roc_curve_resnet18_tf_0_1/nested_cv_random/resnet18/repeat_10_fold_5_metrics.csv,1,5,resnet18,all,C5,F1 at 98% Specificity,0.7342657342657343
/scratchc/nrlab/wang04/ulyses_results_iteration/iteration_3_merge_below_3/cnn_model/cnn14/plasma_tp1_0.1x_model_C5/roc_curve_resnet18_tf_0_1/nested_cv_random/resnet18/repeat_10_fold_5_metrics.csv,1,5,resnet18,all,C5,Sensitivity at 95% Specificity,0.7016574585635359
/scratchc/nrlab/wang04/ulyses_results_iteration/iteration_3_merge_below_3/cnn_model/cnn14/plasma_tp1_0.1x_model_C5/roc_curve_resnet18_tf_0_1/nested_cv_random/resnet18/repeat_10_fold_5_metrics.csv,1,5,resnet18,all,C5,PPV at 95% Specificity,0.9844961240310076
/scratchc/nrlab/wang04/ulyses_results_iteration/iteration_3_merge_below_3/cnn_model/cnn14/plasma_tp1_0.1x_model_C5/roc_curve_resnet18_tf_0_1/nested_cv_random/resnet18/repeat_10_fold_5_metrics.csv,1,5,resnet18,all,C5,Accuracy at 95% Specificity,0.811649624804156
/scratchc/nrlab/wang04/ulyses_results_iteration/iteration_3_merge_below_3/cnn_model/cnn14/plasma_tp1_0.1x_model_C5/roc_curve_resnet18_tf_0_1/nested_cv_random/resnet18/repeat_10_fold_5_metrics.csv,1,5,resnet18,all,C5,F1 at 95% Specificity,0.8193548387096774
/scratchc/nrlab/wang04/ulyses_results_iteration/iteration_3_merge_below_3/cnn_model/cnn14/plasma_tp1_0.1x_model_C5/roc_curve_resnet18_tf_0_1/nested_cv_random/resnet18/repeat_10_fold_5_metrics.csv,2,1,resnet18,all,C5,AUROC,0.9107559107559108
/scratchc/nrlab/wang04/ulyses_results_iteration/iteration_3_merge_below_3/cnn_model/cnn14/plasma_tp1_0.1x_model_C5/roc_curve_resnet18_tf_0_1/nested_cv_random/resnet18/repeat_10_fold_5_metrics.csv,2,1,resnet18,all,C5,AUPRC,0.9551210819111314
/scratchc/nrlab/wang04/ulyses_results_iteration/iteration_3_merge_below_3/cnn_model/cnn14/plasma_tp1_0.1x_model_C5/roc_curve_resnet18_tf_0_1/nested_cv_random/resnet18/repeat_10_fold_5_metrics.csv,2,1,resnet18,all,C5,Sensitivity at 99% Specificity,0.06593406593406594
/scratchc/nrlab/wang04/ulyses_results_iteration/iteration_3_merge_below_3/cnn_model/cnn14/plasma_tp1_0.1x_model_C5/roc_curve_resnet18_tf_0_1/nested_cv_random/resnet18/repeat_10_fold_5_metrics.csv,2,1,resnet18,all,C5,PPV at 99% Specificity,1
/scratchc/nrlab/wang04/ulyses_results_iteration/iteration_3_merge_below_3/cnn_model/cnn14/plasma_tp1_0.1x_model_C5/roc_curve_resnet18_tf_0_1/nested_cv_random/resnet18/repeat_10_fold_5_metrics.csv,2,1,resnet18,all,C5,Accuracy at 99% Specificity,0.527967032967033
/scratchc/nrlab/wang04/ulyses_results_iteration/iteration_3_merge_below_3/cnn_model/cnn14/plasma_tp1_0.1x_model_C5/roc_curve_resnet18_tf_0_1/nested_cv_random/resnet18/repeat_10_fold_5_metrics.csv,2,1,resnet18,all,C5,F1 at 99% Specificity,0.12371134020618556
/scratchc/nrlab/wang04/ulyses_results_iteration/iteration_3_merge_below_3/cnn_model/cnn14/plasma_tp1_0.1x_model_C5/roc_curve_resnet18_tf_0_1/nested_cv_random/resnet18/repeat_10_fold_5_metrics.csv,2,1,resnet18,all,C5,Sensitivity at 98% Specificity,0.06593406593406594
/scratchc/nrlab/wang04/ulyses_results_iteration/iteration_3_merge_below_3/cnn_model/cnn14/plasma_tp1_0.1x_model_C5/roc_curve_resnet18_tf_0_1/nested_cv_random/resnet18/repeat_10_fold_5_metrics.csv,2,1,resnet18,all,C5,PPV at 98% Specificity,1
/scratchc/nrlab/wang04/ulyses_results_iteration/iteration_3_merge_below_3/cnn_model/cnn14/plasma_tp1_0.1x_model_C5/roc_curve_resnet18_tf_0_1/nested_cv_random/resnet18/repeat_10_fold_5_metrics.csv,2,1,resnet18,all,C5,Accuracy at 98% Specificity,0.522967032967033
/scratchc/nrlab/wang04/ulyses_results_iteration/iteration_3_merge_below_3/cnn_model/cnn14/plasma_tp1_0.1x_model_C5/roc_curve_resnet18_tf_0_1/nested_cv_random/resnet18/repeat_10_fold_5_metrics.csv,2,1,resnet18,all,C5,F1 at 98% Specificity,0.12371134020618556
/scratchc/nrlab/wang04/ulyses_results_iteration/iteration_3_merge_below_3/cnn_model/cnn14/plasma_tp1_0.1x_model_C5/roc_curve_resnet18_tf_0_1/nested_cv_random/resnet18/repeat_10_fold_5_metrics.csv,2,1,resnet18,all,C5,Sensitivity at 95% Specificity,0.4175824175824176
/scratchc/nrlab/wang04/ulyses_results_iteration/iteration_3_merge_below_3/cnn_model/cnn14/plasma_tp1_0.1x_model_C5/roc_curve_resnet18_tf_0_1/nested_cv_random/resnet18/repeat_10_fold_5_metrics.csv,2,1,resnet18,all,C5,PPV at 95% Specificity,0.97435897435897445
/scratchc/nrlab/wang04/ulyses_results_iteration/iteration_3_merge_below_3/cnn_model/cnn14/plasma_tp1_0.1x_model_C5/roc_curve_resnet18_tf_0_1/nested_cv_random/resnet18/repeat_10_fold_5_metrics.csv,2,1,resnet18,all,C5,Accuracy at 95% Specificity,0.6693972693972694
/scratchc/nrlab/wang04/ulyses_results_iteration/iteration_3_merge_below_3/cnn_model/cnn14/plasma_tp1_0.1x_model_C5/roc_curve_resnet18_tf_0_1/nested_cv_random/resnet18/repeat_10_fold_5_metrics.csv,2,1,resnet18,all,C5,F1 at 95% Specificity,0.5846153846153846
/scratchc/nrlab/wang04/ulyses_results_iteration/iteration_3_merge_below_3/cnn_model/cnn14/plasma_tp1_0.1x_model_C5/roc_curve_resnet18_tf_0_1/nested_cv_random/resnet18/repeat_10_fold_5_metrics.csv,2,2,resnet18,all,C5,AUROC,0.8996454193122785
/scratchc/nrlab/wang04/ulyses_results_iteration/iteration_3_merge_below_3/cnn_model/cnn14/plasma_tp1_0.1x_model_C5/roc_curve_resnet18_tf_0_1/nested_cv_random/resnet18/repeat_10_fold_5_metrics.csv,2,2,resnet18,all,C5,AUPRC,0.959469758000196
/scratchc/nrlab/wang04/ulyses_results_iteration/iteration_3_merge_below_3/cnn_model/cnn14/plasma_tp1_0.1x_model_C5/roc_curve_resnet18_tf_0_1/nested_cv_random/resnet18/repeat_10_fold_5_metrics.csv,2,2,resnet18,all,C5,Sensitivity at 99% Specificity,0.2983425414364641
/scratchc/nrlab/wang04/ulyses_results_iteration/iteration_3_merge_below_3/cnn_model/cnn14/plasma_tp1_0.1x_model_C5/roc_curve_resnet18_tf_0_1/nested_cv_random/resnet18/repeat_10_fold_5_metrics.csv,2,2,resnet18,all,C5,PPV at 99% Specificity,1
/scratchc/nrlab/wang04/ulyses_results_iteration/iteration_3_merge_below_3/cnn_model/cnn14/plasma_tp1_0.1x_model_C5/roc_curve_resnet18_tf_0_1/nested_cv_random/resnet18/repeat_10_fold_5_metrics.csv,2,2,resnet18,all,C5,Accuracy at 99% Specificity,0.6441712707182321
/scratchc/nrlab/wang04/ulyses_results_iteration/iteration_3_merge_below_3/cnn_model/cnn14/plasma_tp1_0.1x_model_C5/roc_curve_resnet18_tf_0_1/nested_cv_random/resnet18/repeat_10_fold_5_metrics.csv,2,2,resnet18,all,C5,F1 at 99% Specificity,0.4595744680851064
/scratchc/nrlab/wang04/ulyses_results_iteration/iteration_3_merge_below_3/cnn_model/cnn14/plasma_tp1_0.1x_model_C5/roc_curve_resnet18_tf_0_1/nested_cv_random/resnet18/repeat_10_fold_5_metrics.csv,2,2,resnet18,all,C5,Sensitivity at 98% Specificity,0.2983425414364641
/scratchc/nrlab/wang04/ulyses_results_iteration/iteration_3_merge_below_3/cnn_model/cnn14/plasma_tp1_0.1x_model_C5/roc_curve_resnet18_tf_0_1/nested_cv_random/resnet18/repeat_10_fold_5_metrics.csv,2,2,resnet18,all,C5,PPV at 98% Specificity,1
/scratchc/nrlab/wang04/ulyses_results_iteration/iteration_3_merge_below_3/cnn_model/cnn14/plasma_tp1_0.1x_model_C5/roc_curve_resnet18_tf_0_1/nested_cv_random/resnet18/repeat_10_fold_5_metrics.csv,2,2,resnet18,all,C5,Accuracy at 98% Specificity,0.639171270718232
/scratchc/nrlab/wang04/ulyses_results_iteration/iteration_3_merge_below_3/cnn_model/cnn14/plasma_tp1_0.1x_model_C5/roc_curve_resnet18_tf_0_1/nested_cv_random/resnet18/repeat_10_fold_5_metrics.csv,2,2,resnet18,all,C5,F1 at 98% Specificity,0.4595744680851064
/scratchc/nrlab/wang04/ulyses_results_iteration/iteration_3_merge_below_3/cnn_model/cnn14/plasma_tp1_0.1x_model_C5/roc_curve_resnet18_tf_0_1/nested_cv_random/resnet18/repeat_10_fold_5_metrics.csv,2,2,resnet18,all,C5,Sensitivity at 95% Specificity,0.4861878453038674
/scratchc/nrlab/wang04/ulyses_results_iteration/iteration_3_merge_below_3/cnn_model/cnn14/plasma_tp1_0.1x_model_C5/roc_curve_resnet18_tf_0_1/nested_cv_random/resnet18/repeat_10_fold_5_metrics.csv,2,2,resnet18,all,C5,PPV at 95% Specificity,0.9777777777777776
/scratchc/nrlab/wang04/ulyses_results_iteration/iteration_3_merge_below_3/cnn_model/cnn14/plasma_tp1_0.1x_model_C5/roc_curve_resnet18_tf_0_1/nested_cv_random/resnet18/repeat_10_fold_5_metrics.csv,2,2,resnet18,all,C5,Accuracy at 95% Specificity,0.7039148181743218
/scratchc/nrlab/wang04/ulyses_results_iteration/iteration_3_merge_below_3/cnn_model/cnn14/plasma_tp1_0.1x_model_C5/roc_curve_resnet18_tf_0_1/nested_cv_random/resnet18/repeat_10_fold_5_metrics.csv,2,2,resnet18,all,C5,F1 at 95% Specificity,0.6494464944649446
/scratchc/nrlab/wang04/ulyses_results_iteration/iteration_3_merge_below_3/cnn_model/cnn14/plasma_tp1_0.1x_model_C5/roc_curve_resnet18_tf_0_1/nested_cv_random/resnet18/repeat_10_fold_5_metrics.csv,2,3,resnet18,all,C5,AUROC,0.8947811447811448
/scratchc/nrlab/wang04/ulyses_results_iteration/iteration_3_merge_below_3/cnn_model/cnn14/plasma_tp1_0.1x_model_C5/roc_curve_resnet18_tf_0_1/nested_cv_random/resnet18/repeat_10_fold_5_metrics.csv,2,3,resnet18,all,C5,AUPRC,0.9607685760976756
/scratchc/nrlab/wang04/ulyses_results_iteration/iteration_3_merge_below_3/cnn_model/cnn14/plasma_tp1_0.1x_model_C5/roc_curve_resnet18_tf_0_1/nested_cv_random/resnet18/repeat_10_fold_5_metrics.csv,2,3,resnet18,all,C5,Sensitivity at 99% Specificity,0.43333333333333335
/scratchc/nrlab/wang04/ulyses_results_iteration/iteration_3_merge_below_3/cnn_model/cnn14/plasma_tp1_0.1x_model_C5/roc_curve_resnet18_tf_0_1/nested_cv_random/resnet18/repeat_10_fold_5_metrics.csv,2,3,resnet18,all,C5,PPV at 99% Specificity,1
/scratchc/nrlab/wang04/ulyses_results_iteration/iteration_3_merge_below_3/cnn_model/cnn14/plasma_tp1_0.1x_model_C5/roc_curve_resnet18_tf_0_1/nested_cv_random/resnet18/repeat_10_fold_5_metrics.csv,2,3,resnet18,all,C5,Accuracy at 99% Specificity,0.7116666666666667
/scratchc/nrlab/wang04/ulyses_results_iteration/iteration_3_merge_below_3/cnn_model/cnn14/plasma_tp1_0.1x_model_C5/roc_curve_resnet18_tf_0_1/nested_cv_random/resnet18/repeat_10_fold_5_metrics.csv,2,3,resnet18,all,C5,F1 at 99% Specificity,0.6046511627906976
/scratchc/nrlab/wang04/ulyses_results_iteration/iteration_3_merge_below_3/cnn_model/cnn14/plasma_tp1_0.1x_model_C5/roc_curve_resnet18_tf_0_1/nested_cv_random/resnet18/repeat_10_fold_5_metrics.csv,2,3,resnet18,all,C5,Sensitivity at 98% Specificity,0.43333333333333335
/scratchc/nrlab/wang04/ulyses_results_iteration/iteration_3_merge_below_3/cnn_model/cnn14/plasma_tp1_0.1x_model_C5/roc_curve_resnet18_tf_0_1/nested_cv_random/resnet18/repeat_10_fold_5_metrics.csv,2,3,resnet18,all,C5,PPV at 98% Specificity,1
/scratchc/nrlab/wang04/ulyses_results_iteration/iteration_3_merge_below_3/cnn_model/cnn14/plasma_tp1_0.1x_model_C5/roc_curve_resnet18_tf_0_1/nested_cv_random/resnet18/repeat_10_fold_5_metrics.csv,2,3,resnet18,all,C5,Accuracy at 98% Specificity,0.7066666666666667
/scratchc/nrlab/wang04/ulyses_results_iteration/iteration_3_merge_below_3/cnn_model/cnn14/plasma_tp1_0.1x_model_C5/roc_curve_resnet18_tf_0_1/nested_cv_random/resnet18/repeat_10_fold_5_metrics.csv,2,3,resnet18,all,C5,F1 at 98% Specificity,0.6046511627906976
/scratchc/nrlab/wang04/ulyses_results_iteration/iteration_3_merge_below_3/cnn_model/cnn14/plasma_tp1_0.1x_model_C5/roc_curve_resnet18_tf_0_1/nested_cv_random/resnet18/repeat_10_fold_5_metrics.csv,2,3,resnet18,all,C5,Sensitivity at 95% Specificity,0.5944444444444444
/scratchc/nrlab/wang04/ulyses_results_iteration/iteration_3_merge_below_3/cnn_model/cnn14/plasma_tp1_0.1x_model_C5/roc_curve_resnet18_tf_0_1/nested_cv_random/resnet18/repeat_10_fold_5_metrics.csv,2,3,resnet18,all,C5,PPV at 95% Specificity,0.981651376146789
/scratchc/nrlab/wang04/ulyses_results_iteration/iteration_3_merge_below_3/cnn_model/cnn14/plasma_tp1_0.1x_model_C5/roc_curve_resnet18_tf_0_1/nested_cv_random/resnet18/repeat_10_fold_5_metrics.csv,2,3,resnet18,all,C5,Accuracy at 95% Specificity,0.7578282828282827
/scratchc/nrlab/wang04/ulyses_results_iteration/iteration_3_merge_below_3/cnn_model/cnn14/plasma_tp1_0.1x_model_C5/roc_curve_resnet18_tf_0_1/nested_cv_random/resnet18/repeat_10_fold_5_metrics.csv,2,3,resnet18,all,C5,F1 at 95% Specificity,0.740484429065744
/scratchc/nrlab/wang04/ulyses_results_iteration/iteration_3_merge_below_3/cnn_model/cnn14/plasma_tp1_0.1x_model_C5/roc_curve_resnet18_tf_0_1/nested_cv_random/resnet18/repeat_10_fold_5_metrics.csv,2,4,resnet18,all,C5,AUROC,0.9479708636836628
/scratchc/nrlab/wang04/ulyses_results_iteration/iteration_3_merge_below_3/cnn_model/cnn14/plasma_tp1_0.1x_model_C5/roc_curve_resnet18_tf_0_1/nested_cv_random/resnet18/repeat_10_fold_5_metrics.csv,2,4,resnet18,all,C5,AUPRC,0.983781450223736
/scratchc/nrlab/wang04/ulyses_results_iteration/iteration_3_merge_below_3/cnn_model/cnn14/plasma_tp1_0.1x_model_C5/roc_curve_resnet18_tf_0_1/nested_cv_random/resnet18/repeat_10_fold_5_metrics.csv,2,4,resnet18,all,C5,Sensitivity at 99% Specificity,0.7365591397849462
/scratchc/nrlab/wang04/ulyses_results_iteration/iteration_3_merge_below_3/cnn_model/cnn14/plasma_tp1_0.1x_model_C5/roc_curve_resnet18_tf_0_1/nested_cv_random/resnet18/repeat_10_fold_5_metrics.csv,2,4,resnet18,all,C5,PPV at 99% Specificity,1
/scratchc/nrlab/wang04/ulyses_results_iteration/iteration_3_merge_below_3/cnn_model/cnn14/plasma_tp1_0.1x_model_C5/roc_curve_resnet18_tf_0_1/nested_cv_random/resnet18/repeat_10_fold_5_metrics.csv,2,4,resnet18,all,C5,Accuracy at 99% Specificity,0.8632795698924731
/scratchc/nrlab/wang04/ulyses_results_iteration/iteration_3_merge_below_3/cnn_model/cnn14/plasma_tp1_0.1x_model_C5/roc_curve_resnet18_tf_0_1/nested_cv_random/resnet18/repeat_10_fold_5_metrics.csv,2,4,resnet18,all,C5,F1 at 99% Specificity,0.848297213622291
/scratchc/nrlab/wang04/ulyses_results_iteration/iteration_3_merge_below_3/cnn_model/cnn14/plasma_tp1_0.1x_model_C5/roc_curve_resnet18_tf_0_1/nested_cv_random/resnet18/repeat_10_fold_5_metrics.csv,2,4,resnet18,all,C5,Sensitivity at 98% Specificity,0.7365591397849462
/scratchc/nrlab/wang04/ulyses_results_iteration/iteration_3_merge_below_3/cnn_model/cnn14/plasma_tp1_0.1x_model_C5/roc_curve_resnet18_tf_0_1/nested_cv_random/resnet18/repeat_10_fold_5_metrics.csv,2,4,resnet18,all,C5,PPV at 98% Specificity,1
/scratchc/nrlab/wang04/ulyses_results_iteration/iteration_3_merge_below_3/cnn_model/cnn14/plasma_tp1_0.1x_model_C5/roc_curve_resnet18_tf_0_1/nested_cv_random/resnet18/repeat_10_fold_5_metrics.csv,2,4,resnet18,all,C5,Accuracy at 98% Specificity,0.8582795698924731
/scratchc/nrlab/wang04/ulyses_results_iteration/iteration_3_merge_below_3/cnn_model/cnn14/plasma_tp1_0.1x_model_C5/roc_curve_resnet18_tf_0_1/nested_cv_random/resnet18/repeat_10_fold_5_metrics.csv,2,4,resnet18,all,C5,F1 at 98% Specificity,0.848297213622291
/scratchc/nrlab/wang04/ulyses_results_iteration/iteration_3_merge_below_3/cnn_model/cnn14/plasma_tp1_0.1x_model_C5/roc_curve_resnet18_tf_0_1/nested_cv_random/resnet18/repeat_10_fold_5_metrics.csv,2,4,resnet18,all,C5,Sensitivity at 95% Specificity,0.8118279569892473
/scratchc/nrlab/wang04/ulyses_results_iteration/iteration_3_merge_below_3/cnn_model/cnn14/plasma_tp1_0.1x_model_C5/roc_curve_resnet18_tf_0_1/nested_cv_random/resnet18/repeat_10_fold_5_metrics.csv,2,4,resnet18,all,C5,PPV at 95% Specificity,0.9805194805194806
/scratchc/nrlab/wang04/ulyses_results_iteration/iteration_3_merge_below_3/cnn_model/cnn14/plasma_tp1_0.1x_model_C5/roc_curve_resnet18_tf_0_1/nested_cv_random/resnet18/repeat_10_fold_5_metrics.csv,2,4,resnet18,all,C5,Accuracy at 95% Specificity,0.8579301075268817
/scratchc/nrlab/wang04/ulyses_results_iteration/iteration_3_merge_below_3/cnn_model/cnn14/plasma_tp1_0.1x_model_C5/roc_curve_resnet18_tf_0_1/nested_cv_random/resnet18/repeat_10_fold_5_metrics.csv,2,4,resnet18,all,C5,F1 at 95% Specificity,0.888235294117647
/scratchc/nrlab/wang04/ulyses_results_iteration/iteration_3_merge_below_3/cnn_model/cnn14/plasma_tp1_0.1x_model_C5/roc_curve_resnet18_tf_0_1/nested_cv_random/resnet18/repeat_10_fold_5_metrics.csv,2,5,resnet18,all,C5,AUROC,0.8920765027322405
/scratchc/nrlab/wang04/ulyses_results_iteration/iteration_3_merge_below_3/cnn_model/cnn14/plasma_tp1_0.1x_model_C5/roc_curve_resnet18_tf_0_1/nested_cv_random/resnet18/repeat_10_fold_5_metrics.csv,2,5,resnet18,all,C5,AUPRC,0.9590491516232352
/scratchc/nrlab/wang04/ulyses_results_iteration/iteration_3_merge_below_3/cnn_model/cnn14/plasma_tp1_0.1x_model_C5/roc_curve_resnet18_tf_0_1/nested_cv_random/resnet18/repeat_10_fold_5_metrics.csv,2,5,resnet18,all,C5,Sensitivity at 99% Specificity,0.32786885245901637
/scratchc/nrlab/wang04/ulyses_results_iteration/iteration_3_merge_below_3/cnn_model/cnn14/plasma_tp1_0.1x_model_C5/roc_curve_resnet18_tf_0_1/nested_cv_random/resnet18/repeat_10_fold_5_metrics.csv,2,5,resnet18,all,C5,PPV at 99% Specificity,1
/scratchc/nrlab/wang04/ulyses_results_iteration/iteration_3_merge_below_3/cnn_model/cnn14/plasma_tp1_0.1x_model_C5/roc_curve_resnet18_tf_0_1/nested_cv_random/resnet18/repeat_10_fold_5_metrics.csv,2,5,resnet18,all,C5,Accuracy at 99% Specificity,0.6589344262295082
/scratchc/nrlab/wang04/ulyses_results_iteration/iteration_3_merge_below_3/cnn_model/cnn14/plasma_tp1_0.1x_model_C5/roc_curve_resnet18_tf_0_1/nested_cv_random/resnet18/repeat_10_fold_5_metrics.csv,2,5,resnet18,all,C5,F1 at 99% Specificity,0.49382716049382713
/scratchc/nrlab/wang04/ulyses_results_iteration/iteration_3_merge_below_3/cnn_model/cnn14/plasma_tp1_0.1x_model_C5/roc_curve_resnet18_tf_0_1/nested_cv_random/resnet18/repeat_10_fold_5_metrics.csv,2,5,resnet18,all,C5,Sensitivity at 98% Specificity,0.32786885245901637
/scratchc/nrlab/wang04/ulyses_results_iteration/iteration_3_merge_below_3/cnn_model/cnn14/plasma_tp1_0.1x_model_C5/roc_curve_resnet18_tf_0_1/nested_cv_random/resnet18/repeat_10_fold_5_metrics.csv,2,5,resnet18,all,C5,PPV at 98% Specificity,1
/scratchc/nrlab/wang04/ulyses_results_iteration/iteration_3_merge_below_3/cnn_model/cnn14/plasma_tp1_0.1x_model_C5/roc_curve_resnet18_tf_0_1/nested_cv_random/resnet18/repeat_10_fold_5_metrics.csv,2,5,resnet18,all,C5,Accuracy at 98% Specificity,0.6539344262295081
/scratchc/nrlab/wang04/ulyses_results_iteration/iteration_3_merge_below_3/cnn_model/cnn14/plasma_tp1_0.1x_model_C5/roc_curve_resnet18_tf_0_1/nested_cv_random/resnet18/repeat_10_fold_5_metrics.csv,2,5,resnet18,all,C5,F1 at 98% Specificity,0.49382716049382713
/scratchc/nrlab/wang04/ulyses_results_iteration/iteration_3_merge_below_3/cnn_model/cnn14/plasma_tp1_0.1x_model_C5/roc_curve_resnet18_tf_0_1/nested_cv_random/resnet18/repeat_10_fold_5_metrics.csv,2,5,resnet18,all,C5,Sensitivity at 95% Specificity,0.5792349726775956
/scratchc/nrlab/wang04/ulyses_results_iteration/iteration_3_merge_below_3/cnn_model/cnn14/plasma_tp1_0.1x_model_C5/roc_curve_resnet18_tf_0_1/nested_cv_random/resnet18/repeat_10_fold_5_metrics.csv,2,5,resnet18,all,C5,PPV at 95% Specificity,0.9814814814814816
/scratchc/nrlab/wang04/ulyses_results_iteration/iteration_3_merge_below_3/cnn_model/cnn14/plasma_tp1_0.1x_model_C5/roc_curve_resnet18_tf_0_1/nested_cv_random/resnet18/repeat_10_fold_5_metrics.csv,2,5,resnet18,all,C5,Accuracy at 95% Specificity,0.7497737363387977
/scratchc/nrlab/wang04/ulyses_results_iteration/iteration_3_merge_below_3/cnn_model/cnn14/plasma_tp1_0.1x_model_C5/roc_curve_resnet18_tf_0_1/nested_cv_random/resnet18/repeat_10_fold_5_metrics.csv,2,5,resnet18,all,C5,F1 at 95% Specificity,0.7285223367697594
/scratchc/nrlab/wang04/ulyses_results_iteration/iteration_3_merge_below_3/cnn_model/cnn14/plasma_tp1_0.1x_model_C5/roc_curve_resnet18_tf_0_1/nested_cv_random/resnet18/repeat_10_fold_5_metrics.csv,3,1,resnet18,all,C5,AUROC,0.9220897499586024
/scratchc/nrlab/wang04/ulyses_results_iteration/iteration_3_merge_below_3/cnn_model/cnn14/plasma_tp1_0.1x_model_C5/roc_curve_resnet18_tf_0_1/nested_cv_random/resnet18/repeat_10_fold_5_metrics.csv,3,1,resnet18,all,C5,AUPRC,0.97052934769165
/scratchc/nrlab/wang04/ulyses_results_iteration/iteration_3_merge_below_3/cnn_model/cnn14/plasma_tp1_0.1x_model_C5/roc_curve_resnet18_tf_0_1/nested_cv_random/resnet18/repeat_10_fold_5_metrics.csv,3,1,resnet18,all,C5,Sensitivity at 99% Specificity,0.448087431693989
/scratchc/nrlab/wang04/ulyses_results_iteration/iteration_3_merge_below_3/cnn_model/cnn14/plasma_tp1_0.1x_model_C5/roc_curve_resnet18_tf_0_1/nested_cv_random/resnet18/repeat_10_fold_5_metrics.csv,3,1,resnet18,all,C5,PPV at 99% Specificity,1
/scratchc/nrlab/wang04/ulyses_results_iteration/iteration_3_merge_below_3/cnn_model/cnn14/plasma_tp1_0.1x_model_C5/roc_curve_resnet18_tf_0_1/nested_cv_random/resnet18/repeat_10_fold_5_metrics.csv,3,1,resnet18,all,C5,Accuracy at 99% Specificity,0.7190437158469946
/scratchc/nrlab/wang04/ulyses_results_iteration/iteration_3_merge_below_3/cnn_model/cnn14/plasma_tp1_0.1x_model_C5/roc_curve_resnet18_tf_0_1/nested_cv_random/resnet18/repeat_10_fold_5_metrics.csv,3,1,resnet18,all,C5,F1 at 99% Specificity,0.6188679245283019
/scratchc/nrlab/wang04/ulyses_results_iteration/iteration_3_merge_below_3/cnn_model/cnn14/plasma_tp1_0.1x_model_C5/roc_curve_resnet18_tf_0_1/nested_cv_random/resnet18/repeat_10_fold_5_metrics.csv,3,1,resnet18,all,C5,Sensitivity at 98% Specificity,0.448087431693989
/scratchc/nrlab/wang04/ulyses_results_iteration/iteration_3_merge_below_3/cnn_model/cnn14/plasma_tp1_0.1x_model_C5/roc_curve_resnet18_tf_0_1/nested_cv_random/resnet18/repeat_10_fold_5_metrics.csv,3,1,resnet18,all,C5,PPV at 98% Specificity,1
/scratchc/nrlab/wang04/ulyses_results_iteration/iteration_3_merge_below_3/cnn_model/cnn14/plasma_tp1_0.1x_model_C5/roc_curve_resnet18_tf_0_1/nested_cv_random/resnet18/repeat_10_fold_5_metrics.csv,3,1,resnet18,all,C5,Accuracy at 98% Specificity,0.7140437158469946
/scratchc/nrlab/wang04/ulyses_results_iteration/iteration_3_merge_below_3/cnn_model/cnn14/plasma_tp1_0.1x_model_C5/roc_curve_resnet18_tf_0_1/nested_cv_random/resnet18/repeat_10_fold_5_metrics.csv,3,1,resnet18,all,C5,F1 at 98% Specificity,0.6188679245283019
/scratchc/nrlab/wang04/ulyses_results_iteration/iteration_3_merge_below_3/cnn_model/cnn14/plasma_tp1_0.1x_model_C5/roc_curve_resnet18_tf_0_1/nested_cv_random/resnet18/repeat_10_fold_5_metrics.csv,3,1,resnet18,all,C5,Sensitivity at 95% Specificity,0.6229508196721312
/scratchc/nrlab/wang04/ulyses_results_iteration/iteration_3_merge_below_3/cnn_model/cnn14/plasma_tp1_0.1x_model_C5/roc_curve_resnet18_tf_0_1/nested_cv_random/resnet18/repeat_10_fold_5_metrics.csv,3,1,resnet18,all,C5,PPV at 95% Specificity,0.9827586206896552
/scratchc/nrlab/wang04/ulyses_results_iteration/iteration_3_merge_below_3/cnn_model/cnn14/plasma_tp1_0.1x_model_C5/roc_curve_resnet18_tf_0_1/nested_cv_random/resnet18/repeat_10_fold_5_metrics.csv,3,1,resnet18,all,C5,Accuracy at 95% Specificity,0.7720814704421262
/scratchc/nrlab/wang04/ulyses_results_iteration/iteration_3_merge_below_3/cnn_model/cnn14/plasma_tp1_0.1x_model_C5/roc_curve_resnet18_tf_0_1/nested_cv_random/resnet18/repeat_10_fold_5_metrics.csv,3,1,resnet18,all,C5,F1 at 95% Specificity,0.7625418060200669
/scratchc/nrlab/wang04/ulyses_results_iteration/iteration_3_merge_below_3/cnn_model/cnn14/plasma_tp1_0.1x_model_C5/roc_curve_resnet18_tf_0_1/nested_cv_random/resnet18/repeat_10_fold_5_metrics.csv,3,2,resnet18,all,C5,AUROC,0.9333042720139494
/scratchc/nrlab/wang04/ulyses_results_iteration/iteration_3_merge_below_3/cnn_model/cnn14/plasma_tp1_0.1x_model_C5/roc_curve_resnet18_tf_0_1/nested_cv_random/resnet18/repeat_10_fold_5_metrics.csv,3,2,resnet18,all,C5,AUPRC,0.9753996055313112
/scratchc/nrlab/wang04/ulyses_results_iteration/iteration_3_merge_below_3/cnn_model/cnn14/plasma_tp1_0.1x_model_C5/roc_curve_resnet18_tf_0_1/nested_cv_random/resnet18/repeat_10_fold_5_metrics.csv,3,2,resnet18,all,C5,Sensitivity at 99% Specificity,0.2864864864864865
/scratchc/nrlab/wang04/ulyses_results_iteration/iteration_3_merge_below_3/cnn_model/cnn14/plasma_tp1_0.1x_model_C5/roc_curve_resnet18_tf_0_1/nested_cv_random/resnet18/repeat_10_fold_5_metrics.csv,3,2,resnet18,all,C5,PPV at 99% Specificity,1
/scratchc/nrlab/wang04/ulyses_results_iteration/iteration_3_merge_below_3/cnn_model/cnn14/plasma_tp1_0.1x_model_C5/roc_curve_resnet18_tf_0_1/nested_cv_random/resnet18/repeat_10_fold_5_metrics.csv,3,2,resnet18,all,C5,Accuracy at 99% Specificity,0.6382432432432432
/scratchc/nrlab/wang04/ulyses_results_iteration/iteration_3_merge_below_3/cnn_model/cnn14/plasma_tp1_0.1x_model_C5/roc_curve_resnet18_tf_0_1/nested_cv_random/resnet18/repeat_10_fold_5_metrics.csv,3,2,resnet18,all,C5,F1 at 99% Specificity,0.44537815126050423
/scratchc/nrlab/wang04/ulyses_results_iteration/iteration_3_merge_below_3/cnn_model/cnn14/plasma_tp1_0.1x_model_C5/roc_curve_resnet18_tf_0_1/nested_cv_random/resnet18/repeat_10_fold_5_metrics.csv,3,2,resnet18,all,C5,Sensitivity at 98% Specificity,0.2864864864864865
/scratchc/nrlab/wang04/ulyses_results_iteration/iteration_3_merge_below_3/cnn_model/cnn14/plasma_tp1_0.1x_model_C5/roc_curve_resnet18_tf_0_1/nested_cv_random/resnet18/repeat_10_fold_5_metrics.csv,3,2,resnet18,all,C5,PPV at 98% Specificity,1
/scratchc/nrlab/wang04/ulyses_results_iteration/iteration_3_merge_below_3/cnn_model/cnn14/plasma_tp1_0.1x_model_C5/roc_curve_resnet18_tf_0_1/nested_cv_random/resnet18/repeat_10_fold_5_metrics.csv,3,2,resnet18,all,C5,Accuracy at 98% Specificity,0.6332432432432432
/scratchc/nrlab/wang04/ulyses_results_iteration/iteration_3_merge_below_3/cnn_model/cnn14/plasma_tp1_0.1x_model_C5/roc_curve_resnet18_tf_0_1/nested_cv_random/resnet18/repeat_10_fold_5_metrics.csv,3,2,resnet18,all,C5,F1 at 98% Specificity,0.44537815126050423
/scratchc/nrlab/wang04/ulyses_results_iteration/iteration_3_merge_below_3/cnn_model/cnn14/plasma_tp1_0.1x_model_C5/roc_curve_resnet18_tf_0_1/nested_cv_random/resnet18/repeat_10_fold_5_metrics.csv,3,2,resnet18,all,C5,Sensitivity at 95% Specificity,0.6324324324324324
/scratchc/nrlab/wang04/ulyses_results_iteration/iteration_3_merge_below_3/cnn_model/cnn14/plasma_tp1_0.1x_model_C5/roc_curve_resnet18_tf_0_1/nested_cv_random/resnet18/repeat_10_fold_5_metrics.csv,3,2,resnet18,all,C5,PPV at 95% Specificity,0.9831932773109244
/scratchc/nrlab/wang04/ulyses_results_iteration/iteration_3_merge_below_3/cnn_model/cnn14/plasma_tp1_0.1x_model_C5/roc_curve_resnet18_tf_0_1/nested_cv_random/resnet18/repeat_10_fold_5_metrics.csv,3,2,resnet18,all,C5,Accuracy at 95% Specificity,0.7758936355710548
/scratchc/nrlab/wang04/ulyses_results_iteration/iteration_3_merge_below_3/cnn_model/cnn14/plasma_tp1_0.1x_model_C5/roc_curve_resnet18_tf_0_1/nested_cv_random/resnet18/repeat_10_fold_5_metrics.csv,3,2,resnet18,all,C5,F1 at 95% Specificity,0.7697368421052632
/scratchc/nrlab/wang04/ulyses_results_iteration/iteration_3_merge_below_3/cnn_model/cnn14/plasma_tp1_0.1x_model_C5/roc_curve_resnet18_tf_0_1/nested_cv_random/resnet18/repeat_10_fold_5_metrics.csv,3,3,resnet18,all,C5,AUROC,0.9405048076923076
/scratchc/nrlab/wang04/ulyses_results_iteration/iteration_3_merge_below_3/cnn_model/cnn14/plasma_tp1_0.1x_model_C5/roc_curve_resnet18_tf_0_1/nested_cv_random/resnet18/repeat_10_fold_5_metrics.csv,3,3,resnet18,all,C5,AUPRC,0.976061228631209
/scratchc/nrlab/wang04/ulyses_results_iteration/iteration_3_merge_below_3/cnn_model/cnn14/plasma_tp1_0.1x_model_C5/roc_curve_resnet18_tf_0_1/nested_cv_random/resnet18/repeat_10_fold_5_metrics.csv,3,3,resnet18,all,C5,Sensitivity at 99% Specificity,0.25274725274725274
/scratchc/nrlab/wang04/ulyses_results_iteration/iteration_3_merge_below_3/cnn_model/cnn14/plasma_tp1_0.1x_model_C5/roc_curve_resnet18_tf_0_1/nested_cv_random/resnet18/repeat_10_fold_5_metrics.csv,3,3,resnet18,all,C5,PPV at 99% Specificity,1
/scratchc/nrlab/wang04/ulyses_results_iteration/iteration_3_merge_below_3/cnn_model/cnn14/plasma_tp1_0.1x_model_C5/roc_curve_resnet18_tf_0_1/nested_cv_random/resnet18/repeat_10_fold_5_metrics.csv,3,3,resnet18,all,C5,Accuracy at 99% Specificity,0.6213736263736264
/scratchc/nrlab/wang04/ulyses_results_iteration/iteration_3_merge_below_3/cnn_model/cnn14/plasma_tp1_0.1x_model_C5/roc_curve_resnet18_tf_0_1/nested_cv_random/resnet18/repeat_10_fold_5_metrics.csv,3,3,resnet18,all,C5,F1 at 99% Specificity,0.40350877192982454
/scratchc/nrlab/wang04/ulyses_results_iteration/iteration_3_merge_below_3/cnn_model/cnn14/plasma_tp1_0.1x_model_C5/roc_curve_resnet18_tf_0_1/nested_cv_random/resnet18/repeat_10_fold_5_metrics.csv,3,3,resnet18,all,C5,Sensitivity at 98% Specificity,0.25274725274725274
/scratchc/nrlab/wang04/ulyses_results_iteration/iteration_3_merge_below_3/cnn_model/cnn14/plasma_tp1_0.1x_model_C5/roc_curve_resnet18_tf_0_1/nested_cv_random/resnet18/repeat_10_fold_5_metrics.csv,3,3,resnet18,all,C5,PPV at 98% Specificity,1
/scratchc/nrlab/wang04/ulyses_results_iteration/iteration_3_merge_below_3/cnn_model/cnn14/plasma_tp1_0.1x_model_C5/roc_curve_resnet18_tf_0_1/nested_cv_random/resnet18/repeat_10_fold_5_metrics.csv,3,3,resnet18,all,C5,Accuracy at 98% Specificity,0.6163736263736264
/scratchc/nrlab/wang04/ulyses_results_iteration/iteration_3_merge_below_3/cnn_model/cnn14/plasma_tp1_0.1x_model_C5/roc_curve_resnet18_tf_0_1/nested_cv_random/resnet18/repeat_10_fold_5_metrics.csv,3,3,resnet18,all,C5,F1 at 98% Specificity,0.40350877192982454
/scratchc/nrlab/wang04/ulyses_results_iteration/iteration_3_merge_below_3/cnn_model/cnn14/plasma_tp1_0.1x_model_C5/roc_curve_resnet18_tf_0_1/nested_cv_random/resnet18/repeat_10_fold_5_metrics.csv,3,3,resnet18,all,C5,Sensitivity at 95% Specificity,0.6538461538461539
/scratchc/nrlab/wang04/ulyses_results_iteration/iteration_3_merge_below_3/cnn_model/cnn14/plasma_tp1_0.1x_model_C5/roc_curve_resnet18_tf_0_1/nested_cv_random/resnet18/repeat_10_fold_5_metrics.csv,3,3,resnet18,all,C5,PPV at 95% Specificity,0.9834710743801652
/scratchc/nrlab/wang04/ulyses_results_iteration/iteration_3_merge_below_3/cnn_model/cnn14/plasma_tp1_0.1x_model_C5/roc_curve_resnet18_tf_0_1/nested_cv_random/resnet18/repeat_10_fold_5_metrics.csv,3,3,resnet18,all,C5,Accuracy at 95% Specificity,0.7870793269230769
/scratchc/nrlab/wang04/ulyses_results_iteration/iteration_3_merge_below_3/cnn_model/cnn14/plasma_tp1_0.1x_model_C5/roc_curve_resnet18_tf_0_1/nested_cv_random/resnet18/repeat_10_fold_5_metrics.csv,3,3,resnet18,all,C5,F1 at 95% Specificity,0.7854785478547854
/scratchc/nrlab/wang04/ulyses_results_iteration/iteration_3_merge_below_3/cnn_model/cnn14/plasma_tp1_0.1x_model_C5/roc_curve_resnet18_tf_0_1/nested_cv_random/resnet18/repeat_10_fold_5_metrics.csv,3,4,resnet18,all,C5,AUROC,0.9314838167297184
/scratchc/nrlab/wang04/ulyses_results_iteration/iteration_3_merge_below_3/cnn_model/cnn14/plasma_tp1_0.1x_model_C5/roc_curve_resnet18_tf_0_1/nested_cv_random/resnet18/repeat_10_fold_5_metrics.csv,3,4,resnet18,all,C5,AUPRC,0.975821095836244
/scratchc/nrlab/wang04/ulyses_results_iteration/iteration_3_merge_below_3/cnn_model/cnn14/plasma_tp1_0.1x_model_C5/roc_curve_resnet18_tf_0_1/nested_cv_random/resnet18/repeat_10_fold_5_metrics.csv,3,4,resnet18,all,C5,Sensitivity at 99% Specificity,0.6502732240437158
/scratchc/nrlab/wang04/ulyses_results_iteration/iteration_3_merge_below_3/cnn_model/cnn14/plasma_tp1_0.1x_model_C5/roc_curve_resnet18_tf_0_1/nested_cv_random/resnet18/repeat_10_fold_5_metrics.csv,3,4,resnet18,all,C5,PPV at 99% Specificity,1
/scratchc/nrlab/wang04/ulyses_results_iteration/iteration_3_merge_below_3/cnn_model/cnn14/plasma_tp1_0.1x_model_C5/roc_curve_resnet18_tf_0_1/nested_cv_random/resnet18/repeat_10_fold_5_metrics.csv,3,4,resnet18,all,C5,Accuracy at 99% Specificity,0.8201366120218578
/scratchc/nrlab/wang04/ulyses_results_iteration/iteration_3_merge_below_3/cnn_model/cnn14/plasma_tp1_0.1x_model_C5/roc_curve_resnet18_tf_0_1/nested_cv_random/resnet18/repeat_10_fold_5_metrics.csv,3,4,resnet18,all,C5,F1 at 99% Specificity,0.7880794701986755
/scratchc/nrlab/wang04/ulyses_results_iteration/iteration_3_merge_below_3/cnn_model/cnn14/plasma_tp1_0.1x_model_C5/roc_curve_resnet18_tf_0_1/nested_cv_random/resnet18/repeat_10_fold_5_metrics.csv,3,4,resnet18,all,C5,Sensitivity at 98% Specificity,0.6502732240437158
/scratchc/nrlab/wang04/ulyses_results_iteration/iteration_3_merge_below_3/cnn_model/cnn14/plasma_tp1_0.1x_model_C5/roc_curve_resnet18_tf_0_1/nested_cv_random/resnet18/repeat_10_fold_5_metrics.csv,3,4,resnet18,all,C5,PPV at 98% Specificity,1
/scratchc/nrlab/wang04/ulyses_results_iteration/iteration_3_merge_below_3/cnn_model/cnn14/plasma_tp1_0.1x_model_C5/roc_curve_resnet18_tf_0_1/nested_cv_random/resnet18/repeat_10_fold_5_metrics.csv,3,4,resnet18,all,C5,Accuracy at 98% Specificity,0.8151366120218579
/scratchc/nrlab/wang04/ulyses_results_iteration/iteration_3_merge_below_3/cnn_model/cnn14/plasma_tp1_0.1x_model_C5/roc_curve_resnet18_tf_0_1/nested_cv_random/resnet18/repeat_10_fold_5_metrics.csv,3,4,resnet18,all,C5,F1 at 98% Specificity,0.7880794701986755
/scratchc/nrlab/wang04/ulyses_results_iteration/iteration_3_merge_below_3/cnn_model/cnn14/plasma_tp1_0.1x_model_C5/roc_curve_resnet18_tf_0_1/nested_cv_random/resnet18/repeat_10_fold_5_metrics.csv,3,4,resnet18,all,C5,Sensitivity at 95% Specificity,0.6775956284153005
/scratchc/nrlab/wang04/ulyses_results_iteration/iteration_3_merge_below_3/cnn_model/cnn14/plasma_tp1_0.1x_model_C5/roc_curve_resnet18_tf_0_1/nested_cv_random/resnet18/repeat_10_fold_5_metrics.csv,3,4,resnet18,all,C5,PPV at 95% Specificity,0.984126984126984
/scratchc/nrlab/wang04/ulyses_results_iteration/iteration_3_merge_below_3/cnn_model/cnn14/plasma_tp1_0.1x_model_C5/roc_curve_resnet18_tf_0_1/nested_cv_random/resnet18/repeat_10_fold_5_metrics.csv,3,4,resnet18,all,C5,Accuracy at 95% Specificity,0.7991824295922656
/scratchc/nrlab/wang04/ulyses_results_iteration/iteration_3_merge_below_3/cnn_model/cnn14/plasma_tp1_0.1x_model_C5/roc_curve_resnet18_tf_0_1/nested_cv_random/resnet18/repeat_10_fold_5_metrics.csv,3,4,resnet18,all,C5,F1 at 95% Specificity,0.8025889967637541
/scratchc/nrlab/wang04/ulyses_results_iteration/iteration_3_merge_below_3/cnn_model/cnn14/plasma_tp1_0.1x_model_C5/roc_curve_resnet18_tf_0_1/nested_cv_random/resnet18/repeat_10_fold_5_metrics.csv,3,5,resnet18,all,C5,AUROC,0.9435589878409464
/scratchc/nrlab/wang04/ulyses_results_iteration/iteration_3_merge_below_3/cnn_model/cnn14/plasma_tp1_0.1x_model_C5/roc_curve_resnet18_tf_0_1/nested_cv_random/resnet18/repeat_10_fold_5_metrics.csv,3,5,resnet18,all,C5,AUPRC,0.9778066554152604
/scratchc/nrlab/wang04/ulyses_results_iteration/iteration_3_merge_below_3/cnn_model/cnn14/plasma_tp1_0.1x_model_C5/roc_curve_resnet18_tf_0_1/nested_cv_random/resnet18/repeat_10_fold_5_metrics.csv,3,5,resnet18,all,C5,Sensitivity at 99% Specificity,0.5977653631284916
/scratchc/nrlab/wang04/ulyses_results_iteration/iteration_3_merge_below_3/cnn_model/cnn14/plasma_tp1_0.1x_model_C5/roc_curve_resnet18_tf_0_1/nested_cv_random/resnet18/repeat_10_fold_5_metrics.csv,3,5,resnet18,all,C5,PPV at 99% Specificity,1
/scratchc/nrlab/wang04/ulyses_results_iteration/iteration_3_merge_below_3/cnn_model/cnn14/plasma_tp1_0.1x_model_C5/roc_curve_resnet18_tf_0_1/nested_cv_random/resnet18/repeat_10_fold_5_metrics.csv,3,5,resnet18,all,C5,Accuracy at 99% Specificity,0.7938826815642458
/scratchc/nrlab/wang04/ulyses_results_iteration/iteration_3_merge_below_3/cnn_model/cnn14/plasma_tp1_0.1x_model_C5/roc_curve_resnet18_tf_0_1/nested_cv_random/resnet18/repeat_10_fold_5_metrics.csv,3,5,resnet18,all,C5,F1 at 99% Specificity,0.7482517482517482
/scratchc/nrlab/wang04/ulyses_results_iteration/iteration_3_merge_below_3/cnn_model/cnn14/plasma_tp1_0.1x_model_C5/roc_curve_resnet18_tf_0_1/nested_cv_random/resnet18/repeat_10_fold_5_metrics.csv,3,5,resnet18,all,C5,Sensitivity at 98% Specificity,0.5977653631284916
/scratchc/nrlab/wang04/ulyses_results_iteration/iteration_3_merge_below_3/cnn_model/cnn14/plasma_tp1_0.1x_model_C5/roc_curve_resnet18_tf_0_1/nested_cv_random/resnet18/repeat_10_fold_5_metrics.csv,3,5,resnet18,all,C5,PPV at 98% Specificity,1
/scratchc/nrlab/wang04/ulyses_results_iteration/iteration_3_merge_below_3/cnn_model/cnn14/plasma_tp1_0.1x_model_C5/roc_curve_resnet18_tf_0_1/nested_cv_random/resnet18/repeat_10_fold_5_metrics.csv,3,5,resnet18,all,C5,Accuracy at 98% Specificity,0.7888826815642458
/scratchc/nrlab/wang04/ulyses_results_iteration/iteration_3_merge_below_3/cnn_model/cnn14/plasma_tp1_0.1x_model_C5/roc_curve_resnet18_tf_0_1/nested_cv_random/resnet18/repeat_10_fold_5_metrics.csv,3,5,resnet18,all,C5,F1 at 98% Specificity,0.7482517482517482
/scratchc/nrlab/wang04/ulyses_results_iteration/iteration_3_merge_below_3/cnn_model/cnn14/plasma_tp1_0.1x_model_C5/roc_curve_resnet18_tf_0_1/nested_cv_random/resnet18/repeat_10_fold_5_metrics.csv,3,5,resnet18,all,C5,Sensitivity at 95% Specificity,0.659217877094972
/scratchc/nrlab/wang04/ulyses_results_iteration/iteration_3_merge_below_3/cnn_model/cnn14/plasma_tp1_0.1x_model_C5/roc_curve_resnet18_tf_0_1/nested_cv_random/resnet18/repeat_10_fold_5_metrics.csv,3,5,resnet18,all,C5,PPV at 95% Specificity,0.9833333333333332
/scratchc/nrlab/wang04/ulyses_results_iteration/iteration_3_merge_below_3/cnn_model/cnn14/plasma_tp1_0.1x_model_C5/roc_curve_resnet18_tf_0_1/nested_cv_random/resnet18/repeat_10_fold_5_metrics.csv,3,5,resnet18,all,C5,Accuracy at 95% Specificity,0.7906383503121919
/scratchc/nrlab/wang04/ulyses_results_iteration/iteration_3_merge_below_3/cnn_model/cnn14/plasma_tp1_0.1x_model_C5/roc_curve_resnet18_tf_0_1/nested_cv_random/resnet18/repeat_10_fold_5_metrics.csv,3,5,resnet18,all,C5,F1 at 95% Specificity,0.7892976588628763
/scratchc/nrlab/wang04/ulyses_results_iteration/iteration_3_merge_below_3/cnn_model/cnn14/plasma_tp1_0.1x_model_C5/roc_curve_resnet18_tf_0_1/nested_cv_random/resnet18/repeat_10_fold_5_metrics.csv,4,1,resnet18,all,C5,AUROC,0.8296500920810314
/scratchc/nrlab/wang04/ulyses_results_iteration/iteration_3_merge_below_3/cnn_model/cnn14/plasma_tp1_0.1x_model_C5/roc_curve_resnet18_tf_0_1/nested_cv_random/resnet18/repeat_10_fold_5_metrics.csv,4,1,resnet18,all,C5,AUPRC,0.9255634586818098
/scratchc/nrlab/wang04/ulyses_results_iteration/iteration_3_merge_below_3/cnn_model/cnn14/plasma_tp1_0.1x_model_C5/roc_curve_resnet18_tf_0_1/nested_cv_random/resnet18/repeat_10_fold_5_metrics.csv,4,1,resnet18,all,C5,Sensitivity at 99% Specificity,0.13812154696132595
/scratchc/nrlab/wang04/ulyses_results_iteration/iteration_3_merge_below_3/cnn_model/cnn14/plasma_tp1_0.1x_model_C5/roc_curve_resnet18_tf_0_1/nested_cv_random/resnet18/repeat_10_fold_5_metrics.csv,4,1,resnet18,all,C5,PPV at 99% Specificity,1
/scratchc/nrlab/wang04/ulyses_results_iteration/iteration_3_merge_below_3/cnn_model/cnn14/plasma_tp1_0.1x_model_C5/roc_curve_resnet18_tf_0_1/nested_cv_random/resnet18/repeat_10_fold_5_metrics.csv,4,1,resnet18,all,C5,Accuracy at 99% Specificity,0.564060773480663
/scratchc/nrlab/wang04/ulyses_results_iteration/iteration_3_merge_below_3/cnn_model/cnn14/plasma_tp1_0.1x_model_C5/roc_curve_resnet18_tf_0_1/nested_cv_random/resnet18/repeat_10_fold_5_metrics.csv,4,1,resnet18,all,C5,F1 at 99% Specificity,0.24271844660194175
/scratchc/nrlab/wang04/ulyses_results_iteration/iteration_3_merge_below_3/cnn_model/cnn14/plasma_tp1_0.1x_model_C5/roc_curve_resnet18_tf_0_1/nested_cv_random/resnet18/repeat_10_fold_5_metrics.csv,4,1,resnet18,all,C5,Sensitivity at 98% Specificity,0.13812154696132595
/scratchc/nrlab/wang04/ulyses_results_iteration/iteration_3_merge_below_3/cnn_model/cnn14/plasma_tp1_0.1x_model_C5/roc_curve_resnet18_tf_0_1/nested_cv_random/resnet18/repeat_10_fold_5_metrics.csv,4,1,resnet18,all,C5,PPV at 98% Specificity,1
/scratchc/nrlab/wang04/ulyses_results_iteration/iteration_3_merge_below_3/cnn_model/cnn14/plasma_tp1_0.1x_model_C5/roc_curve_resnet18_tf_0_1/nested_cv_random/resnet18/repeat_10_fold_5_metrics.csv,4,1,resnet18,all,C5,Accuracy at 98% Specificity,0.559060773480663
/scratchc/nrlab/wang04/ulyses_results_iteration/iteration_3_merge_below_3/cnn_model/cnn14/plasma_tp1_0.1x_model_C5/roc_curve_resnet18_tf_0_1/nested_cv_random/resnet18/repeat_10_fold_5_metrics.csv,4,1,resnet18,all,C5,F1 at 98% Specificity,0.24271844660194175
/scratchc/nrlab/wang04/ulyses_results_iteration/iteration_3_merge_below_3/cnn_model/cnn14/plasma_tp1_0.1x_model_C5/roc_curve_resnet18_tf_0_1/nested_cv_random/resnet18/repeat_10_fold_5_metrics.csv,4,1,resnet18,all,C5,Sensitivity at 95% Specificity,0.2983425414364641
/scratchc/nrlab/wang04/ulyses_results_iteration/iteration_3_merge_below_3/cnn_model/cnn14/plasma_tp1_0.1x_model_C5/roc_curve_resnet18_tf_0_1/nested_cv_random/resnet18/repeat_10_fold_5_metrics.csv,4,1,resnet18,all,C5,PPV at 95% Specificity,0.9642857142857144
/scratchc/nrlab/wang04/ulyses_results_iteration/iteration_3_merge_below_3/cnn_model/cnn14/plasma_tp1_0.1x_model_C5/roc_curve_resnet18_tf_0_1/nested_cv_random/resnet18/repeat_10_fold_5_metrics.csv,4,1,resnet18,all,C5,Accuracy at 95% Specificity,0.6097773313242927
/scratchc/nrlab/wang04/ulyses_results_iteration/iteration_3_merge_below_3/cnn_model/cnn14/plasma_tp1_0.1x_model_C5/roc_curve_resnet18_tf_0_1/nested_cv_random/resnet18/repeat_10_fold_5_metrics.csv,4,1,resnet18,all,C5,F1 at 95% Specificity,0.4556962025316456
/scratchc/nrlab/wang04/ulyses_results_iteration/iteration_3_merge_below_3/cnn_model/cnn14/plasma_tp1_0.1x_model_C5/roc_curve_resnet18_tf_0_1/nested_cv_random/resnet18/repeat_10_fold_5_metrics.csv,4,2,resnet18,all,C5,AUROC,0.9235387309263736
/scratchc/nrlab/wang04/ulyses_results_iteration/iteration_3_merge_below_3/cnn_model/cnn14/plasma_tp1_0.1x_model_C5/roc_curve_resnet18_tf_0_1/nested_cv_random/resnet18/repeat_10_fold_5_metrics.csv,4,2,resnet18,all,C5,AUPRC,0.9706873162693588
/scratchc/nrlab/wang04/ulyses_results_iteration/iteration_3_merge_below_3/cnn_model/cnn14/plasma_tp1_0.1x_model_C5/roc_curve_resnet18_tf_0_1/nested_cv_random/resnet18/repeat_10_fold_5_metrics.csv,4,2,resnet18,all,C5,Sensitivity at 99% Specificity,0.5698324022346368
/scratchc/nrlab/wang04/ulyses_results_iteration/iteration_3_merge_below_3/cnn_model/cnn14/plasma_tp1_0.1x_model_C5/roc_curve_resnet18_tf_0_1/nested_cv_random/resnet18/repeat_10_fold_5_metrics.csv,4,2,resnet18,all,C5,PPV at 99% Specificity,1
/scratchc/nrlab/wang04/ulyses_results_iteration/iteration_3_merge_below_3/cnn_model/cnn14/plasma_tp1_0.1x_model_C5/roc_curve_resnet18_tf_0_1/nested_cv_random/resnet18/repeat_10_fold_5_metrics.csv,4,2,resnet18,all,C5,Accuracy at 99% Specificity,0.7799162011173184
/scratchc/nrlab/wang04/ulyses_results_iteration/iteration_3_merge_below_3/cnn_model/cnn14/plasma_tp1_0.1x_model_C5/roc_curve_resnet18_tf_0_1/nested_cv_random/resnet18/repeat_10_fold_5_metrics.csv,4,2,resnet18,all,C5,F1 at 99% Specificity,0.7259786476868327
/scratchc/nrlab/wang04/ulyses_results_iteration/iteration_3_merge_below_3/cnn_model/cnn14/plasma_tp1_0.1x_model_C5/roc_curve_resnet18_tf_0_1/nested_cv_random/resnet18/repeat_10_fold_5_metrics.csv,4,2,resnet18,all,C5,Sensitivity at 98% Specificity,0.5698324022346368
/scratchc/nrlab/wang04/ulyses_results_iteration/iteration_3_merge_below_3/cnn_model/cnn14/plasma_tp1_0.1x_model_C5/roc_curve_resnet18_tf_0_1/nested_cv_random/resnet18/repeat_10_fold_5_metrics.csv,4,2,resnet18,all,C5,PPV at 98% Specificity,1
/scratchc/nrlab/wang04/ulyses_results_iteration/iteration_3_merge_below_3/cnn_model/cnn14/plasma_tp1_0.1x_model_C5/roc_curve_resnet18_tf_0_1/nested_cv_random/resnet18/repeat_10_fold_5_metrics.csv,4,2,resnet18,all,C5,Accuracy at 98% Specificity,0.7749162011173184
/scratchc/nrlab/wang04/ulyses_results_iteration/iteration_3_merge_below_3/cnn_model/cnn14/plasma_tp1_0.1x_model_C5/roc_curve_resnet18_tf_0_1/nested_cv_random/resnet18/repeat_10_fold_5_metrics.csv,4,2,resnet18,all,C5,F1 at 98% Specificity,0.7259786476868327
/scratchc/nrlab/wang04/ulyses_results_iteration/iteration_3_merge_below_3/cnn_model/cnn14/plasma_tp1_0.1x_model_C5/roc_curve_resnet18_tf_0_1/nested_cv_random/resnet18/repeat_10_fold_5_metrics.csv,4,2,resnet18,all,C5,Sensitivity at 95% Specificity,0.6033519553072626
/scratchc/nrlab/wang04/ulyses_results_iteration/iteration_3_merge_below_3/cnn_model/cnn14/plasma_tp1_0.1x_model_C5/roc_curve_resnet18_tf_0_1/nested_cv_random/resnet18/repeat_10_fold_5_metrics.csv,4,2,resnet18,all,C5,PPV at 95% Specificity,0.9818181818181818
/scratchc/nrlab/wang04/ulyses_results_iteration/iteration_3_merge_below_3/cnn_model/cnn14/plasma_tp1_0.1x_model_C5/roc_curve_resnet18_tf_0_1/nested_cv_random/resnet18/repeat_10_fold_5_metrics.csv,4,2,resnet18,all,C5,Accuracy at 95% Specificity,0.7624968731760193
/scratchc/nrlab/wang04/ulyses_results_iteration/iteration_3_merge_below_3/cnn_model/cnn14/plasma_tp1_0.1x_model_C5/roc_curve_resnet18_tf_0_1/nested_cv_random/resnet18/repeat_10_fold_5_metrics.csv,4,2,resnet18,all,C5,F1 at 95% Specificity,0.7474048442906575
/scratchc/nrlab/wang04/ulyses_results_iteration/iteration_3_merge_below_3/cnn_model/cnn14/plasma_tp1_0.1x_model_C5/roc_curve_resnet18_tf_0_1/nested_cv_random/resnet18/repeat_10_fold_5_metrics.csv,4,3,resnet18,all,C5,AUROC,0.8625341530054645
/scratchc/nrlab/wang04/ulyses_results_iteration/iteration_3_merge_below_3/cnn_model/cnn14/plasma_tp1_0.1x_model_C5/roc_curve_resnet18_tf_0_1/nested_cv_random/resnet18/repeat_10_fold_5_metrics.csv,4,3,resnet18,all,C5,AUPRC,0.9449161000806152
/scratchc/nrlab/wang04/ulyses_results_iteration/iteration_3_merge_below_3/cnn_model/cnn14/plasma_tp1_0.1x_model_C5/roc_curve_resnet18_tf_0_1/nested_cv_random/resnet18/repeat_10_fold_5_metrics.csv,4,3,resnet18,all,C5,Sensitivity at 99% Specificity,0.28415300546448086
/scratchc/nrlab/wang04/ulyses_results_iteration/iteration_3_merge_below_3/cnn_model/cnn14/plasma_tp1_0.1x_model_C5/roc_curve_resnet18_tf_0_1/nested_cv_random/resnet18/repeat_10_fold_5_metrics.csv,4,3,resnet18,all,C5,PPV at 99% Specificity,1
/scratchc/nrlab/wang04/ulyses_results_iteration/iteration_3_merge_below_3/cnn_model/cnn14/plasma_tp1_0.1x_model_C5/roc_curve_resnet18_tf_0_1/nested_cv_random/resnet18/repeat_10_fold_5_metrics.csv,4,3,resnet18,all,C5,Accuracy at 99% Specificity,0.6370765027322405
/scratchc/nrlab/wang04/ulyses_results_iteration/iteration_3_merge_below_3/cnn_model/cnn14/plasma_tp1_0.1x_model_C5/roc_curve_resnet18_tf_0_1/nested_cv_random/resnet18/repeat_10_fold_5_metrics.csv,4,3,resnet18,all,C5,F1 at 99% Specificity,0.4425531914893617
/scratchc/nrlab/wang04/ulyses_results_iteration/iteration_3_merge_below_3/cnn_model/cnn14/plasma_tp1_0.1x_model_C5/roc_curve_resnet18_tf_0_1/nested_cv_random/resnet18/repeat_10_fold_5_metrics.csv,4,3,resnet18,all,C5,Sensitivity at 98% Specificity,0.28415300546448086
/scratchc/nrlab/wang04/ulyses_results_iteration/iteration_3_merge_below_3/cnn_model/cnn14/plasma_tp1_0.1x_model_C5/roc_curve_resnet18_tf_0_1/nested_cv_random/resnet18/repeat_10_fold_5_metrics.csv,4,3,resnet18,all,C5,PPV at 98% Specificity,1
/scratchc/nrlab/wang04/ulyses_results_iteration/iteration_3_merge_below_3/cnn_model/cnn14/plasma_tp1_0.1x_model_C5/roc_curve_resnet18_tf_0_1/nested_cv_random/resnet18/repeat_10_fold_5_metrics.csv,4,3,resnet18,all,C5,Accuracy at 98% Specificity,0.6320765027322404
/scratchc/nrlab/wang04/ulyses_results_iteration/iteration_3_merge_below_3/cnn_model/cnn14/plasma_tp1_0.1x_model_C5/roc_curve_resnet18_tf_0_1/nested_cv_random/resnet18/repeat_10_fold_5_metrics.csv,4,3,resnet18,all,C5,F1 at 98% Specificity,0.4425531914893617
/scratchc/nrlab/wang04/ulyses_results_iteration/iteration_3_merge_below_3/cnn_model/cnn14/plasma_tp1_0.1x_model_C5/roc_curve_resnet18_tf_0_1/nested_cv_random/resnet18/repeat_10_fold_5_metrics.csv,4,3,resnet18,all,C5,Sensitivity at 95% Specificity,0.366120218579235
/scratchc/nrlab/wang04/ulyses_results_iteration/iteration_3_merge_below_3/cnn_model/cnn14/plasma_tp1_0.1x_model_C5/roc_curve_resnet18_tf_0_1/nested_cv_random/resnet18/repeat_10_fold_5_metrics.csv,4,3,resnet18,all,C5,PPV at 95% Specificity,0.9710144927536232
/scratchc/nrlab/wang04/ulyses_results_iteration/iteration_3_merge_below_3/cnn_model/cnn14/plasma_tp1_0.1x_model_C5/roc_curve_resnet18_tf_0_1/nested_cv_random/resnet18/repeat_10_fold_5_metrics.csv,4,3,resnet18,all,C5,Accuracy at 95% Specificity,0.6432163592896175
/scratchc/nrlab/wang04/ulyses_results_iteration/iteration_3_merge_below_3/cnn_model/cnn14/plasma_tp1_0.1x_model_C5/roc_curve_resnet18_tf_0_1/nested_cv_random/resnet18/repeat_10_fold_5_metrics.csv,4,3,resnet18,all,C5,F1 at 95% Specificity,0.5317460317460317
/scratchc/nrlab/wang04/ulyses_results_iteration/iteration_3_merge_below_3/cnn_model/cnn14/plasma_tp1_0.1x_model_C5/roc_curve_resnet18_tf_0_1/nested_cv_random/resnet18/repeat_10_fold_5_metrics.csv,4,4,resnet18,all,C5,AUROC,0.9357167119565216
/scratchc/nrlab/wang04/ulyses_results_iteration/iteration_3_merge_below_3/cnn_model/cnn14/plasma_tp1_0.1x_model_C5/roc_curve_resnet18_tf_0_1/nested_cv_random/resnet18/repeat_10_fold_5_metrics.csv,4,4,resnet18,all,C5,AUPRC,0.9789115501114836
/scratchc/nrlab/wang04/ulyses_results_iteration/iteration_3_merge_below_3/cnn_model/cnn14/plasma_tp1_0.1x_model_C5/roc_curve_resnet18_tf_0_1/nested_cv_random/resnet18/repeat_10_fold_5_metrics.csv,4,4,resnet18,all,C5,Sensitivity at 99% Specificity,0.6630434782608695
/scratchc/nrlab/wang04/ulyses_results_iteration/iteration_3_merge_below_3/cnn_model/cnn14/plasma_tp1_0.1x_model_C5/roc_curve_resnet18_tf_0_1/nested_cv_random/resnet18/repeat_10_fold_5_metrics.csv,4,4,resnet18,all,C5,PPV at 99% Specificity,1
/scratchc/nrlab/wang04/ulyses_results_iteration/iteration_3_merge_below_3/cnn_model/cnn14/plasma_tp1_0.1x_model_C5/roc_curve_resnet18_tf_0_1/nested_cv_random/resnet18/repeat_10_fold_5_metrics.csv,4,4,resnet18,all,C5,Accuracy at 99% Specificity,0.8265217391304347
/scratchc/nrlab/wang04/ulyses_results_iteration/iteration_3_merge_below_3/cnn_model/cnn14/plasma_tp1_0.1x_model_C5/roc_curve_resnet18_tf_0_1/nested_cv_random/resnet18/repeat_10_fold_5_metrics.csv,4,4,resnet18,all,C5,F1 at 99% Specificity,0.7973856209150327
/scratchc/nrlab/wang04/ulyses_results_iteration/iteration_3_merge_below_3/cnn_model/cnn14/plasma_tp1_0.1x_model_C5/roc_curve_resnet18_tf_0_1/nested_cv_random/resnet18/repeat_10_fold_5_metrics.csv,4,4,resnet18,all,C5,Sensitivity at 98% Specificity,0.6630434782608695
/scratchc/nrlab/wang04/ulyses_results_iteration/iteration_3_merge_below_3/cnn_model/cnn14/plasma_tp1_0.1x_model_C5/roc_curve_resnet18_tf_0_1/nested_cv_random/resnet18/repeat_10_fold_5_metrics.csv,4,4,resnet18,all,C5,PPV at 98% Specificity,1
/scratchc/nrlab/wang04/ulyses_results_iteration/iteration_3_merge_below_3/cnn_model/cnn14/plasma_tp1_0.1x_model_C5/roc_curve_resnet18_tf_0_1/nested_cv_random/resnet18/repeat_10_fold_5_metrics.csv,4,4,resnet18,all,C5,Accuracy at 98% Specificity,0.8215217391304348
/scratchc/nrlab/wang04/ulyses_results_iteration/iteration_3_merge_below_3/cnn_model/cnn14/plasma_tp1_0.1x_model_C5/roc_curve_resnet18_tf_0_1/nested_cv_random/resnet18/repeat_10_fold_5_metrics.csv,4,4,resnet18,all,C5,F1 at 98% Specificity,0.7973856209150327
/scratchc/nrlab/wang04/ulyses_results_iteration/iteration_3_merge_below_3/cnn_model/cnn14/plasma_tp1_0.1x_model_C5/roc_curve_resnet18_tf_0_1/nested_cv_random/resnet18/repeat_10_fold_5_metrics.csv,4,4,resnet18,all,C5,Sensitivity at 95% Specificity,0.7554347826086957
/scratchc/nrlab/wang04/ulyses_results_iteration/iteration_3_merge_below_3/cnn_model/cnn14/plasma_tp1_0.1x_model_C5/roc_curve_resnet18_tf_0_1/nested_cv_random/resnet18/repeat_10_fold_5_metrics.csv,4,4,resnet18,all,C5,PPV at 95% Specificity,0.9858156028368794
/scratchc/nrlab/wang04/ulyses_results_iteration/iteration_3_merge_below_3/cnn_model/cnn14/plasma_tp1_0.1x_model_C5/roc_curve_resnet18_tf_0_1/nested_cv_random/resnet18/repeat_10_fold_5_metrics.csv,4,4,resnet18,all,C5,Accuracy at 95% Specificity,0.8378736413043478
/scratchc/nrlab/wang04/ulyses_results_iteration/iteration_3_merge_below_3/cnn_model/cnn14/plasma_tp1_0.1x_model_C5/roc_curve_resnet18_tf_0_1/nested_cv_random/resnet18/repeat_10_fold_5_metrics.csv,4,4,resnet18,all,C5,F1 at 95% Specificity,0.8553846153846154
/scratchc/nrlab/wang04/ulyses_results_iteration/iteration_3_merge_below_3/cnn_model/cnn14/plasma_tp1_0.1x_model_C5/roc_curve_resnet18_tf_0_1/nested_cv_random/resnet18/repeat_10_fold_5_metrics.csv,4,5,resnet18,all,C5,AUROC,0.9123310810810812
/scratchc/nrlab/wang04/ulyses_results_iteration/iteration_3_merge_below_3/cnn_model/cnn14/plasma_tp1_0.1x_model_C5/roc_curve_resnet18_tf_0_1/nested_cv_random/resnet18/repeat_10_fold_5_metrics.csv,4,5,resnet18,all,C5,AUPRC,0.9677717797825204
/scratchc/nrlab/wang04/ulyses_results_iteration/iteration_3_merge_below_3/cnn_model/cnn14/plasma_tp1_0.1x_model_C5/roc_curve_resnet18_tf_0_1/nested_cv_random/resnet18/repeat_10_fold_5_metrics.csv,4,5,resnet18,all,C5,Sensitivity at 99% Specificity,0.5513513513513514
/scratchc/nrlab/wang04/ulyses_results_iteration/iteration_3_merge_below_3/cnn_model/cnn14/plasma_tp1_0.1x_model_C5/roc_curve_resnet18_tf_0_1/nested_cv_random/resnet18/repeat_10_fold_5_metrics.csv,4,5,resnet18,all,C5,PPV at 99% Specificity,1
/scratchc/nrlab/wang04/ulyses_results_iteration/iteration_3_merge_below_3/cnn_model/cnn14/plasma_tp1_0.1x_model_C5/roc_curve_resnet18_tf_0_1/nested_cv_random/resnet18/repeat_10_fold_5_metrics.csv,4,5,resnet18,all,C5,Accuracy at 99% Specificity,0.7706756756756756
/scratchc/nrlab/wang04/ulyses_results_iteration/iteration_3_merge_below_3/cnn_model/cnn14/plasma_tp1_0.1x_model_C5/roc_curve_resnet18_tf_0_1/nested_cv_random/resnet18/repeat_10_fold_5_metrics.csv,4,5,resnet18,all,C5,F1 at 99% Specificity,0.710801393728223
/scratchc/nrlab/wang04/ulyses_results_iteration/iteration_3_merge_below_3/cnn_model/cnn14/plasma_tp1_0.1x_model_C5/roc_curve_resnet18_tf_0_1/nested_cv_random/resnet18/repeat_10_fold_5_metrics.csv,4,5,resnet18,all,C5,Sensitivity at 98% Specificity,0.5513513513513514
/scratchc/nrlab/wang04/ulyses_results_iteration/iteration_3_merge_below_3/cnn_model/cnn14/plasma_tp1_0.1x_model_C5/roc_curve_resnet18_tf_0_1/nested_cv_random/resnet18/repeat_10_fold_5_metrics.csv,4,5,resnet18,all,C5,PPV at 98% Specificity,1
/scratchc/nrlab/wang04/ulyses_results_iteration/iteration_3_merge_below_3/cnn_model/cnn14/plasma_tp1_0.1x_model_C5/roc_curve_resnet18_tf_0_1/nested_cv_random/resnet18/repeat_10_fold_5_metrics.csv,4,5,resnet18,all,C5,Accuracy at 98% Specificity,0.7656756756756757
/scratchc/nrlab/wang04/ulyses_results_iteration/iteration_3_merge_below_3/cnn_model/cnn14/plasma_tp1_0.1x_model_C5/roc_curve_resnet18_tf_0_1/nested_cv_random/resnet18/repeat_10_fold_5_metrics.csv,4,5,resnet18,all,C5,F1 at 98% Specificity,0.710801393728223
/scratchc/nrlab/wang04/ulyses_results_iteration/iteration_3_merge_below_3/cnn_model/cnn14/plasma_tp1_0.1x_model_C5/roc_curve_resnet18_tf_0_1/nested_cv_random/resnet18/repeat_10_fold_5_metrics.csv,4,5,resnet18,all,C5,Sensitivity at 95% Specificity,0.5945945945945946
/scratchc/nrlab/wang04/ulyses_results_iteration/iteration_3_merge_below_3/cnn_model/cnn14/plasma_tp1_0.1x_model_C5/roc_curve_resnet18_tf_0_1/nested_cv_random/resnet18/repeat_10_fold_5_metrics.csv,4,5,resnet18,all,C5,PPV at 95% Specificity,0.9821428571428572
/scratchc/nrlab/wang04/ulyses_results_iteration/iteration_3_merge_below_3/cnn_model/cnn14/plasma_tp1_0.1x_model_C5/roc_curve_resnet18_tf_0_1/nested_cv_random/resnet18/repeat_10_fold_5_metrics.csv,4,5,resnet18,all,C5,Accuracy at 95% Specificity,0.7574535472972973
/scratchc/nrlab/wang04/ulyses_results_iteration/iteration_3_merge_below_3/cnn_model/cnn14/plasma_tp1_0.1x_model_C5/roc_curve_resnet18_tf_0_1/nested_cv_random/resnet18/repeat_10_fold_5_metrics.csv,4,5,resnet18,all,C5,F1 at 95% Specificity,0.7407407407407407
/scratchc/nrlab/wang04/ulyses_results_iteration/iteration_3_merge_below_3/cnn_model/cnn14/plasma_tp1_0.1x_model_C5/roc_curve_resnet18_tf_0_1/nested_cv_random/resnet18/repeat_10_fold_5_metrics.csv,5,1,resnet18,all,C5,AUROC,0.9580267558528428
/scratchc/nrlab/wang04/ulyses_results_iteration/iteration_3_merge_below_3/cnn_model/cnn14/plasma_tp1_0.1x_model_C5/roc_curve_resnet18_tf_0_1/nested_cv_random/resnet18/repeat_10_fold_5_metrics.csv,5,1,resnet18,all,C5,AUPRC,0.985025124133844
/scratchc/nrlab/wang04/ulyses_results_iteration/iteration_3_merge_below_3/cnn_model/cnn14/plasma_tp1_0.1x_model_C5/roc_curve_resnet18_tf_0_1/nested_cv_random/resnet18/repeat_10_fold_5_metrics.csv,5,1,resnet18,all,C5,Sensitivity at 99% Specificity,0.5489130434782609
/scratchc/nrlab/wang04/ulyses_results_iteration/iteration_3_merge_below_3/cnn_model/cnn14/plasma_tp1_0.1x_model_C5/roc_curve_resnet18_tf_0_1/nested_cv_random/resnet18/repeat_10_fold_5_metrics.csv,5,1,resnet18,all,C5,PPV at 99% Specificity,1
/scratchc/nrlab/wang04/ulyses_results_iteration/iteration_3_merge_below_3/cnn_model/cnn14/plasma_tp1_0.1x_model_C5/roc_curve_resnet18_tf_0_1/nested_cv_random/resnet18/repeat_10_fold_5_metrics.csv,5,1,resnet18,all,C5,Accuracy at 99% Specificity,0.7694565217391305
/scratchc/nrlab/wang04/ulyses_results_iteration/iteration_3_merge_below_3/cnn_model/cnn14/plasma_tp1_0.1x_model_C5/roc_curve_resnet18_tf_0_1/nested_cv_random/resnet18/repeat_10_fold_5_metrics.csv,5,1,resnet18,all,C5,F1 at 99% Specificity,0.7087719298245614
/scratchc/nrlab/wang04/ulyses_results_iteration/iteration_3_merge_below_3/cnn_model/cnn14/plasma_tp1_0.1x_model_C5/roc_curve_resnet18_tf_0_1/nested_cv_random/resnet18/repeat_10_fold_5_metrics.csv,5,1,resnet18,all,C5,Sensitivity at 98% Specificity,0.5489130434782609
/scratchc/nrlab/wang04/ulyses_results_iteration/iteration_3_merge_below_3/cnn_model/cnn14/plasma_tp1_0.1x_model_C5/roc_curve_resnet18_tf_0_1/nested_cv_random/resnet18/repeat_10_fold_5_metrics.csv,5,1,resnet18,all,C5,PPV at 98% Specificity,1
/scratchc/nrlab/wang04/ulyses_results_iteration/iteration_3_merge_below_3/cnn_model/cnn14/plasma_tp1_0.1x_model_C5/roc_curve_resnet18_tf_0_1/nested_cv_random/resnet18/repeat_10_fold_5_metrics.csv,5,1,resnet18,all,C5,Accuracy at 98% Specificity,0.7644565217391304
/scratchc/nrlab/wang04/ulyses_results_iteration/iteration_3_merge_below_3/cnn_model/cnn14/plasma_tp1_0.1x_model_C5/roc_curve_resnet18_tf_0_1/nested_cv_random/resnet18/repeat_10_fold_5_metrics.csv,5,1,resnet18,all,C5,F1 at 98% Specificity,0.7087719298245614
/scratchc/nrlab/wang04/ulyses_results_iteration/iteration_3_merge_below_3/cnn_model/cnn14/plasma_tp1_0.1x_model_C5/roc_curve_resnet18_tf_0_1/nested_cv_random/resnet18/repeat_10_fold_5_metrics.csv,5,1,resnet18,all,C5,Sensitivity at 95% Specificity,0.7663043478260869
/scratchc/nrlab/wang04/ulyses_results_iteration/iteration_3_merge_below_3/cnn_model/cnn14/plasma_tp1_0.1x_model_C5/roc_curve_resnet18_tf_0_1/nested_cv_random/resnet18/repeat_10_fold_5_metrics.csv,5,1,resnet18,all,C5,PPV at 95% Specificity,0.986013986013986
/scratchc/nrlab/wang04/ulyses_results_iteration/iteration_3_merge_below_3/cnn_model/cnn14/plasma_tp1_0.1x_model_C5/roc_curve_resnet18_tf_0_1/nested_cv_random/resnet18/repeat_10_fold_5_metrics.csv,5,1,resnet18,all,C5,Accuracy at 95% Specificity,0.8435367892976589
/scratchc/nrlab/wang04/ulyses_results_iteration/iteration_3_merge_below_3/cnn_model/cnn14/plasma_tp1_0.1x_model_C5/roc_curve_resnet18_tf_0_1/nested_cv_random/resnet18/repeat_10_fold_5_metrics.csv,5,1,resnet18,all,C5,F1 at 95% Specificity,0.8623853211009175
/scratchc/nrlab/wang04/ulyses_results_iteration/iteration_3_merge_below_3/cnn_model/cnn14/plasma_tp1_0.1x_model_C5/roc_curve_resnet18_tf_0_1/nested_cv_random/resnet18/repeat_10_fold_5_metrics.csv,5,2,resnet18,all,C5,AUROC,0.9305230288836848
/scratchc/nrlab/wang04/ulyses_results_iteration/iteration_3_merge_below_3/cnn_model/cnn14/plasma_tp1_0.1x_model_C5/roc_curve_resnet18_tf_0_1/nested_cv_random/resnet18/repeat_10_fold_5_metrics.csv,5,2,resnet18,all,C5,AUPRC,0.9756503138735432
/scratchc/nrlab/wang04/ulyses_results_iteration/iteration_3_merge_below_3/cnn_model/cnn14/plasma_tp1_0.1x_model_C5/roc_curve_resnet18_tf_0_1/nested_cv_random/resnet18/repeat_10_fold_5_metrics.csv,5,2,resnet18,all,C5,Sensitivity at 99% Specificity,0.4972677595628415
/scratchc/nrlab/wang04/ulyses_results_iteration/iteration_3_merge_below_3/cnn_model/cnn14/plasma_tp1_0.1x_model_C5/roc_curve_resnet18_tf_0_1/nested_cv_random/resnet18/repeat_10_fold_5_metrics.csv,5,2,resnet18,all,C5,PPV at 99% Specificity,1
/scratchc/nrlab/wang04/ulyses_results_iteration/iteration_3_merge_below_3/cnn_model/cnn14/plasma_tp1_0.1x_model_C5/roc_curve_resnet18_tf_0_1/nested_cv_random/resnet18/repeat_10_fold_5_metrics.csv,5,2,resnet18,all,C5,Accuracy at 99% Specificity,0.7436338797814208
/scratchc/nrlab/wang04/ulyses_results_iteration/iteration_3_merge_below_3/cnn_model/cnn14/plasma_tp1_0.1x_model_C5/roc_curve_resnet18_tf_0_1/nested_cv_random/resnet18/repeat_10_fold_5_metrics.csv,5,2,resnet18,all,C5,F1 at 99% Specificity,0.6642335766423357
/scratchc/nrlab/wang04/ulyses_results_iteration/iteration_3_merge_below_3/cnn_model/cnn14/plasma_tp1_0.1x_model_C5/roc_curve_resnet18_tf_0_1/nested_cv_random/resnet18/repeat_10_fold_5_metrics.csv,5,2,resnet18,all,C5,Sensitivity at 98% Specificity,0.4972677595628415
/scratchc/nrlab/wang04/ulyses_results_iteration/iteration_3_merge_below_3/cnn_model/cnn14/plasma_tp1_0.1x_model_C5/roc_curve_resnet18_tf_0_1/nested_cv_random/resnet18/repeat_10_fold_5_metrics.csv,5,2,resnet18,all,C5,PPV at 98% Specificity,1
/scratchc/nrlab/wang04/ulyses_results_iteration/iteration_3_merge_below_3/cnn_model/cnn14/plasma_tp1_0.1x_model_C5/roc_curve_resnet18_tf_0_1/nested_cv_random/resnet18/repeat_10_fold_5_metrics.csv,5,2,resnet18,all,C5,Accuracy at 98% Specificity,0.7386338797814207
/scratchc/nrlab/wang04/ulyses_results_iteration/iteration_3_merge_below_3/cnn_model/cnn14/plasma_tp1_0.1x_model_C5/roc_curve_resnet18_tf_0_1/nested_cv_random/resnet18/repeat_10_fold_5_metrics.csv,5,2,resnet18,all,C5,F1 at 98% Specificity,0.6642335766423357
/scratchc/nrlab/wang04/ulyses_results_iteration/iteration_3_merge_below_3/cnn_model/cnn14/plasma_tp1_0.1x_model_C5/roc_curve_resnet18_tf_0_1/nested_cv_random/resnet18/repeat_10_fold_5_metrics.csv,5,2,resnet18,all,C5,Sensitivity at 95% Specificity,0.7213114754098361
/scratchc/nrlab/wang04/ulyses_results_iteration/iteration_3_merge_below_3/cnn_model/cnn14/plasma_tp1_0.1x_model_C5/roc_curve_resnet18_tf_0_1/nested_cv_random/resnet18/repeat_10_fold_5_metrics.csv,5,2,resnet18,all,C5,PPV at 95% Specificity,0.9850746268656716
/scratchc/nrlab/wang04/ulyses_results_iteration/iteration_3_merge_below_3/cnn_model/cnn14/plasma_tp1_0.1x_model_C5/roc_curve_resnet18_tf_0_1/nested_cv_random/resnet18/repeat_10_fold_5_metrics.csv,5,2,resnet18,all,C5,Accuracy at 95% Specificity,0.8205763726255529
/scratchc/nrlab/wang04/ulyses_results_iteration/iteration_3_merge_below_3/cnn_model/cnn14/plasma_tp1_0.1x_model_C5/roc_curve_resnet18_tf_0_1/nested_cv_random/resnet18/repeat_10_fold_5_metrics.csv,5,2,resnet18,all,C5,F1 at 95% Specificity,0.832807570977918
/scratchc/nrlab/wang04/ulyses_results_iteration/iteration_3_merge_below_3/cnn_model/cnn14/plasma_tp1_0.1x_model_C5/roc_curve_resnet18_tf_0_1/nested_cv_random/resnet18/repeat_10_fold_5_metrics.csv,5,3,resnet18,all,C5,AUROC,0.9350454431751856
/scratchc/nrlab/wang04/ulyses_results_iteration/iteration_3_merge_below_3/cnn_model/cnn14/plasma_tp1_0.1x_model_C5/roc_curve_resnet18_tf_0_1/nested_cv_random/resnet18/repeat_10_fold_5_metrics.csv,5,3,resnet18,all,C5,AUPRC,0.9769361245702696
/scratchc/nrlab/wang04/ulyses_results_iteration/iteration_3_merge_below_3/cnn_model/cnn14/plasma_tp1_0.1x_model_C5/roc_curve_resnet18_tf_0_1/nested_cv_random/resnet18/repeat_10_fold_5_metrics.csv,5,3,resnet18,all,C5,Sensitivity at 99% Specificity,0.5642458100558659
/scratchc/nrlab/wang04/ulyses_results_iteration/iteration_3_merge_below_3/cnn_model/cnn14/plasma_tp1_0.1x_model_C5/roc_curve_resnet18_tf_0_1/nested_cv_random/resnet18/repeat_10_fold_5_metrics.csv,5,3,resnet18,all,C5,PPV at 99% Specificity,1
/scratchc/nrlab/wang04/ulyses_results_iteration/iteration_3_merge_below_3/cnn_model/cnn14/plasma_tp1_0.1x_model_C5/roc_curve_resnet18_tf_0_1/nested_cv_random/resnet18/repeat_10_fold_5_metrics.csv,5,3,resnet18,all,C5,Accuracy at 99% Specificity,0.7771229050279329
/scratchc/nrlab/wang04/ulyses_results_iteration/iteration_3_merge_below_3/cnn_model/cnn14/plasma_tp1_0.1x_model_C5/roc_curve_resnet18_tf_0_1/nested_cv_random/resnet18/repeat_10_fold_5_metrics.csv,5,3,resnet18,all,C5,F1 at 99% Specificity,0.7214285714285714
/scratchc/nrlab/wang04/ulyses_results_iteration/iteration_3_merge_below_3/cnn_model/cnn14/plasma_tp1_0.1x_model_C5/roc_curve_resnet18_tf_0_1/nested_cv_random/resnet18/repeat_10_fold_5_metrics.csv,5,3,resnet18,all,C5,Sensitivity at 98% Specificity,0.5642458100558659
/scratchc/nrlab/wang04/ulyses_results_iteration/iteration_3_merge_below_3/cnn_model/cnn14/plasma_tp1_0.1x_model_C5/roc_curve_resnet18_tf_0_1/nested_cv_random/resnet18/repeat_10_fold_5_metrics.csv,5,3,resnet18,all,C5,PPV at 98% Specificity,1
/scratchc/nrlab/wang04/ulyses_results_iteration/iteration_3_merge_below_3/cnn_model/cnn14/plasma_tp1_0.1x_model_C5/roc_curve_resnet18_tf_0_1/nested_cv_random/resnet18/repeat_10_fold_5_metrics.csv,5,3,resnet18,all,C5,Accuracy at 98% Specificity,0.772122905027933
/scratchc/nrlab/wang04/ulyses_results_iteration/iteration_3_merge_below_3/cnn_model/cnn14/plasma_tp1_0.1x_model_C5/roc_curve_resnet18_tf_0_1/nested_cv_random/resnet18/repeat_10_fold_5_metrics.csv,5,3,resnet18,all,C5,F1 at 98% Specificity,0.7214285714285714
/scratchc/nrlab/wang04/ulyses_results_iteration/iteration_3_merge_below_3/cnn_model/cnn14/plasma_tp1_0.1x_model_C5/roc_curve_resnet18_tf_0_1/nested_cv_random/resnet18/repeat_10_fold_5_metrics.csv,5,3,resnet18,all,C5,Sensitivity at 95% Specificity,0.6815642458100558
/scratchc/nrlab/wang04/ulyses_results_iteration/iteration_3_merge_below_3/cnn_model/cnn14/plasma_tp1_0.1x_model_C5/roc_curve_resnet18_tf_0_1/nested_cv_random/resnet18/repeat_10_fold_5_metrics.csv,5,3,resnet18,all,C5,PPV at 95% Specificity,0.9838709677419356
/scratchc/nrlab/wang04/ulyses_results_iteration/iteration_3_merge_below_3/cnn_model/cnn14/plasma_tp1_0.1x_model_C5/roc_curve_resnet18_tf_0_1/nested_cv_random/resnet18/repeat_10_fold_5_metrics.csv,5,3,resnet18,all,C5,Accuracy at 95% Specificity,0.8016030184274159
/scratchc/nrlab/wang04/ulyses_results_iteration/iteration_3_merge_below_3/cnn_model/cnn14/plasma_tp1_0.1x_model_C5/roc_curve_resnet18_tf_0_1/nested_cv_random/resnet18/repeat_10_fold_5_metrics.csv,5,3,resnet18,all,C5,F1 at 95% Specificity,0.8052805280528053
/scratchc/nrlab/wang04/ulyses_results_iteration/iteration_3_merge_below_3/cnn_model/cnn14/plasma_tp1_0.1x_model_C5/roc_curve_resnet18_tf_0_1/nested_cv_random/resnet18/repeat_10_fold_5_metrics.csv,5,4,resnet18,all,C5,AUROC,0.9254437869822486
/scratchc/nrlab/wang04/ulyses_results_iteration/iteration_3_merge_below_3/cnn_model/cnn14/plasma_tp1_0.1x_model_C5/roc_curve_resnet18_tf_0_1/nested_cv_random/resnet18/repeat_10_fold_5_metrics.csv,5,4,resnet18,all,C5,AUPRC,0.9737390946693008
/scratchc/nrlab/wang04/ulyses_results_iteration/iteration_3_merge_below_3/cnn_model/cnn14/plasma_tp1_0.1x_model_C5/roc_curve_resnet18_tf_0_1/nested_cv_random/resnet18/repeat_10_fold_5_metrics.csv,5,4,resnet18,all,C5,Sensitivity at 99% Specificity,0.5494505494505495
/scratchc/nrlab/wang04/ulyses_results_iteration/iteration_3_merge_below_3/cnn_model/cnn14/plasma_tp1_0.1x_model_C5/roc_curve_resnet18_tf_0_1/nested_cv_random/resnet18/repeat_10_fold_5_metrics.csv,5,4,resnet18,all,C5,PPV at 99% Specificity,1
/scratchc/nrlab/wang04/ulyses_results_iteration/iteration_3_merge_below_3/cnn_model/cnn14/plasma_tp1_0.1x_model_C5/roc_curve_resnet18_tf_0_1/nested_cv_random/resnet18/repeat_10_fold_5_metrics.csv,5,4,resnet18,all,C5,Accuracy at 99% Specificity,0.7697252747252747
/scratchc/nrlab/wang04/ulyses_results_iteration/iteration_3_merge_below_3/cnn_model/cnn14/plasma_tp1_0.1x_model_C5/roc_curve_resnet18_tf_0_1/nested_cv_random/resnet18/repeat_10_fold_5_metrics.csv,5,4,resnet18,all,C5,F1 at 99% Specificity,0.7092198581560284
/scratchc/nrlab/wang04/ulyses_results_iteration/iteration_3_merge_below_3/cnn_model/cnn14/plasma_tp1_0.1x_model_C5/roc_curve_resnet18_tf_0_1/nested_cv_random/resnet18/repeat_10_fold_5_metrics.csv,5,4,resnet18,all,C5,Sensitivity at 98% Specificity,0.5494505494505495
/scratchc/nrlab/wang04/ulyses_results_iteration/iteration_3_merge_below_3/cnn_model/cnn14/plasma_tp1_0.1x_model_C5/roc_curve_resnet18_tf_0_1/nested_cv_random/resnet18/repeat_10_fold_5_metrics.csv,5,4,resnet18,all,C5,PPV at 98% Specificity,1
/scratchc/nrlab/wang04/ulyses_results_iteration/iteration_3_merge_below_3/cnn_model/cnn14/plasma_tp1_0.1x_model_C5/roc_curve_resnet18_tf_0_1/nested_cv_random/resnet18/repeat_10_fold_5_metrics.csv,5,4,resnet18,all,C5,Accuracy at 98% Specificity,0.7647252747252747
/scratchc/nrlab/wang04/ulyses_results_iteration/iteration_3_merge_below_3/cnn_model/cnn14/plasma_tp1_0.1x_model_C5/roc_curve_resnet18_tf_0_1/nested_cv_random/resnet18/repeat_10_fold_5_metrics.csv,5,4,resnet18,all,C5,F1 at 98% Specificity,0.7092198581560284
/scratchc/nrlab/wang04/ulyses_results_iteration/iteration_3_merge_below_3/cnn_model/cnn14/plasma_tp1_0.1x_model_C5/roc_curve_resnet18_tf_0_1/nested_cv_random/resnet18/repeat_10_fold_5_metrics.csv,5,4,resnet18,all,C5,Sensitivity at 95% Specificity,0.6483516483516484
/scratchc/nrlab/wang04/ulyses_results_iteration/iteration_3_merge_below_3/cnn_model/cnn14/plasma_tp1_0.1x_model_C5/roc_curve_resnet18_tf_0_1/nested_cv_random/resnet18/repeat_10_fold_5_metrics.csv,5,4,resnet18,all,C5,PPV at 95% Specificity,0.9833333333333332
/scratchc/nrlab/wang04/ulyses_results_iteration/iteration_3_merge_below_3/cnn_model/cnn14/plasma_tp1_0.1x_model_C5/roc_curve_resnet18_tf_0_1/nested_cv_random/resnet18/repeat_10_fold_5_metrics.csv,5,4,resnet18,all,C5,Accuracy at 95% Specificity,0.7845604395604395
/scratchc/nrlab/wang04/ulyses_results_iteration/iteration_3_merge_below_3/cnn_model/cnn14/plasma_tp1_0.1x_model_C5/roc_curve_resnet18_tf_0_1/nested_cv_random/resnet18/repeat_10_fold_5_metrics.csv,5,4,resnet18,all,C5,F1 at 95% Specificity,0.7814569536423841
/scratchc/nrlab/wang04/ulyses_results_iteration/iteration_3_merge_below_3/cnn_model/cnn14/plasma_tp1_0.1x_model_C5/roc_curve_resnet18_tf_0_1/nested_cv_random/resnet18/repeat_10_fold_5_metrics.csv,6,1,resnet18,all,C5,AUROC,0.9272415272415272
/scratchc/nrlab/wang04/ulyses_results_iteration/iteration_3_merge_below_3/cnn_model/cnn14/plasma_tp1_0.1x_model_C5/roc_curve_resnet18_tf_0_1/nested_cv_random/resnet18/repeat_10_fold_5_metrics.csv,6,1,resnet18,all,C5,AUPRC,0.9728653595263168
/scratchc/nrlab/wang04/ulyses_results_iteration/iteration_3_merge_below_3/cnn_model/cnn14/plasma_tp1_0.1x_model_C5/roc_curve_resnet18_tf_0_1/nested_cv_random/resnet18/repeat_10_fold_5_metrics.csv,6,1,resnet18,all,C5,Sensitivity at 99% Specificity,0.4
/scratchc/nrlab/wang04/ulyses_results_iteration/iteration_3_merge_below_3/cnn_model/cnn14/plasma_tp1_0.1x_model_C5/roc_curve_resnet18_tf_0_1/nested_cv_random/resnet18/repeat_10_fold_5_metrics.csv,6,1,resnet18,all,C5,PPV at 99% Specificity,1
/scratchc/nrlab/wang04/ulyses_results_iteration/iteration_3_merge_below_3/cnn_model/cnn14/plasma_tp1_0.1x_model_C5/roc_curve_resnet18_tf_0_1/nested_cv_random/resnet18/repeat_10_fold_5_metrics.csv,6,1,resnet18,all,C5,Accuracy at 99% Specificity,0.6950000000000001
/scratchc/nrlab/wang04/ulyses_results_iteration/iteration_3_merge_below_3/cnn_model/cnn14/plasma_tp1_0.1x_model_C5/roc_curve_resnet18_tf_0_1/nested_cv_random/resnet18/repeat_10_fold_5_metrics.csv,6,1,resnet18,all,C5,F1 at 99% Specificity,0.5714285714285714
/scratchc/nrlab/wang04/ulyses_results_iteration/iteration_3_merge_below_3/cnn_model/cnn14/plasma_tp1_0.1x_model_C5/roc_curve_resnet18_tf_0_1/nested_cv_random/resnet18/repeat_10_fold_5_metrics.csv,6,1,resnet18,all,C5,Sensitivity at 98% Specificity,0.4
/scratchc/nrlab/wang04/ulyses_results_iteration/iteration_3_merge_below_3/cnn_model/cnn14/plasma_tp1_0.1x_model_C5/roc_curve_resnet18_tf_0_1/nested_cv_random/resnet18/repeat_10_fold_5_metrics.csv,6,1,resnet18,all,C5,PPV at 98% Specificity,1
/scratchc/nrlab/wang04/ulyses_results_iteration/iteration_3_merge_below_3/cnn_model/cnn14/plasma_tp1_0.1x_model_C5/roc_curve_resnet18_tf_0_1/nested_cv_random/resnet18/repeat_10_fold_5_metrics.csv,6,1,resnet18,all,C5,Accuracy at 98% Specificity,0.69
/scratchc/nrlab/wang04/ulyses_results_iteration/iteration_3_merge_below_3/cnn_model/cnn14/plasma_tp1_0.1x_model_C5/roc_curve_resnet18_tf_0_1/nested_cv_random/resnet18/repeat_10_fold_5_metrics.csv,6,1,resnet18,all,C5,F1 at 98% Specificity,0.5714285714285714
/scratchc/nrlab/wang04/ulyses_results_iteration/iteration_3_merge_below_3/cnn_model/cnn14/plasma_tp1_0.1x_model_C5/roc_curve_resnet18_tf_0_1/nested_cv_random/resnet18/repeat_10_fold_5_metrics.csv,6,1,resnet18,all,C5,Sensitivity at 95% Specificity,0.5837837837837838
/scratchc/nrlab/wang04/ulyses_results_iteration/iteration_3_merge_below_3/cnn_model/cnn14/plasma_tp1_0.1x_model_C5/roc_curve_resnet18_tf_0_1/nested_cv_random/resnet18/repeat_10_fold_5_metrics.csv,6,1,resnet18,all,C5,PPV at 95% Specificity,0.9818181818181818
/scratchc/nrlab/wang04/ulyses_results_iteration/iteration_3_merge_below_3/cnn_model/cnn14/plasma_tp1_0.1x_model_C5/roc_curve_resnet18_tf_0_1/nested_cv_random/resnet18/repeat_10_fold_5_metrics.csv,6,1,resnet18,all,C5,Accuracy at 95% Specificity,0.7518125268125269
/scratchc/nrlab/wang04/ulyses_results_iteration/iteration_3_merge_below_3/cnn_model/cnn14/plasma_tp1_0.1x_model_C5/roc_curve_resnet18_tf_0_1/nested_cv_random/resnet18/repeat_10_fold_5_metrics.csv,6,1,resnet18,all,C5,F1 at 95% Specificity,0.7322033898305085
/scratchc/nrlab/wang04/ulyses_results_iteration/iteration_3_merge_below_3/cnn_model/cnn14/plasma_tp1_0.1x_model_C5/roc_curve_resnet18_tf_0_1/nested_cv_random/resnet18/repeat_10_fold_5_metrics.csv,6,2,resnet18,all,C5,AUROC,0.9454775993237532
/scratchc/nrlab/wang04/ulyses_results_iteration/iteration_3_merge_below_3/cnn_model/cnn14/plasma_tp1_0.1x_model_C5/roc_curve_resnet18_tf_0_1/nested_cv_random/resnet18/repeat_10_fold_5_metrics.csv,6,2,resnet18,all,C5,AUPRC,0.9797806706548204
/scratchc/nrlab/wang04/ulyses_results_iteration/iteration_3_merge_below_3/cnn_model/cnn14/plasma_tp1_0.1x_model_C5/roc_curve_resnet18_tf_0_1/nested_cv_random/resnet18/repeat_10_fold_5_metrics.csv,6,2,resnet18,all,C5,Sensitivity at 99% Specificity,0.46703296703296704
/scratchc/nrlab/wang04/ulyses_results_iteration/iteration_3_merge_below_3/cnn_model/cnn14/plasma_tp1_0.1x_model_C5/roc_curve_resnet18_tf_0_1/nested_cv_random/resnet18/repeat_10_fold_5_metrics.csv,6,2,resnet18,all,C5,PPV at 99% Specificity,1
/scratchc/nrlab/wang04/ulyses_results_iteration/iteration_3_merge_below_3/cnn_model/cnn14/plasma_tp1_0.1x_model_C5/roc_curve_resnet18_tf_0_1/nested_cv_random/resnet18/repeat_10_fold_5_metrics.csv,6,2,resnet18,all,C5,Accuracy at 99% Specificity,0.7285164835164835
/scratchc/nrlab/wang04/ulyses_results_iteration/iteration_3_merge_below_3/cnn_model/cnn14/plasma_tp1_0.1x_model_C5/roc_curve_resnet18_tf_0_1/nested_cv_random/resnet18/repeat_10_fold_5_metrics.csv,6,2,resnet18,all,C5,F1 at 99% Specificity,0.6367041198501873
/scratchc/nrlab/wang04/ulyses_results_iteration/iteration_3_merge_below_3/cnn_model/cnn14/plasma_tp1_0.1x_model_C5/roc_curve_resnet18_tf_0_1/nested_cv_random/resnet18/repeat_10_fold_5_metrics.csv,6,2,resnet18,all,C5,Sensitivity at 98% Specificity,0.46703296703296704
/scratchc/nrlab/wang04/ulyses_results_iteration/iteration_3_merge_below_3/cnn_model/cnn14/plasma_tp1_0.1x_model_C5/roc_curve_resnet18_tf_0_1/nested_cv_random/resnet18/repeat_10_fold_5_metrics.csv,6,2,resnet18,all,C5,PPV at 98% Specificity,1
/scratchc/nrlab/wang04/ulyses_results_iteration/iteration_3_merge_below_3/cnn_model/cnn14/plasma_tp1_0.1x_model_C5/roc_curve_resnet18_tf_0_1/nested_cv_random/resnet18/repeat_10_fold_5_metrics.csv,6,2,resnet18,all,C5,Accuracy at 98% Specificity,0.7235164835164836
/scratchc/nrlab/wang04/ulyses_results_iteration/iteration_3_merge_below_3/cnn_model/cnn14/plasma_tp1_0.1x_model_C5/roc_curve_resnet18_tf_0_1/nested_cv_random/resnet18/repeat_10_fold_5_metrics.csv,6,2,resnet18,all,C5,F1 at 98% Specificity,0.6367041198501873
/scratchc/nrlab/wang04/ulyses_results_iteration/iteration_3_merge_below_3/cnn_model/cnn14/plasma_tp1_0.1x_model_C5/roc_curve_resnet18_tf_0_1/nested_cv_random/resnet18/repeat_10_fold_5_metrics.csv,6,2,resnet18,all,C5,Sensitivity at 95% Specificity,0.7527472527472527
/scratchc/nrlab/wang04/ulyses_results_iteration/iteration_3_merge_below_3/cnn_model/cnn14/plasma_tp1_0.1x_model_C5/roc_curve_resnet18_tf_0_1/nested_cv_random/resnet18/repeat_10_fold_5_metrics.csv,6,2,resnet18,all,C5,PPV at 95% Specificity,0.9856115107913668
/scratchc/nrlab/wang04/ulyses_results_iteration/iteration_3_merge_below_3/cnn_model/cnn14/plasma_tp1_0.1x_model_C5/roc_curve_resnet18_tf_0_1/nested_cv_random/resnet18/repeat_10_fold_5_metrics.csv,6,2,resnet18,all,C5,Accuracy at 95% Specificity,0.8367582417582418
/scratchc/nrlab/wang04/ulyses_results_iteration/iteration_3_merge_below_3/cnn_model/cnn14/plasma_tp1_0.1x_model_C5/roc_curve_resnet18_tf_0_1/nested_cv_random/resnet18/repeat_10_fold_5_metrics.csv,6,2,resnet18,all,C5,F1 at 95% Specificity,0.8535825545171339
/scratchc/nrlab/wang04/ulyses_results_iteration/iteration_3_merge_below_3/cnn_model/cnn14/plasma_tp1_0.1x_model_C5/roc_curve_resnet18_tf_0_1/nested_cv_random/resnet18/repeat_10_fold_5_metrics.csv,6,3,resnet18,all,C5,AUROC,0.9342566619915847
/scratchc/nrlab/wang04/ulyses_results_iteration/iteration_3_merge_below_3/cnn_model/cnn14/plasma_tp1_0.1x_model_C5/roc_curve_resnet18_tf_0_1/nested_cv_random/resnet18/repeat_10_fold_5_metrics.csv,6,3,resnet18,all,C5,AUPRC,0.9778672976245608
/scratchc/nrlab/wang04/ulyses_results_iteration/iteration_3_merge_below_3/cnn_model/cnn14/plasma_tp1_0.1x_model_C5/roc_curve_resnet18_tf_0_1/nested_cv_random/resnet18/repeat_10_fold_5_metrics.csv,6,3,resnet18,all,C5,Sensitivity at 99% Specificity,0.5652173913043478
/scratchc/nrlab/wang04/ulyses_results_iteration/iteration_3_merge_below_3/cnn_model/cnn14/plasma_tp1_0.1x_model_C5/roc_curve_resnet18_tf_0_1/nested_cv_random/resnet18/repeat_10_fold_5_metrics.csv,6,3,resnet18,all,C5,PPV at 99% Specificity,1
/scratchc/nrlab/wang04/ulyses_results_iteration/iteration_3_merge_below_3/cnn_model/cnn14/plasma_tp1_0.1x_model_C5/roc_curve_resnet18_tf_0_1/nested_cv_random/resnet18/repeat_10_fold_5_metrics.csv,6,3,resnet18,all,C5,Accuracy at 99% Specificity,0.7776086956521739
/scratchc/nrlab/wang04/ulyses_results_iteration/iteration_3_merge_below_3/cnn_model/cnn14/plasma_tp1_0.1x_model_C5/roc_curve_resnet18_tf_0_1/nested_cv_random/resnet18/repeat_10_fold_5_metrics.csv,6,3,resnet18,all,C5,F1 at 99% Specificity,0.7222222222222222
/scratchc/nrlab/wang04/ulyses_results_iteration/iteration_3_merge_below_3/cnn_model/cnn14/plasma_tp1_0.1x_model_C5/roc_curve_resnet18_tf_0_1/nested_cv_random/resnet18/repeat_10_fold_5_metrics.csv,6,3,resnet18,all,C5,Sensitivity at 98% Specificity,0.5652173913043478
/scratchc/nrlab/wang04/ulyses_results_iteration/iteration_3_merge_below_3/cnn_model/cnn14/plasma_tp1_0.1x_model_C5/roc_curve_resnet18_tf_0_1/nested_cv_random/resnet18/repeat_10_fold_5_metrics.csv,6,3,resnet18,all,C5,PPV at 98% Specificity,1
/scratchc/nrlab/wang04/ulyses_results_iteration/iteration_3_merge_below_3/cnn_model/cnn14/plasma_tp1_0.1x_model_C5/roc_curve_resnet18_tf_0_1/nested_cv_random/resnet18/repeat_10_fold_5_metrics.csv,6,3,resnet18,all,C5,Accuracy at 98% Specificity,0.7726086956521738
/scratchc/nrlab/wang04/ulyses_results_iteration/iteration_3_merge_below_3/cnn_model/cnn14/plasma_tp1_0.1x_model_C5/roc_curve_resnet18_tf_0_1/nested_cv_random/resnet18/repeat_10_fold_5_metrics.csv,6,3,resnet18,all,C5,F1 at 98% Specificity,0.7222222222222222
/scratchc/nrlab/wang04/ulyses_results_iteration/iteration_3_merge_below_3/cnn_model/cnn14/plasma_tp1_0.1x_model_C5/roc_curve_resnet18_tf_0_1/nested_cv_random/resnet18/repeat_10_fold_5_metrics.csv,6,3,resnet18,all,C5,Sensitivity at 95% Specificity,0.7391304347826086
/scratchc/nrlab/wang04/ulyses_results_iteration/iteration_3_merge_below_3/cnn_model/cnn14/plasma_tp1_0.1x_model_C5/roc_curve_resnet18_tf_0_1/nested_cv_random/resnet18/repeat_10_fold_5_metrics.csv,6,3,resnet18,all,C5,PPV at 95% Specificity,0.9855072463768116
/scratchc/nrlab/wang04/ulyses_results_iteration/iteration_3_merge_below_3/cnn_model/cnn14/plasma_tp1_0.1x_model_C5/roc_curve_resnet18_tf_0_1/nested_cv_random/resnet18/repeat_10_fold_5_metrics.csv,6,3,resnet18,all,C5,Accuracy at 95% Specificity,0.829242636746143
/scratchc/nrlab/wang04/ulyses_results_iteration/iteration_3_merge_below_3/cnn_model/cnn14/plasma_tp1_0.1x_model_C5/roc_curve_resnet18_tf_0_1/nested_cv_random/resnet18/repeat_10_fold_5_metrics.csv,6,3,resnet18,all,C5,F1 at 95% Specificity,0.84472049689441
/scratchc/nrlab/wang04/ulyses_results_iteration/iteration_3_merge_below_3/cnn_model/cnn14/plasma_tp1_0.1x_model_C5/roc_curve_resnet18_tf_0_1/nested_cv_random/resnet18/repeat_10_fold_5_metrics.csv,6,4,resnet18,all,C5,AUROC,0.9323204419889504
/scratchc/nrlab/wang04/ulyses_results_iteration/iteration_3_merge_below_3/cnn_model/cnn14/plasma_tp1_0.1x_model_C5/roc_curve_resnet18_tf_0_1/nested_cv_random/resnet18/repeat_10_fold_5_metrics.csv,6,4,resnet18,all,C5,AUPRC,0.975941385768558
/scratchc/nrlab/wang04/ulyses_results_iteration/iteration_3_merge_below_3/cnn_model/cnn14/plasma_tp1_0.1x_model_C5/roc_curve_resnet18_tf_0_1/nested_cv_random/resnet18/repeat_10_fold_5_metrics.csv,6,4,resnet18,all,C5,Sensitivity at 99% Specificity,0.6574585635359116
/scratchc/nrlab/wang04/ulyses_results_iteration/iteration_3_merge_below_3/cnn_model/cnn14/plasma_tp1_0.1x_model_C5/roc_curve_resnet18_tf_0_1/nested_cv_random/resnet18/repeat_10_fold_5_metrics.csv,6,4,resnet18,all,C5,PPV at 99% Specificity,1
/scratchc/nrlab/wang04/ulyses_results_iteration/iteration_3_merge_below_3/cnn_model/cnn14/plasma_tp1_0.1x_model_C5/roc_curve_resnet18_tf_0_1/nested_cv_random/resnet18/repeat_10_fold_5_metrics.csv,6,4,resnet18,all,C5,Accuracy at 99% Specificity,0.8237292817679558
/scratchc/nrlab/wang04/ulyses_results_iteration/iteration_3_merge_below_3/cnn_model/cnn14/plasma_tp1_0.1x_model_C5/roc_curve_resnet18_tf_0_1/nested_cv_random/resnet18/repeat_10_fold_5_metrics.csv,6,4,resnet18,all,C5,F1 at 99% Specificity,0.7933333333333333
/scratchc/nrlab/wang04/ulyses_results_iteration/iteration_3_merge_below_3/cnn_model/cnn14/plasma_tp1_0.1x_model_C5/roc_curve_resnet18_tf_0_1/nested_cv_random/resnet18/repeat_10_fold_5_metrics.csv,6,4,resnet18,all,C5,Sensitivity at 98% Specificity,0.6574585635359116
/scratchc/nrlab/wang04/ulyses_results_iteration/iteration_3_merge_below_3/cnn_model/cnn14/plasma_tp1_0.1x_model_C5/roc_curve_resnet18_tf_0_1/nested_cv_random/resnet18/repeat_10_fold_5_metrics.csv,6,4,resnet18,all,C5,PPV at 98% Specificity,1
/scratchc/nrlab/wang04/ulyses_results_iteration/iteration_3_merge_below_3/cnn_model/cnn14/plasma_tp1_0.1x_model_C5/roc_curve_resnet18_tf_0_1/nested_cv_random/resnet18/repeat_10_fold_5_metrics.csv,6,4,resnet18,all,C5,Accuracy at 98% Specificity,0.8187292817679558
/scratchc/nrlab/wang04/ulyses_results_iteration/iteration_3_merge_below_3/cnn_model/cnn14/plasma_tp1_0.1x_model_C5/roc_curve_resnet18_tf_0_1/nested_cv_random/resnet18/repeat_10_fold_5_metrics.csv,6,4,resnet18,all,C5,F1 at 98% Specificity,0.7933333333333333
/scratchc/nrlab/wang04/ulyses_results_iteration/iteration_3_merge_below_3/cnn_model/cnn14/plasma_tp1_0.1x_model_C5/roc_curve_resnet18_tf_0_1/nested_cv_random/resnet18/repeat_10_fold_5_metrics.csv,6,4,resnet18,all,C5,Sensitivity at 95% Specificity,0.7348066298342542
/scratchc/nrlab/wang04/ulyses_results_iteration/iteration_3_merge_below_3/cnn_model/cnn14/plasma_tp1_0.1x_model_C5/roc_curve_resnet18_tf_0_1/nested_cv_random/resnet18/repeat_10_fold_5_metrics.csv,6,4,resnet18,all,C5,PPV at 95% Specificity,0.9851851851851852
/scratchc/nrlab/wang04/ulyses_results_iteration/iteration_3_merge_below_3/cnn_model/cnn14/plasma_tp1_0.1x_model_C5/roc_curve_resnet18_tf_0_1/nested_cv_random/resnet18/repeat_10_fold_5_metrics.csv,6,4,resnet18,all,C5,Accuracy at 95% Specificity,0.828432726681833
/scratchc/nrlab/wang04/ulyses_results_iteration/iteration_3_merge_below_3/cnn_model/cnn14/plasma_tp1_0.1x_model_C5/roc_curve_resnet18_tf_0_1/nested_cv_random/resnet18/repeat_10_fold_5_metrics.csv,6,4,resnet18,all,C5,F1 at 95% Specificity,0.8417721518987342
/scratchc/nrlab/wang04/ulyses_results_iteration/iteration_3_merge_below_3/cnn_model/cnn14/plasma_tp1_0.1x_model_C5/roc_curve_resnet18_tf_0_1/nested_cv_random/resnet18/repeat_10_fold_5_metrics.csv,6,5,resnet18,all,C5,AUROC,0.9379767827529022
/scratchc/nrlab/wang04/ulyses_results_iteration/iteration_3_merge_below_3/cnn_model/cnn14/plasma_tp1_0.1x_model_C5/roc_curve_resnet18_tf_0_1/nested_cv_random/resnet18/repeat_10_fold_5_metrics.csv,6,5,resnet18,all,C5,AUPRC,0.9779375664424318
/scratchc/nrlab/wang04/ulyses_results_iteration/iteration_3_merge_below_3/cnn_model/cnn14/plasma_tp1_0.1x_model_C5/roc_curve_resnet18_tf_0_1/nested_cv_random/resnet18/repeat_10_fold_5_metrics.csv,6,5,resnet18,all,C5,Sensitivity at 99% Specificity,0.6722222222222223
/scratchc/nrlab/wang04/ulyses_results_iteration/iteration_3_merge_below_3/cnn_model/cnn14/plasma_tp1_0.1x_model_C5/roc_curve_resnet18_tf_0_1/nested_cv_random/resnet18/repeat_10_fold_5_metrics.csv,6,5,resnet18,all,C5,PPV at 99% Specificity,1
/scratchc/nrlab/wang04/ulyses_results_iteration/iteration_3_merge_below_3/cnn_model/cnn14/plasma_tp1_0.1x_model_C5/roc_curve_resnet18_tf_0_1/nested_cv_random/resnet18/repeat_10_fold_5_metrics.csv,6,5,resnet18,all,C5,Accuracy at 99% Specificity,0.8311111111111111
/scratchc/nrlab/wang04/ulyses_results_iteration/iteration_3_merge_below_3/cnn_model/cnn14/plasma_tp1_0.1x_model_C5/roc_curve_resnet18_tf_0_1/nested_cv_random/resnet18/repeat_10_fold_5_metrics.csv,6,5,resnet18,all,C5,F1 at 99% Specificity,0.8039867109634552
/scratchc/nrlab/wang04/ulyses_results_iteration/iteration_3_merge_below_3/cnn_model/cnn14/plasma_tp1_0.1x_model_C5/roc_curve_resnet18_tf_0_1/nested_cv_random/resnet18/repeat_10_fold_5_metrics.csv,6,5,resnet18,all,C5,Sensitivity at 98% Specificity,0.6722222222222223
/scratchc/nrlab/wang04/ulyses_results_iteration/iteration_3_merge_below_3/cnn_model/cnn14/plasma_tp1_0.1x_model_C5/roc_curve_resnet18_tf_0_1/nested_cv_random/resnet18/repeat_10_fold_5_metrics.csv,6,5,resnet18,all,C5,PPV at 98% Specificity,1
/scratchc/nrlab/wang04/ulyses_results_iteration/iteration_3_merge_below_3/cnn_model/cnn14/plasma_tp1_0.1x_model_C5/roc_curve_resnet18_tf_0_1/nested_cv_random/resnet18/repeat_10_fold_5_metrics.csv,6,5,resnet18,all,C5,Accuracy at 98% Specificity,0.8261111111111111
/scratchc/nrlab/wang04/ulyses_results_iteration/iteration_3_merge_below_3/cnn_model/cnn14/plasma_tp1_0.1x_model_C5/roc_curve_resnet18_tf_0_1/nested_cv_random/resnet18/repeat_10_fold_5_metrics.csv,6,5,resnet18,all,C5,F1 at 98% Specificity,0.8039867109634552
/scratchc/nrlab/wang04/ulyses_results_iteration/iteration_3_merge_below_3/cnn_model/cnn14/plasma_tp1_0.1x_model_C5/roc_curve_resnet18_tf_0_1/nested_cv_random/resnet18/repeat_10_fold_5_metrics.csv,6,5,resnet18,all,C5,Sensitivity at 95% Specificity,0.7333333333333333
/scratchc/nrlab/wang04/ulyses_results_iteration/iteration_3_merge_below_3/cnn_model/cnn14/plasma_tp1_0.1x_model_C5/roc_curve_resnet18_tf_0_1/nested_cv_random/resnet18/repeat_10_fold_5_metrics.csv,6,5,resnet18,all,C5,PPV at 95% Specificity,0.9850746268656716
/scratchc/nrlab/wang04/ulyses_results_iteration/iteration_3_merge_below_3/cnn_model/cnn14/plasma_tp1_0.1x_model_C5/roc_curve_resnet18_tf_0_1/nested_cv_random/resnet18/repeat_10_fold_5_metrics.csv,6,5,resnet18,all,C5,Accuracy at 95% Specificity,0.8274875621890547
/scratchc/nrlab/wang04/ulyses_results_iteration/iteration_3_merge_below_3/cnn_model/cnn14/plasma_tp1_0.1x_model_C5/roc_curve_resnet18_tf_0_1/nested_cv_random/resnet18/repeat_10_fold_5_metrics.csv,6,5,resnet18,all,C5,F1 at 95% Specificity,0.8407643312101911
/scratchc/nrlab/wang04/ulyses_results_iteration/iteration_3_merge_below_3/cnn_model/cnn14/plasma_tp1_0.1x_model_C5/roc_curve_resnet18_tf_0_1/nested_cv_random/resnet18/repeat_10_fold_5_metrics.csv,7,1,resnet18,all,C5,AUROC,0.9638831967213116
/scratchc/nrlab/wang04/ulyses_results_iteration/iteration_3_merge_below_3/cnn_model/cnn14/plasma_tp1_0.1x_model_C5/roc_curve_resnet18_tf_0_1/nested_cv_random/resnet18/repeat_10_fold_5_metrics.csv,7,1,resnet18,all,C5,AUPRC,0.9870983264232108
/scratchc/nrlab/wang04/ulyses_results_iteration/iteration_3_merge_below_3/cnn_model/cnn14/plasma_tp1_0.1x_model_C5/roc_curve_resnet18_tf_0_1/nested_cv_random/resnet18/repeat_10_fold_5_metrics.csv,7,1,resnet18,all,C5,Sensitivity at 99% Specificity,0.5519125683060109
/scratchc/nrlab/wang04/ulyses_results_iteration/iteration_3_merge_below_3/cnn_model/cnn14/plasma_tp1_0.1x_model_C5/roc_curve_resnet18_tf_0_1/nested_cv_random/resnet18/repeat_10_fold_5_metrics.csv,7,1,resnet18,all,C5,PPV at 99% Specificity,1
/scratchc/nrlab/wang04/ulyses_results_iteration/iteration_3_merge_below_3/cnn_model/cnn14/plasma_tp1_0.1x_model_C5/roc_curve_resnet18_tf_0_1/nested_cv_random/resnet18/repeat_10_fold_5_metrics.csv,7,1,resnet18,all,C5,Accuracy at 99% Specificity,0.7709562841530054
/scratchc/nrlab/wang04/ulyses_results_iteration/iteration_3_merge_below_3/cnn_model/cnn14/plasma_tp1_0.1x_model_C5/roc_curve_resnet18_tf_0_1/nested_cv_random/resnet18/repeat_10_fold_5_metrics.csv,7,1,resnet18,all,C5,F1 at 99% Specificity,0.7112676056338029
/scratchc/nrlab/wang04/ulyses_results_iteration/iteration_3_merge_below_3/cnn_model/cnn14/plasma_tp1_0.1x_model_C5/roc_curve_resnet18_tf_0_1/nested_cv_random/resnet18/repeat_10_fold_5_metrics.csv,7,1,resnet18,all,C5,Sensitivity at 98% Specificity,0.5519125683060109
/scratchc/nrlab/wang04/ulyses_results_iteration/iteration_3_merge_below_3/cnn_model/cnn14/plasma_tp1_0.1x_model_C5/roc_curve_resnet18_tf_0_1/nested_cv_random/resnet18/repeat_10_fold_5_metrics.csv,7,1,resnet18,all,C5,PPV at 98% Specificity,1
/scratchc/nrlab/wang04/ulyses_results_iteration/iteration_3_merge_below_3/cnn_model/cnn14/plasma_tp1_0.1x_model_C5/roc_curve_resnet18_tf_0_1/nested_cv_random/resnet18/repeat_10_fold_5_metrics.csv,7,1,resnet18,all,C5,Accuracy at 98% Specificity,0.7659562841530054
/scratchc/nrlab/wang04/ulyses_results_iteration/iteration_3_merge_below_3/cnn_model/cnn14/plasma_tp1_0.1x_model_C5/roc_curve_resnet18_tf_0_1/nested_cv_random/resnet18/repeat_10_fold_5_metrics.csv,7,1,resnet18,all,C5,F1 at 98% Specificity,0.7112676056338029
/scratchc/nrlab/wang04/ulyses_results_iteration/iteration_3_merge_below_3/cnn_model/cnn14/plasma_tp1_0.1x_model_C5/roc_curve_resnet18_tf_0_1/nested_cv_random/resnet18/repeat_10_fold_5_metrics.csv,7,1,resnet18,all,C5,Sensitivity at 95% Specificity,0.8142076502732241
/scratchc/nrlab/wang04/ulyses_results_iteration/iteration_3_merge_below_3/cnn_model/cnn14/plasma_tp1_0.1x_model_C5/roc_curve_resnet18_tf_0_1/nested_cv_random/resnet18/repeat_10_fold_5_metrics.csv,7,1,resnet18,all,C5,PPV at 95% Specificity,0.9867549668874172
/scratchc/nrlab/wang04/ulyses_results_iteration/iteration_3_merge_below_3/cnn_model/cnn14/plasma_tp1_0.1x_model_C5/roc_curve_resnet18_tf_0_1/nested_cv_random/resnet18/repeat_10_fold_5_metrics.csv,7,1,resnet18,all,C5,Accuracy at 95% Specificity,0.867260075136612
/scratchc/nrlab/wang04/ulyses_results_iteration/iteration_3_merge_below_3/cnn_model/cnn14/plasma_tp1_0.1x_model_C5/roc_curve_resnet18_tf_0_1/nested_cv_random/resnet18/repeat_10_fold_5_metrics.csv,7,1,resnet18,all,C5,F1 at 95% Specificity,0.8922155688622755
/scratchc/nrlab/wang04/ulyses_results_iteration/iteration_3_merge_below_3/cnn_model/cnn14/plasma_tp1_0.1x_model_C5/roc_curve_resnet18_tf_0_1/nested_cv_random/resnet18/repeat_10_fold_5_metrics.csv,7,2,resnet18,all,C5,AUROC,0.9363046448087432
/scratchc/nrlab/wang04/ulyses_results_iteration/iteration_3_merge_below_3/cnn_model/cnn14/plasma_tp1_0.1x_model_C5/roc_curve_resnet18_tf_0_1/nested_cv_random/resnet18/repeat_10_fold_5_metrics.csv,7,2,resnet18,all,C5,AUPRC,0.978565129955438
/scratchc/nrlab/wang04/ulyses_results_iteration/iteration_3_merge_below_3/cnn_model/cnn14/plasma_tp1_0.1x_model_C5/roc_curve_resnet18_tf_0_1/nested_cv_random/resnet18/repeat_10_fold_5_metrics.csv,7,2,resnet18,all,C5,Sensitivity at 99% Specificity,0.6830601092896175
/scratchc/nrlab/wang04/ulyses_results_iteration/iteration_3_merge_below_3/cnn_model/cnn14/plasma_tp1_0.1x_model_C5/roc_curve_resnet18_tf_0_1/nested_cv_random/resnet18/repeat_10_fold_5_metrics.csv,7,2,resnet18,all,C5,PPV at 99% Specificity,1
/scratchc/nrlab/wang04/ulyses_results_iteration/iteration_3_merge_below_3/cnn_model/cnn14/plasma_tp1_0.1x_model_C5/roc_curve_resnet18_tf_0_1/nested_cv_random/resnet18/repeat_10_fold_5_metrics.csv,7,2,resnet18,all,C5,Accuracy at 99% Specificity,0.8365300546448087
/scratchc/nrlab/wang04/ulyses_results_iteration/iteration_3_merge_below_3/cnn_model/cnn14/plasma_tp1_0.1x_model_C5/roc_curve_resnet18_tf_0_1/nested_cv_random/resnet18/repeat_10_fold_5_metrics.csv,7,2,resnet18,all,C5,F1 at 99% Specificity,0.8116883116883117
/scratchc/nrlab/wang04/ulyses_results_iteration/iteration_3_merge_below_3/cnn_model/cnn14/plasma_tp1_0.1x_model_C5/roc_curve_resnet18_tf_0_1/nested_cv_random/resnet18/repeat_10_fold_5_metrics.csv,7,2,resnet18,all,C5,Sensitivity at 98% Specificity,0.6830601092896175
/scratchc/nrlab/wang04/ulyses_results_iteration/iteration_3_merge_below_3/cnn_model/cnn14/plasma_tp1_0.1x_model_C5/roc_curve_resnet18_tf_0_1/nested_cv_random/resnet18/repeat_10_fold_5_metrics.csv,7,2,resnet18,all,C5,PPV at 98% Specificity,1
/scratchc/nrlab/wang04/ulyses_results_iteration/iteration_3_merge_below_3/cnn_model/cnn14/plasma_tp1_0.1x_model_C5/roc_curve_resnet18_tf_0_1/nested_cv_random/resnet18/repeat_10_fold_5_metrics.csv,7,2,resnet18,all,C5,Accuracy at 98% Specificity,0.8315300546448088
/scratchc/nrlab/wang04/ulyses_results_iteration/iteration_3_merge_below_3/cnn_model/cnn14/plasma_tp1_0.1x_model_C5/roc_curve_resnet18_tf_0_1/nested_cv_random/resnet18/repeat_10_fold_5_metrics.csv,7,2,resnet18,all,C5,F1 at 98% Specificity,0.8116883116883117
/scratchc/nrlab/wang04/ulyses_results_iteration/iteration_3_merge_below_3/cnn_model/cnn14/plasma_tp1_0.1x_model_C5/roc_curve_resnet18_tf_0_1/nested_cv_random/resnet18/repeat_10_fold_5_metrics.csv,7,2,resnet18,all,C5,Sensitivity at 95% Specificity,0.7158469945355191
/scratchc/nrlab/wang04/ulyses_results_iteration/iteration_3_merge_below_3/cnn_model/cnn14/plasma_tp1_0.1x_model_C5/roc_curve_resnet18_tf_0_1/nested_cv_random/resnet18/repeat_10_fold_5_metrics.csv,7,2,resnet18,all,C5,PPV at 95% Specificity,0.9849624060150376
/scratchc/nrlab/wang04/ulyses_results_iteration/iteration_3_merge_below_3/cnn_model/cnn14/plasma_tp1_0.1x_model_C5/roc_curve_resnet18_tf_0_1/nested_cv_random/resnet18/repeat_10_fold_5_metrics.csv,7,2,resnet18,all,C5,Accuracy at 95% Specificity,0.8180797472677596
/scratchc/nrlab/wang04/ulyses_results_iteration/iteration_3_merge_below_3/cnn_model/cnn14/plasma_tp1_0.1x_model_C5/roc_curve_resnet18_tf_0_1/nested_cv_random/resnet18/repeat_10_fold_5_metrics.csv,7,2,resnet18,all,C5,F1 at 95% Specificity,0.8291139240506329
/scratchc/nrlab/wang04/ulyses_results_iteration/iteration_3_merge_below_3/cnn_model/cnn14/plasma_tp1_0.1x_model_C5/roc_curve_resnet18_tf_0_1/nested_cv_random/resnet18/repeat_10_fold_5_metrics.csv,7,3,resnet18,all,C5,AUROC,0.9155061141304348
/scratchc/nrlab/wang04/ulyses_results_iteration/iteration_3_merge_below_3/cnn_model/cnn14/plasma_tp1_0.1x_model_C5/roc_curve_resnet18_tf_0_1/nested_cv_random/resnet18/repeat_10_fold_5_metrics.csv,7,3,resnet18,all,C5,AUPRC,0.9640540895552304
/scratchc/nrlab/wang04/ulyses_results_iteration/iteration_3_merge_below_3/cnn_model/cnn14/plasma_tp1_0.1x_model_C5/roc_curve_resnet18_tf_0_1/nested_cv_random/resnet18/repeat_10_fold_5_metrics.csv,7,3,resnet18,all,C5,Sensitivity at 99% Specificity,0.10869565217391304
/scratchc/nrlab/wang04/ulyses_results_iteration/iteration_3_merge_below_3/cnn_model/cnn14/plasma_tp1_0.1x_model_C5/roc_curve_resnet18_tf_0_1/nested_cv_random/resnet18/repeat_10_fold_5_metrics.csv,7,3,resnet18,all,C5,PPV at 99% Specificity,1
/scratchc/nrlab/wang04/ulyses_results_iteration/iteration_3_merge_below_3/cnn_model/cnn14/plasma_tp1_0.1x_model_C5/roc_curve_resnet18_tf_0_1/nested_cv_random/resnet18/repeat_10_fold_5_metrics.csv,7,3,resnet18,all,C5,Accuracy at 99% Specificity,0.5493478260869565
/scratchc/nrlab/wang04/ulyses_results_iteration/iteration_3_merge_below_3/cnn_model/cnn14/plasma_tp1_0.1x_model_C5/roc_curve_resnet18_tf_0_1/nested_cv_random/resnet18/repeat_10_fold_5_metrics.csv,7,3,resnet18,all,C5,F1 at 99% Specificity,0.19607843137254904
/scratchc/nrlab/wang04/ulyses_results_iteration/iteration_3_merge_below_3/cnn_model/cnn14/plasma_tp1_0.1x_model_C5/roc_curve_resnet18_tf_0_1/nested_cv_random/resnet18/repeat_10_fold_5_metrics.csv,7,3,resnet18,all,C5,Sensitivity at 98% Specificity,0.10869565217391304
/scratchc/nrlab/wang04/ulyses_results_iteration/iteration_3_merge_below_3/cnn_model/cnn14/plasma_tp1_0.1x_model_C5/roc_curve_resnet18_tf_0_1/nested_cv_random/resnet18/repeat_10_fold_5_metrics.csv,7,3,resnet18,all,C5,PPV at 98% Specificity,1
/scratchc/nrlab/wang04/ulyses_results_iteration/iteration_3_merge_below_3/cnn_model/cnn14/plasma_tp1_0.1x_model_C5/roc_curve_resnet18_tf_0_1/nested_cv_random/resnet18/repeat_10_fold_5_metrics.csv,7,3,resnet18,all,C5,Accuracy at 98% Specificity,0.5443478260869565
/scratchc/nrlab/wang04/ulyses_results_iteration/iteration_3_merge_below_3/cnn_model/cnn14/plasma_tp1_0.1x_model_C5/roc_curve_resnet18_tf_0_1/nested_cv_random/resnet18/repeat_10_fold_5_metrics.csv,7,3,resnet18,all,C5,F1 at 98% Specificity,0.19607843137254904
/scratchc/nrlab/wang04/ulyses_results_iteration/iteration_3_merge_below_3/cnn_model/cnn14/plasma_tp1_0.1x_model_C5/roc_curve_resnet18_tf_0_1/nested_cv_random/resnet18/repeat_10_fold_5_metrics.csv,7,3,resnet18,all,C5,Sensitivity at 95% Specificity,0.7445652173913043
/scratchc/nrlab/wang04/ulyses_results_iteration/iteration_3_merge_below_3/cnn_model/cnn14/plasma_tp1_0.1x_model_C5/roc_curve_resnet18_tf_0_1/nested_cv_random/resnet18/repeat_10_fold_5_metrics.csv,7,3,resnet18,all,C5,PPV at 95% Specificity,0.9856115107913668
/scratchc/nrlab/wang04/ulyses_results_iteration/iteration_3_merge_below_3/cnn_model/cnn14/plasma_tp1_0.1x_model_C5/roc_curve_resnet18_tf_0_1/nested_cv_random/resnet18/repeat_10_fold_5_metrics.csv,7,3,resnet18,all,C5,Accuracy at 95% Specificity,0.8324388586956522
/scratchc/nrlab/wang04/ulyses_results_iteration/iteration_3_merge_below_3/cnn_model/cnn14/plasma_tp1_0.1x_model_C5/roc_curve_resnet18_tf_0_1/nested_cv_random/resnet18/repeat_10_fold_5_metrics.csv,7,3,resnet18,all,C5,F1 at 95% Specificity,0.848297213622291
/scratchc/nrlab/wang04/ulyses_results_iteration/iteration_3_merge_below_3/cnn_model/cnn14/plasma_tp1_0.1x_model_C5/roc_curve_resnet18_tf_0_1/nested_cv_random/resnet18/repeat_10_fold_5_metrics.csv,7,4,resnet18,all,C5,AUROC,0.8841428218025892
/scratchc/nrlab/wang04/ulyses_results_iteration/iteration_3_merge_below_3/cnn_model/cnn14/plasma_tp1_0.1x_model_C5/roc_curve_resnet18_tf_0_1/nested_cv_random/resnet18/repeat_10_fold_5_metrics.csv,7,4,resnet18,all,C5,AUPRC,0.954666493318161
/scratchc/nrlab/wang04/ulyses_results_iteration/iteration_3_merge_below_3/cnn_model/cnn14/plasma_tp1_0.1x_model_C5/roc_curve_resnet18_tf_0_1/nested_cv_random/resnet18/repeat_10_fold_5_metrics.csv,7,4,resnet18,all,C5,Sensitivity at 99% Specificity,0.4143646408839779
/scratchc/nrlab/wang04/ulyses_results_iteration/iteration_3_merge_below_3/cnn_model/cnn14/plasma_tp1_0.1x_model_C5/roc_curve_resnet18_tf_0_1/nested_cv_random/resnet18/repeat_10_fold_5_metrics.csv,7,4,resnet18,all,C5,PPV at 99% Specificity,1
/scratchc/nrlab/wang04/ulyses_results_iteration/iteration_3_merge_below_3/cnn_model/cnn14/plasma_tp1_0.1x_model_C5/roc_curve_resnet18_tf_0_1/nested_cv_random/resnet18/repeat_10_fold_5_metrics.csv,7,4,resnet18,all,C5,Accuracy at 99% Specificity,0.7021823204419889
/scratchc/nrlab/wang04/ulyses_results_iteration/iteration_3_merge_below_3/cnn_model/cnn14/plasma_tp1_0.1x_model_C5/roc_curve_resnet18_tf_0_1/nested_cv_random/resnet18/repeat_10_fold_5_metrics.csv,7,4,resnet18,all,C5,F1 at 99% Specificity,0.5859375
/scratchc/nrlab/wang04/ulyses_results_iteration/iteration_3_merge_below_3/cnn_model/cnn14/plasma_tp1_0.1x_model_C5/roc_curve_resnet18_tf_0_1/nested_cv_random/resnet18/repeat_10_fold_5_metrics.csv,7,4,resnet18,all,C5,Sensitivity at 98% Specificity,0.4143646408839779
/scratchc/nrlab/wang04/ulyses_results_iteration/iteration_3_merge_below_3/cnn_model/cnn14/plasma_tp1_0.1x_model_C5/roc_curve_resnet18_tf_0_1/nested_cv_random/resnet18/repeat_10_fold_5_metrics.csv,7,4,resnet18,all,C5,PPV at 98% Specificity,1
/scratchc/nrlab/wang04/ulyses_results_iteration/iteration_3_merge_below_3/cnn_model/cnn14/plasma_tp1_0.1x_model_C5/roc_curve_resnet18_tf_0_1/nested_cv_random/resnet18/repeat_10_fold_5_metrics.csv,7,4,resnet18,all,C5,Accuracy at 98% Specificity,0.6971823204419889
/scratchc/nrlab/wang04/ulyses_results_iteration/iteration_3_merge_below_3/cnn_model/cnn14/plasma_tp1_0.1x_model_C5/roc_curve_resnet18_tf_0_1/nested_cv_random/resnet18/repeat_10_fold_5_metrics.csv,7,4,resnet18,all,C5,F1 at 98% Specificity,0.5859375
/scratchc/nrlab/wang04/ulyses_results_iteration/iteration_3_merge_below_3/cnn_model/cnn14/plasma_tp1_0.1x_model_C5/roc_curve_resnet18_tf_0_1/nested_cv_random/resnet18/repeat_10_fold_5_metrics.csv,7,4,resnet18,all,C5,Sensitivity at 95% Specificity,0.5524861878453039
/scratchc/nrlab/wang04/ulyses_results_iteration/iteration_3_merge_below_3/cnn_model/cnn14/plasma_tp1_0.1x_model_C5/roc_curve_resnet18_tf_0_1/nested_cv_random/resnet18/repeat_10_fold_5_metrics.csv,7,4,resnet18,all,C5,PPV at 95% Specificity,0.970873786407767
/scratchc/nrlab/wang04/ulyses_results_iteration/iteration_3_merge_below_3/cnn_model/cnn14/plasma_tp1_0.1x_model_C5/roc_curve_resnet18_tf_0_1/nested_cv_random/resnet18/repeat_10_fold_5_metrics.csv,7,4,resnet18,all,C5,Accuracy at 95% Specificity,0.729974437206234
/scratchc/nrlab/wang04/ulyses_results_iteration/iteration_3_merge_below_3/cnn_model/cnn14/plasma_tp1_0.1x_model_C5/roc_curve_resnet18_tf_0_1/nested_cv_random/resnet18/repeat_10_fold_5_metrics.csv,7,4,resnet18,all,C5,F1 at 95% Specificity,0.704225352112676
/scratchc/nrlab/wang04/ulyses_results_iteration/iteration_3_merge_below_3/cnn_model/cnn14/plasma_tp1_0.1x_model_C5/roc_curve_resnet18_tf_0_1/nested_cv_random/resnet18/repeat_10_fold_5_metrics.csv,7,5,resnet18,all,C5,AUROC,0.9080863887493722
/scratchc/nrlab/wang04/ulyses_results_iteration/iteration_3_merge_below_3/cnn_model/cnn14/plasma_tp1_0.1x_model_C5/roc_curve_resnet18_tf_0_1/nested_cv_random/resnet18/repeat_10_fold_5_metrics.csv,7,5,resnet18,all,C5,AUPRC,0.9636864294361122
/scratchc/nrlab/wang04/ulyses_results_iteration/iteration_3_merge_below_3/cnn_model/cnn14/plasma_tp1_0.1x_model_C5/roc_curve_resnet18_tf_0_1/nested_cv_random/resnet18/repeat_10_fold_5_metrics.csv,7,5,resnet18,all,C5,Sensitivity at 99% Specificity,0.4806629834254144
/scratchc/nrlab/wang04/ulyses_results_iteration/iteration_3_merge_below_3/cnn_model/cnn14/plasma_tp1_0.1x_model_C5/roc_curve_resnet18_tf_0_1/nested_cv_random/resnet18/repeat_10_fold_5_metrics.csv,7,5,resnet18,all,C5,PPV at 99% Specificity,1
/scratchc/nrlab/wang04/ulyses_results_iteration/iteration_3_merge_below_3/cnn_model/cnn14/plasma_tp1_0.1x_model_C5/roc_curve_resnet18_tf_0_1/nested_cv_random/resnet18/repeat_10_fold_5_metrics.csv,7,5,resnet18,all,C5,Accuracy at 99% Specificity,0.7353314917127072
/scratchc/nrlab/wang04/ulyses_results_iteration/iteration_3_merge_below_3/cnn_model/cnn14/plasma_tp1_0.1x_model_C5/roc_curve_resnet18_tf_0_1/nested_cv_random/resnet18/repeat_10_fold_5_metrics.csv,7,5,resnet18,all,C5,F1 at 99% Specificity,0.6492537313432836
/scratchc/nrlab/wang04/ulyses_results_iteration/iteration_3_merge_below_3/cnn_model/cnn14/plasma_tp1_0.1x_model_C5/roc_curve_resnet18_tf_0_1/nested_cv_random/resnet18/repeat_10_fold_5_metrics.csv,7,5,resnet18,all,C5,Sensitivity at 98% Specificity,0.4806629834254144
/scratchc/nrlab/wang04/ulyses_results_iteration/iteration_3_merge_below_3/cnn_model/cnn14/plasma_tp1_0.1x_model_C5/roc_curve_resnet18_tf_0_1/nested_cv_random/resnet18/repeat_10_fold_5_metrics.csv,7,5,resnet18,all,C5,PPV at 98% Specificity,1
/scratchc/nrlab/wang04/ulyses_results_iteration/iteration_3_merge_below_3/cnn_model/cnn14/plasma_tp1_0.1x_model_C5/roc_curve_resnet18_tf_0_1/nested_cv_random/resnet18/repeat_10_fold_5_metrics.csv,7,5,resnet18,all,C5,Accuracy at 98% Specificity,0.7303314917127072
/scratchc/nrlab/wang04/ulyses_results_iteration/iteration_3_merge_below_3/cnn_model/cnn14/plasma_tp1_0.1x_model_C5/roc_curve_resnet18_tf_0_1/nested_cv_random/resnet18/repeat_10_fold_5_metrics.csv,7,5,resnet18,all,C5,F1 at 98% Specificity,0.6492537313432836
/scratchc/nrlab/wang04/ulyses_results_iteration/iteration_3_merge_below_3/cnn_model/cnn14/plasma_tp1_0.1x_model_C5/roc_curve_resnet18_tf_0_1/nested_cv_random/resnet18/repeat_10_fold_5_metrics.csv,7,5,resnet18,all,C5,Sensitivity at 95% Specificity,0.5359116022099447
/scratchc/nrlab/wang04/ulyses_results_iteration/iteration_3_merge_below_3/cnn_model/cnn14/plasma_tp1_0.1x_model_C5/roc_curve_resnet18_tf_0_1/nested_cv_random/resnet18/repeat_10_fold_5_metrics.csv,7,5,resnet18,all,C5,PPV at 95% Specificity,0.9797979797979798
/scratchc/nrlab/wang04/ulyses_results_iteration/iteration_3_merge_below_3/cnn_model/cnn14/plasma_tp1_0.1x_model_C5/roc_curve_resnet18_tf_0_1/nested_cv_random/resnet18/repeat_10_fold_5_metrics.csv,7,5,resnet18,all,C5,Accuracy at 95% Specificity,0.728561861711033
/scratchc/nrlab/wang04/ulyses_results_iteration/iteration_3_merge_below_3/cnn_model/cnn14/plasma_tp1_0.1x_model_C5/roc_curve_resnet18_tf_0_1/nested_cv_random/resnet18/repeat_10_fold_5_metrics.csv,7,5,resnet18,all,C5,F1 at 95% Specificity,0.6928571428571428
/scratchc/nrlab/wang04/ulyses_results_iteration/iteration_3_merge_below_3/cnn_model/cnn14/plasma_tp1_0.1x_model_C5/roc_curve_resnet18_tf_0_1/nested_cv_random/resnet18/repeat_10_fold_5_metrics.csv,8,1,resnet18,all,C5,AUROC,0.8946927841955467
/scratchc/nrlab/wang04/ulyses_results_iteration/iteration_3_merge_below_3/cnn_model/cnn14/plasma_tp1_0.1x_model_C5/roc_curve_resnet18_tf_0_1/nested_cv_random/resnet18/repeat_10_fold_5_metrics.csv,8,1,resnet18,all,C5,AUPRC,0.9577232559555754
/scratchc/nrlab/wang04/ulyses_results_iteration/iteration_3_merge_below_3/cnn_model/cnn14/plasma_tp1_0.1x_model_C5/roc_curve_resnet18_tf_0_1/nested_cv_random/resnet18/repeat_10_fold_5_metrics.csv,8,1,resnet18,all,C5,Sensitivity at 99% Specificity,0.27624309392265195
/scratchc/nrlab/wang04/ulyses_results_iteration/iteration_3_merge_below_3/cnn_model/cnn14/plasma_tp1_0.1x_model_C5/roc_curve_resnet18_tf_0_1/nested_cv_random/resnet18/repeat_10_fold_5_metrics.csv,8,1,resnet18,all,C5,PPV at 99% Specificity,1
/scratchc/nrlab/wang04/ulyses_results_iteration/iteration_3_merge_below_3/cnn_model/cnn14/plasma_tp1_0.1x_model_C5/roc_curve_resnet18_tf_0_1/nested_cv_random/resnet18/repeat_10_fold_5_metrics.csv,8,1,resnet18,all,C5,Accuracy at 99% Specificity,0.6331215469613259
/scratchc/nrlab/wang04/ulyses_results_iteration/iteration_3_merge_below_3/cnn_model/cnn14/plasma_tp1_0.1x_model_C5/roc_curve_resnet18_tf_0_1/nested_cv_random/resnet18/repeat_10_fold_5_metrics.csv,8,1,resnet18,all,C5,F1 at 99% Specificity,0.4329004329004329
/scratchc/nrlab/wang04/ulyses_results_iteration/iteration_3_merge_below_3/cnn_model/cnn14/plasma_tp1_0.1x_model_C5/roc_curve_resnet18_tf_0_1/nested_cv_random/resnet18/repeat_10_fold_5_metrics.csv,8,1,resnet18,all,C5,Sensitivity at 98% Specificity,0.27624309392265195
/scratchc/nrlab/wang04/ulyses_results_iteration/iteration_3_merge_below_3/cnn_model/cnn14/plasma_tp1_0.1x_model_C5/roc_curve_resnet18_tf_0_1/nested_cv_random/resnet18/repeat_10_fold_5_metrics.csv,8,1,resnet18,all,C5,PPV at 98% Specificity,1
/scratchc/nrlab/wang04/ulyses_results_iteration/iteration_3_merge_below_3/cnn_model/cnn14/plasma_tp1_0.1x_model_C5/roc_curve_resnet18_tf_0_1/nested_cv_random/resnet18/repeat_10_fold_5_metrics.csv,8,1,resnet18,all,C5,Accuracy at 98% Specificity,0.6281215469613259
/scratchc/nrlab/wang04/ulyses_results_iteration/iteration_3_merge_below_3/cnn_model/cnn14/plasma_tp1_0.1x_model_C5/roc_curve_resnet18_tf_0_1/nested_cv_random/resnet18/repeat_10_fold_5_metrics.csv,8,1,resnet18,all,C5,F1 at 98% Specificity,0.4329004329004329
/scratchc/nrlab/wang04/ulyses_results_iteration/iteration_3_merge_below_3/cnn_model/cnn14/plasma_tp1_0.1x_model_C5/roc_curve_resnet18_tf_0_1/nested_cv_random/resnet18/repeat_10_fold_5_metrics.csv,8,1,resnet18,all,C5,Sensitivity at 95% Specificity,0.5303867403314917
/scratchc/nrlab/wang04/ulyses_results_iteration/iteration_3_merge_below_3/cnn_model/cnn14/plasma_tp1_0.1x_model_C5/roc_curve_resnet18_tf_0_1/nested_cv_random/resnet18/repeat_10_fold_5_metrics.csv,8,1,resnet18,all,C5,PPV at 95% Specificity,0.979591836734694
/scratchc/nrlab/wang04/ulyses_results_iteration/iteration_3_merge_below_3/cnn_model/cnn14/plasma_tp1_0.1x_model_C5/roc_curve_resnet18_tf_0_1/nested_cv_random/resnet18/repeat_10_fold_5_metrics.csv,8,1,resnet18,all,C5,Accuracy at 95% Specificity,0.7257994307718064
/scratchc/nrlab/wang04/ulyses_results_iteration/iteration_3_merge_below_3/cnn_model/cnn14/plasma_tp1_0.1x_model_C5/roc_curve_resnet18_tf_0_1/nested_cv_random/resnet18/repeat_10_fold_5_metrics.csv,8,1,resnet18,all,C5,F1 at 95% Specificity,0.6881720430107527
/scratchc/nrlab/wang04/ulyses_results_iteration/iteration_3_merge_below_3/cnn_model/cnn14/plasma_tp1_0.1x_model_C5/roc_curve_resnet18_tf_0_1/nested_cv_random/resnet18/repeat_10_fold_5_metrics.csv,8,2,resnet18,all,C5,AUROC,0.8986111111111111
/scratchc/nrlab/wang04/ulyses_results_iteration/iteration_3_merge_below_3/cnn_model/cnn14/plasma_tp1_0.1x_model_C5/roc_curve_resnet18_tf_0_1/nested_cv_random/resnet18/repeat_10_fold_5_metrics.csv,8,2,resnet18,all,C5,AUPRC,0.9603787132017998
/scratchc/nrlab/wang04/ulyses_results_iteration/iteration_3_merge_below_3/cnn_model/cnn14/plasma_tp1_0.1x_model_C5/roc_curve_resnet18_tf_0_1/nested_cv_random/resnet18/repeat_10_fold_5_metrics.csv,8,2,resnet18,all,C5,Sensitivity at 99% Specificity,0.2833333333333333
/scratchc/nrlab/wang04/ulyses_results_iteration/iteration_3_merge_below_3/cnn_model/cnn14/plasma_tp1_0.1x_model_C5/roc_curve_resnet18_tf_0_1/nested_cv_random/resnet18/repeat_10_fold_5_metrics.csv,8,2,resnet18,all,C5,PPV at 99% Specificity,1
/scratchc/nrlab/wang04/ulyses_results_iteration/iteration_3_merge_below_3/cnn_model/cnn14/plasma_tp1_0.1x_model_C5/roc_curve_resnet18_tf_0_1/nested_cv_random/resnet18/repeat_10_fold_5_metrics.csv,8,2,resnet18,all,C5,Accuracy at 99% Specificity,0.6366666666666667
/scratchc/nrlab/wang04/ulyses_results_iteration/iteration_3_merge_below_3/cnn_model/cnn14/plasma_tp1_0.1x_model_C5/roc_curve_resnet18_tf_0_1/nested_cv_random/resnet18/repeat_10_fold_5_metrics.csv,8,2,resnet18,all,C5,F1 at 99% Specificity,0.44155844155844154
/scratchc/nrlab/wang04/ulyses_results_iteration/iteration_3_merge_below_3/cnn_model/cnn14/plasma_tp1_0.1x_model_C5/roc_curve_resnet18_tf_0_1/nested_cv_random/resnet18/repeat_10_fold_5_metrics.csv,8,2,resnet18,all,C5,Sensitivity at 98% Specificity,0.2833333333333333
/scratchc/nrlab/wang04/ulyses_results_iteration/iteration_3_merge_below_3/cnn_model/cnn14/plasma_tp1_0.1x_model_C5/roc_curve_resnet18_tf_0_1/nested_cv_random/resnet18/repeat_10_fold_5_metrics.csv,8,2,resnet18,all,C5,PPV at 98% Specificity,1
/scratchc/nrlab/wang04/ulyses_results_iteration/iteration_3_merge_below_3/cnn_model/cnn14/plasma_tp1_0.1x_model_C5/roc_curve_resnet18_tf_0_1/nested_cv_random/resnet18/repeat_10_fold_5_metrics.csv,8,2,resnet18,all,C5,Accuracy at 98% Specificity,0.6316666666666666
/scratchc/nrlab/wang04/ulyses_results_iteration/iteration_3_merge_below_3/cnn_model/cnn14/plasma_tp1_0.1x_model_C5/roc_curve_resnet18_tf_0_1/nested_cv_random/resnet18/repeat_10_fold_5_metrics.csv,8,2,resnet18,all,C5,F1 at 98% Specificity,0.44155844155844154
/scratchc/nrlab/wang04/ulyses_results_iteration/iteration_3_merge_below_3/cnn_model/cnn14/plasma_tp1_0.1x_model_C5/roc_curve_resnet18_tf_0_1/nested_cv_random/resnet18/repeat_10_fold_5_metrics.csv,8,2,resnet18,all,C5,Sensitivity at 95% Specificity,0.6166666666666667
/scratchc/nrlab/wang04/ulyses_results_iteration/iteration_3_merge_below_3/cnn_model/cnn14/plasma_tp1_0.1x_model_C5/roc_curve_resnet18_tf_0_1/nested_cv_random/resnet18/repeat_10_fold_5_metrics.csv,8,2,resnet18,all,C5,PPV at 95% Specificity,0.9823008849557522
/scratchc/nrlab/wang04/ulyses_results_iteration/iteration_3_merge_below_3/cnn_model/cnn14/plasma_tp1_0.1x_model_C5/roc_curve_resnet18_tf_0_1/nested_cv_random/resnet18/repeat_10_fold_5_metrics.csv,8,2,resnet18,all,C5,Accuracy at 95% Specificity,0.7693627450980391
/scratchc/nrlab/wang04/ulyses_results_iteration/iteration_3_merge_below_3/cnn_model/cnn14/plasma_tp1_0.1x_model_C5/roc_curve_resnet18_tf_0_1/nested_cv_random/resnet18/repeat_10_fold_5_metrics.csv,8,2,resnet18,all,C5,F1 at 95% Specificity,0.757679180887372
/scratchc/nrlab/wang04/ulyses_results_iteration/iteration_3_merge_below_3/cnn_model/cnn14/plasma_tp1_0.1x_model_C5/roc_curve_resnet18_tf_0_1/nested_cv_random/resnet18/repeat_10_fold_5_metrics.csv,8,3,resnet18,all,C5,AUROC,0.9274193548387096
/scratchc/nrlab/wang04/ulyses_results_iteration/iteration_3_merge_below_3/cnn_model/cnn14/plasma_tp1_0.1x_model_C5/roc_curve_resnet18_tf_0_1/nested_cv_random/resnet18/repeat_10_fold_5_metrics.csv,8,3,resnet18,all,C5,AUPRC,0.9704674170117163
/scratchc/nrlab/wang04/ulyses_results_iteration/iteration_3_merge_below_3/cnn_model/cnn14/plasma_tp1_0.1x_model_C5/roc_curve_resnet18_tf_0_1/nested_cv_random/resnet18/repeat_10_fold_5_metrics.csv,8,3,resnet18,all,C5,Sensitivity at 99% Specificity,0.15217391304347827
/scratchc/nrlab/wang04/ulyses_results_iteration/iteration_3_merge_below_3/cnn_model/cnn14/plasma_tp1_0.1x_model_C5/roc_curve_resnet18_tf_0_1/nested_cv_random/resnet18/repeat_10_fold_5_metrics.csv,8,3,resnet18,all,C5,PPV at 99% Specificity,1
/scratchc/nrlab/wang04/ulyses_results_iteration/iteration_3_merge_below_3/cnn_model/cnn14/plasma_tp1_0.1x_model_C5/roc_curve_resnet18_tf_0_1/nested_cv_random/resnet18/repeat_10_fold_5_metrics.csv,8,3,resnet18,all,C5,Accuracy at 99% Specificity,0.5710869565217391
/scratchc/nrlab/wang04/ulyses_results_iteration/iteration_3_merge_below_3/cnn_model/cnn14/plasma_tp1_0.1x_model_C5/roc_curve_resnet18_tf_0_1/nested_cv_random/resnet18/repeat_10_fold_5_metrics.csv,8,3,resnet18,all,C5,F1 at 99% Specificity,0.2641509433962264
/scratchc/nrlab/wang04/ulyses_results_iteration/iteration_3_merge_below_3/cnn_model/cnn14/plasma_tp1_0.1x_model_C5/roc_curve_resnet18_tf_0_1/nested_cv_random/resnet18/repeat_10_fold_5_metrics.csv,8,3,resnet18,all,C5,Sensitivity at 98% Specificity,0.15217391304347827
/scratchc/nrlab/wang04/ulyses_results_iteration/iteration_3_merge_below_3/cnn_model/cnn14/plasma_tp1_0.1x_model_C5/roc_curve_resnet18_tf_0_1/nested_cv_random/resnet18/repeat_10_fold_5_metrics.csv,8,3,resnet18,all,C5,PPV at 98% Specificity,1
/scratchc/nrlab/wang04/ulyses_results_iteration/iteration_3_merge_below_3/cnn_model/cnn14/plasma_tp1_0.1x_model_C5/roc_curve_resnet18_tf_0_1/nested_cv_random/resnet18/repeat_10_fold_5_metrics.csv,8,3,resnet18,all,C5,Accuracy at 98% Specificity,0.5660869565217391
/scratchc/nrlab/wang04/ulyses_results_iteration/iteration_3_merge_below_3/cnn_model/cnn14/plasma_tp1_0.1x_model_C5/roc_curve_resnet18_tf_0_1/nested_cv_random/resnet18/repeat_10_fold_5_metrics.csv,8,3,resnet18,all,C5,F1 at 98% Specificity,0.2641509433962264
/scratchc/nrlab/wang04/ulyses_results_iteration/iteration_3_merge_below_3/cnn_model/cnn14/plasma_tp1_0.1x_model_C5/roc_curve_resnet18_tf_0_1/nested_cv_random/resnet18/repeat_10_fold_5_metrics.csv,8,3,resnet18,all,C5,Sensitivity at 95% Specificity,0.6902173913043478
/scratchc/nrlab/wang04/ulyses_results_iteration/iteration_3_merge_below_3/cnn_model/cnn14/plasma_tp1_0.1x_model_C5/roc_curve_resnet18_tf_0_1/nested_cv_random/resnet18/repeat_10_fold_5_metrics.csv,8,3,resnet18,all,C5,PPV at 95% Specificity,0.9844961240310076
/scratchc/nrlab/wang04/ulyses_results_iteration/iteration_3_merge_below_3/cnn_model/cnn14/plasma_tp1_0.1x_model_C5/roc_curve_resnet18_tf_0_1/nested_cv_random/resnet18/repeat_10_fold_5_metrics.csv,8,3,resnet18,all,C5,Accuracy at 95% Specificity,0.8047861150070126
/scratchc/nrlab/wang04/ulyses_results_iteration/iteration_3_merge_below_3/cnn_model/cnn14/plasma_tp1_0.1x_model_C5/roc_curve_resnet18_tf_0_1/nested_cv_random/resnet18/repeat_10_fold_5_metrics.csv,8,3,resnet18,all,C5,F1 at 95% Specificity,0.8115015974440895
/scratchc/nrlab/wang04/ulyses_results_iteration/iteration_3_merge_below_3/cnn_model/cnn14/plasma_tp1_0.1x_model_C5/roc_curve_resnet18_tf_0_1/nested_cv_random/resnet18/repeat_10_fold_5_metrics.csv,8,4,resnet18,all,C5,AUROC,0.909258329147832
/scratchc/nrlab/wang04/ulyses_results_iteration/iteration_3_merge_below_3/cnn_model/cnn14/plasma_tp1_0.1x_model_C5/roc_curve_resnet18_tf_0_1/nested_cv_random/resnet18/repeat_10_fold_5_metrics.csv,8,4,resnet18,all,C5,AUPRC,0.964730481436998
/scratchc/nrlab/wang04/ulyses_results_iteration/iteration_3_merge_below_3/cnn_model/cnn14/plasma_tp1_0.1x_model_C5/roc_curve_resnet18_tf_0_1/nested_cv_random/resnet18/repeat_10_fold_5_metrics.csv,8,4,resnet18,all,C5,Sensitivity at 99% Specificity,0.3701657458563536
/scratchc/nrlab/wang04/ulyses_results_iteration/iteration_3_merge_below_3/cnn_model/cnn14/plasma_tp1_0.1x_model_C5/roc_curve_resnet18_tf_0_1/nested_cv_random/resnet18/repeat_10_fold_5_metrics.csv,8,4,resnet18,all,C5,PPV at 99% Specificity,1
/scratchc/nrlab/wang04/ulyses_results_iteration/iteration_3_merge_below_3/cnn_model/cnn14/plasma_tp1_0.1x_model_C5/roc_curve_resnet18_tf_0_1/nested_cv_random/resnet18/repeat_10_fold_5_metrics.csv,8,4,resnet18,all,C5,Accuracy at 99% Specificity,0.6800828729281768
/scratchc/nrlab/wang04/ulyses_results_iteration/iteration_3_merge_below_3/cnn_model/cnn14/plasma_tp1_0.1x_model_C5/roc_curve_resnet18_tf_0_1/nested_cv_random/resnet18/repeat_10_fold_5_metrics.csv,8,4,resnet18,all,C5,F1 at 99% Specificity,0.5403225806451613
/scratchc/nrlab/wang04/ulyses_results_iteration/iteration_3_merge_below_3/cnn_model/cnn14/plasma_tp1_0.1x_model_C5/roc_curve_resnet18_tf_0_1/nested_cv_random/resnet18/repeat_10_fold_5_metrics.csv,8,4,resnet18,all,C5,Sensitivity at 98% Specificity,0.3701657458563536
/scratchc/nrlab/wang04/ulyses_results_iteration/iteration_3_merge_below_3/cnn_model/cnn14/plasma_tp1_0.1x_model_C5/roc_curve_resnet18_tf_0_1/nested_cv_random/resnet18/repeat_10_fold_5_metrics.csv,8,4,resnet18,all,C5,PPV at 98% Specificity,1
/scratchc/nrlab/wang04/ulyses_results_iteration/iteration_3_merge_below_3/cnn_model/cnn14/plasma_tp1_0.1x_model_C5/roc_curve_resnet18_tf_0_1/nested_cv_random/resnet18/repeat_10_fold_5_metrics.csv,8,4,resnet18,all,C5,Accuracy at 98% Specificity,0.6750828729281768
/scratchc/nrlab/wang04/ulyses_results_iteration/iteration_3_merge_below_3/cnn_model/cnn14/plasma_tp1_0.1x_model_C5/roc_curve_resnet18_tf_0_1/nested_cv_random/resnet18/repeat_10_fold_5_metrics.csv,8,4,resnet18,all,C5,F1 at 98% Specificity,0.5403225806451613
/scratchc/nrlab/wang04/ulyses_results_iteration/iteration_3_merge_below_3/cnn_model/cnn14/plasma_tp1_0.1x_model_C5/roc_curve_resnet18_tf_0_1/nested_cv_random/resnet18/repeat_10_fold_5_metrics.csv,8,4,resnet18,all,C5,Sensitivity at 95% Specificity,0.5966850828729282
/scratchc/nrlab/wang04/ulyses_results_iteration/iteration_3_merge_below_3/cnn_model/cnn14/plasma_tp1_0.1x_model_C5/roc_curve_resnet18_tf_0_1/nested_cv_random/resnet18/repeat_10_fold_5_metrics.csv,8,4,resnet18,all,C5,PPV at 95% Specificity,0.9818181818181818
/scratchc/nrlab/wang04/ulyses_results_iteration/iteration_3_merge_below_3/cnn_model/cnn14/plasma_tp1_0.1x_model_C5/roc_curve_resnet18_tf_0_1/nested_cv_random/resnet18/repeat_10_fold_5_metrics.csv,8,4,resnet18,all,C5,Accuracy at 95% Specificity,0.7589486020425247
/scratchc/nrlab/wang04/ulyses_results_iteration/iteration_3_merge_below_3/cnn_model/cnn14/plasma_tp1_0.1x_model_C5/roc_curve_resnet18_tf_0_1/nested_cv_random/resnet18/repeat_10_fold_5_metrics.csv,8,4,resnet18,all,C5,F1 at 95% Specificity,0.7422680412371134
/scratchc/nrlab/wang04/ulyses_results_iteration/iteration_3_merge_below_3/cnn_model/cnn14/plasma_tp1_0.1x_model_C5/roc_curve_resnet18_tf_0_1/nested_cv_random/resnet18/repeat_10_fold_5_metrics.csv,8,5,resnet18,all,C5,AUROC,0.9266086362860556
/scratchc/nrlab/wang04/ulyses_results_iteration/iteration_3_merge_below_3/cnn_model/cnn14/plasma_tp1_0.1x_model_C5/roc_curve_resnet18_tf_0_1/nested_cv_random/resnet18/repeat_10_fold_5_metrics.csv,8,5,resnet18,all,C5,AUPRC,0.9756927482598912
/scratchc/nrlab/wang04/ulyses_results_iteration/iteration_3_merge_below_3/cnn_model/cnn14/plasma_tp1_0.1x_model_C5/roc_curve_resnet18_tf_0_1/nested_cv_random/resnet18/repeat_10_fold_5_metrics.csv,8,5,resnet18,all,C5,Sensitivity at 99% Specificity,0.6397849462365591
/scratchc/nrlab/wang04/ulyses_results_iteration/iteration_3_merge_below_3/cnn_model/cnn14/plasma_tp1_0.1x_model_C5/roc_curve_resnet18_tf_0_1/nested_cv_random/resnet18/repeat_10_fold_5_metrics.csv,8,5,resnet18,all,C5,PPV at 99% Specificity,1
/scratchc/nrlab/wang04/ulyses_results_iteration/iteration_3_merge_below_3/cnn_model/cnn14/plasma_tp1_0.1x_model_C5/roc_curve_resnet18_tf_0_1/nested_cv_random/resnet18/repeat_10_fold_5_metrics.csv,8,5,resnet18,all,C5,Accuracy at 99% Specificity,0.8148924731182796
/scratchc/nrlab/wang04/ulyses_results_iteration/iteration_3_merge_below_3/cnn_model/cnn14/plasma_tp1_0.1x_model_C5/roc_curve_resnet18_tf_0_1/nested_cv_random/resnet18/repeat_10_fold_5_metrics.csv,8,5,resnet18,all,C5,F1 at 99% Specificity,0.780327868852459
/scratchc/nrlab/wang04/ulyses_results_iteration/iteration_3_merge_below_3/cnn_model/cnn14/plasma_tp1_0.1x_model_C5/roc_curve_resnet18_tf_0_1/nested_cv_random/resnet18/repeat_10_fold_5_metrics.csv,8,5,resnet18,all,C5,Sensitivity at 98% Specificity,0.6397849462365591
/scratchc/nrlab/wang04/ulyses_results_iteration/iteration_3_merge_below_3/cnn_model/cnn14/plasma_tp1_0.1x_model_C5/roc_curve_resnet18_tf_0_1/nested_cv_random/resnet18/repeat_10_fold_5_metrics.csv,8,5,resnet18,all,C5,PPV at 98% Specificity,1
/scratchc/nrlab/wang04/ulyses_results_iteration/iteration_3_merge_below_3/cnn_model/cnn14/plasma_tp1_0.1x_model_C5/roc_curve_resnet18_tf_0_1/nested_cv_random/resnet18/repeat_10_fold_5_metrics.csv,8,5,resnet18,all,C5,Accuracy at 98% Specificity,0.8098924731182795
/scratchc/nrlab/wang04/ulyses_results_iteration/iteration_3_merge_below_3/cnn_model/cnn14/plasma_tp1_0.1x_model_C5/roc_curve_resnet18_tf_0_1/nested_cv_random/resnet18/repeat_10_fold_5_metrics.csv,8,5,resnet18,all,C5,F1 at 98% Specificity,0.780327868852459
/scratchc/nrlab/wang04/ulyses_results_iteration/iteration_3_merge_below_3/cnn_model/cnn14/plasma_tp1_0.1x_model_C5/roc_curve_resnet18_tf_0_1/nested_cv_random/resnet18/repeat_10_fold_5_metrics.csv,8,5,resnet18,all,C5,Sensitivity at 95% Specificity,0.7526881720430108
/scratchc/nrlab/wang04/ulyses_results_iteration/iteration_3_merge_below_3/cnn_model/cnn14/plasma_tp1_0.1x_model_C5/roc_curve_resnet18_tf_0_1/nested_cv_random/resnet18/repeat_10_fold_5_metrics.csv,8,5,resnet18,all,C5,PPV at 95% Specificity,0.9859154929577464
/scratchc/nrlab/wang04/ulyses_results_iteration/iteration_3_merge_below_3/cnn_model/cnn14/plasma_tp1_0.1x_model_C5/roc_curve_resnet18_tf_0_1/nested_cv_random/resnet18/repeat_10_fold_5_metrics.csv,8,5,resnet18,all,C5,Accuracy at 95% Specificity,0.8362647209421403
/scratchc/nrlab/wang04/ulyses_results_iteration/iteration_3_merge_below_3/cnn_model/cnn14/plasma_tp1_0.1x_model_C5/roc_curve_resnet18_tf_0_1/nested_cv_random/resnet18/repeat_10_fold_5_metrics.csv,8,5,resnet18,all,C5,F1 at 95% Specificity,0.8536585365853658
/scratchc/nrlab/wang04/ulyses_results_iteration/iteration_3_merge_below_3/cnn_model/cnn14/plasma_tp1_0.1x_model_C5/roc_curve_resnet18_tf_0_1/nested_cv_random/resnet18/repeat_10_fold_5_metrics.csv,9,1,resnet18,all,C5,AUROC,0.9440387228260868
/scratchc/nrlab/wang04/ulyses_results_iteration/iteration_3_merge_below_3/cnn_model/cnn14/plasma_tp1_0.1x_model_C5/roc_curve_resnet18_tf_0_1/nested_cv_random/resnet18/repeat_10_fold_5_metrics.csv,9,1,resnet18,all,C5,AUPRC,0.9801961169593578
/scratchc/nrlab/wang04/ulyses_results_iteration/iteration_3_merge_below_3/cnn_model/cnn14/plasma_tp1_0.1x_model_C5/roc_curve_resnet18_tf_0_1/nested_cv_random/resnet18/repeat_10_fold_5_metrics.csv,9,1,resnet18,all,C5,Sensitivity at 99% Specificity,0.6086956521739131
/scratchc/nrlab/wang04/ulyses_results_iteration/iteration_3_merge_below_3/cnn_model/cnn14/plasma_tp1_0.1x_model_C5/roc_curve_resnet18_tf_0_1/nested_cv_random/resnet18/repeat_10_fold_5_metrics.csv,9,1,resnet18,all,C5,PPV at 99% Specificity,1
/scratchc/nrlab/wang04/ulyses_results_iteration/iteration_3_merge_below_3/cnn_model/cnn14/plasma_tp1_0.1x_model_C5/roc_curve_resnet18_tf_0_1/nested_cv_random/resnet18/repeat_10_fold_5_metrics.csv,9,1,resnet18,all,C5,Accuracy at 99% Specificity,0.7993478260869565
/scratchc/nrlab/wang04/ulyses_results_iteration/iteration_3_merge_below_3/cnn_model/cnn14/plasma_tp1_0.1x_model_C5/roc_curve_resnet18_tf_0_1/nested_cv_random/resnet18/repeat_10_fold_5_metrics.csv,9,1,resnet18,all,C5,F1 at 99% Specificity,0.7567567567567568
/scratchc/nrlab/wang04/ulyses_results_iteration/iteration_3_merge_below_3/cnn_model/cnn14/plasma_tp1_0.1x_model_C5/roc_curve_resnet18_tf_0_1/nested_cv_random/resnet18/repeat_10_fold_5_metrics.csv,9,1,resnet18,all,C5,Sensitivity at 98% Specificity,0.6086956521739131
/scratchc/nrlab/wang04/ulyses_results_iteration/iteration_3_merge_below_3/cnn_model/cnn14/plasma_tp1_0.1x_model_C5/roc_curve_resnet18_tf_0_1/nested_cv_random/resnet18/repeat_10_fold_5_metrics.csv,9,1,resnet18,all,C5,PPV at 98% Specificity,1
/scratchc/nrlab/wang04/ulyses_results_iteration/iteration_3_merge_below_3/cnn_model/cnn14/plasma_tp1_0.1x_model_C5/roc_curve_resnet18_tf_0_1/nested_cv_random/resnet18/repeat_10_fold_5_metrics.csv,9,1,resnet18,all,C5,Accuracy at 98% Specificity,0.7943478260869565
/scratchc/nrlab/wang04/ulyses_results_iteration/iteration_3_merge_below_3/cnn_model/cnn14/plasma_tp1_0.1x_model_C5/roc_curve_resnet18_tf_0_1/nested_cv_random/resnet18/repeat_10_fold_5_metrics.csv,9,1,resnet18,all,C5,F1 at 98% Specificity,0.7567567567567568
/scratchc/nrlab/wang04/ulyses_results_iteration/iteration_3_merge_below_3/cnn_model/cnn14/plasma_tp1_0.1x_model_C5/roc_curve_resnet18_tf_0_1/nested_cv_random/resnet18/repeat_10_fold_5_metrics.csv,9,1,resnet18,all,C5,Sensitivity at 95% Specificity,0.7010869565217391
/scratchc/nrlab/wang04/ulyses_results_iteration/iteration_3_merge_below_3/cnn_model/cnn14/plasma_tp1_0.1x_model_C5/roc_curve_resnet18_tf_0_1/nested_cv_random/resnet18/repeat_10_fold_5_metrics.csv,9,1,resnet18,all,C5,PPV at 95% Specificity,0.9847328244274808
/scratchc/nrlab/wang04/ulyses_results_iteration/iteration_3_merge_below_3/cnn_model/cnn14/plasma_tp1_0.1x_model_C5/roc_curve_resnet18_tf_0_1/nested_cv_random/resnet18/repeat_10_fold_5_metrics.csv,9,1,resnet18,all,C5,Accuracy at 95% Specificity,0.8106997282608696
/scratchc/nrlab/wang04/ulyses_results_iteration/iteration_3_merge_below_3/cnn_model/cnn14/plasma_tp1_0.1x_model_C5/roc_curve_resnet18_tf_0_1/nested_cv_random/resnet18/repeat_10_fold_5_metrics.csv,9,1,resnet18,all,C5,F1 at 95% Specificity,0.819047619047619
/scratchc/nrlab/wang04/ulyses_results_iteration/iteration_3_merge_below_3/cnn_model/cnn14/plasma_tp1_0.1x_model_C5/roc_curve_resnet18_tf_0_1/nested_cv_random/resnet18/repeat_10_fold_5_metrics.csv,9,2,resnet18,all,C5,AUROC,0.9283442156370334
/scratchc/nrlab/wang04/ulyses_results_iteration/iteration_3_merge_below_3/cnn_model/cnn14/plasma_tp1_0.1x_model_C5/roc_curve_resnet18_tf_0_1/nested_cv_random/resnet18/repeat_10_fold_5_metrics.csv,9,2,resnet18,all,C5,AUPRC,0.9728751840298624
/scratchc/nrlab/wang04/ulyses_results_iteration/iteration_3_merge_below_3/cnn_model/cnn14/plasma_tp1_0.1x_model_C5/roc_curve_resnet18_tf_0_1/nested_cv_random/resnet18/repeat_10_fold_5_metrics.csv,9,2,resnet18,all,C5,Sensitivity at 99% Specificity,0.5138121546961326
/scratchc/nrlab/wang04/ulyses_results_iteration/iteration_3_merge_below_3/cnn_model/cnn14/plasma_tp1_0.1x_model_C5/roc_curve_resnet18_tf_0_1/nested_cv_random/resnet18/repeat_10_fold_5_metrics.csv,9,2,resnet18,all,C5,PPV at 99% Specificity,1
/scratchc/nrlab/wang04/ulyses_results_iteration/iteration_3_merge_below_3/cnn_model/cnn14/plasma_tp1_0.1x_model_C5/roc_curve_resnet18_tf_0_1/nested_cv_random/resnet18/repeat_10_fold_5_metrics.csv,9,2,resnet18,all,C5,Accuracy at 99% Specificity,0.7519060773480664
/scratchc/nrlab/wang04/ulyses_results_iteration/iteration_3_merge_below_3/cnn_model/cnn14/plasma_tp1_0.1x_model_C5/roc_curve_resnet18_tf_0_1/nested_cv_random/resnet18/repeat_10_fold_5_metrics.csv,9,2,resnet18,all,C5,F1 at 99% Specificity,0.6788321167883211
/scratchc/nrlab/wang04/ulyses_results_iteration/iteration_3_merge_below_3/cnn_model/cnn14/plasma_tp1_0.1x_model_C5/roc_curve_resnet18_tf_0_1/nested_cv_random/resnet18/repeat_10_fold_5_metrics.csv,9,2,resnet18,all,C5,Sensitivity at 98% Specificity,0.5138121546961326
/scratchc/nrlab/wang04/ulyses_results_iteration/iteration_3_merge_below_3/cnn_model/cnn14/plasma_tp1_0.1x_model_C5/roc_curve_resnet18_tf_0_1/nested_cv_random/resnet18/repeat_10_fold_5_metrics.csv,9,2,resnet18,all,C5,PPV at 98% Specificity,1
/scratchc/nrlab/wang04/ulyses_results_iteration/iteration_3_merge_below_3/cnn_model/cnn14/plasma_tp1_0.1x_model_C5/roc_curve_resnet18_tf_0_1/nested_cv_random/resnet18/repeat_10_fold_5_metrics.csv,9,2,resnet18,all,C5,Accuracy at 98% Specificity,0.7469060773480662
/scratchc/nrlab/wang04/ulyses_results_iteration/iteration_3_merge_below_3/cnn_model/cnn14/plasma_tp1_0.1x_model_C5/roc_curve_resnet18_tf_0_1/nested_cv_random/resnet18/repeat_10_fold_5_metrics.csv,9,2,resnet18,all,C5,F1 at 98% Specificity,0.6788321167883211
/scratchc/nrlab/wang04/ulyses_results_iteration/iteration_3_merge_below_3/cnn_model/cnn14/plasma_tp1_0.1x_model_C5/roc_curve_resnet18_tf_0_1/nested_cv_random/resnet18/repeat_10_fold_5_metrics.csv,9,2,resnet18,all,C5,Sensitivity at 95% Specificity,0.5966850828729282
/scratchc/nrlab/wang04/ulyses_results_iteration/iteration_3_merge_below_3/cnn_model/cnn14/plasma_tp1_0.1x_model_C5/roc_curve_resnet18_tf_0_1/nested_cv_random/resnet18/repeat_10_fold_5_metrics.csv,9,2,resnet18,all,C5,PPV at 95% Specificity,0.9818181818181818
/scratchc/nrlab/wang04/ulyses_results_iteration/iteration_3_merge_below_3/cnn_model/cnn14/plasma_tp1_0.1x_model_C5/roc_curve_resnet18_tf_0_1/nested_cv_random/resnet18/repeat_10_fold_5_metrics.csv,9,2,resnet18,all,C5,Accuracy at 95% Specificity,0.7589486020425247
/scratchc/nrlab/wang04/ulyses_results_iteration/iteration_3_merge_below_3/cnn_model/cnn14/plasma_tp1_0.1x_model_C5/roc_curve_resnet18_tf_0_1/nested_cv_random/resnet18/repeat_10_fold_5_metrics.csv,9,2,resnet18,all,C5,F1 at 95% Specificity,0.7422680412371134
/scratchc/nrlab/wang04/ulyses_results_iteration/iteration_3_merge_below_3/cnn_model/cnn14/plasma_tp1_0.1x_model_C5/roc_curve_resnet18_tf_0_1/nested_cv_random/resnet18/repeat_10_fold_5_metrics.csv,9,3,resnet18,all,C5,AUROC,0.9225271114032204
/scratchc/nrlab/wang04/ulyses_results_iteration/iteration_3_merge_below_3/cnn_model/cnn14/plasma_tp1_0.1x_model_C5/roc_curve_resnet18_tf_0_1/nested_cv_random/resnet18/repeat_10_fold_5_metrics.csv,9,3,resnet18,all,C5,AUPRC,0.9699811711805532
/scratchc/nrlab/wang04/ulyses_results_iteration/iteration_3_merge_below_3/cnn_model/cnn14/plasma_tp1_0.1x_model_C5/roc_curve_resnet18_tf_0_1/nested_cv_random/resnet18/repeat_10_fold_5_metrics.csv,9,3,resnet18,all,C5,Sensitivity at 99% Specificity,0.5139664804469274
/scratchc/nrlab/wang04/ulyses_results_iteration/iteration_3_merge_below_3/cnn_model/cnn14/plasma_tp1_0.1x_model_C5/roc_curve_resnet18_tf_0_1/nested_cv_random/resnet18/repeat_10_fold_5_metrics.csv,9,3,resnet18,all,C5,PPV at 99% Specificity,1
/scratchc/nrlab/wang04/ulyses_results_iteration/iteration_3_merge_below_3/cnn_model/cnn14/plasma_tp1_0.1x_model_C5/roc_curve_resnet18_tf_0_1/nested_cv_random/resnet18/repeat_10_fold_5_metrics.csv,9,3,resnet18,all,C5,Accuracy at 99% Specificity,0.7519832402234636
/scratchc/nrlab/wang04/ulyses_results_iteration/iteration_3_merge_below_3/cnn_model/cnn14/plasma_tp1_0.1x_model_C5/roc_curve_resnet18_tf_0_1/nested_cv_random/resnet18/repeat_10_fold_5_metrics.csv,9,3,resnet18,all,C5,F1 at 99% Specificity,0.6789667896678967
/scratchc/nrlab/wang04/ulyses_results_iteration/iteration_3_merge_below_3/cnn_model/cnn14/plasma_tp1_0.1x_model_C5/roc_curve_resnet18_tf_0_1/nested_cv_random/resnet18/repeat_10_fold_5_metrics.csv,9,3,resnet18,all,C5,Sensitivity at 98% Specificity,0.5139664804469274
/scratchc/nrlab/wang04/ulyses_results_iteration/iteration_3_merge_below_3/cnn_model/cnn14/plasma_tp1_0.1x_model_C5/roc_curve_resnet18_tf_0_1/nested_cv_random/resnet18/repeat_10_fold_5_metrics.csv,9,3,resnet18,all,C5,PPV at 98% Specificity,1
/scratchc/nrlab/wang04/ulyses_results_iteration/iteration_3_merge_below_3/cnn_model/cnn14/plasma_tp1_0.1x_model_C5/roc_curve_resnet18_tf_0_1/nested_cv_random/resnet18/repeat_10_fold_5_metrics.csv,9,3,resnet18,all,C5,Accuracy at 98% Specificity,0.7469832402234637
/scratchc/nrlab/wang04/ulyses_results_iteration/iteration_3_merge_below_3/cnn_model/cnn14/plasma_tp1_0.1x_model_C5/roc_curve_resnet18_tf_0_1/nested_cv_random/resnet18/repeat_10_fold_5_metrics.csv,9,3,resnet18,all,C5,F1 at 98% Specificity,0.6789667896678967
/scratchc/nrlab/wang04/ulyses_results_iteration/iteration_3_merge_below_3/cnn_model/cnn14/plasma_tp1_0.1x_model_C5/roc_curve_resnet18_tf_0_1/nested_cv_random/resnet18/repeat_10_fold_5_metrics.csv,9,3,resnet18,all,C5,Sensitivity at 95% Specificity,0.5921787709497207
/scratchc/nrlab/wang04/ulyses_results_iteration/iteration_3_merge_below_3/cnn_model/cnn14/plasma_tp1_0.1x_model_C5/roc_curve_resnet18_tf_0_1/nested_cv_random/resnet18/repeat_10_fold_5_metrics.csv,9,3,resnet18,all,C5,PPV at 95% Specificity,0.9814814814814816
/scratchc/nrlab/wang04/ulyses_results_iteration/iteration_3_merge_below_3/cnn_model/cnn14/plasma_tp1_0.1x_model_C5/roc_curve_resnet18_tf_0_1/nested_cv_random/resnet18/repeat_10_fold_5_metrics.csv,9,3,resnet18,all,C5,Accuracy at 95% Specificity,0.7571187972395662
/scratchc/nrlab/wang04/ulyses_results_iteration/iteration_3_merge_below_3/cnn_model/cnn14/plasma_tp1_0.1x_model_C5/roc_curve_resnet18_tf_0_1/nested_cv_random/resnet18/repeat_10_fold_5_metrics.csv,9,3,resnet18,all,C5,F1 at 95% Specificity,0.7386759581881533
/scratchc/nrlab/wang04/ulyses_results_iteration/iteration_3_merge_below_3/cnn_model/cnn14/plasma_tp1_0.1x_model_C5/roc_curve_resnet18_tf_0_1/nested_cv_random/resnet18/repeat_10_fold_5_metrics.csv,9,4,resnet18,all,C5,AUROC,0.9414394669939512
/scratchc/nrlab/wang04/ulyses_results_iteration/iteration_3_merge_below_3/cnn_model/cnn14/plasma_tp1_0.1x_model_C5/roc_curve_resnet18_tf_0_1/nested_cv_random/resnet18/repeat_10_fold_5_metrics.csv,9,4,resnet18,all,C5,AUPRC,0.981051376457643
/scratchc/nrlab/wang04/ulyses_results_iteration/iteration_3_merge_below_3/cnn_model/cnn14/plasma_tp1_0.1x_model_C5/roc_curve_resnet18_tf_0_1/nested_cv_random/resnet18/repeat_10_fold_5_metrics.csv,9,4,resnet18,all,C5,Sensitivity at 99% Specificity,0.6203208556149733
/scratchc/nrlab/wang04/ulyses_results_iteration/iteration_3_merge_below_3/cnn_model/cnn14/plasma_tp1_0.1x_model_C5/roc_curve_resnet18_tf_0_1/nested_cv_random/resnet18/repeat_10_fold_5_metrics.csv,9,4,resnet18,all,C5,PPV at 99% Specificity,1
/scratchc/nrlab/wang04/ulyses_results_iteration/iteration_3_merge_below_3/cnn_model/cnn14/plasma_tp1_0.1x_model_C5/roc_curve_resnet18_tf_0_1/nested_cv_random/resnet18/repeat_10_fold_5_metrics.csv,9,4,resnet18,all,C5,Accuracy at 99% Specificity,0.8051604278074866
/scratchc/nrlab/wang04/ulyses_results_iteration/iteration_3_merge_below_3/cnn_model/cnn14/plasma_tp1_0.1x_model_C5/roc_curve_resnet18_tf_0_1/nested_cv_random/resnet18/repeat_10_fold_5_metrics.csv,9,4,resnet18,all,C5,F1 at 99% Specificity,0.7656765676567657
/scratchc/nrlab/wang04/ulyses_results_iteration/iteration_3_merge_below_3/cnn_model/cnn14/plasma_tp1_0.1x_model_C5/roc_curve_resnet18_tf_0_1/nested_cv_random/resnet18/repeat_10_fold_5_metrics.csv,9,4,resnet18,all,C5,Sensitivity at 98% Specificity,0.6203208556149733
/scratchc/nrlab/wang04/ulyses_results_iteration/iteration_3_merge_below_3/cnn_model/cnn14/plasma_tp1_0.1x_model_C5/roc_curve_resnet18_tf_0_1/nested_cv_random/resnet18/repeat_10_fold_5_metrics.csv,9,4,resnet18,all,C5,PPV at 98% Specificity,1
/scratchc/nrlab/wang04/ulyses_results_iteration/iteration_3_merge_below_3/cnn_model/cnn14/plasma_tp1_0.1x_model_C5/roc_curve_resnet18_tf_0_1/nested_cv_random/resnet18/repeat_10_fold_5_metrics.csv,9,4,resnet18,all,C5,Accuracy at 98% Specificity,0.8001604278074866
/scratchc/nrlab/wang04/ulyses_results_iteration/iteration_3_merge_below_3/cnn_model/cnn14/plasma_tp1_0.1x_model_C5/roc_curve_resnet18_tf_0_1/nested_cv_random/resnet18/repeat_10_fold_5_metrics.csv,9,4,resnet18,all,C5,F1 at 98% Specificity,0.7656765676567657
/scratchc/nrlab/wang04/ulyses_results_iteration/iteration_3_merge_below_3/cnn_model/cnn14/plasma_tp1_0.1x_model_C5/roc_curve_resnet18_tf_0_1/nested_cv_random/resnet18/repeat_10_fold_5_metrics.csv,9,4,resnet18,all,C5,Sensitivity at 95% Specificity,0.7540106951871658
/scratchc/nrlab/wang04/ulyses_results_iteration/iteration_3_merge_below_3/cnn_model/cnn14/plasma_tp1_0.1x_model_C5/roc_curve_resnet18_tf_0_1/nested_cv_random/resnet18/repeat_10_fold_5_metrics.csv,9,4,resnet18,all,C5,PPV at 95% Specificity,0.986013986013986
/scratchc/nrlab/wang04/ulyses_results_iteration/iteration_3_merge_below_3/cnn_model/cnn14/plasma_tp1_0.1x_model_C5/roc_curve_resnet18_tf_0_1/nested_cv_random/resnet18/repeat_10_fold_5_metrics.csv,9,4,resnet18,all,C5,Accuracy at 95% Specificity,0.8364315771017796
/scratchc/nrlab/wang04/ulyses_results_iteration/iteration_3_merge_below_3/cnn_model/cnn14/plasma_tp1_0.1x_model_C5/roc_curve_resnet18_tf_0_1/nested_cv_random/resnet18/repeat_10_fold_5_metrics.csv,9,4,resnet18,all,C5,F1 at 95% Specificity,0.8545454545454545
/scratchc/nrlab/wang04/ulyses_results_iteration/iteration_3_merge_below_3/cnn_model/cnn14/plasma_tp1_0.1x_model_C5/roc_curve_resnet18_tf_0_1/nested_cv_random/resnet18/repeat_10_fold_5_metrics.csv,9,5,resnet18,all,C5,AUROC,0.8799179641721078
/scratchc/nrlab/wang04/ulyses_results_iteration/iteration_3_merge_below_3/cnn_model/cnn14/plasma_tp1_0.1x_model_C5/roc_curve_resnet18_tf_0_1/nested_cv_random/resnet18/repeat_10_fold_5_metrics.csv,9,5,resnet18,all,C5,AUPRC,0.9471840071990127
/scratchc/nrlab/wang04/ulyses_results_iteration/iteration_3_merge_below_3/cnn_model/cnn14/plasma_tp1_0.1x_model_C5/roc_curve_resnet18_tf_0_1/nested_cv_random/resnet18/repeat_10_fold_5_metrics.csv,9,5,resnet18,all,C5,Sensitivity at 99% Specificity,0.08839779005524862
/scratchc/nrlab/wang04/ulyses_results_iteration/iteration_3_merge_below_3/cnn_model/cnn14/plasma_tp1_0.1x_model_C5/roc_curve_resnet18_tf_0_1/nested_cv_random/resnet18/repeat_10_fold_5_metrics.csv,9,5,resnet18,all,C5,PPV at 99% Specificity,1
/scratchc/nrlab/wang04/ulyses_results_iteration/iteration_3_merge_below_3/cnn_model/cnn14/plasma_tp1_0.1x_model_C5/roc_curve_resnet18_tf_0_1/nested_cv_random/resnet18/repeat_10_fold_5_metrics.csv,9,5,resnet18,all,C5,Accuracy at 99% Specificity,0.5364364640883977
/scratchc/nrlab/wang04/ulyses_results_iteration/iteration_3_merge_below_3/cnn_model/cnn14/plasma_tp1_0.1x_model_C5/roc_curve_resnet18_tf_0_1/nested_cv_random/resnet18/repeat_10_fold_5_metrics.csv,9,5,resnet18,all,C5,F1 at 99% Specificity,0.15306122448979592
/scratchc/nrlab/wang04/ulyses_results_iteration/iteration_3_merge_below_3/cnn_model/cnn14/plasma_tp1_0.1x_model_C5/roc_curve_resnet18_tf_0_1/nested_cv_random/resnet18/repeat_10_fold_5_metrics.csv,9,5,resnet18,all,C5,Sensitivity at 98% Specificity,0.08839779005524862
/scratchc/nrlab/wang04/ulyses_results_iteration/iteration_3_merge_below_3/cnn_model/cnn14/plasma_tp1_0.1x_model_C5/roc_curve_resnet18_tf_0_1/nested_cv_random/resnet18/repeat_10_fold_5_metrics.csv,9,5,resnet18,all,C5,PPV at 98% Specificity,1
/scratchc/nrlab/wang04/ulyses_results_iteration/iteration_3_merge_below_3/cnn_model/cnn14/plasma_tp1_0.1x_model_C5/roc_curve_resnet18_tf_0_1/nested_cv_random/resnet18/repeat_10_fold_5_metrics.csv,9,5,resnet18,all,C5,Accuracy at 98% Specificity,0.5314364640883977
/scratchc/nrlab/wang04/ulyses_results_iteration/iteration_3_merge_below_3/cnn_model/cnn14/plasma_tp1_0.1x_model_C5/roc_curve_resnet18_tf_0_1/nested_cv_random/resnet18/repeat_10_fold_5_metrics.csv,9,5,resnet18,all,C5,F1 at 98% Specificity,0.15306122448979592
/scratchc/nrlab/wang04/ulyses_results_iteration/iteration_3_merge_below_3/cnn_model/cnn14/plasma_tp1_0.1x_model_C5/roc_curve_resnet18_tf_0_1/nested_cv_random/resnet18/repeat_10_fold_5_metrics.csv,9,5,resnet18,all,C5,Sensitivity at 95% Specificity,0.5469613259668509
/scratchc/nrlab/wang04/ulyses_results_iteration/iteration_3_merge_below_3/cnn_model/cnn14/plasma_tp1_0.1x_model_C5/roc_curve_resnet18_tf_0_1/nested_cv_random/resnet18/repeat_10_fold_5_metrics.csv,9,5,resnet18,all,C5,PPV at 95% Specificity,0.9801980198019802
/scratchc/nrlab/wang04/ulyses_results_iteration/iteration_3_merge_below_3/cnn_model/cnn14/plasma_tp1_0.1x_model_C5/roc_curve_resnet18_tf_0_1/nested_cv_random/resnet18/repeat_10_fold_5_metrics.csv,9,5,resnet18,all,C5,Accuracy at 95% Specificity,0.734086723589486
/scratchc/nrlab/wang04/ulyses_results_iteration/iteration_3_merge_below_3/cnn_model/cnn14/plasma_tp1_0.1x_model_C5/roc_curve_resnet18_tf_0_1/nested_cv_random/resnet18/repeat_10_fold_5_metrics.csv,9,5,resnet18,all,C5,F1 at 95% Specificity,0.7021276595744681
/scratchc/nrlab/wang04/ulyses_results_iteration/iteration_3_merge_below_3/cnn_model/cnn14/plasma_tp1_0.1x_model_C5/roc_curve_resnet18_tf_0_1/nested_cv_random/resnet18/repeat_10_fold_5_metrics.csv,10,1,resnet18,all,C5,AUROC,0.930840163934426
/scratchc/nrlab/wang04/ulyses_results_iteration/iteration_3_merge_below_3/cnn_model/cnn14/plasma_tp1_0.1x_model_C5/roc_curve_resnet18_tf_0_1/nested_cv_random/resnet18/repeat_10_fold_5_metrics.csv,10,1,resnet18,all,C5,AUPRC,0.9760348927179892
/scratchc/nrlab/wang04/ulyses_results_iteration/iteration_3_merge_below_3/cnn_model/cnn14/plasma_tp1_0.1x_model_C5/roc_curve_resnet18_tf_0_1/nested_cv_random/resnet18/repeat_10_fold_5_metrics.csv,10,1,resnet18,all,C5,Sensitivity at 99% Specificity,0.5573770491803278
/scratchc/nrlab/wang04/ulyses_results_iteration/iteration_3_merge_below_3/cnn_model/cnn14/plasma_tp1_0.1x_model_C5/roc_curve_resnet18_tf_0_1/nested_cv_random/resnet18/repeat_10_fold_5_metrics.csv,10,1,resnet18,all,C5,PPV at 99% Specificity,1
/scratchc/nrlab/wang04/ulyses_results_iteration/iteration_3_merge_below_3/cnn_model/cnn14/plasma_tp1_0.1x_model_C5/roc_curve_resnet18_tf_0_1/nested_cv_random/resnet18/repeat_10_fold_5_metrics.csv,10,1,resnet18,all,C5,Accuracy at 99% Specificity,0.7736885245901639
/scratchc/nrlab/wang04/ulyses_results_iteration/iteration_3_merge_below_3/cnn_model/cnn14/plasma_tp1_0.1x_model_C5/roc_curve_resnet18_tf_0_1/nested_cv_random/resnet18/repeat_10_fold_5_metrics.csv,10,1,resnet18,all,C5,F1 at 99% Specificity,0.7157894736842105
/scratchc/nrlab/wang04/ulyses_results_iteration/iteration_3_merge_below_3/cnn_model/cnn14/plasma_tp1_0.1x_model_C5/roc_curve_resnet18_tf_0_1/nested_cv_random/resnet18/repeat_10_fold_5_metrics.csv,10,1,resnet18,all,C5,Sensitivity at 98% Specificity,0.5573770491803278
/scratchc/nrlab/wang04/ulyses_results_iteration/iteration_3_merge_below_3/cnn_model/cnn14/plasma_tp1_0.1x_model_C5/roc_curve_resnet18_tf_0_1/nested_cv_random/resnet18/repeat_10_fold_5_metrics.csv,10,1,resnet18,all,C5,PPV at 98% Specificity,1
/scratchc/nrlab/wang04/ulyses_results_iteration/iteration_3_merge_below_3/cnn_model/cnn14/plasma_tp1_0.1x_model_C5/roc_curve_resnet18_tf_0_1/nested_cv_random/resnet18/repeat_10_fold_5_metrics.csv,10,1,resnet18,all,C5,Accuracy at 98% Specificity,0.7686885245901639
/scratchc/nrlab/wang04/ulyses_results_iteration/iteration_3_merge_below_3/cnn_model/cnn14/plasma_tp1_0.1x_model_C5/roc_curve_resnet18_tf_0_1/nested_cv_random/resnet18/repeat_10_fold_5_metrics.csv,10,1,resnet18,all,C5,F1 at 98% Specificity,0.7157894736842105
/scratchc/nrlab/wang04/ulyses_results_iteration/iteration_3_merge_below_3/cnn_model/cnn14/plasma_tp1_0.1x_model_C5/roc_curve_resnet18_tf_0_1/nested_cv_random/resnet18/repeat_10_fold_5_metrics.csv,10,1,resnet18,all,C5,Sensitivity at 95% Specificity,0.6612021857923497
/scratchc/nrlab/wang04/ulyses_results_iteration/iteration_3_merge_below_3/cnn_model/cnn14/plasma_tp1_0.1x_model_C5/roc_curve_resnet18_tf_0_1/nested_cv_random/resnet18/repeat_10_fold_5_metrics.csv,10,1,resnet18,all,C5,PPV at 95% Specificity,0.983739837398374
/scratchc/nrlab/wang04/ulyses_results_iteration/iteration_3_merge_below_3/cnn_model/cnn14/plasma_tp1_0.1x_model_C5/roc_curve_resnet18_tf_0_1/nested_cv_random/resnet18/repeat_10_fold_5_metrics.csv,10,1,resnet18,all,C5,Accuracy at 95% Specificity,0.7907573428961748
/scratchc/nrlab/wang04/ulyses_results_iteration/iteration_3_merge_below_3/cnn_model/cnn14/plasma_tp1_0.1x_model_C5/roc_curve_resnet18_tf_0_1/nested_cv_random/resnet18/repeat_10_fold_5_metrics.csv,10,1,resnet18,all,C5,F1 at 95% Specificity,0.7908496732026143
/scratchc/nrlab/wang04/ulyses_results_iteration/iteration_3_merge_below_3/cnn_model/cnn14/plasma_tp1_0.1x_model_C5/roc_curve_resnet18_tf_0_1/nested_cv_random/resnet18/repeat_10_fold_5_metrics.csv,10,3,resnet18,all,C5,AUROC,0.9114754098360656
/scratchc/nrlab/wang04/ulyses_results_iteration/iteration_3_merge_below_3/cnn_model/cnn14/plasma_tp1_0.1x_model_C5/roc_curve_resnet18_tf_0_1/nested_cv_random/resnet18/repeat_10_fold_5_metrics.csv,10,3,resnet18,all,C5,AUPRC,0.968704092946024
/scratchc/nrlab/wang04/ulyses_results_iteration/iteration_3_merge_below_3/cnn_model/cnn14/plasma_tp1_0.1x_model_C5/roc_curve_resnet18_tf_0_1/nested_cv_random/resnet18/repeat_10_fold_5_metrics.csv,10,3,resnet18,all,C5,Sensitivity at 99% Specificity,0.453551912568306
/scratchc/nrlab/wang04/ulyses_results_iteration/iteration_3_merge_below_3/cnn_model/cnn14/plasma_tp1_0.1x_model_C5/roc_curve_resnet18_tf_0_1/nested_cv_random/resnet18/repeat_10_fold_5_metrics.csv,10,3,resnet18,all,C5,PPV at 99% Specificity,1
/scratchc/nrlab/wang04/ulyses_results_iteration/iteration_3_merge_below_3/cnn_model/cnn14/plasma_tp1_0.1x_model_C5/roc_curve_resnet18_tf_0_1/nested_cv_random/resnet18/repeat_10_fold_5_metrics.csv,10,3,resnet18,all,C5,Accuracy at 99% Specificity,0.721775956284153
/scratchc/nrlab/wang04/ulyses_results_iteration/iteration_3_merge_below_3/cnn_model/cnn14/plasma_tp1_0.1x_model_C5/roc_curve_resnet18_tf_0_1/nested_cv_random/resnet18/repeat_10_fold_5_metrics.csv,10,3,resnet18,all,C5,F1 at 99% Specificity,0.6240601503759399
/scratchc/nrlab/wang04/ulyses_results_iteration/iteration_3_merge_below_3/cnn_model/cnn14/plasma_tp1_0.1x_model_C5/roc_curve_resnet18_tf_0_1/nested_cv_random/resnet18/repeat_10_fold_5_metrics.csv,10,3,resnet18,all,C5,Sensitivity at 98% Specificity,0.453551912568306
/scratchc/nrlab/wang04/ulyses_results_iteration/iteration_3_merge_below_3/cnn_model/cnn14/plasma_tp1_0.1x_model_C5/roc_curve_resnet18_tf_0_1/nested_cv_random/resnet18/repeat_10_fold_5_metrics.csv,10,3,resnet18,all,C5,PPV at 98% Specificity,1
/scratchc/nrlab/wang04/ulyses_results_iteration/iteration_3_merge_below_3/cnn_model/cnn14/plasma_tp1_0.1x_model_C5/roc_curve_resnet18_tf_0_1/nested_cv_random/resnet18/repeat_10_fold_5_metrics.csv,10,3,resnet18,all,C5,Accuracy at 98% Specificity,0.716775956284153
/scratchc/nrlab/wang04/ulyses_results_iteration/iteration_3_merge_below_3/cnn_model/cnn14/plasma_tp1_0.1x_model_C5/roc_curve_resnet18_tf_0_1/nested_cv_random/resnet18/repeat_10_fold_5_metrics.csv,10,3,resnet18,all,C5,F1 at 98% Specificity,0.6240601503759399
/scratchc/nrlab/wang04/ulyses_results_iteration/iteration_3_merge_below_3/cnn_model/cnn14/plasma_tp1_0.1x_model_C5/roc_curve_resnet18_tf_0_1/nested_cv_random/resnet18/repeat_10_fold_5_metrics.csv,10,3,resnet18,all,C5,Sensitivity at 95% Specificity,0.6830601092896175
/scratchc/nrlab/wang04/ulyses_results_iteration/iteration_3_merge_below_3/cnn_model/cnn14/plasma_tp1_0.1x_model_C5/roc_curve_resnet18_tf_0_1/nested_cv_random/resnet18/repeat_10_fold_5_metrics.csv,10,3,resnet18,all,C5,PPV at 95% Specificity,0.984251968503937
/scratchc/nrlab/wang04/ulyses_results_iteration/iteration_3_merge_below_3/cnn_model/cnn14/plasma_tp1_0.1x_model_C5/roc_curve_resnet18_tf_0_1/nested_cv_random/resnet18/repeat_10_fold_5_metrics.csv,10,3,resnet18,all,C5,Accuracy at 95% Specificity,0.8019146700294241
/scratchc/nrlab/wang04/ulyses_results_iteration/iteration_3_merge_below_3/cnn_model/cnn14/plasma_tp1_0.1x_model_C5/roc_curve_resnet18_tf_0_1/nested_cv_random/resnet18/repeat_10_fold_5_metrics.csv,10,3,resnet18,all,C5,F1 at 95% Specificity,0.8064516129032258
/scratchc/nrlab/wang04/ulyses_results_iteration/iteration_3_merge_below_3/cnn_model/cnn14/plasma_tp1_0.1x_model_C5/roc_curve_resnet18_tf_0_1/nested_cv_random/resnet18/repeat_10_fold_5_metrics.csv,10,4,resnet18,all,C5,AUROC,0.938473129080864
/scratchc/nrlab/wang04/ulyses_results_iteration/iteration_3_merge_below_3/cnn_model/cnn14/plasma_tp1_0.1x_model_C5/roc_curve_resnet18_tf_0_1/nested_cv_random/resnet18/repeat_10_fold_5_metrics.csv,10,4,resnet18,all,C5,AUPRC,0.9764228438879454
/scratchc/nrlab/wang04/ulyses_results_iteration/iteration_3_merge_below_3/cnn_model/cnn14/plasma_tp1_0.1x_model_C5/roc_curve_resnet18_tf_0_1/nested_cv_random/resnet18/repeat_10_fold_5_metrics.csv,10,4,resnet18,all,C5,Sensitivity at 99% Specificity,0.27624309392265195
/scratchc/nrlab/wang04/ulyses_results_iteration/iteration_3_merge_below_3/cnn_model/cnn14/plasma_tp1_0.1x_model_C5/roc_curve_resnet18_tf_0_1/nested_cv_random/resnet18/repeat_10_fold_5_metrics.csv,10,4,resnet18,all,C5,PPV at 99% Specificity,1
/scratchc/nrlab/wang04/ulyses_results_iteration/iteration_3_merge_below_3/cnn_model/cnn14/plasma_tp1_0.1x_model_C5/roc_curve_resnet18_tf_0_1/nested_cv_random/resnet18/repeat_10_fold_5_metrics.csv,10,4,resnet18,all,C5,Accuracy at 99% Specificity,0.6331215469613259
/scratchc/nrlab/wang04/ulyses_results_iteration/iteration_3_merge_below_3/cnn_model/cnn14/plasma_tp1_0.1x_model_C5/roc_curve_resnet18_tf_0_1/nested_cv_random/resnet18/repeat_10_fold_5_metrics.csv,10,4,resnet18,all,C5,F1 at 99% Specificity,0.4329004329004329
/scratchc/nrlab/wang04/ulyses_results_iteration/iteration_3_merge_below_3/cnn_model/cnn14/plasma_tp1_0.1x_model_C5/roc_curve_resnet18_tf_0_1/nested_cv_random/resnet18/repeat_10_fold_5_metrics.csv,10,4,resnet18,all,C5,Sensitivity at 98% Specificity,0.27624309392265195
/scratchc/nrlab/wang04/ulyses_results_iteration/iteration_3_merge_below_3/cnn_model/cnn14/plasma_tp1_0.1x_model_C5/roc_curve_resnet18_tf_0_1/nested_cv_random/resnet18/repeat_10_fold_5_metrics.csv,10,4,resnet18,all,C5,PPV at 98% Specificity,1
/scratchc/nrlab/wang04/ulyses_results_iteration/iteration_3_merge_below_3/cnn_model/cnn14/plasma_tp1_0.1x_model_C5/roc_curve_resnet18_tf_0_1/nested_cv_random/resnet18/repeat_10_fold_5_metrics.csv,10,4,resnet18,all,C5,Accuracy at 98% Specificity,0.6281215469613259
/scratchc/nrlab/wang04/ulyses_results_iteration/iteration_3_merge_below_3/cnn_model/cnn14/plasma_tp1_0.1x_model_C5/roc_curve_resnet18_tf_0_1/nested_cv_random/resnet18/repeat_10_fold_5_metrics.csv,10,4,resnet18,all,C5,F1 at 98% Specificity,0.4329004329004329
/scratchc/nrlab/wang04/ulyses_results_iteration/iteration_3_merge_below_3/cnn_model/cnn14/plasma_tp1_0.1x_model_C5/roc_curve_resnet18_tf_0_1/nested_cv_random/resnet18/repeat_10_fold_5_metrics.csv,10,4,resnet18,all,C5,Sensitivity at 95% Specificity,0.7624309392265194
/scratchc/nrlab/wang04/ulyses_results_iteration/iteration_3_merge_below_3/cnn_model/cnn14/plasma_tp1_0.1x_model_C5/roc_curve_resnet18_tf_0_1/nested_cv_random/resnet18/repeat_10_fold_5_metrics.csv,10,4,resnet18,all,C5,PPV at 95% Specificity,0.9857142857142858
/scratchc/nrlab/wang04/ulyses_results_iteration/iteration_3_merge_below_3/cnn_model/cnn14/plasma_tp1_0.1x_model_C5/roc_curve_resnet18_tf_0_1/nested_cv_random/resnet18/repeat_10_fold_5_metrics.csv,10,4,resnet18,all,C5,Accuracy at 95% Specificity,0.8418215302193203
/scratchc/nrlab/wang04/ulyses_results_iteration/iteration_3_merge_below_3/cnn_model/cnn14/plasma_tp1_0.1x_model_C5/roc_curve_resnet18_tf_0_1/nested_cv_random/resnet18/repeat_10_fold_5_metrics.csv,10,4,resnet18,all,C5,F1 at 95% Specificity,0.8598130841121495
/scratchc/nrlab/wang04/ulyses_results_iteration/iteration_3_merge_below_3/cnn_model/cnn14/plasma_tp1_0.1x_model_C5/roc_curve_resnet18_tf_0_1/nested_cv_random/resnet18/repeat_10_fold_5_metrics.csv,10,5,resnet18,all,C5,AUROC,0.9154589371980676
/scratchc/nrlab/wang04/ulyses_results_iteration/iteration_3_merge_below_3/cnn_model/cnn14/plasma_tp1_0.1x_model_C5/roc_curve_resnet18_tf_0_1/nested_cv_random/resnet18/repeat_10_fold_5_metrics.csv,10,5,resnet18,all,C5,AUPRC,0.9709706492444564
/scratchc/nrlab/wang04/ulyses_results_iteration/iteration_3_merge_below_3/cnn_model/cnn14/plasma_tp1_0.1x_model_C5/roc_curve_resnet18_tf_0_1/nested_cv_random/resnet18/repeat_10_fold_5_metrics.csv,10,5,resnet18,all,C5,Sensitivity at 99% Specificity,0.6304347826086957
/scratchc/nrlab/wang04/ulyses_results_iteration/iteration_3_merge_below_3/cnn_model/cnn14/plasma_tp1_0.1x_model_C5/roc_curve_resnet18_tf_0_1/nested_cv_random/resnet18/repeat_10_fold_5_metrics.csv,10,5,resnet18,all,C5,PPV at 99% Specificity,1
/scratchc/nrlab/wang04/ulyses_results_iteration/iteration_3_merge_below_3/cnn_model/cnn14/plasma_tp1_0.1x_model_C5/roc_curve_resnet18_tf_0_1/nested_cv_random/resnet18/repeat_10_fold_5_metrics.csv,10,5,resnet18,all,C5,Accuracy at 99% Specificity,0.8102173913043478
/scratchc/nrlab/wang04/ulyses_results_iteration/iteration_3_merge_below_3/cnn_model/cnn14/plasma_tp1_0.1x_model_C5/roc_curve_resnet18_tf_0_1/nested_cv_random/resnet18/repeat_10_fold_5_metrics.csv,10,5,resnet18,all,C5,F1 at 99% Specificity,0.7733333333333333
/scratchc/nrlab/wang04/ulyses_results_iteration/iteration_3_merge_below_3/cnn_model/cnn14/plasma_tp1_0.1x_model_C5/roc_curve_resnet18_tf_0_1/nested_cv_random/resnet18/repeat_10_fold_5_metrics.csv,10,5,resnet18,all,C5,Sensitivity at 98% Specificity,0.6304347826086957
/scratchc/nrlab/wang04/ulyses_results_iteration/iteration_3_merge_below_3/cnn_model/cnn14/plasma_tp1_0.1x_model_C5/roc_curve_resnet18_tf_0_1/nested_cv_random/resnet18/repeat_10_fold_5_metrics.csv,10,5,resnet18,all,C5,PPV at 98% Specificity,1
/scratchc/nrlab/wang04/ulyses_results_iteration/iteration_3_merge_below_3/cnn_model/cnn14/plasma_tp1_0.1x_model_C5/roc_curve_resnet18_tf_0_1/nested_cv_random/resnet18/repeat_10_fold_5_metrics.csv,10,5,resnet18,all,C5,Accuracy at 98% Specificity,0.8052173913043479
/scratchc/nrlab/wang04/ulyses_results_iteration/iteration_3_merge_below_3/cnn_model/cnn14/plasma_tp1_0.1x_model_C5/roc_curve_resnet18_tf_0_1/nested_cv_random/resnet18/repeat_10_fold_5_metrics.csv,10,5,resnet18,all,C5,F1 at 98% Specificity,0.7733333333333333
/scratchc/nrlab/wang04/ulyses_results_iteration/iteration_3_merge_below_3/cnn_model/cnn14/plasma_tp1_0.1x_model_C5/roc_curve_resnet18_tf_0_1/nested_cv_random/resnet18/repeat_10_fold_5_metrics.csv,10,5,resnet18,all,C5,Sensitivity at 95% Specificity,0.6630434782608695
/scratchc/nrlab/wang04/ulyses_results_iteration/iteration_3_merge_below_3/cnn_model/cnn14/plasma_tp1_0.1x_model_C5/roc_curve_resnet18_tf_0_1/nested_cv_random/resnet18/repeat_10_fold_5_metrics.csv,10,5,resnet18,all,C5,PPV at 95% Specificity,0.9838709677419356
/scratchc/nrlab/wang04/ulyses_results_iteration/iteration_3_merge_below_3/cnn_model/cnn14/plasma_tp1_0.1x_model_C5/roc_curve_resnet18_tf_0_1/nested_cv_random/resnet18/repeat_10_fold_5_metrics.csv,10,5,resnet18,all,C5,Accuracy at 95% Specificity,0.7914423740510697
/scratchc/nrlab/wang04/ulyses_results_iteration/iteration_3_merge_below_3/cnn_model/cnn14/plasma_tp1_0.1x_model_C5/roc_curve_resnet18_tf_0_1/nested_cv_random/resnet18/repeat_10_fold_5_metrics.csv,10,5,resnet18,all,C5,F1 at 95% Specificity,0.7922077922077922
/scratchc/nrlab/wang04/ulyses_results_iteration/iteration_3_merge_below_3/cnn_model/cnn14/plasma_tp1_0.1x_model_C5/roc_curve_resnet18_tf_0.03_0.1/nested_cv_random/resnet18/repeat_10_fold_5_metrics.csv,1,2,resnet18,"(0.03, 0.1]",C5,AUROC,0.9805194805194806
/scratchc/nrlab/wang04/ulyses_results_iteration/iteration_3_merge_below_3/cnn_model/cnn14/plasma_tp1_0.1x_model_C5/roc_curve_resnet18_tf_0.03_0.1/nested_cv_random/resnet18/repeat_10_fold_5_metrics.csv,1,2,resnet18,"(0.03, 0.1]",C5,AUPRC,0.9752092720204966
/scratchc/nrlab/wang04/ulyses_results_iteration/iteration_3_merge_below_3/cnn_model/cnn14/plasma_tp1_0.1x_model_C5/roc_curve_resnet18_tf_0.03_0.1/nested_cv_random/resnet18/repeat_10_fold_5_metrics.csv,1,2,resnet18,"(0.03, 0.1]",C5,Sensitivity at 99% Specificity,0.8571428571428571
/scratchc/nrlab/wang04/ulyses_results_iteration/iteration_3_merge_below_3/cnn_model/cnn14/plasma_tp1_0.1x_model_C5/roc_curve_resnet18_tf_0.03_0.1/nested_cv_random/resnet18/repeat_10_fold_5_metrics.csv,1,2,resnet18,"(0.03, 0.1]",C5,PPV at 99% Specificity,1
/scratchc/nrlab/wang04/ulyses_results_iteration/iteration_3_merge_below_3/cnn_model/cnn14/plasma_tp1_0.1x_model_C5/roc_curve_resnet18_tf_0.03_0.1/nested_cv_random/resnet18/repeat_10_fold_5_metrics.csv,1,2,resnet18,"(0.03, 0.1]",C5,Accuracy at 99% Specificity,0.9235714285714284
/scratchc/nrlab/wang04/ulyses_results_iteration/iteration_3_merge_below_3/cnn_model/cnn14/plasma_tp1_0.1x_model_C5/roc_curve_resnet18_tf_0.03_0.1/nested_cv_random/resnet18/repeat_10_fold_5_metrics.csv,1,2,resnet18,"(0.03, 0.1]",C5,F1 at 99% Specificity,0.9230769230769232
/scratchc/nrlab/wang04/ulyses_results_iteration/iteration_3_merge_below_3/cnn_model/cnn14/plasma_tp1_0.1x_model_C5/roc_curve_resnet18_tf_0.03_0.1/nested_cv_random/resnet18/repeat_10_fold_5_metrics.csv,1,2,resnet18,"(0.03, 0.1]",C5,Sensitivity at 98% Specificity,0.8571428571428571
/scratchc/nrlab/wang04/ulyses_results_iteration/iteration_3_merge_below_3/cnn_model/cnn14/plasma_tp1_0.1x_model_C5/roc_curve_resnet18_tf_0.03_0.1/nested_cv_random/resnet18/repeat_10_fold_5_metrics.csv,1,2,resnet18,"(0.03, 0.1]",C5,PPV at 98% Specificity,1
/scratchc/nrlab/wang04/ulyses_results_iteration/iteration_3_merge_below_3/cnn_model/cnn14/plasma_tp1_0.1x_model_C5/roc_curve_resnet18_tf_0.03_0.1/nested_cv_random/resnet18/repeat_10_fold_5_metrics.csv,1,2,resnet18,"(0.03, 0.1]",C5,Accuracy at 98% Specificity,0.9185714285714286
/scratchc/nrlab/wang04/ulyses_results_iteration/iteration_3_merge_below_3/cnn_model/cnn14/plasma_tp1_0.1x_model_C5/roc_curve_resnet18_tf_0.03_0.1/nested_cv_random/resnet18/repeat_10_fold_5_metrics.csv,1,2,resnet18,"(0.03, 0.1]",C5,F1 at 98% Specificity,0.9230769230769232
/scratchc/nrlab/wang04/ulyses_results_iteration/iteration_3_merge_below_3/cnn_model/cnn14/plasma_tp1_0.1x_model_C5/roc_curve_resnet18_tf_0.03_0.1/nested_cv_random/resnet18/repeat_10_fold_5_metrics.csv,1,2,resnet18,"(0.03, 0.1]",C5,Sensitivity at 95% Specificity,0.9142857142857144
/scratchc/nrlab/wang04/ulyses_results_iteration/iteration_3_merge_below_3/cnn_model/cnn14/plasma_tp1_0.1x_model_C5/roc_curve_resnet18_tf_0.03_0.1/nested_cv_random/resnet18/repeat_10_fold_5_metrics.csv,1,2,resnet18,"(0.03, 0.1]",C5,PPV at 95% Specificity,0.9411764705882352
/scratchc/nrlab/wang04/ulyses_results_iteration/iteration_3_merge_below_3/cnn_model/cnn14/plasma_tp1_0.1x_model_C5/roc_curve_resnet18_tf_0.03_0.1/nested_cv_random/resnet18/repeat_10_fold_5_metrics.csv,1,2,resnet18,"(0.03, 0.1]",C5,Accuracy at 95% Specificity,0.9177489177489178
/scratchc/nrlab/wang04/ulyses_results_iteration/iteration_3_merge_below_3/cnn_model/cnn14/plasma_tp1_0.1x_model_C5/roc_curve_resnet18_tf_0.03_0.1/nested_cv_random/resnet18/repeat_10_fold_5_metrics.csv,1,2,resnet18,"(0.03, 0.1]",C5,F1 at 95% Specificity,0.927536231884058
/scratchc/nrlab/wang04/ulyses_results_iteration/iteration_3_merge_below_3/cnn_model/cnn14/plasma_tp1_0.1x_model_C5/roc_curve_resnet18_tf_0.03_0.1/nested_cv_random/resnet18/repeat_10_fold_5_metrics.csv,1,3,resnet18,"(0.03, 0.1]",C5,AUROC,0.9554112554112554
/scratchc/nrlab/wang04/ulyses_results_iteration/iteration_3_merge_below_3/cnn_model/cnn14/plasma_tp1_0.1x_model_C5/roc_curve_resnet18_tf_0.03_0.1/nested_cv_random/resnet18/repeat_10_fold_5_metrics.csv,1,3,resnet18,"(0.03, 0.1]",C5,AUPRC,0.9278261325431024
/scratchc/nrlab/wang04/ulyses_results_iteration/iteration_3_merge_below_3/cnn_model/cnn14/plasma_tp1_0.1x_model_C5/roc_curve_resnet18_tf_0.03_0.1/nested_cv_random/resnet18/repeat_10_fold_5_metrics.csv,1,3,resnet18,"(0.03, 0.1]",C5,Sensitivity at 99% Specificity,0.4857142857142857
/scratchc/nrlab/wang04/ulyses_results_iteration/iteration_3_merge_below_3/cnn_model/cnn14/plasma_tp1_0.1x_model_C5/roc_curve_resnet18_tf_0.03_0.1/nested_cv_random/resnet18/repeat_10_fold_5_metrics.csv,1,3,resnet18,"(0.03, 0.1]",C5,PPV at 99% Specificity,1
/scratchc/nrlab/wang04/ulyses_results_iteration/iteration_3_merge_below_3/cnn_model/cnn14/plasma_tp1_0.1x_model_C5/roc_curve_resnet18_tf_0.03_0.1/nested_cv_random/resnet18/repeat_10_fold_5_metrics.csv,1,3,resnet18,"(0.03, 0.1]",C5,Accuracy at 99% Specificity,0.7378571428571429
/scratchc/nrlab/wang04/ulyses_results_iteration/iteration_3_merge_below_3/cnn_model/cnn14/plasma_tp1_0.1x_model_C5/roc_curve_resnet18_tf_0.03_0.1/nested_cv_random/resnet18/repeat_10_fold_5_metrics.csv,1,3,resnet18,"(0.03, 0.1]",C5,F1 at 99% Specificity,0.6538461538461539
/scratchc/nrlab/wang04/ulyses_results_iteration/iteration_3_merge_below_3/cnn_model/cnn14/plasma_tp1_0.1x_model_C5/roc_curve_resnet18_tf_0.03_0.1/nested_cv_random/resnet18/repeat_10_fold_5_metrics.csv,1,3,resnet18,"(0.03, 0.1]",C5,Sensitivity at 98% Specificity,0.4857142857142857
/scratchc/nrlab/wang04/ulyses_results_iteration/iteration_3_merge_below_3/cnn_model/cnn14/plasma_tp1_0.1x_model_C5/roc_curve_resnet18_tf_0.03_0.1/nested_cv_random/resnet18/repeat_10_fold_5_metrics.csv,1,3,resnet18,"(0.03, 0.1]",C5,PPV at 98% Specificity,1
/scratchc/nrlab/wang04/ulyses_results_iteration/iteration_3_merge_below_3/cnn_model/cnn14/plasma_tp1_0.1x_model_C5/roc_curve_resnet18_tf_0.03_0.1/nested_cv_random/resnet18/repeat_10_fold_5_metrics.csv,1,3,resnet18,"(0.03, 0.1]",C5,Accuracy at 98% Specificity,0.7328571428571429
/scratchc/nrlab/wang04/ulyses_results_iteration/iteration_3_merge_below_3/cnn_model/cnn14/plasma_tp1_0.1x_model_C5/roc_curve_resnet18_tf_0.03_0.1/nested_cv_random/resnet18/repeat_10_fold_5_metrics.csv,1,3,resnet18,"(0.03, 0.1]",C5,F1 at 98% Specificity,0.6538461538461539
/scratchc/nrlab/wang04/ulyses_results_iteration/iteration_3_merge_below_3/cnn_model/cnn14/plasma_tp1_0.1x_model_C5/roc_curve_resnet18_tf_0.03_0.1/nested_cv_random/resnet18/repeat_10_fold_5_metrics.csv,1,3,resnet18,"(0.03, 0.1]",C5,Sensitivity at 95% Specificity,0.7142857142857143
/scratchc/nrlab/wang04/ulyses_results_iteration/iteration_3_merge_below_3/cnn_model/cnn14/plasma_tp1_0.1x_model_C5/roc_curve_resnet18_tf_0.03_0.1/nested_cv_random/resnet18/repeat_10_fold_5_metrics.csv,1,3,resnet18,"(0.03, 0.1]",C5,PPV at 95% Specificity,0.925925925925926
/scratchc/nrlab/wang04/ulyses_results_iteration/iteration_3_merge_below_3/cnn_model/cnn14/plasma_tp1_0.1x_model_C5/roc_curve_resnet18_tf_0.03_0.1/nested_cv_random/resnet18/repeat_10_fold_5_metrics.csv,1,3,resnet18,"(0.03, 0.1]",C5,Accuracy at 95% Specificity,0.8177489177489177
/scratchc/nrlab/wang04/ulyses_results_iteration/iteration_3_merge_below_3/cnn_model/cnn14/plasma_tp1_0.1x_model_C5/roc_curve_resnet18_tf_0.03_0.1/nested_cv_random/resnet18/repeat_10_fold_5_metrics.csv,1,3,resnet18,"(0.03, 0.1]",C5,F1 at 95% Specificity,0.8064516129032258
/scratchc/nrlab/wang04/ulyses_results_iteration/iteration_3_merge_below_3/cnn_model/cnn14/plasma_tp1_0.1x_model_C5/roc_curve_resnet18_tf_0.03_0.1/nested_cv_random/resnet18/repeat_10_fold_5_metrics.csv,1,4,resnet18,"(0.03, 0.1]",C5,AUROC,0.9586466165413534
/scratchc/nrlab/wang04/ulyses_results_iteration/iteration_3_merge_below_3/cnn_model/cnn14/plasma_tp1_0.1x_model_C5/roc_curve_resnet18_tf_0.03_0.1/nested_cv_random/resnet18/repeat_10_fold_5_metrics.csv,1,4,resnet18,"(0.03, 0.1]",C5,AUPRC,0.9387741172497271
/scratchc/nrlab/wang04/ulyses_results_iteration/iteration_3_merge_below_3/cnn_model/cnn14/plasma_tp1_0.1x_model_C5/roc_curve_resnet18_tf_0.03_0.1/nested_cv_random/resnet18/repeat_10_fold_5_metrics.csv,1,4,resnet18,"(0.03, 0.1]",C5,Sensitivity at 99% Specificity,0.6052631578947368
/scratchc/nrlab/wang04/ulyses_results_iteration/iteration_3_merge_below_3/cnn_model/cnn14/plasma_tp1_0.1x_model_C5/roc_curve_resnet18_tf_0.03_0.1/nested_cv_random/resnet18/repeat_10_fold_5_metrics.csv,1,4,resnet18,"(0.03, 0.1]",C5,PPV at 99% Specificity,1
/scratchc/nrlab/wang04/ulyses_results_iteration/iteration_3_merge_below_3/cnn_model/cnn14/plasma_tp1_0.1x_model_C5/roc_curve_resnet18_tf_0.03_0.1/nested_cv_random/resnet18/repeat_10_fold_5_metrics.csv,1,4,resnet18,"(0.03, 0.1]",C5,Accuracy at 99% Specificity,0.7976315789473685
/scratchc/nrlab/wang04/ulyses_results_iteration/iteration_3_merge_below_3/cnn_model/cnn14/plasma_tp1_0.1x_model_C5/roc_curve_resnet18_tf_0.03_0.1/nested_cv_random/resnet18/repeat_10_fold_5_metrics.csv,1,4,resnet18,"(0.03, 0.1]",C5,F1 at 99% Specificity,0.7540983606557377
/scratchc/nrlab/wang04/ulyses_results_iteration/iteration_3_merge_below_3/cnn_model/cnn14/plasma_tp1_0.1x_model_C5/roc_curve_resnet18_tf_0.03_0.1/nested_cv_random/resnet18/repeat_10_fold_5_metrics.csv,1,4,resnet18,"(0.03, 0.1]",C5,Sensitivity at 98% Specificity,0.6052631578947368
/scratchc/nrlab/wang04/ulyses_results_iteration/iteration_3_merge_below_3/cnn_model/cnn14/plasma_tp1_0.1x_model_C5/roc_curve_resnet18_tf_0.03_0.1/nested_cv_random/resnet18/repeat_10_fold_5_metrics.csv,1,4,resnet18,"(0.03, 0.1]",C5,PPV at 98% Specificity,1
/scratchc/nrlab/wang04/ulyses_results_iteration/iteration_3_merge_below_3/cnn_model/cnn14/plasma_tp1_0.1x_model_C5/roc_curve_resnet18_tf_0.03_0.1/nested_cv_random/resnet18/repeat_10_fold_5_metrics.csv,1,4,resnet18,"(0.03, 0.1]",C5,Accuracy at 98% Specificity,0.7926315789473684
/scratchc/nrlab/wang04/ulyses_results_iteration/iteration_3_merge_below_3/cnn_model/cnn14/plasma_tp1_0.1x_model_C5/roc_curve_resnet18_tf_0.03_0.1/nested_cv_random/resnet18/repeat_10_fold_5_metrics.csv,1,4,resnet18,"(0.03, 0.1]",C5,F1 at 98% Specificity,0.7540983606557377
/scratchc/nrlab/wang04/ulyses_results_iteration/iteration_3_merge_below_3/cnn_model/cnn14/plasma_tp1_0.1x_model_C5/roc_curve_resnet18_tf_0.03_0.1/nested_cv_random/resnet18/repeat_10_fold_5_metrics.csv,1,4,resnet18,"(0.03, 0.1]",C5,Sensitivity at 95% Specificity,0.7105263157894737
/scratchc/nrlab/wang04/ulyses_results_iteration/iteration_3_merge_below_3/cnn_model/cnn14/plasma_tp1_0.1x_model_C5/roc_curve_resnet18_tf_0.03_0.1/nested_cv_random/resnet18/repeat_10_fold_5_metrics.csv,1,4,resnet18,"(0.03, 0.1]",C5,PPV at 95% Specificity,0.9310344827586208
/scratchc/nrlab/wang04/ulyses_results_iteration/iteration_3_merge_below_3/cnn_model/cnn14/plasma_tp1_0.1x_model_C5/roc_curve_resnet18_tf_0.03_0.1/nested_cv_random/resnet18/repeat_10_fold_5_metrics.csv,1,4,resnet18,"(0.03, 0.1]",C5,Accuracy at 95% Specificity,0.8151837928153718
/scratchc/nrlab/wang04/ulyses_results_iteration/iteration_3_merge_below_3/cnn_model/cnn14/plasma_tp1_0.1x_model_C5/roc_curve_resnet18_tf_0.03_0.1/nested_cv_random/resnet18/repeat_10_fold_5_metrics.csv,1,4,resnet18,"(0.03, 0.1]",C5,F1 at 95% Specificity,0.8059701492537313
/scratchc/nrlab/wang04/ulyses_results_iteration/iteration_3_merge_below_3/cnn_model/cnn14/plasma_tp1_0.1x_model_C5/roc_curve_resnet18_tf_0.03_0.1/nested_cv_random/resnet18/repeat_10_fold_5_metrics.csv,1,5,resnet18,"(0.03, 0.1]",C5,AUROC,0.9193412162162162
/scratchc/nrlab/wang04/ulyses_results_iteration/iteration_3_merge_below_3/cnn_model/cnn14/plasma_tp1_0.1x_model_C5/roc_curve_resnet18_tf_0.03_0.1/nested_cv_random/resnet18/repeat_10_fold_5_metrics.csv,1,5,resnet18,"(0.03, 0.1]",C5,AUPRC,0.9142901560471276
/scratchc/nrlab/wang04/ulyses_results_iteration/iteration_3_merge_below_3/cnn_model/cnn14/plasma_tp1_0.1x_model_C5/roc_curve_resnet18_tf_0.03_0.1/nested_cv_random/resnet18/repeat_10_fold_5_metrics.csv,1,5,resnet18,"(0.03, 0.1]",C5,Sensitivity at 99% Specificity,0.6486486486486487
/scratchc/nrlab/wang04/ulyses_results_iteration/iteration_3_merge_below_3/cnn_model/cnn14/plasma_tp1_0.1x_model_C5/roc_curve_resnet18_tf_0.03_0.1/nested_cv_random/resnet18/repeat_10_fold_5_metrics.csv,1,5,resnet18,"(0.03, 0.1]",C5,PPV at 99% Specificity,1
/scratchc/nrlab/wang04/ulyses_results_iteration/iteration_3_merge_below_3/cnn_model/cnn14/plasma_tp1_0.1x_model_C5/roc_curve_resnet18_tf_0.03_0.1/nested_cv_random/resnet18/repeat_10_fold_5_metrics.csv,1,5,resnet18,"(0.03, 0.1]",C5,Accuracy at 99% Specificity,0.8193243243243243
/scratchc/nrlab/wang04/ulyses_results_iteration/iteration_3_merge_below_3/cnn_model/cnn14/plasma_tp1_0.1x_model_C5/roc_curve_resnet18_tf_0.03_0.1/nested_cv_random/resnet18/repeat_10_fold_5_metrics.csv,1,5,resnet18,"(0.03, 0.1]",C5,F1 at 99% Specificity,0.7868852459016393
/scratchc/nrlab/wang04/ulyses_results_iteration/iteration_3_merge_below_3/cnn_model/cnn14/plasma_tp1_0.1x_model_C5/roc_curve_resnet18_tf_0.03_0.1/nested_cv_random/resnet18/repeat_10_fold_5_metrics.csv,1,5,resnet18,"(0.03, 0.1]",C5,Sensitivity at 98% Specificity,0.6486486486486487
/scratchc/nrlab/wang04/ulyses_results_iteration/iteration_3_merge_below_3/cnn_model/cnn14/plasma_tp1_0.1x_model_C5/roc_curve_resnet18_tf_0.03_0.1/nested_cv_random/resnet18/repeat_10_fold_5_metrics.csv,1,5,resnet18,"(0.03, 0.1]",C5,PPV at 98% Specificity,1
/scratchc/nrlab/wang04/ulyses_results_iteration/iteration_3_merge_below_3/cnn_model/cnn14/plasma_tp1_0.1x_model_C5/roc_curve_resnet18_tf_0.03_0.1/nested_cv_random/resnet18/repeat_10_fold_5_metrics.csv,1,5,resnet18,"(0.03, 0.1]",C5,Accuracy at 98% Specificity,0.8143243243243243
/scratchc/nrlab/wang04/ulyses_results_iteration/iteration_3_merge_below_3/cnn_model/cnn14/plasma_tp1_0.1x_model_C5/roc_curve_resnet18_tf_0.03_0.1/nested_cv_random/resnet18/repeat_10_fold_5_metrics.csv,1,5,resnet18,"(0.03, 0.1]",C5,F1 at 98% Specificity,0.7868852459016393
/scratchc/nrlab/wang04/ulyses_results_iteration/iteration_3_merge_below_3/cnn_model/cnn14/plasma_tp1_0.1x_model_C5/roc_curve_resnet18_tf_0.03_0.1/nested_cv_random/resnet18/repeat_10_fold_5_metrics.csv,1,5,resnet18,"(0.03, 0.1]",C5,Sensitivity at 95% Specificity,0.7027027027027027
/scratchc/nrlab/wang04/ulyses_results_iteration/iteration_3_merge_below_3/cnn_model/cnn14/plasma_tp1_0.1x_model_C5/roc_curve_resnet18_tf_0.03_0.1/nested_cv_random/resnet18/repeat_10_fold_5_metrics.csv,1,5,resnet18,"(0.03, 0.1]",C5,PPV at 95% Specificity,0.896551724137931
/scratchc/nrlab/wang04/ulyses_results_iteration/iteration_3_merge_below_3/cnn_model/cnn14/plasma_tp1_0.1x_model_C5/roc_curve_resnet18_tf_0.03_0.1/nested_cv_random/resnet18/repeat_10_fold_5_metrics.csv,1,5,resnet18,"(0.03, 0.1]",C5,Accuracy at 95% Specificity,0.8040857263513513
/scratchc/nrlab/wang04/ulyses_results_iteration/iteration_3_merge_below_3/cnn_model/cnn14/plasma_tp1_0.1x_model_C5/roc_curve_resnet18_tf_0.03_0.1/nested_cv_random/resnet18/repeat_10_fold_5_metrics.csv,1,5,resnet18,"(0.03, 0.1]",C5,F1 at 95% Specificity,0.7878787878787878
/scratchc/nrlab/wang04/ulyses_results_iteration/iteration_3_merge_below_3/cnn_model/cnn14/plasma_tp1_0.1x_model_C5/roc_curve_resnet18_tf_0.03_0.1/nested_cv_random/resnet18/repeat_10_fold_5_metrics.csv,2,1,resnet18,"(0.03, 0.1]",C5,AUROC,0.946268656716418
/scratchc/nrlab/wang04/ulyses_results_iteration/iteration_3_merge_below_3/cnn_model/cnn14/plasma_tp1_0.1x_model_C5/roc_curve_resnet18_tf_0.03_0.1/nested_cv_random/resnet18/repeat_10_fold_5_metrics.csv,2,1,resnet18,"(0.03, 0.1]",C5,AUPRC,0.9108351129863892
/scratchc/nrlab/wang04/ulyses_results_iteration/iteration_3_merge_below_3/cnn_model/cnn14/plasma_tp1_0.1x_model_C5/roc_curve_resnet18_tf_0.03_0.1/nested_cv_random/resnet18/repeat_10_fold_5_metrics.csv,2,1,resnet18,"(0.03, 0.1]",C5,Sensitivity at 99% Specificity,0.3142857142857143
/scratchc/nrlab/wang04/ulyses_results_iteration/iteration_3_merge_below_3/cnn_model/cnn14/plasma_tp1_0.1x_model_C5/roc_curve_resnet18_tf_0.03_0.1/nested_cv_random/resnet18/repeat_10_fold_5_metrics.csv,2,1,resnet18,"(0.03, 0.1]",C5,PPV at 99% Specificity,1
/scratchc/nrlab/wang04/ulyses_results_iteration/iteration_3_merge_below_3/cnn_model/cnn14/plasma_tp1_0.1x_model_C5/roc_curve_resnet18_tf_0.03_0.1/nested_cv_random/resnet18/repeat_10_fold_5_metrics.csv,2,1,resnet18,"(0.03, 0.1]",C5,Accuracy at 99% Specificity,0.6521428571428571
/scratchc/nrlab/wang04/ulyses_results_iteration/iteration_3_merge_below_3/cnn_model/cnn14/plasma_tp1_0.1x_model_C5/roc_curve_resnet18_tf_0.03_0.1/nested_cv_random/resnet18/repeat_10_fold_5_metrics.csv,2,1,resnet18,"(0.03, 0.1]",C5,F1 at 99% Specificity,0.4782608695652174
/scratchc/nrlab/wang04/ulyses_results_iteration/iteration_3_merge_below_3/cnn_model/cnn14/plasma_tp1_0.1x_model_C5/roc_curve_resnet18_tf_0.03_0.1/nested_cv_random/resnet18/repeat_10_fold_5_metrics.csv,2,1,resnet18,"(0.03, 0.1]",C5,Sensitivity at 98% Specificity,0.3142857142857143
/scratchc/nrlab/wang04/ulyses_results_iteration/iteration_3_merge_below_3/cnn_model/cnn14/plasma_tp1_0.1x_model_C5/roc_curve_resnet18_tf_0.03_0.1/nested_cv_random/resnet18/repeat_10_fold_5_metrics.csv,2,1,resnet18,"(0.03, 0.1]",C5,PPV at 98% Specificity,1
/scratchc/nrlab/wang04/ulyses_results_iteration/iteration_3_merge_below_3/cnn_model/cnn14/plasma_tp1_0.1x_model_C5/roc_curve_resnet18_tf_0.03_0.1/nested_cv_random/resnet18/repeat_10_fold_5_metrics.csv,2,1,resnet18,"(0.03, 0.1]",C5,Accuracy at 98% Specificity,0.6471428571428571
/scratchc/nrlab/wang04/ulyses_results_iteration/iteration_3_merge_below_3/cnn_model/cnn14/plasma_tp1_0.1x_model_C5/roc_curve_resnet18_tf_0.03_0.1/nested_cv_random/resnet18/repeat_10_fold_5_metrics.csv,2,1,resnet18,"(0.03, 0.1]",C5,F1 at 98% Specificity,0.4782608695652174
/scratchc/nrlab/wang04/ulyses_results_iteration/iteration_3_merge_below_3/cnn_model/cnn14/plasma_tp1_0.1x_model_C5/roc_curve_resnet18_tf_0.03_0.1/nested_cv_random/resnet18/repeat_10_fold_5_metrics.csv,2,1,resnet18,"(0.03, 0.1]",C5,Sensitivity at 95% Specificity,0.7714285714285715
/scratchc/nrlab/wang04/ulyses_results_iteration/iteration_3_merge_below_3/cnn_model/cnn14/plasma_tp1_0.1x_model_C5/roc_curve_resnet18_tf_0.03_0.1/nested_cv_random/resnet18/repeat_10_fold_5_metrics.csv,2,1,resnet18,"(0.03, 0.1]",C5,PPV at 95% Specificity,0.9
/scratchc/nrlab/wang04/ulyses_results_iteration/iteration_3_merge_below_3/cnn_model/cnn14/plasma_tp1_0.1x_model_C5/roc_curve_resnet18_tf_0.03_0.1/nested_cv_random/resnet18/repeat_10_fold_5_metrics.csv,2,1,resnet18,"(0.03, 0.1]",C5,Accuracy at 95% Specificity,0.8394456289978678
/scratchc/nrlab/wang04/ulyses_results_iteration/iteration_3_merge_below_3/cnn_model/cnn14/plasma_tp1_0.1x_model_C5/roc_curve_resnet18_tf_0.03_0.1/nested_cv_random/resnet18/repeat_10_fold_5_metrics.csv,2,1,resnet18,"(0.03, 0.1]",C5,F1 at 95% Specificity,0.8307692307692308
/scratchc/nrlab/wang04/ulyses_results_iteration/iteration_3_merge_below_3/cnn_model/cnn14/plasma_tp1_0.1x_model_C5/roc_curve_resnet18_tf_0.03_0.1/nested_cv_random/resnet18/repeat_10_fold_5_metrics.csv,2,2,resnet18,"(0.03, 0.1]",C5,AUROC,0.936405529953917
/scratchc/nrlab/wang04/ulyses_results_iteration/iteration_3_merge_below_3/cnn_model/cnn14/plasma_tp1_0.1x_model_C5/roc_curve_resnet18_tf_0.03_0.1/nested_cv_random/resnet18/repeat_10_fold_5_metrics.csv,2,2,resnet18,"(0.03, 0.1]",C5,AUPRC,0.9308208375038712
/scratchc/nrlab/wang04/ulyses_results_iteration/iteration_3_merge_below_3/cnn_model/cnn14/plasma_tp1_0.1x_model_C5/roc_curve_resnet18_tf_0.03_0.1/nested_cv_random/resnet18/repeat_10_fold_5_metrics.csv,2,2,resnet18,"(0.03, 0.1]",C5,Sensitivity at 99% Specificity,0.7419354838709677
/scratchc/nrlab/wang04/ulyses_results_iteration/iteration_3_merge_below_3/cnn_model/cnn14/plasma_tp1_0.1x_model_C5/roc_curve_resnet18_tf_0.03_0.1/nested_cv_random/resnet18/repeat_10_fold_5_metrics.csv,2,2,resnet18,"(0.03, 0.1]",C5,PPV at 99% Specificity,1
/scratchc/nrlab/wang04/ulyses_results_iteration/iteration_3_merge_below_3/cnn_model/cnn14/plasma_tp1_0.1x_model_C5/roc_curve_resnet18_tf_0.03_0.1/nested_cv_random/resnet18/repeat_10_fold_5_metrics.csv,2,2,resnet18,"(0.03, 0.1]",C5,Accuracy at 99% Specificity,0.8659677419354839
/scratchc/nrlab/wang04/ulyses_results_iteration/iteration_3_merge_below_3/cnn_model/cnn14/plasma_tp1_0.1x_model_C5/roc_curve_resnet18_tf_0.03_0.1/nested_cv_random/resnet18/repeat_10_fold_5_metrics.csv,2,2,resnet18,"(0.03, 0.1]",C5,F1 at 99% Specificity,0.8518518518518519
/scratchc/nrlab/wang04/ulyses_results_iteration/iteration_3_merge_below_3/cnn_model/cnn14/plasma_tp1_0.1x_model_C5/roc_curve_resnet18_tf_0.03_0.1/nested_cv_random/resnet18/repeat_10_fold_5_metrics.csv,2,2,resnet18,"(0.03, 0.1]",C5,Sensitivity at 98% Specificity,0.7419354838709677
/scratchc/nrlab/wang04/ulyses_results_iteration/iteration_3_merge_below_3/cnn_model/cnn14/plasma_tp1_0.1x_model_C5/roc_curve_resnet18_tf_0.03_0.1/nested_cv_random/resnet18/repeat_10_fold_5_metrics.csv,2,2,resnet18,"(0.03, 0.1]",C5,PPV at 98% Specificity,1
/scratchc/nrlab/wang04/ulyses_results_iteration/iteration_3_merge_below_3/cnn_model/cnn14/plasma_tp1_0.1x_model_C5/roc_curve_resnet18_tf_0.03_0.1/nested_cv_random/resnet18/repeat_10_fold_5_metrics.csv,2,2,resnet18,"(0.03, 0.1]",C5,Accuracy at 98% Specificity,0.8609677419354839
/scratchc/nrlab/wang04/ulyses_results_iteration/iteration_3_merge_below_3/cnn_model/cnn14/plasma_tp1_0.1x_model_C5/roc_curve_resnet18_tf_0.03_0.1/nested_cv_random/resnet18/repeat_10_fold_5_metrics.csv,2,2,resnet18,"(0.03, 0.1]",C5,F1 at 98% Specificity,0.8518518518518519
/scratchc/nrlab/wang04/ulyses_results_iteration/iteration_3_merge_below_3/cnn_model/cnn14/plasma_tp1_0.1x_model_C5/roc_curve_resnet18_tf_0.03_0.1/nested_cv_random/resnet18/repeat_10_fold_5_metrics.csv,2,2,resnet18,"(0.03, 0.1]",C5,Sensitivity at 95% Specificity,0.8064516129032258
/scratchc/nrlab/wang04/ulyses_results_iteration/iteration_3_merge_below_3/cnn_model/cnn14/plasma_tp1_0.1x_model_C5/roc_curve_resnet18_tf_0.03_0.1/nested_cv_random/resnet18/repeat_10_fold_5_metrics.csv,2,2,resnet18,"(0.03, 0.1]",C5,PPV at 95% Specificity,0.9615384615384616
/scratchc/nrlab/wang04/ulyses_results_iteration/iteration_3_merge_below_3/cnn_model/cnn14/plasma_tp1_0.1x_model_C5/roc_curve_resnet18_tf_0.03_0.1/nested_cv_random/resnet18/repeat_10_fold_5_metrics.csv,2,2,resnet18,"(0.03, 0.1]",C5,Accuracy at 95% Specificity,0.8714400921658986
/scratchc/nrlab/wang04/ulyses_results_iteration/iteration_3_merge_below_3/cnn_model/cnn14/plasma_tp1_0.1x_model_C5/roc_curve_resnet18_tf_0.03_0.1/nested_cv_random/resnet18/repeat_10_fold_5_metrics.csv,2,2,resnet18,"(0.03, 0.1]",C5,F1 at 95% Specificity,0.8771929824561403
/scratchc/nrlab/wang04/ulyses_results_iteration/iteration_3_merge_below_3/cnn_model/cnn14/plasma_tp1_0.1x_model_C5/roc_curve_resnet18_tf_0.03_0.1/nested_cv_random/resnet18/repeat_10_fold_5_metrics.csv,2,3,resnet18,"(0.03, 0.1]",C5,AUROC,0.9745901639344264
/scratchc/nrlab/wang04/ulyses_results_iteration/iteration_3_merge_below_3/cnn_model/cnn14/plasma_tp1_0.1x_model_C5/roc_curve_resnet18_tf_0.03_0.1/nested_cv_random/resnet18/repeat_10_fold_5_metrics.csv,2,3,resnet18,"(0.03, 0.1]",C5,AUPRC,0.9694824994663273
/scratchc/nrlab/wang04/ulyses_results_iteration/iteration_3_merge_below_3/cnn_model/cnn14/plasma_tp1_0.1x_model_C5/roc_curve_resnet18_tf_0.03_0.1/nested_cv_random/resnet18/repeat_10_fold_5_metrics.csv,2,3,resnet18,"(0.03, 0.1]",C5,Sensitivity at 99% Specificity,0.8
/scratchc/nrlab/wang04/ulyses_results_iteration/iteration_3_merge_below_3/cnn_model/cnn14/plasma_tp1_0.1x_model_C5/roc_curve_resnet18_tf_0.03_0.1/nested_cv_random/resnet18/repeat_10_fold_5_metrics.csv,2,3,resnet18,"(0.03, 0.1]",C5,PPV at 99% Specificity,1
/scratchc/nrlab/wang04/ulyses_results_iteration/iteration_3_merge_below_3/cnn_model/cnn14/plasma_tp1_0.1x_model_C5/roc_curve_resnet18_tf_0.03_0.1/nested_cv_random/resnet18/repeat_10_fold_5_metrics.csv,2,3,resnet18,"(0.03, 0.1]",C5,Accuracy at 99% Specificity,0.895
/scratchc/nrlab/wang04/ulyses_results_iteration/iteration_3_merge_below_3/cnn_model/cnn14/plasma_tp1_0.1x_model_C5/roc_curve_resnet18_tf_0.03_0.1/nested_cv_random/resnet18/repeat_10_fold_5_metrics.csv,2,3,resnet18,"(0.03, 0.1]",C5,F1 at 99% Specificity,0.8888888888888888
/scratchc/nrlab/wang04/ulyses_results_iteration/iteration_3_merge_below_3/cnn_model/cnn14/plasma_tp1_0.1x_model_C5/roc_curve_resnet18_tf_0.03_0.1/nested_cv_random/resnet18/repeat_10_fold_5_metrics.csv,2,3,resnet18,"(0.03, 0.1]",C5,Sensitivity at 98% Specificity,0.8
/scratchc/nrlab/wang04/ulyses_results_iteration/iteration_3_merge_below_3/cnn_model/cnn14/plasma_tp1_0.1x_model_C5/roc_curve_resnet18_tf_0.03_0.1/nested_cv_random/resnet18/repeat_10_fold_5_metrics.csv,2,3,resnet18,"(0.03, 0.1]",C5,PPV at 98% Specificity,1
/scratchc/nrlab/wang04/ulyses_results_iteration/iteration_3_merge_below_3/cnn_model/cnn14/plasma_tp1_0.1x_model_C5/roc_curve_resnet18_tf_0.03_0.1/nested_cv_random/resnet18/repeat_10_fold_5_metrics.csv,2,3,resnet18,"(0.03, 0.1]",C5,Accuracy at 98% Specificity,0.89
/scratchc/nrlab/wang04/ulyses_results_iteration/iteration_3_merge_below_3/cnn_model/cnn14/plasma_tp1_0.1x_model_C5/roc_curve_resnet18_tf_0.03_0.1/nested_cv_random/resnet18/repeat_10_fold_5_metrics.csv,2,3,resnet18,"(0.03, 0.1]",C5,F1 at 98% Specificity,0.8888888888888888
/scratchc/nrlab/wang04/ulyses_results_iteration/iteration_3_merge_below_3/cnn_model/cnn14/plasma_tp1_0.1x_model_C5/roc_curve_resnet18_tf_0.03_0.1/nested_cv_random/resnet18/repeat_10_fold_5_metrics.csv,2,3,resnet18,"(0.03, 0.1]",C5,Sensitivity at 95% Specificity,0.825
/scratchc/nrlab/wang04/ulyses_results_iteration/iteration_3_merge_below_3/cnn_model/cnn14/plasma_tp1_0.1x_model_C5/roc_curve_resnet18_tf_0.03_0.1/nested_cv_random/resnet18/repeat_10_fold_5_metrics.csv,2,3,resnet18,"(0.03, 0.1]",C5,PPV at 95% Specificity,0.9428571428571428
/scratchc/nrlab/wang04/ulyses_results_iteration/iteration_3_merge_below_3/cnn_model/cnn14/plasma_tp1_0.1x_model_C5/roc_curve_resnet18_tf_0.03_0.1/nested_cv_random/resnet18/repeat_10_fold_5_metrics.csv,2,3,resnet18,"(0.03, 0.1]",C5,Accuracy at 95% Specificity,0.8719262295081966
/scratchc/nrlab/wang04/ulyses_results_iteration/iteration_3_merge_below_3/cnn_model/cnn14/plasma_tp1_0.1x_model_C5/roc_curve_resnet18_tf_0.03_0.1/nested_cv_random/resnet18/repeat_10_fold_5_metrics.csv,2,3,resnet18,"(0.03, 0.1]",C5,F1 at 95% Specificity,0.88
/scratchc/nrlab/wang04/ulyses_results_iteration/iteration_3_merge_below_3/cnn_model/cnn14/plasma_tp1_0.1x_model_C5/roc_curve_resnet18_tf_0.03_0.1/nested_cv_random/resnet18/repeat_10_fold_5_metrics.csv,2,4,resnet18,"(0.03, 0.1]",C5,AUROC,0.923809523809524
/scratchc/nrlab/wang04/ulyses_results_iteration/iteration_3_merge_below_3/cnn_model/cnn14/plasma_tp1_0.1x_model_C5/roc_curve_resnet18_tf_0.03_0.1/nested_cv_random/resnet18/repeat_10_fold_5_metrics.csv,2,4,resnet18,"(0.03, 0.1]",C5,AUPRC,0.923462979339109
/scratchc/nrlab/wang04/ulyses_results_iteration/iteration_3_merge_below_3/cnn_model/cnn14/plasma_tp1_0.1x_model_C5/roc_curve_resnet18_tf_0.03_0.1/nested_cv_random/resnet18/repeat_10_fold_5_metrics.csv,2,4,resnet18,"(0.03, 0.1]",C5,Sensitivity at 99% Specificity,0.6857142857142857
/scratchc/nrlab/wang04/ulyses_results_iteration/iteration_3_merge_below_3/cnn_model/cnn14/plasma_tp1_0.1x_model_C5/roc_curve_resnet18_tf_0.03_0.1/nested_cv_random/resnet18/repeat_10_fold_5_metrics.csv,2,4,resnet18,"(0.03, 0.1]",C5,PPV at 99% Specificity,1
/scratchc/nrlab/wang04/ulyses_results_iteration/iteration_3_merge_below_3/cnn_model/cnn14/plasma_tp1_0.1x_model_C5/roc_curve_resnet18_tf_0.03_0.1/nested_cv_random/resnet18/repeat_10_fold_5_metrics.csv,2,4,resnet18,"(0.03, 0.1]",C5,Accuracy at 99% Specificity,0.8378571428571429
/scratchc/nrlab/wang04/ulyses_results_iteration/iteration_3_merge_below_3/cnn_model/cnn14/plasma_tp1_0.1x_model_C5/roc_curve_resnet18_tf_0.03_0.1/nested_cv_random/resnet18/repeat_10_fold_5_metrics.csv,2,4,resnet18,"(0.03, 0.1]",C5,F1 at 99% Specificity,0.8135593220338984
/scratchc/nrlab/wang04/ulyses_results_iteration/iteration_3_merge_below_3/cnn_model/cnn14/plasma_tp1_0.1x_model_C5/roc_curve_resnet18_tf_0.03_0.1/nested_cv_random/resnet18/repeat_10_fold_5_metrics.csv,2,4,resnet18,"(0.03, 0.1]",C5,Sensitivity at 98% Specificity,0.6857142857142857
/scratchc/nrlab/wang04/ulyses_results_iteration/iteration_3_merge_below_3/cnn_model/cnn14/plasma_tp1_0.1x_model_C5/roc_curve_resnet18_tf_0.03_0.1/nested_cv_random/resnet18/repeat_10_fold_5_metrics.csv,2,4,resnet18,"(0.03, 0.1]",C5,PPV at 98% Specificity,1
/scratchc/nrlab/wang04/ulyses_results_iteration/iteration_3_merge_below_3/cnn_model/cnn14/plasma_tp1_0.1x_model_C5/roc_curve_resnet18_tf_0.03_0.1/nested_cv_random/resnet18/repeat_10_fold_5_metrics.csv,2,4,resnet18,"(0.03, 0.1]",C5,Accuracy at 98% Specificity,0.8328571428571429
/scratchc/nrlab/wang04/ulyses_results_iteration/iteration_3_merge_below_3/cnn_model/cnn14/plasma_tp1_0.1x_model_C5/roc_curve_resnet18_tf_0.03_0.1/nested_cv_random/resnet18/repeat_10_fold_5_metrics.csv,2,4,resnet18,"(0.03, 0.1]",C5,F1 at 98% Specificity,0.8135593220338984
/scratchc/nrlab/wang04/ulyses_results_iteration/iteration_3_merge_below_3/cnn_model/cnn14/plasma_tp1_0.1x_model_C5/roc_curve_resnet18_tf_0.03_0.1/nested_cv_random/resnet18/repeat_10_fold_5_metrics.csv,2,4,resnet18,"(0.03, 0.1]",C5,Sensitivity at 95% Specificity,0.8
/scratchc/nrlab/wang04/ulyses_results_iteration/iteration_3_merge_below_3/cnn_model/cnn14/plasma_tp1_0.1x_model_C5/roc_curve_resnet18_tf_0.03_0.1/nested_cv_random/resnet18/repeat_10_fold_5_metrics.csv,2,4,resnet18,"(0.03, 0.1]",C5,PPV at 95% Specificity,0.9032258064516128
/scratchc/nrlab/wang04/ulyses_results_iteration/iteration_3_merge_below_3/cnn_model/cnn14/plasma_tp1_0.1x_model_C5/roc_curve_resnet18_tf_0.03_0.1/nested_cv_random/resnet18/repeat_10_fold_5_metrics.csv,2,4,resnet18,"(0.03, 0.1]",C5,Accuracy at 95% Specificity,0.853409090909091
/scratchc/nrlab/wang04/ulyses_results_iteration/iteration_3_merge_below_3/cnn_model/cnn14/plasma_tp1_0.1x_model_C5/roc_curve_resnet18_tf_0.03_0.1/nested_cv_random/resnet18/repeat_10_fold_5_metrics.csv,2,4,resnet18,"(0.03, 0.1]",C5,F1 at 95% Specificity,0.8484848484848485
/scratchc/nrlab/wang04/ulyses_results_iteration/iteration_3_merge_below_3/cnn_model/cnn14/plasma_tp1_0.1x_model_C5/roc_curve_resnet18_tf_0.03_0.1/nested_cv_random/resnet18/repeat_10_fold_5_metrics.csv,2,5,resnet18,"(0.03, 0.1]",C5,AUROC,0.9118852459016392
/scratchc/nrlab/wang04/ulyses_results_iteration/iteration_3_merge_below_3/cnn_model/cnn14/plasma_tp1_0.1x_model_C5/roc_curve_resnet18_tf_0.03_0.1/nested_cv_random/resnet18/repeat_10_fold_5_metrics.csv,2,5,resnet18,"(0.03, 0.1]",C5,AUPRC,0.9145490929755956
/scratchc/nrlab/wang04/ulyses_results_iteration/iteration_3_merge_below_3/cnn_model/cnn14/plasma_tp1_0.1x_model_C5/roc_curve_resnet18_tf_0.03_0.1/nested_cv_random/resnet18/repeat_10_fold_5_metrics.csv,2,5,resnet18,"(0.03, 0.1]",C5,Sensitivity at 99% Specificity,0.65
/scratchc/nrlab/wang04/ulyses_results_iteration/iteration_3_merge_below_3/cnn_model/cnn14/plasma_tp1_0.1x_model_C5/roc_curve_resnet18_tf_0.03_0.1/nested_cv_random/resnet18/repeat_10_fold_5_metrics.csv,2,5,resnet18,"(0.03, 0.1]",C5,PPV at 99% Specificity,1
/scratchc/nrlab/wang04/ulyses_results_iteration/iteration_3_merge_below_3/cnn_model/cnn14/plasma_tp1_0.1x_model_C5/roc_curve_resnet18_tf_0.03_0.1/nested_cv_random/resnet18/repeat_10_fold_5_metrics.csv,2,5,resnet18,"(0.03, 0.1]",C5,Accuracy at 99% Specificity,0.8200000000000001
/scratchc/nrlab/wang04/ulyses_results_iteration/iteration_3_merge_below_3/cnn_model/cnn14/plasma_tp1_0.1x_model_C5/roc_curve_resnet18_tf_0.03_0.1/nested_cv_random/resnet18/repeat_10_fold_5_metrics.csv,2,5,resnet18,"(0.03, 0.1]",C5,F1 at 99% Specificity,0.7878787878787878
/scratchc/nrlab/wang04/ulyses_results_iteration/iteration_3_merge_below_3/cnn_model/cnn14/plasma_tp1_0.1x_model_C5/roc_curve_resnet18_tf_0.03_0.1/nested_cv_random/resnet18/repeat_10_fold_5_metrics.csv,2,5,resnet18,"(0.03, 0.1]",C5,Sensitivity at 98% Specificity,0.65
/scratchc/nrlab/wang04/ulyses_results_iteration/iteration_3_merge_below_3/cnn_model/cnn14/plasma_tp1_0.1x_model_C5/roc_curve_resnet18_tf_0.03_0.1/nested_cv_random/resnet18/repeat_10_fold_5_metrics.csv,2,5,resnet18,"(0.03, 0.1]",C5,PPV at 98% Specificity,1
/scratchc/nrlab/wang04/ulyses_results_iteration/iteration_3_merge_below_3/cnn_model/cnn14/plasma_tp1_0.1x_model_C5/roc_curve_resnet18_tf_0.03_0.1/nested_cv_random/resnet18/repeat_10_fold_5_metrics.csv,2,5,resnet18,"(0.03, 0.1]",C5,Accuracy at 98% Specificity,0.815
/scratchc/nrlab/wang04/ulyses_results_iteration/iteration_3_merge_below_3/cnn_model/cnn14/plasma_tp1_0.1x_model_C5/roc_curve_resnet18_tf_0.03_0.1/nested_cv_random/resnet18/repeat_10_fold_5_metrics.csv,2,5,resnet18,"(0.03, 0.1]",C5,F1 at 98% Specificity,0.7878787878787878
/scratchc/nrlab/wang04/ulyses_results_iteration/iteration_3_merge_below_3/cnn_model/cnn14/plasma_tp1_0.1x_model_C5/roc_curve_resnet18_tf_0.03_0.1/nested_cv_random/resnet18/repeat_10_fold_5_metrics.csv,2,5,resnet18,"(0.03, 0.1]",C5,Sensitivity at 95% Specificity,0.675
/scratchc/nrlab/wang04/ulyses_results_iteration/iteration_3_merge_below_3/cnn_model/cnn14/plasma_tp1_0.1x_model_C5/roc_curve_resnet18_tf_0.03_0.1/nested_cv_random/resnet18/repeat_10_fold_5_metrics.csv,2,5,resnet18,"(0.03, 0.1]",C5,PPV at 95% Specificity,0.9
/scratchc/nrlab/wang04/ulyses_results_iteration/iteration_3_merge_below_3/cnn_model/cnn14/plasma_tp1_0.1x_model_C5/roc_curve_resnet18_tf_0.03_0.1/nested_cv_random/resnet18/repeat_10_fold_5_metrics.csv,2,5,resnet18,"(0.03, 0.1]",C5,Accuracy at 95% Specificity,0.789139344262295
/scratchc/nrlab/wang04/ulyses_results_iteration/iteration_3_merge_below_3/cnn_model/cnn14/plasma_tp1_0.1x_model_C5/roc_curve_resnet18_tf_0.03_0.1/nested_cv_random/resnet18/repeat_10_fold_5_metrics.csv,2,5,resnet18,"(0.03, 0.1]",C5,F1 at 95% Specificity,0.7714285714285715
/scratchc/nrlab/wang04/ulyses_results_iteration/iteration_3_merge_below_3/cnn_model/cnn14/plasma_tp1_0.1x_model_C5/roc_curve_resnet18_tf_0.03_0.1/nested_cv_random/resnet18/repeat_10_fold_5_metrics.csv,3,1,resnet18,"(0.03, 0.1]",C5,AUROC,0.9667508417508416
/scratchc/nrlab/wang04/ulyses_results_iteration/iteration_3_merge_below_3/cnn_model/cnn14/plasma_tp1_0.1x_model_C5/roc_curve_resnet18_tf_0.03_0.1/nested_cv_random/resnet18/repeat_10_fold_5_metrics.csv,3,1,resnet18,"(0.03, 0.1]",C5,AUPRC,0.9557329266444524
/scratchc/nrlab/wang04/ulyses_results_iteration/iteration_3_merge_below_3/cnn_model/cnn14/plasma_tp1_0.1x_model_C5/roc_curve_resnet18_tf_0.03_0.1/nested_cv_random/resnet18/repeat_10_fold_5_metrics.csv,3,1,resnet18,"(0.03, 0.1]",C5,Sensitivity at 99% Specificity,0.7777777777777778
/scratchc/nrlab/wang04/ulyses_results_iteration/iteration_3_merge_below_3/cnn_model/cnn14/plasma_tp1_0.1x_model_C5/roc_curve_resnet18_tf_0.03_0.1/nested_cv_random/resnet18/repeat_10_fold_5_metrics.csv,3,1,resnet18,"(0.03, 0.1]",C5,PPV at 99% Specificity,1
/scratchc/nrlab/wang04/ulyses_results_iteration/iteration_3_merge_below_3/cnn_model/cnn14/plasma_tp1_0.1x_model_C5/roc_curve_resnet18_tf_0.03_0.1/nested_cv_random/resnet18/repeat_10_fold_5_metrics.csv,3,1,resnet18,"(0.03, 0.1]",C5,Accuracy at 99% Specificity,0.883888888888889
/scratchc/nrlab/wang04/ulyses_results_iteration/iteration_3_merge_below_3/cnn_model/cnn14/plasma_tp1_0.1x_model_C5/roc_curve_resnet18_tf_0.03_0.1/nested_cv_random/resnet18/repeat_10_fold_5_metrics.csv,3,1,resnet18,"(0.03, 0.1]",C5,F1 at 99% Specificity,0.875
/scratchc/nrlab/wang04/ulyses_results_iteration/iteration_3_merge_below_3/cnn_model/cnn14/plasma_tp1_0.1x_model_C5/roc_curve_resnet18_tf_0.03_0.1/nested_cv_random/resnet18/repeat_10_fold_5_metrics.csv,3,1,resnet18,"(0.03, 0.1]",C5,Sensitivity at 98% Specificity,0.7777777777777778
/scratchc/nrlab/wang04/ulyses_results_iteration/iteration_3_merge_below_3/cnn_model/cnn14/plasma_tp1_0.1x_model_C5/roc_curve_resnet18_tf_0.03_0.1/nested_cv_random/resnet18/repeat_10_fold_5_metrics.csv,3,1,resnet18,"(0.03, 0.1]",C5,PPV at 98% Specificity,1
/scratchc/nrlab/wang04/ulyses_results_iteration/iteration_3_merge_below_3/cnn_model/cnn14/plasma_tp1_0.1x_model_C5/roc_curve_resnet18_tf_0.03_0.1/nested_cv_random/resnet18/repeat_10_fold_5_metrics.csv,3,1,resnet18,"(0.03, 0.1]",C5,Accuracy at 98% Specificity,0.8788888888888888
/scratchc/nrlab/wang04/ulyses_results_iteration/iteration_3_merge_below_3/cnn_model/cnn14/plasma_tp1_0.1x_model_C5/roc_curve_resnet18_tf_0.03_0.1/nested_cv_random/resnet18/repeat_10_fold_5_metrics.csv,3,1,resnet18,"(0.03, 0.1]",C5,F1 at 98% Specificity,0.875
/scratchc/nrlab/wang04/ulyses_results_iteration/iteration_3_merge_below_3/cnn_model/cnn14/plasma_tp1_0.1x_model_C5/roc_curve_resnet18_tf_0.03_0.1/nested_cv_random/resnet18/repeat_10_fold_5_metrics.csv,3,1,resnet18,"(0.03, 0.1]",C5,Sensitivity at 95% Specificity,0.8055555555555556
/scratchc/nrlab/wang04/ulyses_results_iteration/iteration_3_merge_below_3/cnn_model/cnn14/plasma_tp1_0.1x_model_C5/roc_curve_resnet18_tf_0.03_0.1/nested_cv_random/resnet18/repeat_10_fold_5_metrics.csv,3,1,resnet18,"(0.03, 0.1]",C5,PPV at 95% Specificity,0.9666666666666668
/scratchc/nrlab/wang04/ulyses_results_iteration/iteration_3_merge_below_3/cnn_model/cnn14/plasma_tp1_0.1x_model_C5/roc_curve_resnet18_tf_0.03_0.1/nested_cv_random/resnet18/repeat_10_fold_5_metrics.csv,3,1,resnet18,"(0.03, 0.1]",C5,Accuracy at 95% Specificity,0.8705808080808081
/scratchc/nrlab/wang04/ulyses_results_iteration/iteration_3_merge_below_3/cnn_model/cnn14/plasma_tp1_0.1x_model_C5/roc_curve_resnet18_tf_0.03_0.1/nested_cv_random/resnet18/repeat_10_fold_5_metrics.csv,3,1,resnet18,"(0.03, 0.1]",C5,F1 at 95% Specificity,0.8787878787878788
/scratchc/nrlab/wang04/ulyses_results_iteration/iteration_3_merge_below_3/cnn_model/cnn14/plasma_tp1_0.1x_model_C5/roc_curve_resnet18_tf_0.03_0.1/nested_cv_random/resnet18/repeat_10_fold_5_metrics.csv,3,2,resnet18,"(0.03, 0.1]",C5,AUROC,0.9311688311688312
/scratchc/nrlab/wang04/ulyses_results_iteration/iteration_3_merge_below_3/cnn_model/cnn14/plasma_tp1_0.1x_model_C5/roc_curve_resnet18_tf_0.03_0.1/nested_cv_random/resnet18/repeat_10_fold_5_metrics.csv,3,2,resnet18,"(0.03, 0.1]",C5,AUPRC,0.9197906832900804
/scratchc/nrlab/wang04/ulyses_results_iteration/iteration_3_merge_below_3/cnn_model/cnn14/plasma_tp1_0.1x_model_C5/roc_curve_resnet18_tf_0.03_0.1/nested_cv_random/resnet18/repeat_10_fold_5_metrics.csv,3,2,resnet18,"(0.03, 0.1]",C5,Sensitivity at 99% Specificity,0.6
/scratchc/nrlab/wang04/ulyses_results_iteration/iteration_3_merge_below_3/cnn_model/cnn14/plasma_tp1_0.1x_model_C5/roc_curve_resnet18_tf_0.03_0.1/nested_cv_random/resnet18/repeat_10_fold_5_metrics.csv,3,2,resnet18,"(0.03, 0.1]",C5,PPV at 99% Specificity,1
/scratchc/nrlab/wang04/ulyses_results_iteration/iteration_3_merge_below_3/cnn_model/cnn14/plasma_tp1_0.1x_model_C5/roc_curve_resnet18_tf_0.03_0.1/nested_cv_random/resnet18/repeat_10_fold_5_metrics.csv,3,2,resnet18,"(0.03, 0.1]",C5,Accuracy at 99% Specificity,0.7949999999999999
/scratchc/nrlab/wang04/ulyses_results_iteration/iteration_3_merge_below_3/cnn_model/cnn14/plasma_tp1_0.1x_model_C5/roc_curve_resnet18_tf_0.03_0.1/nested_cv_random/resnet18/repeat_10_fold_5_metrics.csv,3,2,resnet18,"(0.03, 0.1]",C5,F1 at 99% Specificity,0.75
/scratchc/nrlab/wang04/ulyses_results_iteration/iteration_3_merge_below_3/cnn_model/cnn14/plasma_tp1_0.1x_model_C5/roc_curve_resnet18_tf_0.03_0.1/nested_cv_random/resnet18/repeat_10_fold_5_metrics.csv,3,2,resnet18,"(0.03, 0.1]",C5,Sensitivity at 98% Specificity,0.6
/scratchc/nrlab/wang04/ulyses_results_iteration/iteration_3_merge_below_3/cnn_model/cnn14/plasma_tp1_0.1x_model_C5/roc_curve_resnet18_tf_0.03_0.1/nested_cv_random/resnet18/repeat_10_fold_5_metrics.csv,3,2,resnet18,"(0.03, 0.1]",C5,PPV at 98% Specificity,1
/scratchc/nrlab/wang04/ulyses_results_iteration/iteration_3_merge_below_3/cnn_model/cnn14/plasma_tp1_0.1x_model_C5/roc_curve_resnet18_tf_0.03_0.1/nested_cv_random/resnet18/repeat_10_fold_5_metrics.csv,3,2,resnet18,"(0.03, 0.1]",C5,Accuracy at 98% Specificity,0.79
/scratchc/nrlab/wang04/ulyses_results_iteration/iteration_3_merge_below_3/cnn_model/cnn14/plasma_tp1_0.1x_model_C5/roc_curve_resnet18_tf_0.03_0.1/nested_cv_random/resnet18/repeat_10_fold_5_metrics.csv,3,2,resnet18,"(0.03, 0.1]",C5,F1 at 98% Specificity,0.75
/scratchc/nrlab/wang04/ulyses_results_iteration/iteration_3_merge_below_3/cnn_model/cnn14/plasma_tp1_0.1x_model_C5/roc_curve_resnet18_tf_0.03_0.1/nested_cv_random/resnet18/repeat_10_fold_5_metrics.csv,3,2,resnet18,"(0.03, 0.1]",C5,Sensitivity at 95% Specificity,0.8
/scratchc/nrlab/wang04/ulyses_results_iteration/iteration_3_merge_below_3/cnn_model/cnn14/plasma_tp1_0.1x_model_C5/roc_curve_resnet18_tf_0.03_0.1/nested_cv_random/resnet18/repeat_10_fold_5_metrics.csv,3,2,resnet18,"(0.03, 0.1]",C5,PPV at 95% Specificity,0.875
/scratchc/nrlab/wang04/ulyses_results_iteration/iteration_3_merge_below_3/cnn_model/cnn14/plasma_tp1_0.1x_model_C5/roc_curve_resnet18_tf_0.03_0.1/nested_cv_random/resnet18/repeat_10_fold_5_metrics.csv,3,2,resnet18,"(0.03, 0.1]",C5,Accuracy at 95% Specificity,0.8462121212121212
/scratchc/nrlab/wang04/ulyses_results_iteration/iteration_3_merge_below_3/cnn_model/cnn14/plasma_tp1_0.1x_model_C5/roc_curve_resnet18_tf_0.03_0.1/nested_cv_random/resnet18/repeat_10_fold_5_metrics.csv,3,2,resnet18,"(0.03, 0.1]",C5,F1 at 95% Specificity,0.835820895522388
/scratchc/nrlab/wang04/ulyses_results_iteration/iteration_3_merge_below_3/cnn_model/cnn14/plasma_tp1_0.1x_model_C5/roc_curve_resnet18_tf_0.03_0.1/nested_cv_random/resnet18/repeat_10_fold_5_metrics.csv,3,3,resnet18,"(0.03, 0.1]",C5,AUROC,0.9495726495726496
/scratchc/nrlab/wang04/ulyses_results_iteration/iteration_3_merge_below_3/cnn_model/cnn14/plasma_tp1_0.1x_model_C5/roc_curve_resnet18_tf_0.03_0.1/nested_cv_random/resnet18/repeat_10_fold_5_metrics.csv,3,3,resnet18,"(0.03, 0.1]",C5,AUPRC,0.9422712340456229
/scratchc/nrlab/wang04/ulyses_results_iteration/iteration_3_merge_below_3/cnn_model/cnn14/plasma_tp1_0.1x_model_C5/roc_curve_resnet18_tf_0.03_0.1/nested_cv_random/resnet18/repeat_10_fold_5_metrics.csv,3,3,resnet18,"(0.03, 0.1]",C5,Sensitivity at 99% Specificity,0.6944444444444444
/scratchc/nrlab/wang04/ulyses_results_iteration/iteration_3_merge_below_3/cnn_model/cnn14/plasma_tp1_0.1x_model_C5/roc_curve_resnet18_tf_0.03_0.1/nested_cv_random/resnet18/repeat_10_fold_5_metrics.csv,3,3,resnet18,"(0.03, 0.1]",C5,PPV at 99% Specificity,1
/scratchc/nrlab/wang04/ulyses_results_iteration/iteration_3_merge_below_3/cnn_model/cnn14/plasma_tp1_0.1x_model_C5/roc_curve_resnet18_tf_0.03_0.1/nested_cv_random/resnet18/repeat_10_fold_5_metrics.csv,3,3,resnet18,"(0.03, 0.1]",C5,Accuracy at 99% Specificity,0.8422222222222222
/scratchc/nrlab/wang04/ulyses_results_iteration/iteration_3_merge_below_3/cnn_model/cnn14/plasma_tp1_0.1x_model_C5/roc_curve_resnet18_tf_0.03_0.1/nested_cv_random/resnet18/repeat_10_fold_5_metrics.csv,3,3,resnet18,"(0.03, 0.1]",C5,F1 at 99% Specificity,0.819672131147541
/scratchc/nrlab/wang04/ulyses_results_iteration/iteration_3_merge_below_3/cnn_model/cnn14/plasma_tp1_0.1x_model_C5/roc_curve_resnet18_tf_0.03_0.1/nested_cv_random/resnet18/repeat_10_fold_5_metrics.csv,3,3,resnet18,"(0.03, 0.1]",C5,Sensitivity at 98% Specificity,0.6944444444444444
/scratchc/nrlab/wang04/ulyses_results_iteration/iteration_3_merge_below_3/cnn_model/cnn14/plasma_tp1_0.1x_model_C5/roc_curve_resnet18_tf_0.03_0.1/nested_cv_random/resnet18/repeat_10_fold_5_metrics.csv,3,3,resnet18,"(0.03, 0.1]",C5,PPV at 98% Specificity,1
/scratchc/nrlab/wang04/ulyses_results_iteration/iteration_3_merge_below_3/cnn_model/cnn14/plasma_tp1_0.1x_model_C5/roc_curve_resnet18_tf_0.03_0.1/nested_cv_random/resnet18/repeat_10_fold_5_metrics.csv,3,3,resnet18,"(0.03, 0.1]",C5,Accuracy at 98% Specificity,0.8372222222222222
/scratchc/nrlab/wang04/ulyses_results_iteration/iteration_3_merge_below_3/cnn_model/cnn14/plasma_tp1_0.1x_model_C5/roc_curve_resnet18_tf_0.03_0.1/nested_cv_random/resnet18/repeat_10_fold_5_metrics.csv,3,3,resnet18,"(0.03, 0.1]",C5,F1 at 98% Specificity,0.819672131147541
/scratchc/nrlab/wang04/ulyses_results_iteration/iteration_3_merge_below_3/cnn_model/cnn14/plasma_tp1_0.1x_model_C5/roc_curve_resnet18_tf_0.03_0.1/nested_cv_random/resnet18/repeat_10_fold_5_metrics.csv,3,3,resnet18,"(0.03, 0.1]",C5,Sensitivity at 95% Specificity,0.6944444444444444
/scratchc/nrlab/wang04/ulyses_results_iteration/iteration_3_merge_below_3/cnn_model/cnn14/plasma_tp1_0.1x_model_C5/roc_curve_resnet18_tf_0.03_0.1/nested_cv_random/resnet18/repeat_10_fold_5_metrics.csv,3,3,resnet18,"(0.03, 0.1]",C5,PPV at 95% Specificity,1
/scratchc/nrlab/wang04/ulyses_results_iteration/iteration_3_merge_below_3/cnn_model/cnn14/plasma_tp1_0.1x_model_C5/roc_curve_resnet18_tf_0.03_0.1/nested_cv_random/resnet18/repeat_10_fold_5_metrics.csv,3,3,resnet18,"(0.03, 0.1]",C5,Accuracy at 95% Specificity,0.8222222222222222
/scratchc/nrlab/wang04/ulyses_results_iteration/iteration_3_merge_below_3/cnn_model/cnn14/plasma_tp1_0.1x_model_C5/roc_curve_resnet18_tf_0.03_0.1/nested_cv_random/resnet18/repeat_10_fold_5_metrics.csv,3,3,resnet18,"(0.03, 0.1]",C5,F1 at 95% Specificity,0.819672131147541
/scratchc/nrlab/wang04/ulyses_results_iteration/iteration_3_merge_below_3/cnn_model/cnn14/plasma_tp1_0.1x_model_C5/roc_curve_resnet18_tf_0.03_0.1/nested_cv_random/resnet18/repeat_10_fold_5_metrics.csv,3,4,resnet18,"(0.03, 0.1]",C5,AUROC,0.948203842940685
/scratchc/nrlab/wang04/ulyses_results_iteration/iteration_3_merge_below_3/cnn_model/cnn14/plasma_tp1_0.1x_model_C5/roc_curve_resnet18_tf_0.03_0.1/nested_cv_random/resnet18/repeat_10_fold_5_metrics.csv,3,4,resnet18,"(0.03, 0.1]",C5,AUPRC,0.9432716088606138
/scratchc/nrlab/wang04/ulyses_results_iteration/iteration_3_merge_below_3/cnn_model/cnn14/plasma_tp1_0.1x_model_C5/roc_curve_resnet18_tf_0.03_0.1/nested_cv_random/resnet18/repeat_10_fold_5_metrics.csv,3,4,resnet18,"(0.03, 0.1]",C5,Sensitivity at 99% Specificity,0.631578947368421
/scratchc/nrlab/wang04/ulyses_results_iteration/iteration_3_merge_below_3/cnn_model/cnn14/plasma_tp1_0.1x_model_C5/roc_curve_resnet18_tf_0.03_0.1/nested_cv_random/resnet18/repeat_10_fold_5_metrics.csv,3,4,resnet18,"(0.03, 0.1]",C5,PPV at 99% Specificity,1
/scratchc/nrlab/wang04/ulyses_results_iteration/iteration_3_merge_below_3/cnn_model/cnn14/plasma_tp1_0.1x_model_C5/roc_curve_resnet18_tf_0.03_0.1/nested_cv_random/resnet18/repeat_10_fold_5_metrics.csv,3,4,resnet18,"(0.03, 0.1]",C5,Accuracy at 99% Specificity,0.8107894736842105
/scratchc/nrlab/wang04/ulyses_results_iteration/iteration_3_merge_below_3/cnn_model/cnn14/plasma_tp1_0.1x_model_C5/roc_curve_resnet18_tf_0.03_0.1/nested_cv_random/resnet18/repeat_10_fold_5_metrics.csv,3,4,resnet18,"(0.03, 0.1]",C5,F1 at 99% Specificity,0.7741935483870968
/scratchc/nrlab/wang04/ulyses_results_iteration/iteration_3_merge_below_3/cnn_model/cnn14/plasma_tp1_0.1x_model_C5/roc_curve_resnet18_tf_0.03_0.1/nested_cv_random/resnet18/repeat_10_fold_5_metrics.csv,3,4,resnet18,"(0.03, 0.1]",C5,Sensitivity at 98% Specificity,0.631578947368421
/scratchc/nrlab/wang04/ulyses_results_iteration/iteration_3_merge_below_3/cnn_model/cnn14/plasma_tp1_0.1x_model_C5/roc_curve_resnet18_tf_0.03_0.1/nested_cv_random/resnet18/repeat_10_fold_5_metrics.csv,3,4,resnet18,"(0.03, 0.1]",C5,PPV at 98% Specificity,1
/scratchc/nrlab/wang04/ulyses_results_iteration/iteration_3_merge_below_3/cnn_model/cnn14/plasma_tp1_0.1x_model_C5/roc_curve_resnet18_tf_0.03_0.1/nested_cv_random/resnet18/repeat_10_fold_5_metrics.csv,3,4,resnet18,"(0.03, 0.1]",C5,Accuracy at 98% Specificity,0.8057894736842105
/scratchc/nrlab/wang04/ulyses_results_iteration/iteration_3_merge_below_3/cnn_model/cnn14/plasma_tp1_0.1x_model_C5/roc_curve_resnet18_tf_0.03_0.1/nested_cv_random/resnet18/repeat_10_fold_5_metrics.csv,3,4,resnet18,"(0.03, 0.1]",C5,F1 at 98% Specificity,0.7741935483870968
/scratchc/nrlab/wang04/ulyses_results_iteration/iteration_3_merge_below_3/cnn_model/cnn14/plasma_tp1_0.1x_model_C5/roc_curve_resnet18_tf_0.03_0.1/nested_cv_random/resnet18/repeat_10_fold_5_metrics.csv,3,4,resnet18,"(0.03, 0.1]",C5,Sensitivity at 95% Specificity,0.7894736842105263
/scratchc/nrlab/wang04/ulyses_results_iteration/iteration_3_merge_below_3/cnn_model/cnn14/plasma_tp1_0.1x_model_C5/roc_curve_resnet18_tf_0.03_0.1/nested_cv_random/resnet18/repeat_10_fold_5_metrics.csv,3,4,resnet18,"(0.03, 0.1]",C5,PPV at 95% Specificity,0.9375
/scratchc/nrlab/wang04/ulyses_results_iteration/iteration_3_merge_below_3/cnn_model/cnn14/plasma_tp1_0.1x_model_C5/roc_curve_resnet18_tf_0.03_0.1/nested_cv_random/resnet18/repeat_10_fold_5_metrics.csv,3,4,resnet18,"(0.03, 0.1]",C5,Accuracy at 95% Specificity,0.8546574770258981
/scratchc/nrlab/wang04/ulyses_results_iteration/iteration_3_merge_below_3/cnn_model/cnn14/plasma_tp1_0.1x_model_C5/roc_curve_resnet18_tf_0.03_0.1/nested_cv_random/resnet18/repeat_10_fold_5_metrics.csv,3,4,resnet18,"(0.03, 0.1]",C5,F1 at 95% Specificity,0.8571428571428571
/scratchc/nrlab/wang04/ulyses_results_iteration/iteration_3_merge_below_3/cnn_model/cnn14/plasma_tp1_0.1x_model_C5/roc_curve_resnet18_tf_0.03_0.1/nested_cv_random/resnet18/repeat_10_fold_5_metrics.csv,3,5,resnet18,"(0.03, 0.1]",C5,AUROC,0.8910256410256411
/scratchc/nrlab/wang04/ulyses_results_iteration/iteration_3_merge_below_3/cnn_model/cnn14/plasma_tp1_0.1x_model_C5/roc_curve_resnet18_tf_0.03_0.1/nested_cv_random/resnet18/repeat_10_fold_5_metrics.csv,3,5,resnet18,"(0.03, 0.1]",C5,AUPRC,0.8846627390808265
/scratchc/nrlab/wang04/ulyses_results_iteration/iteration_3_merge_below_3/cnn_model/cnn14/plasma_tp1_0.1x_model_C5/roc_curve_resnet18_tf_0.03_0.1/nested_cv_random/resnet18/repeat_10_fold_5_metrics.csv,3,5,resnet18,"(0.03, 0.1]",C5,Sensitivity at 99% Specificity,0.5277777777777778
/scratchc/nrlab/wang04/ulyses_results_iteration/iteration_3_merge_below_3/cnn_model/cnn14/plasma_tp1_0.1x_model_C5/roc_curve_resnet18_tf_0.03_0.1/nested_cv_random/resnet18/repeat_10_fold_5_metrics.csv,3,5,resnet18,"(0.03, 0.1]",C5,PPV at 99% Specificity,1
/scratchc/nrlab/wang04/ulyses_results_iteration/iteration_3_merge_below_3/cnn_model/cnn14/plasma_tp1_0.1x_model_C5/roc_curve_resnet18_tf_0.03_0.1/nested_cv_random/resnet18/repeat_10_fold_5_metrics.csv,3,5,resnet18,"(0.03, 0.1]",C5,Accuracy at 99% Specificity,0.758888888888889
/scratchc/nrlab/wang04/ulyses_results_iteration/iteration_3_merge_below_3/cnn_model/cnn14/plasma_tp1_0.1x_model_C5/roc_curve_resnet18_tf_0.03_0.1/nested_cv_random/resnet18/repeat_10_fold_5_metrics.csv,3,5,resnet18,"(0.03, 0.1]",C5,F1 at 99% Specificity,0.6909090909090909
/scratchc/nrlab/wang04/ulyses_results_iteration/iteration_3_merge_below_3/cnn_model/cnn14/plasma_tp1_0.1x_model_C5/roc_curve_resnet18_tf_0.03_0.1/nested_cv_random/resnet18/repeat_10_fold_5_metrics.csv,3,5,resnet18,"(0.03, 0.1]",C5,Sensitivity at 98% Specificity,0.5277777777777778
/scratchc/nrlab/wang04/ulyses_results_iteration/iteration_3_merge_below_3/cnn_model/cnn14/plasma_tp1_0.1x_model_C5/roc_curve_resnet18_tf_0.03_0.1/nested_cv_random/resnet18/repeat_10_fold_5_metrics.csv,3,5,resnet18,"(0.03, 0.1]",C5,PPV at 98% Specificity,1
/scratchc/nrlab/wang04/ulyses_results_iteration/iteration_3_merge_below_3/cnn_model/cnn14/plasma_tp1_0.1x_model_C5/roc_curve_resnet18_tf_0.03_0.1/nested_cv_random/resnet18/repeat_10_fold_5_metrics.csv,3,5,resnet18,"(0.03, 0.1]",C5,Accuracy at 98% Specificity,0.7538888888888888
/scratchc/nrlab/wang04/ulyses_results_iteration/iteration_3_merge_below_3/cnn_model/cnn14/plasma_tp1_0.1x_model_C5/roc_curve_resnet18_tf_0.03_0.1/nested_cv_random/resnet18/repeat_10_fold_5_metrics.csv,3,5,resnet18,"(0.03, 0.1]",C5,F1 at 98% Specificity,0.6909090909090909
/scratchc/nrlab/wang04/ulyses_results_iteration/iteration_3_merge_below_3/cnn_model/cnn14/plasma_tp1_0.1x_model_C5/roc_curve_resnet18_tf_0.03_0.1/nested_cv_random/resnet18/repeat_10_fold_5_metrics.csv,3,5,resnet18,"(0.03, 0.1]",C5,Sensitivity at 95% Specificity,0.6388888888888888
/scratchc/nrlab/wang04/ulyses_results_iteration/iteration_3_merge_below_3/cnn_model/cnn14/plasma_tp1_0.1x_model_C5/roc_curve_resnet18_tf_0.03_0.1/nested_cv_random/resnet18/repeat_10_fold_5_metrics.csv,3,5,resnet18,"(0.03, 0.1]",C5,PPV at 95% Specificity,0.9583333333333334
/scratchc/nrlab/wang04/ulyses_results_iteration/iteration_3_merge_below_3/cnn_model/cnn14/plasma_tp1_0.1x_model_C5/roc_curve_resnet18_tf_0.03_0.1/nested_cv_random/resnet18/repeat_10_fold_5_metrics.csv,3,5,resnet18,"(0.03, 0.1]",C5,Accuracy at 95% Specificity,0.787136752136752
/scratchc/nrlab/wang04/ulyses_results_iteration/iteration_3_merge_below_3/cnn_model/cnn14/plasma_tp1_0.1x_model_C5/roc_curve_resnet18_tf_0.03_0.1/nested_cv_random/resnet18/repeat_10_fold_5_metrics.csv,3,5,resnet18,"(0.03, 0.1]",C5,F1 at 95% Specificity,0.7666666666666667
/scratchc/nrlab/wang04/ulyses_results_iteration/iteration_3_merge_below_3/cnn_model/cnn14/plasma_tp1_0.1x_model_C5/roc_curve_resnet18_tf_0.03_0.1/nested_cv_random/resnet18/repeat_10_fold_5_metrics.csv,4,1,resnet18,"(0.03, 0.1]",C5,AUROC,0.9534679543459176
/scratchc/nrlab/wang04/ulyses_results_iteration/iteration_3_merge_below_3/cnn_model/cnn14/plasma_tp1_0.1x_model_C5/roc_curve_resnet18_tf_0.03_0.1/nested_cv_random/resnet18/repeat_10_fold_5_metrics.csv,4,1,resnet18,"(0.03, 0.1]",C5,AUPRC,0.9181097229289812
/scratchc/nrlab/wang04/ulyses_results_iteration/iteration_3_merge_below_3/cnn_model/cnn14/plasma_tp1_0.1x_model_C5/roc_curve_resnet18_tf_0.03_0.1/nested_cv_random/resnet18/repeat_10_fold_5_metrics.csv,4,1,resnet18,"(0.03, 0.1]",C5,Sensitivity at 99% Specificity,0.5
/scratchc/nrlab/wang04/ulyses_results_iteration/iteration_3_merge_below_3/cnn_model/cnn14/plasma_tp1_0.1x_model_C5/roc_curve_resnet18_tf_0.03_0.1/nested_cv_random/resnet18/repeat_10_fold_5_metrics.csv,4,1,resnet18,"(0.03, 0.1]",C5,PPV at 99% Specificity,1
/scratchc/nrlab/wang04/ulyses_results_iteration/iteration_3_merge_below_3/cnn_model/cnn14/plasma_tp1_0.1x_model_C5/roc_curve_resnet18_tf_0.03_0.1/nested_cv_random/resnet18/repeat_10_fold_5_metrics.csv,4,1,resnet18,"(0.03, 0.1]",C5,Accuracy at 99% Specificity,0.745
/scratchc/nrlab/wang04/ulyses_results_iteration/iteration_3_merge_below_3/cnn_model/cnn14/plasma_tp1_0.1x_model_C5/roc_curve_resnet18_tf_0.03_0.1/nested_cv_random/resnet18/repeat_10_fold_5_metrics.csv,4,1,resnet18,"(0.03, 0.1]",C5,F1 at 99% Specificity,0.6666666666666666
/scratchc/nrlab/wang04/ulyses_results_iteration/iteration_3_merge_below_3/cnn_model/cnn14/plasma_tp1_0.1x_model_C5/roc_curve_resnet18_tf_0.03_0.1/nested_cv_random/resnet18/repeat_10_fold_5_metrics.csv,4,1,resnet18,"(0.03, 0.1]",C5,Sensitivity at 98% Specificity,0.5
/scratchc/nrlab/wang04/ulyses_results_iteration/iteration_3_merge_below_3/cnn_model/cnn14/plasma_tp1_0.1x_model_C5/roc_curve_resnet18_tf_0.03_0.1/nested_cv_random/resnet18/repeat_10_fold_5_metrics.csv,4,1,resnet18,"(0.03, 0.1]",C5,PPV at 98% Specificity,1
/scratchc/nrlab/wang04/ulyses_results_iteration/iteration_3_merge_below_3/cnn_model/cnn14/plasma_tp1_0.1x_model_C5/roc_curve_resnet18_tf_0.03_0.1/nested_cv_random/resnet18/repeat_10_fold_5_metrics.csv,4,1,resnet18,"(0.03, 0.1]",C5,Accuracy at 98% Specificity,0.74
/scratchc/nrlab/wang04/ulyses_results_iteration/iteration_3_merge_below_3/cnn_model/cnn14/plasma_tp1_0.1x_model_C5/roc_curve_resnet18_tf_0.03_0.1/nested_cv_random/resnet18/repeat_10_fold_5_metrics.csv,4,1,resnet18,"(0.03, 0.1]",C5,F1 at 98% Specificity,0.6666666666666666
/scratchc/nrlab/wang04/ulyses_results_iteration/iteration_3_merge_below_3/cnn_model/cnn14/plasma_tp1_0.1x_model_C5/roc_curve_resnet18_tf_0.03_0.1/nested_cv_random/resnet18/repeat_10_fold_5_metrics.csv,4,1,resnet18,"(0.03, 0.1]",C5,Sensitivity at 95% Specificity,0.6176470588235294
/scratchc/nrlab/wang04/ulyses_results_iteration/iteration_3_merge_below_3/cnn_model/cnn14/plasma_tp1_0.1x_model_C5/roc_curve_resnet18_tf_0.03_0.1/nested_cv_random/resnet18/repeat_10_fold_5_metrics.csv,4,1,resnet18,"(0.03, 0.1]",C5,PPV at 95% Specificity,0.9130434782608696
/scratchc/nrlab/wang04/ulyses_results_iteration/iteration_3_merge_below_3/cnn_model/cnn14/plasma_tp1_0.1x_model_C5/roc_curve_resnet18_tf_0.03_0.1/nested_cv_random/resnet18/repeat_10_fold_5_metrics.csv,4,1,resnet18,"(0.03, 0.1]",C5,Accuracy at 95% Specificity,0.7696444249341527
/scratchc/nrlab/wang04/ulyses_results_iteration/iteration_3_merge_below_3/cnn_model/cnn14/plasma_tp1_0.1x_model_C5/roc_curve_resnet18_tf_0.03_0.1/nested_cv_random/resnet18/repeat_10_fold_5_metrics.csv,4,1,resnet18,"(0.03, 0.1]",C5,F1 at 95% Specificity,0.7368421052631579
/scratchc/nrlab/wang04/ulyses_results_iteration/iteration_3_merge_below_3/cnn_model/cnn14/plasma_tp1_0.1x_model_C5/roc_curve_resnet18_tf_0.03_0.1/nested_cv_random/resnet18/repeat_10_fold_5_metrics.csv,4,3,resnet18,"(0.03, 0.1]",C5,AUROC,0.97435897435897445
/scratchc/nrlab/wang04/ulyses_results_iteration/iteration_3_merge_below_3/cnn_model/cnn14/plasma_tp1_0.1x_model_C5/roc_curve_resnet18_tf_0.03_0.1/nested_cv_random/resnet18/repeat_10_fold_5_metrics.csv,4,3,resnet18,"(0.03, 0.1]",C5,AUPRC,0.9735326062415112
/scratchc/nrlab/wang04/ulyses_results_iteration/iteration_3_merge_below_3/cnn_model/cnn14/plasma_tp1_0.1x_model_C5/roc_curve_resnet18_tf_0.03_0.1/nested_cv_random/resnet18/repeat_10_fold_5_metrics.csv,4,3,resnet18,"(0.03, 0.1]",C5,Sensitivity at 99% Specificity,0.8205128205128205
/scratchc/nrlab/wang04/ulyses_results_iteration/iteration_3_merge_below_3/cnn_model/cnn14/plasma_tp1_0.1x_model_C5/roc_curve_resnet18_tf_0.03_0.1/nested_cv_random/resnet18/repeat_10_fold_5_metrics.csv,4,3,resnet18,"(0.03, 0.1]",C5,PPV at 99% Specificity,1
/scratchc/nrlab/wang04/ulyses_results_iteration/iteration_3_merge_below_3/cnn_model/cnn14/plasma_tp1_0.1x_model_C5/roc_curve_resnet18_tf_0.03_0.1/nested_cv_random/resnet18/repeat_10_fold_5_metrics.csv,4,3,resnet18,"(0.03, 0.1]",C5,Accuracy at 99% Specificity,0.9052564102564102
/scratchc/nrlab/wang04/ulyses_results_iteration/iteration_3_merge_below_3/cnn_model/cnn14/plasma_tp1_0.1x_model_C5/roc_curve_resnet18_tf_0.03_0.1/nested_cv_random/resnet18/repeat_10_fold_5_metrics.csv,4,3,resnet18,"(0.03, 0.1]",C5,F1 at 99% Specificity,0.9014084507042254
/scratchc/nrlab/wang04/ulyses_results_iteration/iteration_3_merge_below_3/cnn_model/cnn14/plasma_tp1_0.1x_model_C5/roc_curve_resnet18_tf_0.03_0.1/nested_cv_random/resnet18/repeat_10_fold_5_metrics.csv,4,3,resnet18,"(0.03, 0.1]",C5,Sensitivity at 98% Specificity,0.8205128205128205
/scratchc/nrlab/wang04/ulyses_results_iteration/iteration_3_merge_below_3/cnn_model/cnn14/plasma_tp1_0.1x_model_C5/roc_curve_resnet18_tf_0.03_0.1/nested_cv_random/resnet18/repeat_10_fold_5_metrics.csv,4,3,resnet18,"(0.03, 0.1]",C5,PPV at 98% Specificity,1
/scratchc/nrlab/wang04/ulyses_results_iteration/iteration_3_merge_below_3/cnn_model/cnn14/plasma_tp1_0.1x_model_C5/roc_curve_resnet18_tf_0.03_0.1/nested_cv_random/resnet18/repeat_10_fold_5_metrics.csv,4,3,resnet18,"(0.03, 0.1]",C5,Accuracy at 98% Specificity,0.9002564102564102
/scratchc/nrlab/wang04/ulyses_results_iteration/iteration_3_merge_below_3/cnn_model/cnn14/plasma_tp1_0.1x_model_C5/roc_curve_resnet18_tf_0.03_0.1/nested_cv_random/resnet18/repeat_10_fold_5_metrics.csv,4,3,resnet18,"(0.03, 0.1]",C5,F1 at 98% Specificity,0.9014084507042254
/scratchc/nrlab/wang04/ulyses_results_iteration/iteration_3_merge_below_3/cnn_model/cnn14/plasma_tp1_0.1x_model_C5/roc_curve_resnet18_tf_0.03_0.1/nested_cv_random/resnet18/repeat_10_fold_5_metrics.csv,4,3,resnet18,"(0.03, 0.1]",C5,Sensitivity at 95% Specificity,0.9230769230769232
/scratchc/nrlab/wang04/ulyses_results_iteration/iteration_3_merge_below_3/cnn_model/cnn14/plasma_tp1_0.1x_model_C5/roc_curve_resnet18_tf_0.03_0.1/nested_cv_random/resnet18/repeat_10_fold_5_metrics.csv,4,3,resnet18,"(0.03, 0.1]",C5,PPV at 95% Specificity,0.9230769230769232
/scratchc/nrlab/wang04/ulyses_results_iteration/iteration_3_merge_below_3/cnn_model/cnn14/plasma_tp1_0.1x_model_C5/roc_curve_resnet18_tf_0.03_0.1/nested_cv_random/resnet18/repeat_10_fold_5_metrics.csv,4,3,resnet18,"(0.03, 0.1]",C5,Accuracy at 95% Specificity,0.9135545905707196
/scratchc/nrlab/wang04/ulyses_results_iteration/iteration_3_merge_below_3/cnn_model/cnn14/plasma_tp1_0.1x_model_C5/roc_curve_resnet18_tf_0.03_0.1/nested_cv_random/resnet18/repeat_10_fold_5_metrics.csv,4,3,resnet18,"(0.03, 0.1]",C5,F1 at 95% Specificity,0.9230769230769232
/scratchc/nrlab/wang04/ulyses_results_iteration/iteration_3_merge_below_3/cnn_model/cnn14/plasma_tp1_0.1x_model_C5/roc_curve_resnet18_tf_0.03_0.1/nested_cv_random/resnet18/repeat_10_fold_5_metrics.csv,4,4,resnet18,"(0.03, 0.1]",C5,AUROC,0.8999122036874451
/scratchc/nrlab/wang04/ulyses_results_iteration/iteration_3_merge_below_3/cnn_model/cnn14/plasma_tp1_0.1x_model_C5/roc_curve_resnet18_tf_0.03_0.1/nested_cv_random/resnet18/repeat_10_fold_5_metrics.csv,4,4,resnet18,"(0.03, 0.1]",C5,AUPRC,0.8807263762023503
/scratchc/nrlab/wang04/ulyses_results_iteration/iteration_3_merge_below_3/cnn_model/cnn14/plasma_tp1_0.1x_model_C5/roc_curve_resnet18_tf_0.03_0.1/nested_cv_random/resnet18/repeat_10_fold_5_metrics.csv,4,4,resnet18,"(0.03, 0.1]",C5,Sensitivity at 99% Specificity,0.5294117647058824
/scratchc/nrlab/wang04/ulyses_results_iteration/iteration_3_merge_below_3/cnn_model/cnn14/plasma_tp1_0.1x_model_C5/roc_curve_resnet18_tf_0.03_0.1/nested_cv_random/resnet18/repeat_10_fold_5_metrics.csv,4,4,resnet18,"(0.03, 0.1]",C5,PPV at 99% Specificity,1
/scratchc/nrlab/wang04/ulyses_results_iteration/iteration_3_merge_below_3/cnn_model/cnn14/plasma_tp1_0.1x_model_C5/roc_curve_resnet18_tf_0.03_0.1/nested_cv_random/resnet18/repeat_10_fold_5_metrics.csv,4,4,resnet18,"(0.03, 0.1]",C5,Accuracy at 99% Specificity,0.7597058823529412
/scratchc/nrlab/wang04/ulyses_results_iteration/iteration_3_merge_below_3/cnn_model/cnn14/plasma_tp1_0.1x_model_C5/roc_curve_resnet18_tf_0.03_0.1/nested_cv_random/resnet18/repeat_10_fold_5_metrics.csv,4,4,resnet18,"(0.03, 0.1]",C5,F1 at 99% Specificity,0.6923076923076923
/scratchc/nrlab/wang04/ulyses_results_iteration/iteration_3_merge_below_3/cnn_model/cnn14/plasma_tp1_0.1x_model_C5/roc_curve_resnet18_tf_0.03_0.1/nested_cv_random/resnet18/repeat_10_fold_5_metrics.csv,4,4,resnet18,"(0.03, 0.1]",C5,Sensitivity at 98% Specificity,0.5294117647058824
/scratchc/nrlab/wang04/ulyses_results_iteration/iteration_3_merge_below_3/cnn_model/cnn14/plasma_tp1_0.1x_model_C5/roc_curve_resnet18_tf_0.03_0.1/nested_cv_random/resnet18/repeat_10_fold_5_metrics.csv,4,4,resnet18,"(0.03, 0.1]",C5,PPV at 98% Specificity,1
/scratchc/nrlab/wang04/ulyses_results_iteration/iteration_3_merge_below_3/cnn_model/cnn14/plasma_tp1_0.1x_model_C5/roc_curve_resnet18_tf_0.03_0.1/nested_cv_random/resnet18/repeat_10_fold_5_metrics.csv,4,4,resnet18,"(0.03, 0.1]",C5,Accuracy at 98% Specificity,0.7547058823529411
/scratchc/nrlab/wang04/ulyses_results_iteration/iteration_3_merge_below_3/cnn_model/cnn14/plasma_tp1_0.1x_model_C5/roc_curve_resnet18_tf_0.03_0.1/nested_cv_random/resnet18/repeat_10_fold_5_metrics.csv,4,4,resnet18,"(0.03, 0.1]",C5,F1 at 98% Specificity,0.6923076923076923
/scratchc/nrlab/wang04/ulyses_results_iteration/iteration_3_merge_below_3/cnn_model/cnn14/plasma_tp1_0.1x_model_C5/roc_curve_resnet18_tf_0.03_0.1/nested_cv_random/resnet18/repeat_10_fold_5_metrics.csv,4,4,resnet18,"(0.03, 0.1]",C5,Sensitivity at 95% Specificity,0.6470588235294118
/scratchc/nrlab/wang04/ulyses_results_iteration/iteration_3_merge_below_3/cnn_model/cnn14/plasma_tp1_0.1x_model_C5/roc_curve_resnet18_tf_0.03_0.1/nested_cv_random/resnet18/repeat_10_fold_5_metrics.csv,4,4,resnet18,"(0.03, 0.1]",C5,PPV at 95% Specificity,0.9565217391304348
/scratchc/nrlab/wang04/ulyses_results_iteration/iteration_3_merge_below_3/cnn_model/cnn14/plasma_tp1_0.1x_model_C5/roc_curve_resnet18_tf_0.03_0.1/nested_cv_random/resnet18/repeat_10_fold_5_metrics.csv,4,4,resnet18,"(0.03, 0.1]",C5,Accuracy at 95% Specificity,0.7914398595258999
/scratchc/nrlab/wang04/ulyses_results_iteration/iteration_3_merge_below_3/cnn_model/cnn14/plasma_tp1_0.1x_model_C5/roc_curve_resnet18_tf_0.03_0.1/nested_cv_random/resnet18/repeat_10_fold_5_metrics.csv,4,4,resnet18,"(0.03, 0.1]",C5,F1 at 95% Specificity,0.7719298245614035
/scratchc/nrlab/wang04/ulyses_results_iteration/iteration_3_merge_below_3/cnn_model/cnn14/plasma_tp1_0.1x_model_C5/roc_curve_resnet18_tf_0.03_0.1/nested_cv_random/resnet18/repeat_10_fold_5_metrics.csv,5,1,resnet18,"(0.03, 0.1]",C5,AUROC,0.9575883575883576
/scratchc/nrlab/wang04/ulyses_results_iteration/iteration_3_merge_below_3/cnn_model/cnn14/plasma_tp1_0.1x_model_C5/roc_curve_resnet18_tf_0.03_0.1/nested_cv_random/resnet18/repeat_10_fold_5_metrics.csv,5,1,resnet18,"(0.03, 0.1]",C5,AUPRC,0.9493156275250716
/scratchc/nrlab/wang04/ulyses_results_iteration/iteration_3_merge_below_3/cnn_model/cnn14/plasma_tp1_0.1x_model_C5/roc_curve_resnet18_tf_0.03_0.1/nested_cv_random/resnet18/repeat_10_fold_5_metrics.csv,5,1,resnet18,"(0.03, 0.1]",C5,Sensitivity at 99% Specificity,0.5945945945945946
/scratchc/nrlab/wang04/ulyses_results_iteration/iteration_3_merge_below_3/cnn_model/cnn14/plasma_tp1_0.1x_model_C5/roc_curve_resnet18_tf_0.03_0.1/nested_cv_random/resnet18/repeat_10_fold_5_metrics.csv,5,1,resnet18,"(0.03, 0.1]",C5,PPV at 99% Specificity,1
/scratchc/nrlab/wang04/ulyses_results_iteration/iteration_3_merge_below_3/cnn_model/cnn14/plasma_tp1_0.1x_model_C5/roc_curve_resnet18_tf_0.03_0.1/nested_cv_random/resnet18/repeat_10_fold_5_metrics.csv,5,1,resnet18,"(0.03, 0.1]",C5,Accuracy at 99% Specificity,0.7922972972972973
/scratchc/nrlab/wang04/ulyses_results_iteration/iteration_3_merge_below_3/cnn_model/cnn14/plasma_tp1_0.1x_model_C5/roc_curve_resnet18_tf_0.03_0.1/nested_cv_random/resnet18/repeat_10_fold_5_metrics.csv,5,1,resnet18,"(0.03, 0.1]",C5,F1 at 99% Specificity,0.7457627118644068
/scratchc/nrlab/wang04/ulyses_results_iteration/iteration_3_merge_below_3/cnn_model/cnn14/plasma_tp1_0.1x_model_C5/roc_curve_resnet18_tf_0.03_0.1/nested_cv_random/resnet18/repeat_10_fold_5_metrics.csv,5,1,resnet18,"(0.03, 0.1]",C5,Sensitivity at 98% Specificity,0.5945945945945946
/scratchc/nrlab/wang04/ulyses_results_iteration/iteration_3_merge_below_3/cnn_model/cnn14/plasma_tp1_0.1x_model_C5/roc_curve_resnet18_tf_0.03_0.1/nested_cv_random/resnet18/repeat_10_fold_5_metrics.csv,5,1,resnet18,"(0.03, 0.1]",C5,PPV at 98% Specificity,1
/scratchc/nrlab/wang04/ulyses_results_iteration/iteration_3_merge_below_3/cnn_model/cnn14/plasma_tp1_0.1x_model_C5/roc_curve_resnet18_tf_0.03_0.1/nested_cv_random/resnet18/repeat_10_fold_5_metrics.csv,5,1,resnet18,"(0.03, 0.1]",C5,Accuracy at 98% Specificity,0.7872972972972974
/scratchc/nrlab/wang04/ulyses_results_iteration/iteration_3_merge_below_3/cnn_model/cnn14/plasma_tp1_0.1x_model_C5/roc_curve_resnet18_tf_0.03_0.1/nested_cv_random/resnet18/repeat_10_fold_5_metrics.csv,5,1,resnet18,"(0.03, 0.1]",C5,F1 at 98% Specificity,0.7457627118644068
/scratchc/nrlab/wang04/ulyses_results_iteration/iteration_3_merge_below_3/cnn_model/cnn14/plasma_tp1_0.1x_model_C5/roc_curve_resnet18_tf_0.03_0.1/nested_cv_random/resnet18/repeat_10_fold_5_metrics.csv,5,1,resnet18,"(0.03, 0.1]",C5,Sensitivity at 95% Specificity,0.8648648648648649
/scratchc/nrlab/wang04/ulyses_results_iteration/iteration_3_merge_below_3/cnn_model/cnn14/plasma_tp1_0.1x_model_C5/roc_curve_resnet18_tf_0.03_0.1/nested_cv_random/resnet18/repeat_10_fold_5_metrics.csv,5,1,resnet18,"(0.03, 0.1]",C5,PPV at 95% Specificity,0.9411764705882352
/scratchc/nrlab/wang04/ulyses_results_iteration/iteration_3_merge_below_3/cnn_model/cnn14/plasma_tp1_0.1x_model_C5/roc_curve_resnet18_tf_0.03_0.1/nested_cv_random/resnet18/repeat_10_fold_5_metrics.csv,5,1,resnet18,"(0.03, 0.1]",C5,Accuracy at 95% Specificity,0.8928170478170478
/scratchc/nrlab/wang04/ulyses_results_iteration/iteration_3_merge_below_3/cnn_model/cnn14/plasma_tp1_0.1x_model_C5/roc_curve_resnet18_tf_0.03_0.1/nested_cv_random/resnet18/repeat_10_fold_5_metrics.csv,5,1,resnet18,"(0.03, 0.1]",C5,F1 at 95% Specificity,0.9014084507042254
/scratchc/nrlab/wang04/ulyses_results_iteration/iteration_3_merge_below_3/cnn_model/cnn14/plasma_tp1_0.1x_model_C5/roc_curve_resnet18_tf_0.03_0.1/nested_cv_random/resnet18/repeat_10_fold_5_metrics.csv,5,2,resnet18,"(0.03, 0.1]",C5,AUROC,0.9506493506493504
/scratchc/nrlab/wang04/ulyses_results_iteration/iteration_3_merge_below_3/cnn_model/cnn14/plasma_tp1_0.1x_model_C5/roc_curve_resnet18_tf_0.03_0.1/nested_cv_random/resnet18/repeat_10_fold_5_metrics.csv,5,2,resnet18,"(0.03, 0.1]",C5,AUPRC,0.9266123193510312
/scratchc/nrlab/wang04/ulyses_results_iteration/iteration_3_merge_below_3/cnn_model/cnn14/plasma_tp1_0.1x_model_C5/roc_curve_resnet18_tf_0.03_0.1/nested_cv_random/resnet18/repeat_10_fold_5_metrics.csv,5,2,resnet18,"(0.03, 0.1]",C5,Sensitivity at 99% Specificity,0.45714285714285713
/scratchc/nrlab/wang04/ulyses_results_iteration/iteration_3_merge_below_3/cnn_model/cnn14/plasma_tp1_0.1x_model_C5/roc_curve_resnet18_tf_0.03_0.1/nested_cv_random/resnet18/repeat_10_fold_5_metrics.csv,5,2,resnet18,"(0.03, 0.1]",C5,PPV at 99% Specificity,1
/scratchc/nrlab/wang04/ulyses_results_iteration/iteration_3_merge_below_3/cnn_model/cnn14/plasma_tp1_0.1x_model_C5/roc_curve_resnet18_tf_0.03_0.1/nested_cv_random/resnet18/repeat_10_fold_5_metrics.csv,5,2,resnet18,"(0.03, 0.1]",C5,Accuracy at 99% Specificity,0.7235714285714285
/scratchc/nrlab/wang04/ulyses_results_iteration/iteration_3_merge_below_3/cnn_model/cnn14/plasma_tp1_0.1x_model_C5/roc_curve_resnet18_tf_0.03_0.1/nested_cv_random/resnet18/repeat_10_fold_5_metrics.csv,5,2,resnet18,"(0.03, 0.1]",C5,F1 at 99% Specificity,0.6274509803921569
/scratchc/nrlab/wang04/ulyses_results_iteration/iteration_3_merge_below_3/cnn_model/cnn14/plasma_tp1_0.1x_model_C5/roc_curve_resnet18_tf_0.03_0.1/nested_cv_random/resnet18/repeat_10_fold_5_metrics.csv,5,2,resnet18,"(0.03, 0.1]",C5,Sensitivity at 98% Specificity,0.45714285714285713
/scratchc/nrlab/wang04/ulyses_results_iteration/iteration_3_merge_below_3/cnn_model/cnn14/plasma_tp1_0.1x_model_C5/roc_curve_resnet18_tf_0.03_0.1/nested_cv_random/resnet18/repeat_10_fold_5_metrics.csv,5,2,resnet18,"(0.03, 0.1]",C5,PPV at 98% Specificity,1
/scratchc/nrlab/wang04/ulyses_results_iteration/iteration_3_merge_below_3/cnn_model/cnn14/plasma_tp1_0.1x_model_C5/roc_curve_resnet18_tf_0.03_0.1/nested_cv_random/resnet18/repeat_10_fold_5_metrics.csv,5,2,resnet18,"(0.03, 0.1]",C5,Accuracy at 98% Specificity,0.7185714285714285
/scratchc/nrlab/wang04/ulyses_results_iteration/iteration_3_merge_below_3/cnn_model/cnn14/plasma_tp1_0.1x_model_C5/roc_curve_resnet18_tf_0.03_0.1/nested_cv_random/resnet18/repeat_10_fold_5_metrics.csv,5,2,resnet18,"(0.03, 0.1]",C5,F1 at 98% Specificity,0.6274509803921569
/scratchc/nrlab/wang04/ulyses_results_iteration/iteration_3_merge_below_3/cnn_model/cnn14/plasma_tp1_0.1x_model_C5/roc_curve_resnet18_tf_0.03_0.1/nested_cv_random/resnet18/repeat_10_fold_5_metrics.csv,5,2,resnet18,"(0.03, 0.1]",C5,Sensitivity at 95% Specificity,0.6857142857142857
/scratchc/nrlab/wang04/ulyses_results_iteration/iteration_3_merge_below_3/cnn_model/cnn14/plasma_tp1_0.1x_model_C5/roc_curve_resnet18_tf_0.03_0.1/nested_cv_random/resnet18/repeat_10_fold_5_metrics.csv,5,2,resnet18,"(0.03, 0.1]",C5,PPV at 95% Specificity,0.9230769230769232
/scratchc/nrlab/wang04/ulyses_results_iteration/iteration_3_merge_below_3/cnn_model/cnn14/plasma_tp1_0.1x_model_C5/roc_curve_resnet18_tf_0.03_0.1/nested_cv_random/resnet18/repeat_10_fold_5_metrics.csv,5,2,resnet18,"(0.03, 0.1]",C5,Accuracy at 95% Specificity,0.8034632034632034
/scratchc/nrlab/wang04/ulyses_results_iteration/iteration_3_merge_below_3/cnn_model/cnn14/plasma_tp1_0.1x_model_C5/roc_curve_resnet18_tf_0.03_0.1/nested_cv_random/resnet18/repeat_10_fold_5_metrics.csv,5,2,resnet18,"(0.03, 0.1]",C5,F1 at 95% Specificity,0.7868852459016393
/scratchc/nrlab/wang04/ulyses_results_iteration/iteration_3_merge_below_3/cnn_model/cnn14/plasma_tp1_0.1x_model_C5/roc_curve_resnet18_tf_0.03_0.1/nested_cv_random/resnet18/repeat_10_fold_5_metrics.csv,5,3,resnet18,"(0.03, 0.1]",C5,AUROC,0.9554367201426026
/scratchc/nrlab/wang04/ulyses_results_iteration/iteration_3_merge_below_3/cnn_model/cnn14/plasma_tp1_0.1x_model_C5/roc_curve_resnet18_tf_0.03_0.1/nested_cv_random/resnet18/repeat_10_fold_5_metrics.csv,5,3,resnet18,"(0.03, 0.1]",C5,AUPRC,0.9330181506552648
/scratchc/nrlab/wang04/ulyses_results_iteration/iteration_3_merge_below_3/cnn_model/cnn14/plasma_tp1_0.1x_model_C5/roc_curve_resnet18_tf_0.03_0.1/nested_cv_random/resnet18/repeat_10_fold_5_metrics.csv,5,3,resnet18,"(0.03, 0.1]",C5,Sensitivity at 99% Specificity,0.696969696969697
/scratchc/nrlab/wang04/ulyses_results_iteration/iteration_3_merge_below_3/cnn_model/cnn14/plasma_tp1_0.1x_model_C5/roc_curve_resnet18_tf_0.03_0.1/nested_cv_random/resnet18/repeat_10_fold_5_metrics.csv,5,3,resnet18,"(0.03, 0.1]",C5,PPV at 99% Specificity,1
/scratchc/nrlab/wang04/ulyses_results_iteration/iteration_3_merge_below_3/cnn_model/cnn14/plasma_tp1_0.1x_model_C5/roc_curve_resnet18_tf_0.03_0.1/nested_cv_random/resnet18/repeat_10_fold_5_metrics.csv,5,3,resnet18,"(0.03, 0.1]",C5,Accuracy at 99% Specificity,0.8434848484848485
/scratchc/nrlab/wang04/ulyses_results_iteration/iteration_3_merge_below_3/cnn_model/cnn14/plasma_tp1_0.1x_model_C5/roc_curve_resnet18_tf_0.03_0.1/nested_cv_random/resnet18/repeat_10_fold_5_metrics.csv,5,3,resnet18,"(0.03, 0.1]",C5,F1 at 99% Specificity,0.8214285714285714
/scratchc/nrlab/wang04/ulyses_results_iteration/iteration_3_merge_below_3/cnn_model/cnn14/plasma_tp1_0.1x_model_C5/roc_curve_resnet18_tf_0.03_0.1/nested_cv_random/resnet18/repeat_10_fold_5_metrics.csv,5,3,resnet18,"(0.03, 0.1]",C5,Sensitivity at 98% Specificity,0.696969696969697
/scratchc/nrlab/wang04/ulyses_results_iteration/iteration_3_merge_below_3/cnn_model/cnn14/plasma_tp1_0.1x_model_C5/roc_curve_resnet18_tf_0.03_0.1/nested_cv_random/resnet18/repeat_10_fold_5_metrics.csv,5,3,resnet18,"(0.03, 0.1]",C5,PPV at 98% Specificity,1
/scratchc/nrlab/wang04/ulyses_results_iteration/iteration_3_merge_below_3/cnn_model/cnn14/plasma_tp1_0.1x_model_C5/roc_curve_resnet18_tf_0.03_0.1/nested_cv_random/resnet18/repeat_10_fold_5_metrics.csv,5,3,resnet18,"(0.03, 0.1]",C5,Accuracy at 98% Specificity,0.8384848484848485
/scratchc/nrlab/wang04/ulyses_results_iteration/iteration_3_merge_below_3/cnn_model/cnn14/plasma_tp1_0.1x_model_C5/roc_curve_resnet18_tf_0.03_0.1/nested_cv_random/resnet18/repeat_10_fold_5_metrics.csv,5,3,resnet18,"(0.03, 0.1]",C5,F1 at 98% Specificity,0.8214285714285714
/scratchc/nrlab/wang04/ulyses_results_iteration/iteration_3_merge_below_3/cnn_model/cnn14/plasma_tp1_0.1x_model_C5/roc_curve_resnet18_tf_0.03_0.1/nested_cv_random/resnet18/repeat_10_fold_5_metrics.csv,5,3,resnet18,"(0.03, 0.1]",C5,Sensitivity at 95% Specificity,0.7575757575757576
/scratchc/nrlab/wang04/ulyses_results_iteration/iteration_3_merge_below_3/cnn_model/cnn14/plasma_tp1_0.1x_model_C5/roc_curve_resnet18_tf_0.03_0.1/nested_cv_random/resnet18/repeat_10_fold_5_metrics.csv,5,3,resnet18,"(0.03, 0.1]",C5,PPV at 95% Specificity,0.9615384615384616
/scratchc/nrlab/wang04/ulyses_results_iteration/iteration_3_merge_below_3/cnn_model/cnn14/plasma_tp1_0.1x_model_C5/roc_curve_resnet18_tf_0.03_0.1/nested_cv_random/resnet18/repeat_10_fold_5_metrics.csv,5,3,resnet18,"(0.03, 0.1]",C5,Accuracy at 95% Specificity,0.8468025846702317
/scratchc/nrlab/wang04/ulyses_results_iteration/iteration_3_merge_below_3/cnn_model/cnn14/plasma_tp1_0.1x_model_C5/roc_curve_resnet18_tf_0.03_0.1/nested_cv_random/resnet18/repeat_10_fold_5_metrics.csv,5,3,resnet18,"(0.03, 0.1]",C5,F1 at 95% Specificity,0.847457627118644
/scratchc/nrlab/wang04/ulyses_results_iteration/iteration_3_merge_below_3/cnn_model/cnn14/plasma_tp1_0.1x_model_C5/roc_curve_resnet18_tf_0.03_0.1/nested_cv_random/resnet18/repeat_10_fold_5_metrics.csv,5,4,resnet18,"(0.03, 0.1]",C5,AUROC,0.9678362573099416
/scratchc/nrlab/wang04/ulyses_results_iteration/iteration_3_merge_below_3/cnn_model/cnn14/plasma_tp1_0.1x_model_C5/roc_curve_resnet18_tf_0.03_0.1/nested_cv_random/resnet18/repeat_10_fold_5_metrics.csv,5,4,resnet18,"(0.03, 0.1]",C5,AUPRC,0.9674574707615198
/scratchc/nrlab/wang04/ulyses_results_iteration/iteration_3_merge_below_3/cnn_model/cnn14/plasma_tp1_0.1x_model_C5/roc_curve_resnet18_tf_0.03_0.1/nested_cv_random/resnet18/repeat_10_fold_5_metrics.csv,5,4,resnet18,"(0.03, 0.1]",C5,Sensitivity at 99% Specificity,0.8421052631578947
/scratchc/nrlab/wang04/ulyses_results_iteration/iteration_3_merge_below_3/cnn_model/cnn14/plasma_tp1_0.1x_model_C5/roc_curve_resnet18_tf_0.03_0.1/nested_cv_random/resnet18/repeat_10_fold_5_metrics.csv,5,4,resnet18,"(0.03, 0.1]",C5,PPV at 99% Specificity,1
/scratchc/nrlab/wang04/ulyses_results_iteration/iteration_3_merge_below_3/cnn_model/cnn14/plasma_tp1_0.1x_model_C5/roc_curve_resnet18_tf_0.03_0.1/nested_cv_random/resnet18/repeat_10_fold_5_metrics.csv,5,4,resnet18,"(0.03, 0.1]",C5,Accuracy at 99% Specificity,0.9160526315789472
/scratchc/nrlab/wang04/ulyses_results_iteration/iteration_3_merge_below_3/cnn_model/cnn14/plasma_tp1_0.1x_model_C5/roc_curve_resnet18_tf_0.03_0.1/nested_cv_random/resnet18/repeat_10_fold_5_metrics.csv,5,4,resnet18,"(0.03, 0.1]",C5,F1 at 99% Specificity,0.9142857142857144
/scratchc/nrlab/wang04/ulyses_results_iteration/iteration_3_merge_below_3/cnn_model/cnn14/plasma_tp1_0.1x_model_C5/roc_curve_resnet18_tf_0.03_0.1/nested_cv_random/resnet18/repeat_10_fold_5_metrics.csv,5,4,resnet18,"(0.03, 0.1]",C5,Sensitivity at 98% Specificity,0.8421052631578947
/scratchc/nrlab/wang04/ulyses_results_iteration/iteration_3_merge_below_3/cnn_model/cnn14/plasma_tp1_0.1x_model_C5/roc_curve_resnet18_tf_0.03_0.1/nested_cv_random/resnet18/repeat_10_fold_5_metrics.csv,5,4,resnet18,"(0.03, 0.1]",C5,PPV at 98% Specificity,1
/scratchc/nrlab/wang04/ulyses_results_iteration/iteration_3_merge_below_3/cnn_model/cnn14/plasma_tp1_0.1x_model_C5/roc_curve_resnet18_tf_0.03_0.1/nested_cv_random/resnet18/repeat_10_fold_5_metrics.csv,5,4,resnet18,"(0.03, 0.1]",C5,Accuracy at 98% Specificity,0.9110526315789472
/scratchc/nrlab/wang04/ulyses_results_iteration/iteration_3_merge_below_3/cnn_model/cnn14/plasma_tp1_0.1x_model_C5/roc_curve_resnet18_tf_0.03_0.1/nested_cv_random/resnet18/repeat_10_fold_5_metrics.csv,5,4,resnet18,"(0.03, 0.1]",C5,F1 at 98% Specificity,0.9142857142857144
/scratchc/nrlab/wang04/ulyses_results_iteration/iteration_3_merge_below_3/cnn_model/cnn14/plasma_tp1_0.1x_model_C5/roc_curve_resnet18_tf_0.03_0.1/nested_cv_random/resnet18/repeat_10_fold_5_metrics.csv,5,4,resnet18,"(0.03, 0.1]",C5,Sensitivity at 95% Specificity,0.868421052631579
/scratchc/nrlab/wang04/ulyses_results_iteration/iteration_3_merge_below_3/cnn_model/cnn14/plasma_tp1_0.1x_model_C5/roc_curve_resnet18_tf_0.03_0.1/nested_cv_random/resnet18/repeat_10_fold_5_metrics.csv,5,4,resnet18,"(0.03, 0.1]",C5,PPV at 95% Specificity,0.9705882352941176
/scratchc/nrlab/wang04/ulyses_results_iteration/iteration_3_merge_below_3/cnn_model/cnn14/plasma_tp1_0.1x_model_C5/roc_curve_resnet18_tf_0.03_0.1/nested_cv_random/resnet18/repeat_10_fold_5_metrics.csv,5,4,resnet18,"(0.03, 0.1]",C5,Accuracy at 95% Specificity,0.901670843776107
/scratchc/nrlab/wang04/ulyses_results_iteration/iteration_3_merge_below_3/cnn_model/cnn14/plasma_tp1_0.1x_model_C5/roc_curve_resnet18_tf_0.03_0.1/nested_cv_random/resnet18/repeat_10_fold_5_metrics.csv,5,4,resnet18,"(0.03, 0.1]",C5,F1 at 95% Specificity,0.9166666666666666
/scratchc/nrlab/wang04/ulyses_results_iteration/iteration_3_merge_below_3/cnn_model/cnn14/plasma_tp1_0.1x_model_C5/roc_curve_resnet18_tf_0.03_0.1/nested_cv_random/resnet18/repeat_10_fold_5_metrics.csv,5,5,resnet18,"(0.03, 0.1]",C5,AUROC,0.9573934837092732
/scratchc/nrlab/wang04/ulyses_results_iteration/iteration_3_merge_below_3/cnn_model/cnn14/plasma_tp1_0.1x_model_C5/roc_curve_resnet18_tf_0.03_0.1/nested_cv_random/resnet18/repeat_10_fold_5_metrics.csv,5,5,resnet18,"(0.03, 0.1]",C5,AUPRC,0.952494315072304
/scratchc/nrlab/wang04/ulyses_results_iteration/iteration_3_merge_below_3/cnn_model/cnn14/plasma_tp1_0.1x_model_C5/roc_curve_resnet18_tf_0.03_0.1/nested_cv_random/resnet18/repeat_10_fold_5_metrics.csv,5,5,resnet18,"(0.03, 0.1]",C5,Sensitivity at 99% Specificity,0.7105263157894737
/scratchc/nrlab/wang04/ulyses_results_iteration/iteration_3_merge_below_3/cnn_model/cnn14/plasma_tp1_0.1x_model_C5/roc_curve_resnet18_tf_0.03_0.1/nested_cv_random/resnet18/repeat_10_fold_5_metrics.csv,5,5,resnet18,"(0.03, 0.1]",C5,PPV at 99% Specificity,1
/scratchc/nrlab/wang04/ulyses_results_iteration/iteration_3_merge_below_3/cnn_model/cnn14/plasma_tp1_0.1x_model_C5/roc_curve_resnet18_tf_0.03_0.1/nested_cv_random/resnet18/repeat_10_fold_5_metrics.csv,5,5,resnet18,"(0.03, 0.1]",C5,Accuracy at 99% Specificity,0.8502631578947368
/scratchc/nrlab/wang04/ulyses_results_iteration/iteration_3_merge_below_3/cnn_model/cnn14/plasma_tp1_0.1x_model_C5/roc_curve_resnet18_tf_0.03_0.1/nested_cv_random/resnet18/repeat_10_fold_5_metrics.csv,5,5,resnet18,"(0.03, 0.1]",C5,F1 at 99% Specificity,0.8307692307692308
/scratchc/nrlab/wang04/ulyses_results_iteration/iteration_3_merge_below_3/cnn_model/cnn14/plasma_tp1_0.1x_model_C5/roc_curve_resnet18_tf_0.03_0.1/nested_cv_random/resnet18/repeat_10_fold_5_metrics.csv,5,5,resnet18,"(0.03, 0.1]",C5,Sensitivity at 98% Specificity,0.7105263157894737
/scratchc/nrlab/wang04/ulyses_results_iteration/iteration_3_merge_below_3/cnn_model/cnn14/plasma_tp1_0.1x_model_C5/roc_curve_resnet18_tf_0.03_0.1/nested_cv_random/resnet18/repeat_10_fold_5_metrics.csv,5,5,resnet18,"(0.03, 0.1]",C5,PPV at 98% Specificity,1
/scratchc/nrlab/wang04/ulyses_results_iteration/iteration_3_merge_below_3/cnn_model/cnn14/plasma_tp1_0.1x_model_C5/roc_curve_resnet18_tf_0.03_0.1/nested_cv_random/resnet18/repeat_10_fold_5_metrics.csv,5,5,resnet18,"(0.03, 0.1]",C5,Accuracy at 98% Specificity,0.8452631578947368
/scratchc/nrlab/wang04/ulyses_results_iteration/iteration_3_merge_below_3/cnn_model/cnn14/plasma_tp1_0.1x_model_C5/roc_curve_resnet18_tf_0.03_0.1/nested_cv_random/resnet18/repeat_10_fold_5_metrics.csv,5,5,resnet18,"(0.03, 0.1]",C5,F1 at 98% Specificity,0.8307692307692308
/scratchc/nrlab/wang04/ulyses_results_iteration/iteration_3_merge_below_3/cnn_model/cnn14/plasma_tp1_0.1x_model_C5/roc_curve_resnet18_tf_0.03_0.1/nested_cv_random/resnet18/repeat_10_fold_5_metrics.csv,5,5,resnet18,"(0.03, 0.1]",C5,Sensitivity at 95% Specificity,0.7894736842105263
/scratchc/nrlab/wang04/ulyses_results_iteration/iteration_3_merge_below_3/cnn_model/cnn14/plasma_tp1_0.1x_model_C5/roc_curve_resnet18_tf_0.03_0.1/nested_cv_random/resnet18/repeat_10_fold_5_metrics.csv,5,5,resnet18,"(0.03, 0.1]",C5,PPV at 95% Specificity,0.9375
/scratchc/nrlab/wang04/ulyses_results_iteration/iteration_3_merge_below_3/cnn_model/cnn14/plasma_tp1_0.1x_model_C5/roc_curve_resnet18_tf_0.03_0.1/nested_cv_random/resnet18/repeat_10_fold_5_metrics.csv,5,5,resnet18,"(0.03, 0.1]",C5,Accuracy at 95% Specificity,0.8546574770258981
/scratchc/nrlab/wang04/ulyses_results_iteration/iteration_3_merge_below_3/cnn_model/cnn14/plasma_tp1_0.1x_model_C5/roc_curve_resnet18_tf_0.03_0.1/nested_cv_random/resnet18/repeat_10_fold_5_metrics.csv,5,5,resnet18,"(0.03, 0.1]",C5,F1 at 95% Specificity,0.8571428571428571
/scratchc/nrlab/wang04/ulyses_results_iteration/iteration_3_merge_below_3/cnn_model/cnn14/plasma_tp1_0.1x_model_C5/roc_curve_resnet18_tf_0.03_0.1/nested_cv_random/resnet18/repeat_10_fold_5_metrics.csv,6,1,resnet18,"(0.03, 0.1]",C5,AUROC,0.9515993265993266
/scratchc/nrlab/wang04/ulyses_results_iteration/iteration_3_merge_below_3/cnn_model/cnn14/plasma_tp1_0.1x_model_C5/roc_curve_resnet18_tf_0.03_0.1/nested_cv_random/resnet18/repeat_10_fold_5_metrics.csv,6,1,resnet18,"(0.03, 0.1]",C5,AUPRC,0.9378371320443764
/scratchc/nrlab/wang04/ulyses_results_iteration/iteration_3_merge_below_3/cnn_model/cnn14/plasma_tp1_0.1x_model_C5/roc_curve_resnet18_tf_0.03_0.1/nested_cv_random/resnet18/repeat_10_fold_5_metrics.csv,6,1,resnet18,"(0.03, 0.1]",C5,Sensitivity at 99% Specificity,0.6111111111111112
/scratchc/nrlab/wang04/ulyses_results_iteration/iteration_3_merge_below_3/cnn_model/cnn14/plasma_tp1_0.1x_model_C5/roc_curve_resnet18_tf_0.03_0.1/nested_cv_random/resnet18/repeat_10_fold_5_metrics.csv,6,1,resnet18,"(0.03, 0.1]",C5,PPV at 99% Specificity,1
/scratchc/nrlab/wang04/ulyses_results_iteration/iteration_3_merge_below_3/cnn_model/cnn14/plasma_tp1_0.1x_model_C5/roc_curve_resnet18_tf_0.03_0.1/nested_cv_random/resnet18/repeat_10_fold_5_metrics.csv,6,1,resnet18,"(0.03, 0.1]",C5,Accuracy at 99% Specificity,0.8005555555555556
/scratchc/nrlab/wang04/ulyses_results_iteration/iteration_3_merge_below_3/cnn_model/cnn14/plasma_tp1_0.1x_model_C5/roc_curve_resnet18_tf_0.03_0.1/nested_cv_random/resnet18/repeat_10_fold_5_metrics.csv,6,1,resnet18,"(0.03, 0.1]",C5,F1 at 99% Specificity,0.7586206896551724
/scratchc/nrlab/wang04/ulyses_results_iteration/iteration_3_merge_below_3/cnn_model/cnn14/plasma_tp1_0.1x_model_C5/roc_curve_resnet18_tf_0.03_0.1/nested_cv_random/resnet18/repeat_10_fold_5_metrics.csv,6,1,resnet18,"(0.03, 0.1]",C5,Sensitivity at 98% Specificity,0.6111111111111112
/scratchc/nrlab/wang04/ulyses_results_iteration/iteration_3_merge_below_3/cnn_model/cnn14/plasma_tp1_0.1x_model_C5/roc_curve_resnet18_tf_0.03_0.1/nested_cv_random/resnet18/repeat_10_fold_5_metrics.csv,6,1,resnet18,"(0.03, 0.1]",C5,PPV at 98% Specificity,1
/scratchc/nrlab/wang04/ulyses_results_iteration/iteration_3_merge_below_3/cnn_model/cnn14/plasma_tp1_0.1x_model_C5/roc_curve_resnet18_tf_0.03_0.1/nested_cv_random/resnet18/repeat_10_fold_5_metrics.csv,6,1,resnet18,"(0.03, 0.1]",C5,Accuracy at 98% Specificity,0.7955555555555556
/scratchc/nrlab/wang04/ulyses_results_iteration/iteration_3_merge_below_3/cnn_model/cnn14/plasma_tp1_0.1x_model_C5/roc_curve_resnet18_tf_0.03_0.1/nested_cv_random/resnet18/repeat_10_fold_5_metrics.csv,6,1,resnet18,"(0.03, 0.1]",C5,F1 at 98% Specificity,0.7586206896551724
/scratchc/nrlab/wang04/ulyses_results_iteration/iteration_3_merge_below_3/cnn_model/cnn14/plasma_tp1_0.1x_model_C5/roc_curve_resnet18_tf_0.03_0.1/nested_cv_random/resnet18/repeat_10_fold_5_metrics.csv,6,1,resnet18,"(0.03, 0.1]",C5,Sensitivity at 95% Specificity,0.75
/scratchc/nrlab/wang04/ulyses_results_iteration/iteration_3_merge_below_3/cnn_model/cnn14/plasma_tp1_0.1x_model_C5/roc_curve_resnet18_tf_0.03_0.1/nested_cv_random/resnet18/repeat_10_fold_5_metrics.csv,6,1,resnet18,"(0.03, 0.1]",C5,PPV at 95% Specificity,0.9310344827586208
/scratchc/nrlab/wang04/ulyses_results_iteration/iteration_3_merge_below_3/cnn_model/cnn14/plasma_tp1_0.1x_model_C5/roc_curve_resnet18_tf_0.03_0.1/nested_cv_random/resnet18/repeat_10_fold_5_metrics.csv,6,1,resnet18,"(0.03, 0.1]",C5,Accuracy at 95% Specificity,0.8356060606060606
/scratchc/nrlab/wang04/ulyses_results_iteration/iteration_3_merge_below_3/cnn_model/cnn14/plasma_tp1_0.1x_model_C5/roc_curve_resnet18_tf_0.03_0.1/nested_cv_random/resnet18/repeat_10_fold_5_metrics.csv,6,1,resnet18,"(0.03, 0.1]",C5,F1 at 95% Specificity,0.8307692307692308
/scratchc/nrlab/wang04/ulyses_results_iteration/iteration_3_merge_below_3/cnn_model/cnn14/plasma_tp1_0.1x_model_C5/roc_curve_resnet18_tf_0.03_0.1/nested_cv_random/resnet18/repeat_10_fold_5_metrics.csv,6,3,resnet18,"(0.03, 0.1]",C5,AUROC,0.9565033783783784
/scratchc/nrlab/wang04/ulyses_results_iteration/iteration_3_merge_below_3/cnn_model/cnn14/plasma_tp1_0.1x_model_C5/roc_curve_resnet18_tf_0.03_0.1/nested_cv_random/resnet18/repeat_10_fold_5_metrics.csv,6,3,resnet18,"(0.03, 0.1]",C5,AUPRC,0.9383909565493472
/scratchc/nrlab/wang04/ulyses_results_iteration/iteration_3_merge_below_3/cnn_model/cnn14/plasma_tp1_0.1x_model_C5/roc_curve_resnet18_tf_0.03_0.1/nested_cv_random/resnet18/repeat_10_fold_5_metrics.csv,6,3,resnet18,"(0.03, 0.1]",C5,Sensitivity at 99% Specificity,0.5405405405405406
/scratchc/nrlab/wang04/ulyses_results_iteration/iteration_3_merge_below_3/cnn_model/cnn14/plasma_tp1_0.1x_model_C5/roc_curve_resnet18_tf_0.03_0.1/nested_cv_random/resnet18/repeat_10_fold_5_metrics.csv,6,3,resnet18,"(0.03, 0.1]",C5,PPV at 99% Specificity,1
/scratchc/nrlab/wang04/ulyses_results_iteration/iteration_3_merge_below_3/cnn_model/cnn14/plasma_tp1_0.1x_model_C5/roc_curve_resnet18_tf_0.03_0.1/nested_cv_random/resnet18/repeat_10_fold_5_metrics.csv,6,3,resnet18,"(0.03, 0.1]",C5,Accuracy at 99% Specificity,0.7652702702702703
/scratchc/nrlab/wang04/ulyses_results_iteration/iteration_3_merge_below_3/cnn_model/cnn14/plasma_tp1_0.1x_model_C5/roc_curve_resnet18_tf_0.03_0.1/nested_cv_random/resnet18/repeat_10_fold_5_metrics.csv,6,3,resnet18,"(0.03, 0.1]",C5,F1 at 99% Specificity,0.7017543859649122
/scratchc/nrlab/wang04/ulyses_results_iteration/iteration_3_merge_below_3/cnn_model/cnn14/plasma_tp1_0.1x_model_C5/roc_curve_resnet18_tf_0.03_0.1/nested_cv_random/resnet18/repeat_10_fold_5_metrics.csv,6,3,resnet18,"(0.03, 0.1]",C5,Sensitivity at 98% Specificity,0.5405405405405406
/scratchc/nrlab/wang04/ulyses_results_iteration/iteration_3_merge_below_3/cnn_model/cnn14/plasma_tp1_0.1x_model_C5/roc_curve_resnet18_tf_0.03_0.1/nested_cv_random/resnet18/repeat_10_fold_5_metrics.csv,6,3,resnet18,"(0.03, 0.1]",C5,PPV at 98% Specificity,1
/scratchc/nrlab/wang04/ulyses_results_iteration/iteration_3_merge_below_3/cnn_model/cnn14/plasma_tp1_0.1x_model_C5/roc_curve_resnet18_tf_0.03_0.1/nested_cv_random/resnet18/repeat_10_fold_5_metrics.csv,6,3,resnet18,"(0.03, 0.1]",C5,Accuracy at 98% Specificity,0.7602702702702703
/scratchc/nrlab/wang04/ulyses_results_iteration/iteration_3_merge_below_3/cnn_model/cnn14/plasma_tp1_0.1x_model_C5/roc_curve_resnet18_tf_0.03_0.1/nested_cv_random/resnet18/repeat_10_fold_5_metrics.csv,6,3,resnet18,"(0.03, 0.1]",C5,F1 at 98% Specificity,0.7017543859649122
/scratchc/nrlab/wang04/ulyses_results_iteration/iteration_3_merge_below_3/cnn_model/cnn14/plasma_tp1_0.1x_model_C5/roc_curve_resnet18_tf_0.03_0.1/nested_cv_random/resnet18/repeat_10_fold_5_metrics.csv,6,3,resnet18,"(0.03, 0.1]",C5,Sensitivity at 95% Specificity,0.7837837837837838
/scratchc/nrlab/wang04/ulyses_results_iteration/iteration_3_merge_below_3/cnn_model/cnn14/plasma_tp1_0.1x_model_C5/roc_curve_resnet18_tf_0.03_0.1/nested_cv_random/resnet18/repeat_10_fold_5_metrics.csv,6,3,resnet18,"(0.03, 0.1]",C5,PPV at 95% Specificity,0.935483870967742
/scratchc/nrlab/wang04/ulyses_results_iteration/iteration_3_merge_below_3/cnn_model/cnn14/plasma_tp1_0.1x_model_C5/roc_curve_resnet18_tf_0.03_0.1/nested_cv_random/resnet18/repeat_10_fold_5_metrics.csv,6,3,resnet18,"(0.03, 0.1]",C5,Accuracy at 95% Specificity,0.8520481418918919
/scratchc/nrlab/wang04/ulyses_results_iteration/iteration_3_merge_below_3/cnn_model/cnn14/plasma_tp1_0.1x_model_C5/roc_curve_resnet18_tf_0.03_0.1/nested_cv_random/resnet18/repeat_10_fold_5_metrics.csv,6,3,resnet18,"(0.03, 0.1]",C5,F1 at 95% Specificity,0.8529411764705882
/scratchc/nrlab/wang04/ulyses_results_iteration/iteration_3_merge_below_3/cnn_model/cnn14/plasma_tp1_0.1x_model_C5/roc_curve_resnet18_tf_0.03_0.1/nested_cv_random/resnet18/repeat_10_fold_5_metrics.csv,6,4,resnet18,"(0.03, 0.1]",C5,AUROC,0.9085213032581452
/scratchc/nrlab/wang04/ulyses_results_iteration/iteration_3_merge_below_3/cnn_model/cnn14/plasma_tp1_0.1x_model_C5/roc_curve_resnet18_tf_0.03_0.1/nested_cv_random/resnet18/repeat_10_fold_5_metrics.csv,6,4,resnet18,"(0.03, 0.1]",C5,AUPRC,0.8955761630489697
/scratchc/nrlab/wang04/ulyses_results_iteration/iteration_3_merge_below_3/cnn_model/cnn14/plasma_tp1_0.1x_model_C5/roc_curve_resnet18_tf_0.03_0.1/nested_cv_random/resnet18/repeat_10_fold_5_metrics.csv,6,4,resnet18,"(0.03, 0.1]",C5,Sensitivity at 99% Specificity,0.5263157894736842
/scratchc/nrlab/wang04/ulyses_results_iteration/iteration_3_merge_below_3/cnn_model/cnn14/plasma_tp1_0.1x_model_C5/roc_curve_resnet18_tf_0.03_0.1/nested_cv_random/resnet18/repeat_10_fold_5_metrics.csv,6,4,resnet18,"(0.03, 0.1]",C5,PPV at 99% Specificity,1
/scratchc/nrlab/wang04/ulyses_results_iteration/iteration_3_merge_below_3/cnn_model/cnn14/plasma_tp1_0.1x_model_C5/roc_curve_resnet18_tf_0.03_0.1/nested_cv_random/resnet18/repeat_10_fold_5_metrics.csv,6,4,resnet18,"(0.03, 0.1]",C5,Accuracy at 99% Specificity,0.7581578947368421
/scratchc/nrlab/wang04/ulyses_results_iteration/iteration_3_merge_below_3/cnn_model/cnn14/plasma_tp1_0.1x_model_C5/roc_curve_resnet18_tf_0.03_0.1/nested_cv_random/resnet18/repeat_10_fold_5_metrics.csv,6,4,resnet18,"(0.03, 0.1]",C5,F1 at 99% Specificity,0.6896551724137931
/scratchc/nrlab/wang04/ulyses_results_iteration/iteration_3_merge_below_3/cnn_model/cnn14/plasma_tp1_0.1x_model_C5/roc_curve_resnet18_tf_0.03_0.1/nested_cv_random/resnet18/repeat_10_fold_5_metrics.csv,6,4,resnet18,"(0.03, 0.1]",C5,Sensitivity at 98% Specificity,0.5263157894736842
/scratchc/nrlab/wang04/ulyses_results_iteration/iteration_3_merge_below_3/cnn_model/cnn14/plasma_tp1_0.1x_model_C5/roc_curve_resnet18_tf_0.03_0.1/nested_cv_random/resnet18/repeat_10_fold_5_metrics.csv,6,4,resnet18,"(0.03, 0.1]",C5,PPV at 98% Specificity,1
/scratchc/nrlab/wang04/ulyses_results_iteration/iteration_3_merge_below_3/cnn_model/cnn14/plasma_tp1_0.1x_model_C5/roc_curve_resnet18_tf_0.03_0.1/nested_cv_random/resnet18/repeat_10_fold_5_metrics.csv,6,4,resnet18,"(0.03, 0.1]",C5,Accuracy at 98% Specificity,0.753157894736842
/scratchc/nrlab/wang04/ulyses_results_iteration/iteration_3_merge_below_3/cnn_model/cnn14/plasma_tp1_0.1x_model_C5/roc_curve_resnet18_tf_0.03_0.1/nested_cv_random/resnet18/repeat_10_fold_5_metrics.csv,6,4,resnet18,"(0.03, 0.1]",C5,F1 at 98% Specificity,0.6896551724137931
/scratchc/nrlab/wang04/ulyses_results_iteration/iteration_3_merge_below_3/cnn_model/cnn14/plasma_tp1_0.1x_model_C5/roc_curve_resnet18_tf_0.03_0.1/nested_cv_random/resnet18/repeat_10_fold_5_metrics.csv,6,4,resnet18,"(0.03, 0.1]",C5,Sensitivity at 95% Specificity,0.6842105263157895
/scratchc/nrlab/wang04/ulyses_results_iteration/iteration_3_merge_below_3/cnn_model/cnn14/plasma_tp1_0.1x_model_C5/roc_curve_resnet18_tf_0.03_0.1/nested_cv_random/resnet18/repeat_10_fold_5_metrics.csv,6,4,resnet18,"(0.03, 0.1]",C5,PPV at 95% Specificity,0.8666666666666667
/scratchc/nrlab/wang04/ulyses_results_iteration/iteration_3_merge_below_3/cnn_model/cnn14/plasma_tp1_0.1x_model_C5/roc_curve_resnet18_tf_0.03_0.1/nested_cv_random/resnet18/repeat_10_fold_5_metrics.csv,6,4,resnet18,"(0.03, 0.1]",C5,Accuracy at 95% Specificity,0.7869465329991645
/scratchc/nrlab/wang04/ulyses_results_iteration/iteration_3_merge_below_3/cnn_model/cnn14/plasma_tp1_0.1x_model_C5/roc_curve_resnet18_tf_0.03_0.1/nested_cv_random/resnet18/repeat_10_fold_5_metrics.csv,6,4,resnet18,"(0.03, 0.1]",C5,F1 at 95% Specificity,0.7647058823529411
/scratchc/nrlab/wang04/ulyses_results_iteration/iteration_3_merge_below_3/cnn_model/cnn14/plasma_tp1_0.1x_model_C5/roc_curve_resnet18_tf_0.03_0.1/nested_cv_random/resnet18/repeat_10_fold_5_metrics.csv,6,5,resnet18,"(0.03, 0.1]",C5,AUROC,0.9935897435897436
/scratchc/nrlab/wang04/ulyses_results_iteration/iteration_3_merge_below_3/cnn_model/cnn14/plasma_tp1_0.1x_model_C5/roc_curve_resnet18_tf_0.03_0.1/nested_cv_random/resnet18/repeat_10_fold_5_metrics.csv,6,5,resnet18,"(0.03, 0.1]",C5,AUPRC,0.9890702341645372
/scratchc/nrlab/wang04/ulyses_results_iteration/iteration_3_merge_below_3/cnn_model/cnn14/plasma_tp1_0.1x_model_C5/roc_curve_resnet18_tf_0.03_0.1/nested_cv_random/resnet18/repeat_10_fold_5_metrics.csv,6,5,resnet18,"(0.03, 0.1]",C5,Sensitivity at 99% Specificity,0.8333333333333334
/scratchc/nrlab/wang04/ulyses_results_iteration/iteration_3_merge_below_3/cnn_model/cnn14/plasma_tp1_0.1x_model_C5/roc_curve_resnet18_tf_0.03_0.1/nested_cv_random/resnet18/repeat_10_fold_5_metrics.csv,6,5,resnet18,"(0.03, 0.1]",C5,PPV at 99% Specificity,1
/scratchc/nrlab/wang04/ulyses_results_iteration/iteration_3_merge_below_3/cnn_model/cnn14/plasma_tp1_0.1x_model_C5/roc_curve_resnet18_tf_0.03_0.1/nested_cv_random/resnet18/repeat_10_fold_5_metrics.csv,6,5,resnet18,"(0.03, 0.1]",C5,Accuracy at 99% Specificity,0.9116666666666666
/scratchc/nrlab/wang04/ulyses_results_iteration/iteration_3_merge_below_3/cnn_model/cnn14/plasma_tp1_0.1x_model_C5/roc_curve_resnet18_tf_0.03_0.1/nested_cv_random/resnet18/repeat_10_fold_5_metrics.csv,6,5,resnet18,"(0.03, 0.1]",C5,F1 at 99% Specificity,0.9090909090909092
/scratchc/nrlab/wang04/ulyses_results_iteration/iteration_3_merge_below_3/cnn_model/cnn14/plasma_tp1_0.1x_model_C5/roc_curve_resnet18_tf_0.03_0.1/nested_cv_random/resnet18/repeat_10_fold_5_metrics.csv,6,5,resnet18,"(0.03, 0.1]",C5,Sensitivity at 98% Specificity,0.8333333333333334
/scratchc/nrlab/wang04/ulyses_results_iteration/iteration_3_merge_below_3/cnn_model/cnn14/plasma_tp1_0.1x_model_C5/roc_curve_resnet18_tf_0.03_0.1/nested_cv_random/resnet18/repeat_10_fold_5_metrics.csv,6,5,resnet18,"(0.03, 0.1]",C5,PPV at 98% Specificity,1
/scratchc/nrlab/wang04/ulyses_results_iteration/iteration_3_merge_below_3/cnn_model/cnn14/plasma_tp1_0.1x_model_C5/roc_curve_resnet18_tf_0.03_0.1/nested_cv_random/resnet18/repeat_10_fold_5_metrics.csv,6,5,resnet18,"(0.03, 0.1]",C5,Accuracy at 98% Specificity,0.9066666666666668
/scratchc/nrlab/wang04/ulyses_results_iteration/iteration_3_merge_below_3/cnn_model/cnn14/plasma_tp1_0.1x_model_C5/roc_curve_resnet18_tf_0.03_0.1/nested_cv_random/resnet18/repeat_10_fold_5_metrics.csv,6,5,resnet18,"(0.03, 0.1]",C5,F1 at 98% Specificity,0.9090909090909092
/scratchc/nrlab/wang04/ulyses_results_iteration/iteration_3_merge_below_3/cnn_model/cnn14/plasma_tp1_0.1x_model_C5/roc_curve_resnet18_tf_0.03_0.1/nested_cv_random/resnet18/repeat_10_fold_5_metrics.csv,6,5,resnet18,"(0.03, 0.1]",C5,Sensitivity at 95% Specificity,0.9166666666666666
/scratchc/nrlab/wang04/ulyses_results_iteration/iteration_3_merge_below_3/cnn_model/cnn14/plasma_tp1_0.1x_model_C5/roc_curve_resnet18_tf_0.03_0.1/nested_cv_random/resnet18/repeat_10_fold_5_metrics.csv,6,5,resnet18,"(0.03, 0.1]",C5,PPV at 95% Specificity,0.9705882352941176
/scratchc/nrlab/wang04/ulyses_results_iteration/iteration_3_merge_below_3/cnn_model/cnn14/plasma_tp1_0.1x_model_C5/roc_curve_resnet18_tf_0.03_0.1/nested_cv_random/resnet18/repeat_10_fold_5_metrics.csv,6,5,resnet18,"(0.03, 0.1]",C5,Accuracy at 95% Specificity,0.926025641025641
/scratchc/nrlab/wang04/ulyses_results_iteration/iteration_3_merge_below_3/cnn_model/cnn14/plasma_tp1_0.1x_model_C5/roc_curve_resnet18_tf_0.03_0.1/nested_cv_random/resnet18/repeat_10_fold_5_metrics.csv,6,5,resnet18,"(0.03, 0.1]",C5,F1 at 95% Specificity,0.9428571428571428
/scratchc/nrlab/wang04/ulyses_results_iteration/iteration_3_merge_below_3/cnn_model/cnn14/plasma_tp1_0.1x_model_C5/roc_curve_resnet18_tf_0.03_0.1/nested_cv_random/resnet18/repeat_10_fold_5_metrics.csv,7,1,resnet18,"(0.03, 0.1]",C5,AUROC,0.9142736486486488
/scratchc/nrlab/wang04/ulyses_results_iteration/iteration_3_merge_below_3/cnn_model/cnn14/plasma_tp1_0.1x_model_C5/roc_curve_resnet18_tf_0.03_0.1/nested_cv_random/resnet18/repeat_10_fold_5_metrics.csv,7,1,resnet18,"(0.03, 0.1]",C5,AUPRC,0.908357889539823
/scratchc/nrlab/wang04/ulyses_results_iteration/iteration_3_merge_below_3/cnn_model/cnn14/plasma_tp1_0.1x_model_C5/roc_curve_resnet18_tf_0.03_0.1/nested_cv_random/resnet18/repeat_10_fold_5_metrics.csv,7,1,resnet18,"(0.03, 0.1]",C5,Sensitivity at 99% Specificity,0.6216216216216216
/scratchc/nrlab/wang04/ulyses_results_iteration/iteration_3_merge_below_3/cnn_model/cnn14/plasma_tp1_0.1x_model_C5/roc_curve_resnet18_tf_0.03_0.1/nested_cv_random/resnet18/repeat_10_fold_5_metrics.csv,7,1,resnet18,"(0.03, 0.1]",C5,PPV at 99% Specificity,1
/scratchc/nrlab/wang04/ulyses_results_iteration/iteration_3_merge_below_3/cnn_model/cnn14/plasma_tp1_0.1x_model_C5/roc_curve_resnet18_tf_0.03_0.1/nested_cv_random/resnet18/repeat_10_fold_5_metrics.csv,7,1,resnet18,"(0.03, 0.1]",C5,Accuracy at 99% Specificity,0.8058108108108109
/scratchc/nrlab/wang04/ulyses_results_iteration/iteration_3_merge_below_3/cnn_model/cnn14/plasma_tp1_0.1x_model_C5/roc_curve_resnet18_tf_0.03_0.1/nested_cv_random/resnet18/repeat_10_fold_5_metrics.csv,7,1,resnet18,"(0.03, 0.1]",C5,F1 at 99% Specificity,0.7666666666666667
/scratchc/nrlab/wang04/ulyses_results_iteration/iteration_3_merge_below_3/cnn_model/cnn14/plasma_tp1_0.1x_model_C5/roc_curve_resnet18_tf_0.03_0.1/nested_cv_random/resnet18/repeat_10_fold_5_metrics.csv,7,1,resnet18,"(0.03, 0.1]",C5,Sensitivity at 98% Specificity,0.6216216216216216
/scratchc/nrlab/wang04/ulyses_results_iteration/iteration_3_merge_below_3/cnn_model/cnn14/plasma_tp1_0.1x_model_C5/roc_curve_resnet18_tf_0.03_0.1/nested_cv_random/resnet18/repeat_10_fold_5_metrics.csv,7,1,resnet18,"(0.03, 0.1]",C5,PPV at 98% Specificity,1
/scratchc/nrlab/wang04/ulyses_results_iteration/iteration_3_merge_below_3/cnn_model/cnn14/plasma_tp1_0.1x_model_C5/roc_curve_resnet18_tf_0.03_0.1/nested_cv_random/resnet18/repeat_10_fold_5_metrics.csv,7,1,resnet18,"(0.03, 0.1]",C5,Accuracy at 98% Specificity,0.8008108108108107
/scratchc/nrlab/wang04/ulyses_results_iteration/iteration_3_merge_below_3/cnn_model/cnn14/plasma_tp1_0.1x_model_C5/roc_curve_resnet18_tf_0.03_0.1/nested_cv_random/resnet18/repeat_10_fold_5_metrics.csv,7,1,resnet18,"(0.03, 0.1]",C5,F1 at 98% Specificity,0.7666666666666667
/scratchc/nrlab/wang04/ulyses_results_iteration/iteration_3_merge_below_3/cnn_model/cnn14/plasma_tp1_0.1x_model_C5/roc_curve_resnet18_tf_0.03_0.1/nested_cv_random/resnet18/repeat_10_fold_5_metrics.csv,7,1,resnet18,"(0.03, 0.1]",C5,Sensitivity at 95% Specificity,0.7027027027027027
/scratchc/nrlab/wang04/ulyses_results_iteration/iteration_3_merge_below_3/cnn_model/cnn14/plasma_tp1_0.1x_model_C5/roc_curve_resnet18_tf_0.03_0.1/nested_cv_random/resnet18/repeat_10_fold_5_metrics.csv,7,1,resnet18,"(0.03, 0.1]",C5,PPV at 95% Specificity,0.9285714285714286
/scratchc/nrlab/wang04/ulyses_results_iteration/iteration_3_merge_below_3/cnn_model/cnn14/plasma_tp1_0.1x_model_C5/roc_curve_resnet18_tf_0.03_0.1/nested_cv_random/resnet18/repeat_10_fold_5_metrics.csv,7,1,resnet18,"(0.03, 0.1]",C5,Accuracy at 95% Specificity,0.8115076013513514
/scratchc/nrlab/wang04/ulyses_results_iteration/iteration_3_merge_below_3/cnn_model/cnn14/plasma_tp1_0.1x_model_C5/roc_curve_resnet18_tf_0.03_0.1/nested_cv_random/resnet18/repeat_10_fold_5_metrics.csv,7,1,resnet18,"(0.03, 0.1]",C5,F1 at 95% Specificity,0.8
/scratchc/nrlab/wang04/ulyses_results_iteration/iteration_3_merge_below_3/cnn_model/cnn14/plasma_tp1_0.1x_model_C5/roc_curve_resnet18_tf_0.03_0.1/nested_cv_random/resnet18/repeat_10_fold_5_metrics.csv,7,2,resnet18,"(0.03, 0.1]",C5,AUROC,0.8995670995670997
/scratchc/nrlab/wang04/ulyses_results_iteration/iteration_3_merge_below_3/cnn_model/cnn14/plasma_tp1_0.1x_model_C5/roc_curve_resnet18_tf_0.03_0.1/nested_cv_random/resnet18/repeat_10_fold_5_metrics.csv,7,2,resnet18,"(0.03, 0.1]",C5,AUPRC,0.8892504877496229
/scratchc/nrlab/wang04/ulyses_results_iteration/iteration_3_merge_below_3/cnn_model/cnn14/plasma_tp1_0.1x_model_C5/roc_curve_resnet18_tf_0.03_0.1/nested_cv_random/resnet18/repeat_10_fold_5_metrics.csv,7,2,resnet18,"(0.03, 0.1]",C5,Sensitivity at 99% Specificity,0.6285714285714286
/scratchc/nrlab/wang04/ulyses_results_iteration/iteration_3_merge_below_3/cnn_model/cnn14/plasma_tp1_0.1x_model_C5/roc_curve_resnet18_tf_0.03_0.1/nested_cv_random/resnet18/repeat_10_fold_5_metrics.csv,7,2,resnet18,"(0.03, 0.1]",C5,PPV at 99% Specificity,1
/scratchc/nrlab/wang04/ulyses_results_iteration/iteration_3_merge_below_3/cnn_model/cnn14/plasma_tp1_0.1x_model_C5/roc_curve_resnet18_tf_0.03_0.1/nested_cv_random/resnet18/repeat_10_fold_5_metrics.csv,7,2,resnet18,"(0.03, 0.1]",C5,Accuracy at 99% Specificity,0.8092857142857143
/scratchc/nrlab/wang04/ulyses_results_iteration/iteration_3_merge_below_3/cnn_model/cnn14/plasma_tp1_0.1x_model_C5/roc_curve_resnet18_tf_0.03_0.1/nested_cv_random/resnet18/repeat_10_fold_5_metrics.csv,7,2,resnet18,"(0.03, 0.1]",C5,F1 at 99% Specificity,0.7719298245614035
/scratchc/nrlab/wang04/ulyses_results_iteration/iteration_3_merge_below_3/cnn_model/cnn14/plasma_tp1_0.1x_model_C5/roc_curve_resnet18_tf_0.03_0.1/nested_cv_random/resnet18/repeat_10_fold_5_metrics.csv,7,2,resnet18,"(0.03, 0.1]",C5,Sensitivity at 98% Specificity,0.6285714285714286
/scratchc/nrlab/wang04/ulyses_results_iteration/iteration_3_merge_below_3/cnn_model/cnn14/plasma_tp1_0.1x_model_C5/roc_curve_resnet18_tf_0.03_0.1/nested_cv_random/resnet18/repeat_10_fold_5_metrics.csv,7,2,resnet18,"(0.03, 0.1]",C5,PPV at 98% Specificity,1
/scratchc/nrlab/wang04/ulyses_results_iteration/iteration_3_merge_below_3/cnn_model/cnn14/plasma_tp1_0.1x_model_C5/roc_curve_resnet18_tf_0.03_0.1/nested_cv_random/resnet18/repeat_10_fold_5_metrics.csv,7,2,resnet18,"(0.03, 0.1]",C5,Accuracy at 98% Specificity,0.8042857142857143
/scratchc/nrlab/wang04/ulyses_results_iteration/iteration_3_merge_below_3/cnn_model/cnn14/plasma_tp1_0.1x_model_C5/roc_curve_resnet18_tf_0.03_0.1/nested_cv_random/resnet18/repeat_10_fold_5_metrics.csv,7,2,resnet18,"(0.03, 0.1]",C5,F1 at 98% Specificity,0.7719298245614035
/scratchc/nrlab/wang04/ulyses_results_iteration/iteration_3_merge_below_3/cnn_model/cnn14/plasma_tp1_0.1x_model_C5/roc_curve_resnet18_tf_0.03_0.1/nested_cv_random/resnet18/repeat_10_fold_5_metrics.csv,7,2,resnet18,"(0.03, 0.1]",C5,Sensitivity at 95% Specificity,0.6857142857142857
/scratchc/nrlab/wang04/ulyses_results_iteration/iteration_3_merge_below_3/cnn_model/cnn14/plasma_tp1_0.1x_model_C5/roc_curve_resnet18_tf_0.03_0.1/nested_cv_random/resnet18/repeat_10_fold_5_metrics.csv,7,2,resnet18,"(0.03, 0.1]",C5,PPV at 95% Specificity,0.8888888888888888
/scratchc/nrlab/wang04/ulyses_results_iteration/iteration_3_merge_below_3/cnn_model/cnn14/plasma_tp1_0.1x_model_C5/roc_curve_resnet18_tf_0.03_0.1/nested_cv_random/resnet18/repeat_10_fold_5_metrics.csv,7,2,resnet18,"(0.03, 0.1]",C5,Accuracy at 95% Specificity,0.7962662337662338
/scratchc/nrlab/wang04/ulyses_results_iteration/iteration_3_merge_below_3/cnn_model/cnn14/plasma_tp1_0.1x_model_C5/roc_curve_resnet18_tf_0.03_0.1/nested_cv_random/resnet18/repeat_10_fold_5_metrics.csv,7,2,resnet18,"(0.03, 0.1]",C5,F1 at 95% Specificity,0.7741935483870968
/scratchc/nrlab/wang04/ulyses_results_iteration/iteration_3_merge_below_3/cnn_model/cnn14/plasma_tp1_0.1x_model_C5/roc_curve_resnet18_tf_0.03_0.1/nested_cv_random/resnet18/repeat_10_fold_5_metrics.csv,7,4,resnet18,"(0.03, 0.1]",C5,AUROC,0.9594474153297682
/scratchc/nrlab/wang04/ulyses_results_iteration/iteration_3_merge_below_3/cnn_model/cnn14/plasma_tp1_0.1x_model_C5/roc_curve_resnet18_tf_0.03_0.1/nested_cv_random/resnet18/repeat_10_fold_5_metrics.csv,7,4,resnet18,"(0.03, 0.1]",C5,AUPRC,0.9219327645808232
/scratchc/nrlab/wang04/ulyses_results_iteration/iteration_3_merge_below_3/cnn_model/cnn14/plasma_tp1_0.1x_model_C5/roc_curve_resnet18_tf_0.03_0.1/nested_cv_random/resnet18/repeat_10_fold_5_metrics.csv,7,4,resnet18,"(0.03, 0.1]",C5,Sensitivity at 99% Specificity,0.5151515151515151
/scratchc/nrlab/wang04/ulyses_results_iteration/iteration_3_merge_below_3/cnn_model/cnn14/plasma_tp1_0.1x_model_C5/roc_curve_resnet18_tf_0.03_0.1/nested_cv_random/resnet18/repeat_10_fold_5_metrics.csv,7,4,resnet18,"(0.03, 0.1]",C5,PPV at 99% Specificity,1
/scratchc/nrlab/wang04/ulyses_results_iteration/iteration_3_merge_below_3/cnn_model/cnn14/plasma_tp1_0.1x_model_C5/roc_curve_resnet18_tf_0.03_0.1/nested_cv_random/resnet18/repeat_10_fold_5_metrics.csv,7,4,resnet18,"(0.03, 0.1]",C5,Accuracy at 99% Specificity,0.7525757575757576
/scratchc/nrlab/wang04/ulyses_results_iteration/iteration_3_merge_below_3/cnn_model/cnn14/plasma_tp1_0.1x_model_C5/roc_curve_resnet18_tf_0.03_0.1/nested_cv_random/resnet18/repeat_10_fold_5_metrics.csv,7,4,resnet18,"(0.03, 0.1]",C5,F1 at 99% Specificity,0.68
/scratchc/nrlab/wang04/ulyses_results_iteration/iteration_3_merge_below_3/cnn_model/cnn14/plasma_tp1_0.1x_model_C5/roc_curve_resnet18_tf_0.03_0.1/nested_cv_random/resnet18/repeat_10_fold_5_metrics.csv,7,4,resnet18,"(0.03, 0.1]",C5,Sensitivity at 98% Specificity,0.5151515151515151
/scratchc/nrlab/wang04/ulyses_results_iteration/iteration_3_merge_below_3/cnn_model/cnn14/plasma_tp1_0.1x_model_C5/roc_curve_resnet18_tf_0.03_0.1/nested_cv_random/resnet18/repeat_10_fold_5_metrics.csv,7,4,resnet18,"(0.03, 0.1]",C5,PPV at 98% Specificity,1
/scratchc/nrlab/wang04/ulyses_results_iteration/iteration_3_merge_below_3/cnn_model/cnn14/plasma_tp1_0.1x_model_C5/roc_curve_resnet18_tf_0.03_0.1/nested_cv_random/resnet18/repeat_10_fold_5_metrics.csv,7,4,resnet18,"(0.03, 0.1]",C5,Accuracy at 98% Specificity,0.7475757575757576
/scratchc/nrlab/wang04/ulyses_results_iteration/iteration_3_merge_below_3/cnn_model/cnn14/plasma_tp1_0.1x_model_C5/roc_curve_resnet18_tf_0.03_0.1/nested_cv_random/resnet18/repeat_10_fold_5_metrics.csv,7,4,resnet18,"(0.03, 0.1]",C5,F1 at 98% Specificity,0.68
/scratchc/nrlab/wang04/ulyses_results_iteration/iteration_3_merge_below_3/cnn_model/cnn14/plasma_tp1_0.1x_model_C5/roc_curve_resnet18_tf_0.03_0.1/nested_cv_random/resnet18/repeat_10_fold_5_metrics.csv,7,4,resnet18,"(0.03, 0.1]",C5,Sensitivity at 95% Specificity,0.6060606060606061
/scratchc/nrlab/wang04/ulyses_results_iteration/iteration_3_merge_below_3/cnn_model/cnn14/plasma_tp1_0.1x_model_C5/roc_curve_resnet18_tf_0.03_0.1/nested_cv_random/resnet18/repeat_10_fold_5_metrics.csv,7,4,resnet18,"(0.03, 0.1]",C5,PPV at 95% Specificity,0.9090909090909092
/scratchc/nrlab/wang04/ulyses_results_iteration/iteration_3_merge_below_3/cnn_model/cnn14/plasma_tp1_0.1x_model_C5/roc_curve_resnet18_tf_0.03_0.1/nested_cv_random/resnet18/repeat_10_fold_5_metrics.csv,7,4,resnet18,"(0.03, 0.1]",C5,Accuracy at 95% Specificity,0.7640597147950089
/scratchc/nrlab/wang04/ulyses_results_iteration/iteration_3_merge_below_3/cnn_model/cnn14/plasma_tp1_0.1x_model_C5/roc_curve_resnet18_tf_0.03_0.1/nested_cv_random/resnet18/repeat_10_fold_5_metrics.csv,7,4,resnet18,"(0.03, 0.1]",C5,F1 at 95% Specificity,0.7272727272727273
/scratchc/nrlab/wang04/ulyses_results_iteration/iteration_3_merge_below_3/cnn_model/cnn14/plasma_tp1_0.1x_model_C5/roc_curve_resnet18_tf_0.03_0.1/nested_cv_random/resnet18/repeat_10_fold_5_metrics.csv,8,1,resnet18,"(0.03, 0.1]",C5,AUROC,0.9339225589225588
/scratchc/nrlab/wang04/ulyses_results_iteration/iteration_3_merge_below_3/cnn_model/cnn14/plasma_tp1_0.1x_model_C5/roc_curve_resnet18_tf_0.03_0.1/nested_cv_random/resnet18/repeat_10_fold_5_metrics.csv,8,1,resnet18,"(0.03, 0.1]",C5,AUPRC,0.9148600853150992
/scratchc/nrlab/wang04/ulyses_results_iteration/iteration_3_merge_below_3/cnn_model/cnn14/plasma_tp1_0.1x_model_C5/roc_curve_resnet18_tf_0.03_0.1/nested_cv_random/resnet18/repeat_10_fold_5_metrics.csv,8,1,resnet18,"(0.03, 0.1]",C5,Sensitivity at 99% Specificity,0.6666666666666666
/scratchc/nrlab/wang04/ulyses_results_iteration/iteration_3_merge_below_3/cnn_model/cnn14/plasma_tp1_0.1x_model_C5/roc_curve_resnet18_tf_0.03_0.1/nested_cv_random/resnet18/repeat_10_fold_5_metrics.csv,8,1,resnet18,"(0.03, 0.1]",C5,PPV at 99% Specificity,1
/scratchc/nrlab/wang04/ulyses_results_iteration/iteration_3_merge_below_3/cnn_model/cnn14/plasma_tp1_0.1x_model_C5/roc_curve_resnet18_tf_0.03_0.1/nested_cv_random/resnet18/repeat_10_fold_5_metrics.csv,8,1,resnet18,"(0.03, 0.1]",C5,Accuracy at 99% Specificity,0.8283333333333334
/scratchc/nrlab/wang04/ulyses_results_iteration/iteration_3_merge_below_3/cnn_model/cnn14/plasma_tp1_0.1x_model_C5/roc_curve_resnet18_tf_0.03_0.1/nested_cv_random/resnet18/repeat_10_fold_5_metrics.csv,8,1,resnet18,"(0.03, 0.1]",C5,F1 at 99% Specificity,0.8
/scratchc/nrlab/wang04/ulyses_results_iteration/iteration_3_merge_below_3/cnn_model/cnn14/plasma_tp1_0.1x_model_C5/roc_curve_resnet18_tf_0.03_0.1/nested_cv_random/resnet18/repeat_10_fold_5_metrics.csv,8,1,resnet18,"(0.03, 0.1]",C5,Sensitivity at 98% Specificity,0.6666666666666666
/scratchc/nrlab/wang04/ulyses_results_iteration/iteration_3_merge_below_3/cnn_model/cnn14/plasma_tp1_0.1x_model_C5/roc_curve_resnet18_tf_0.03_0.1/nested_cv_random/resnet18/repeat_10_fold_5_metrics.csv,8,1,resnet18,"(0.03, 0.1]",C5,PPV at 98% Specificity,1
/scratchc/nrlab/wang04/ulyses_results_iteration/iteration_3_merge_below_3/cnn_model/cnn14/plasma_tp1_0.1x_model_C5/roc_curve_resnet18_tf_0.03_0.1/nested_cv_random/resnet18/repeat_10_fold_5_metrics.csv,8,1,resnet18,"(0.03, 0.1]",C5,Accuracy at 98% Specificity,0.8233333333333333
/scratchc/nrlab/wang04/ulyses_results_iteration/iteration_3_merge_below_3/cnn_model/cnn14/plasma_tp1_0.1x_model_C5/roc_curve_resnet18_tf_0.03_0.1/nested_cv_random/resnet18/repeat_10_fold_5_metrics.csv,8,1,resnet18,"(0.03, 0.1]",C5,F1 at 98% Specificity,0.8
/scratchc/nrlab/wang04/ulyses_results_iteration/iteration_3_merge_below_3/cnn_model/cnn14/plasma_tp1_0.1x_model_C5/roc_curve_resnet18_tf_0.03_0.1/nested_cv_random/resnet18/repeat_10_fold_5_metrics.csv,8,1,resnet18,"(0.03, 0.1]",C5,Sensitivity at 95% Specificity,0.6666666666666666
/scratchc/nrlab/wang04/ulyses_results_iteration/iteration_3_merge_below_3/cnn_model/cnn14/plasma_tp1_0.1x_model_C5/roc_curve_resnet18_tf_0.03_0.1/nested_cv_random/resnet18/repeat_10_fold_5_metrics.csv,8,1,resnet18,"(0.03, 0.1]",C5,PPV at 95% Specificity,1
/scratchc/nrlab/wang04/ulyses_results_iteration/iteration_3_merge_below_3/cnn_model/cnn14/plasma_tp1_0.1x_model_C5/roc_curve_resnet18_tf_0.03_0.1/nested_cv_random/resnet18/repeat_10_fold_5_metrics.csv,8,1,resnet18,"(0.03, 0.1]",C5,Accuracy at 95% Specificity,0.8083333333333333
/scratchc/nrlab/wang04/ulyses_results_iteration/iteration_3_merge_below_3/cnn_model/cnn14/plasma_tp1_0.1x_model_C5/roc_curve_resnet18_tf_0.03_0.1/nested_cv_random/resnet18/repeat_10_fold_5_metrics.csv,8,1,resnet18,"(0.03, 0.1]",C5,F1 at 95% Specificity,0.8
/scratchc/nrlab/wang04/ulyses_results_iteration/iteration_3_merge_below_3/cnn_model/cnn14/plasma_tp1_0.1x_model_C5/roc_curve_resnet18_tf_0.03_0.1/nested_cv_random/resnet18/repeat_10_fold_5_metrics.csv,8,2,resnet18,"(0.03, 0.1]",C5,AUROC,0.9413006756756755
/scratchc/nrlab/wang04/ulyses_results_iteration/iteration_3_merge_below_3/cnn_model/cnn14/plasma_tp1_0.1x_model_C5/roc_curve_resnet18_tf_0.03_0.1/nested_cv_random/resnet18/repeat_10_fold_5_metrics.csv,8,2,resnet18,"(0.03, 0.1]",C5,AUPRC,0.9305462122956778
/scratchc/nrlab/wang04/ulyses_results_iteration/iteration_3_merge_below_3/cnn_model/cnn14/plasma_tp1_0.1x_model_C5/roc_curve_resnet18_tf_0.03_0.1/nested_cv_random/resnet18/repeat_10_fold_5_metrics.csv,8,2,resnet18,"(0.03, 0.1]",C5,Sensitivity at 99% Specificity,0.3783783783783784
/scratchc/nrlab/wang04/ulyses_results_iteration/iteration_3_merge_below_3/cnn_model/cnn14/plasma_tp1_0.1x_model_C5/roc_curve_resnet18_tf_0.03_0.1/nested_cv_random/resnet18/repeat_10_fold_5_metrics.csv,8,2,resnet18,"(0.03, 0.1]",C5,PPV at 99% Specificity,1
/scratchc/nrlab/wang04/ulyses_results_iteration/iteration_3_merge_below_3/cnn_model/cnn14/plasma_tp1_0.1x_model_C5/roc_curve_resnet18_tf_0.03_0.1/nested_cv_random/resnet18/repeat_10_fold_5_metrics.csv,8,2,resnet18,"(0.03, 0.1]",C5,Accuracy at 99% Specificity,0.6841891891891891
/scratchc/nrlab/wang04/ulyses_results_iteration/iteration_3_merge_below_3/cnn_model/cnn14/plasma_tp1_0.1x_model_C5/roc_curve_resnet18_tf_0.03_0.1/nested_cv_random/resnet18/repeat_10_fold_5_metrics.csv,8,2,resnet18,"(0.03, 0.1]",C5,F1 at 99% Specificity,0.5490196078431373
/scratchc/nrlab/wang04/ulyses_results_iteration/iteration_3_merge_below_3/cnn_model/cnn14/plasma_tp1_0.1x_model_C5/roc_curve_resnet18_tf_0.03_0.1/nested_cv_random/resnet18/repeat_10_fold_5_metrics.csv,8,2,resnet18,"(0.03, 0.1]",C5,Sensitivity at 98% Specificity,0.3783783783783784
/scratchc/nrlab/wang04/ulyses_results_iteration/iteration_3_merge_below_3/cnn_model/cnn14/plasma_tp1_0.1x_model_C5/roc_curve_resnet18_tf_0.03_0.1/nested_cv_random/resnet18/repeat_10_fold_5_metrics.csv,8,2,resnet18,"(0.03, 0.1]",C5,PPV at 98% Specificity,1
/scratchc/nrlab/wang04/ulyses_results_iteration/iteration_3_merge_below_3/cnn_model/cnn14/plasma_tp1_0.1x_model_C5/roc_curve_resnet18_tf_0.03_0.1/nested_cv_random/resnet18/repeat_10_fold_5_metrics.csv,8,2,resnet18,"(0.03, 0.1]",C5,Accuracy at 98% Specificity,0.6791891891891892
/scratchc/nrlab/wang04/ulyses_results_iteration/iteration_3_merge_below_3/cnn_model/cnn14/plasma_tp1_0.1x_model_C5/roc_curve_resnet18_tf_0.03_0.1/nested_cv_random/resnet18/repeat_10_fold_5_metrics.csv,8,2,resnet18,"(0.03, 0.1]",C5,F1 at 98% Specificity,0.5490196078431373
/scratchc/nrlab/wang04/ulyses_results_iteration/iteration_3_merge_below_3/cnn_model/cnn14/plasma_tp1_0.1x_model_C5/roc_curve_resnet18_tf_0.03_0.1/nested_cv_random/resnet18/repeat_10_fold_5_metrics.csv,8,2,resnet18,"(0.03, 0.1]",C5,Sensitivity at 95% Specificity,0.8648648648648649
/scratchc/nrlab/wang04/ulyses_results_iteration/iteration_3_merge_below_3/cnn_model/cnn14/plasma_tp1_0.1x_model_C5/roc_curve_resnet18_tf_0.03_0.1/nested_cv_random/resnet18/repeat_10_fold_5_metrics.csv,8,2,resnet18,"(0.03, 0.1]",C5,PPV at 95% Specificity,0.8888888888888888
/scratchc/nrlab/wang04/ulyses_results_iteration/iteration_3_merge_below_3/cnn_model/cnn14/plasma_tp1_0.1x_model_C5/roc_curve_resnet18_tf_0.03_0.1/nested_cv_random/resnet18/repeat_10_fold_5_metrics.csv,8,2,resnet18,"(0.03, 0.1]",C5,Accuracy at 95% Specificity,0.8777449324324325
/scratchc/nrlab/wang04/ulyses_results_iteration/iteration_3_merge_below_3/cnn_model/cnn14/plasma_tp1_0.1x_model_C5/roc_curve_resnet18_tf_0.03_0.1/nested_cv_random/resnet18/repeat_10_fold_5_metrics.csv,8,2,resnet18,"(0.03, 0.1]",C5,F1 at 95% Specificity,0.8767123287671232
/scratchc/nrlab/wang04/ulyses_results_iteration/iteration_3_merge_below_3/cnn_model/cnn14/plasma_tp1_0.1x_model_C5/roc_curve_resnet18_tf_0.03_0.1/nested_cv_random/resnet18/repeat_10_fold_5_metrics.csv,8,3,resnet18,"(0.03, 0.1]",C5,AUROC,0.9666666666666668
/scratchc/nrlab/wang04/ulyses_results_iteration/iteration_3_merge_below_3/cnn_model/cnn14/plasma_tp1_0.1x_model_C5/roc_curve_resnet18_tf_0.03_0.1/nested_cv_random/resnet18/repeat_10_fold_5_metrics.csv,8,3,resnet18,"(0.03, 0.1]",C5,AUPRC,0.9480323848789152
/scratchc/nrlab/wang04/ulyses_results_iteration/iteration_3_merge_below_3/cnn_model/cnn14/plasma_tp1_0.1x_model_C5/roc_curve_resnet18_tf_0.03_0.1/nested_cv_random/resnet18/repeat_10_fold_5_metrics.csv,8,3,resnet18,"(0.03, 0.1]",C5,Sensitivity at 99% Specificity,0.6388888888888888
/scratchc/nrlab/wang04/ulyses_results_iteration/iteration_3_merge_below_3/cnn_model/cnn14/plasma_tp1_0.1x_model_C5/roc_curve_resnet18_tf_0.03_0.1/nested_cv_random/resnet18/repeat_10_fold_5_metrics.csv,8,3,resnet18,"(0.03, 0.1]",C5,PPV at 99% Specificity,1
/scratchc/nrlab/wang04/ulyses_results_iteration/iteration_3_merge_below_3/cnn_model/cnn14/plasma_tp1_0.1x_model_C5/roc_curve_resnet18_tf_0.03_0.1/nested_cv_random/resnet18/repeat_10_fold_5_metrics.csv,8,3,resnet18,"(0.03, 0.1]",C5,Accuracy at 99% Specificity,0.8144444444444444
/scratchc/nrlab/wang04/ulyses_results_iteration/iteration_3_merge_below_3/cnn_model/cnn14/plasma_tp1_0.1x_model_C5/roc_curve_resnet18_tf_0.03_0.1/nested_cv_random/resnet18/repeat_10_fold_5_metrics.csv,8,3,resnet18,"(0.03, 0.1]",C5,F1 at 99% Specificity,0.7796610169491526
/scratchc/nrlab/wang04/ulyses_results_iteration/iteration_3_merge_below_3/cnn_model/cnn14/plasma_tp1_0.1x_model_C5/roc_curve_resnet18_tf_0.03_0.1/nested_cv_random/resnet18/repeat_10_fold_5_metrics.csv,8,3,resnet18,"(0.03, 0.1]",C5,Sensitivity at 98% Specificity,0.6388888888888888
/scratchc/nrlab/wang04/ulyses_results_iteration/iteration_3_merge_below_3/cnn_model/cnn14/plasma_tp1_0.1x_model_C5/roc_curve_resnet18_tf_0.03_0.1/nested_cv_random/resnet18/repeat_10_fold_5_metrics.csv,8,3,resnet18,"(0.03, 0.1]",C5,PPV at 98% Specificity,1
/scratchc/nrlab/wang04/ulyses_results_iteration/iteration_3_merge_below_3/cnn_model/cnn14/plasma_tp1_0.1x_model_C5/roc_curve_resnet18_tf_0.03_0.1/nested_cv_random/resnet18/repeat_10_fold_5_metrics.csv,8,3,resnet18,"(0.03, 0.1]",C5,Accuracy at 98% Specificity,0.8094444444444444
/scratchc/nrlab/wang04/ulyses_results_iteration/iteration_3_merge_below_3/cnn_model/cnn14/plasma_tp1_0.1x_model_C5/roc_curve_resnet18_tf_0.03_0.1/nested_cv_random/resnet18/repeat_10_fold_5_metrics.csv,8,3,resnet18,"(0.03, 0.1]",C5,F1 at 98% Specificity,0.7796610169491526
/scratchc/nrlab/wang04/ulyses_results_iteration/iteration_3_merge_below_3/cnn_model/cnn14/plasma_tp1_0.1x_model_C5/roc_curve_resnet18_tf_0.03_0.1/nested_cv_random/resnet18/repeat_10_fold_5_metrics.csv,8,3,resnet18,"(0.03, 0.1]",C5,Sensitivity at 95% Specificity,0.75
/scratchc/nrlab/wang04/ulyses_results_iteration/iteration_3_merge_below_3/cnn_model/cnn14/plasma_tp1_0.1x_model_C5/roc_curve_resnet18_tf_0.03_0.1/nested_cv_random/resnet18/repeat_10_fold_5_metrics.csv,8,3,resnet18,"(0.03, 0.1]",C5,PPV at 95% Specificity,0.9310344827586208
/scratchc/nrlab/wang04/ulyses_results_iteration/iteration_3_merge_below_3/cnn_model/cnn14/plasma_tp1_0.1x_model_C5/roc_curve_resnet18_tf_0.03_0.1/nested_cv_random/resnet18/repeat_10_fold_5_metrics.csv,8,3,resnet18,"(0.03, 0.1]",C5,Accuracy at 95% Specificity,0.8353846153846154
/scratchc/nrlab/wang04/ulyses_results_iteration/iteration_3_merge_below_3/cnn_model/cnn14/plasma_tp1_0.1x_model_C5/roc_curve_resnet18_tf_0.03_0.1/nested_cv_random/resnet18/repeat_10_fold_5_metrics.csv,8,3,resnet18,"(0.03, 0.1]",C5,F1 at 95% Specificity,0.8307692307692308
/scratchc/nrlab/wang04/ulyses_results_iteration/iteration_3_merge_below_3/cnn_model/cnn14/plasma_tp1_0.1x_model_C5/roc_curve_resnet18_tf_0.03_0.1/nested_cv_random/resnet18/repeat_10_fold_5_metrics.csv,8,4,resnet18,"(0.03, 0.1]",C5,AUROC,0.9073593073593074
/scratchc/nrlab/wang04/ulyses_results_iteration/iteration_3_merge_below_3/cnn_model/cnn14/plasma_tp1_0.1x_model_C5/roc_curve_resnet18_tf_0.03_0.1/nested_cv_random/resnet18/repeat_10_fold_5_metrics.csv,8,4,resnet18,"(0.03, 0.1]",C5,AUPRC,0.8872837790704301
/scratchc/nrlab/wang04/ulyses_results_iteration/iteration_3_merge_below_3/cnn_model/cnn14/plasma_tp1_0.1x_model_C5/roc_curve_resnet18_tf_0.03_0.1/nested_cv_random/resnet18/repeat_10_fold_5_metrics.csv,8,4,resnet18,"(0.03, 0.1]",C5,Sensitivity at 99% Specificity,0.5428571428571428
/scratchc/nrlab/wang04/ulyses_results_iteration/iteration_3_merge_below_3/cnn_model/cnn14/plasma_tp1_0.1x_model_C5/roc_curve_resnet18_tf_0.03_0.1/nested_cv_random/resnet18/repeat_10_fold_5_metrics.csv,8,4,resnet18,"(0.03, 0.1]",C5,PPV at 99% Specificity,1
/scratchc/nrlab/wang04/ulyses_results_iteration/iteration_3_merge_below_3/cnn_model/cnn14/plasma_tp1_0.1x_model_C5/roc_curve_resnet18_tf_0.03_0.1/nested_cv_random/resnet18/repeat_10_fold_5_metrics.csv,8,4,resnet18,"(0.03, 0.1]",C5,Accuracy at 99% Specificity,0.7664285714285715
/scratchc/nrlab/wang04/ulyses_results_iteration/iteration_3_merge_below_3/cnn_model/cnn14/plasma_tp1_0.1x_model_C5/roc_curve_resnet18_tf_0.03_0.1/nested_cv_random/resnet18/repeat_10_fold_5_metrics.csv,8,4,resnet18,"(0.03, 0.1]",C5,F1 at 99% Specificity,0.7037037037037037
/scratchc/nrlab/wang04/ulyses_results_iteration/iteration_3_merge_below_3/cnn_model/cnn14/plasma_tp1_0.1x_model_C5/roc_curve_resnet18_tf_0.03_0.1/nested_cv_random/resnet18/repeat_10_fold_5_metrics.csv,8,4,resnet18,"(0.03, 0.1]",C5,Sensitivity at 98% Specificity,0.5428571428571428
/scratchc/nrlab/wang04/ulyses_results_iteration/iteration_3_merge_below_3/cnn_model/cnn14/plasma_tp1_0.1x_model_C5/roc_curve_resnet18_tf_0.03_0.1/nested_cv_random/resnet18/repeat_10_fold_5_metrics.csv,8,4,resnet18,"(0.03, 0.1]",C5,PPV at 98% Specificity,1
/scratchc/nrlab/wang04/ulyses_results_iteration/iteration_3_merge_below_3/cnn_model/cnn14/plasma_tp1_0.1x_model_C5/roc_curve_resnet18_tf_0.03_0.1/nested_cv_random/resnet18/repeat_10_fold_5_metrics.csv,8,4,resnet18,"(0.03, 0.1]",C5,Accuracy at 98% Specificity,0.7614285714285713
/scratchc/nrlab/wang04/ulyses_results_iteration/iteration_3_merge_below_3/cnn_model/cnn14/plasma_tp1_0.1x_model_C5/roc_curve_resnet18_tf_0.03_0.1/nested_cv_random/resnet18/repeat_10_fold_5_metrics.csv,8,4,resnet18,"(0.03, 0.1]",C5,F1 at 98% Specificity,0.7037037037037037
/scratchc/nrlab/wang04/ulyses_results_iteration/iteration_3_merge_below_3/cnn_model/cnn14/plasma_tp1_0.1x_model_C5/roc_curve_resnet18_tf_0.03_0.1/nested_cv_random/resnet18/repeat_10_fold_5_metrics.csv,8,4,resnet18,"(0.03, 0.1]",C5,Sensitivity at 95% Specificity,0.7142857142857143
/scratchc/nrlab/wang04/ulyses_results_iteration/iteration_3_merge_below_3/cnn_model/cnn14/plasma_tp1_0.1x_model_C5/roc_curve_resnet18_tf_0.03_0.1/nested_cv_random/resnet18/repeat_10_fold_5_metrics.csv,8,4,resnet18,"(0.03, 0.1]",C5,PPV at 95% Specificity,0.8928571428571429
/scratchc/nrlab/wang04/ulyses_results_iteration/iteration_3_merge_below_3/cnn_model/cnn14/plasma_tp1_0.1x_model_C5/roc_curve_resnet18_tf_0.03_0.1/nested_cv_random/resnet18/repeat_10_fold_5_metrics.csv,8,4,resnet18,"(0.03, 0.1]",C5,Accuracy at 95% Specificity,0.8105519480519481
/scratchc/nrlab/wang04/ulyses_results_iteration/iteration_3_merge_below_3/cnn_model/cnn14/plasma_tp1_0.1x_model_C5/roc_curve_resnet18_tf_0.03_0.1/nested_cv_random/resnet18/repeat_10_fold_5_metrics.csv,8,4,resnet18,"(0.03, 0.1]",C5,F1 at 95% Specificity,0.7936507936507936
/scratchc/nrlab/wang04/ulyses_results_iteration/iteration_3_merge_below_3/cnn_model/cnn14/plasma_tp1_0.1x_model_C5/roc_curve_resnet18_tf_0.03_0.1/nested_cv_random/resnet18/repeat_10_fold_5_metrics.csv,8,5,resnet18,"(0.03, 0.1]",C5,AUROC,0.910472972972973
/scratchc/nrlab/wang04/ulyses_results_iteration/iteration_3_merge_below_3/cnn_model/cnn14/plasma_tp1_0.1x_model_C5/roc_curve_resnet18_tf_0.03_0.1/nested_cv_random/resnet18/repeat_10_fold_5_metrics.csv,8,5,resnet18,"(0.03, 0.1]",C5,AUPRC,0.9007972545271574
/scratchc/nrlab/wang04/ulyses_results_iteration/iteration_3_merge_below_3/cnn_model/cnn14/plasma_tp1_0.1x_model_C5/roc_curve_resnet18_tf_0.03_0.1/nested_cv_random/resnet18/repeat_10_fold_5_metrics.csv,8,5,resnet18,"(0.03, 0.1]",C5,Sensitivity at 99% Specificity,0.5945945945945946
/scratchc/nrlab/wang04/ulyses_results_iteration/iteration_3_merge_below_3/cnn_model/cnn14/plasma_tp1_0.1x_model_C5/roc_curve_resnet18_tf_0.03_0.1/nested_cv_random/resnet18/repeat_10_fold_5_metrics.csv,8,5,resnet18,"(0.03, 0.1]",C5,PPV at 99% Specificity,1
/scratchc/nrlab/wang04/ulyses_results_iteration/iteration_3_merge_below_3/cnn_model/cnn14/plasma_tp1_0.1x_model_C5/roc_curve_resnet18_tf_0.03_0.1/nested_cv_random/resnet18/repeat_10_fold_5_metrics.csv,8,5,resnet18,"(0.03, 0.1]",C5,Accuracy at 99% Specificity,0.7922972972972973
/scratchc/nrlab/wang04/ulyses_results_iteration/iteration_3_merge_below_3/cnn_model/cnn14/plasma_tp1_0.1x_model_C5/roc_curve_resnet18_tf_0.03_0.1/nested_cv_random/resnet18/repeat_10_fold_5_metrics.csv,8,5,resnet18,"(0.03, 0.1]",C5,F1 at 99% Specificity,0.7457627118644068
/scratchc/nrlab/wang04/ulyses_results_iteration/iteration_3_merge_below_3/cnn_model/cnn14/plasma_tp1_0.1x_model_C5/roc_curve_resnet18_tf_0.03_0.1/nested_cv_random/resnet18/repeat_10_fold_5_metrics.csv,8,5,resnet18,"(0.03, 0.1]",C5,Sensitivity at 98% Specificity,0.5945945945945946
/scratchc/nrlab/wang04/ulyses_results_iteration/iteration_3_merge_below_3/cnn_model/cnn14/plasma_tp1_0.1x_model_C5/roc_curve_resnet18_tf_0.03_0.1/nested_cv_random/resnet18/repeat_10_fold_5_metrics.csv,8,5,resnet18,"(0.03, 0.1]",C5,PPV at 98% Specificity,1
/scratchc/nrlab/wang04/ulyses_results_iteration/iteration_3_merge_below_3/cnn_model/cnn14/plasma_tp1_0.1x_model_C5/roc_curve_resnet18_tf_0.03_0.1/nested_cv_random/resnet18/repeat_10_fold_5_metrics.csv,8,5,resnet18,"(0.03, 0.1]",C5,Accuracy at 98% Specificity,0.7872972972972974
/scratchc/nrlab/wang04/ulyses_results_iteration/iteration_3_merge_below_3/cnn_model/cnn14/plasma_tp1_0.1x_model_C5/roc_curve_resnet18_tf_0.03_0.1/nested_cv_random/resnet18/repeat_10_fold_5_metrics.csv,8,5,resnet18,"(0.03, 0.1]",C5,F1 at 98% Specificity,0.7457627118644068
/scratchc/nrlab/wang04/ulyses_results_iteration/iteration_3_merge_below_3/cnn_model/cnn14/plasma_tp1_0.1x_model_C5/roc_curve_resnet18_tf_0.03_0.1/nested_cv_random/resnet18/repeat_10_fold_5_metrics.csv,8,5,resnet18,"(0.03, 0.1]",C5,Sensitivity at 95% Specificity,0.6756756756756757
/scratchc/nrlab/wang04/ulyses_results_iteration/iteration_3_merge_below_3/cnn_model/cnn14/plasma_tp1_0.1x_model_C5/roc_curve_resnet18_tf_0.03_0.1/nested_cv_random/resnet18/repeat_10_fold_5_metrics.csv,8,5,resnet18,"(0.03, 0.1]",C5,PPV at 95% Specificity,0.925925925925926
/scratchc/nrlab/wang04/ulyses_results_iteration/iteration_3_merge_below_3/cnn_model/cnn14/plasma_tp1_0.1x_model_C5/roc_curve_resnet18_tf_0.03_0.1/nested_cv_random/resnet18/repeat_10_fold_5_metrics.csv,8,5,resnet18,"(0.03, 0.1]",C5,Accuracy at 95% Specificity,0.7979940878378378
/scratchc/nrlab/wang04/ulyses_results_iteration/iteration_3_merge_below_3/cnn_model/cnn14/plasma_tp1_0.1x_model_C5/roc_curve_resnet18_tf_0.03_0.1/nested_cv_random/resnet18/repeat_10_fold_5_metrics.csv,8,5,resnet18,"(0.03, 0.1]",C5,F1 at 95% Specificity,0.78125
/scratchc/nrlab/wang04/ulyses_results_iteration/iteration_3_merge_below_3/cnn_model/cnn14/plasma_tp1_0.1x_model_C5/roc_curve_resnet18_tf_0.03_0.1/nested_cv_random/resnet18/repeat_10_fold_5_metrics.csv,9,1,resnet18,"(0.03, 0.1]",C5,AUROC,0.9407439446366782
/scratchc/nrlab/wang04/ulyses_results_iteration/iteration_3_merge_below_3/cnn_model/cnn14/plasma_tp1_0.1x_model_C5/roc_curve_resnet18_tf_0.03_0.1/nested_cv_random/resnet18/repeat_10_fold_5_metrics.csv,9,1,resnet18,"(0.03, 0.1]",C5,AUPRC,0.9311311162514404
/scratchc/nrlab/wang04/ulyses_results_iteration/iteration_3_merge_below_3/cnn_model/cnn14/plasma_tp1_0.1x_model_C5/roc_curve_resnet18_tf_0.03_0.1/nested_cv_random/resnet18/repeat_10_fold_5_metrics.csv,9,1,resnet18,"(0.03, 0.1]",C5,Sensitivity at 99% Specificity,0.5882352941176471
/scratchc/nrlab/wang04/ulyses_results_iteration/iteration_3_merge_below_3/cnn_model/cnn14/plasma_tp1_0.1x_model_C5/roc_curve_resnet18_tf_0.03_0.1/nested_cv_random/resnet18/repeat_10_fold_5_metrics.csv,9,1,resnet18,"(0.03, 0.1]",C5,PPV at 99% Specificity,1
/scratchc/nrlab/wang04/ulyses_results_iteration/iteration_3_merge_below_3/cnn_model/cnn14/plasma_tp1_0.1x_model_C5/roc_curve_resnet18_tf_0.03_0.1/nested_cv_random/resnet18/repeat_10_fold_5_metrics.csv,9,1,resnet18,"(0.03, 0.1]",C5,Accuracy at 99% Specificity,0.7891176470588235
/scratchc/nrlab/wang04/ulyses_results_iteration/iteration_3_merge_below_3/cnn_model/cnn14/plasma_tp1_0.1x_model_C5/roc_curve_resnet18_tf_0.03_0.1/nested_cv_random/resnet18/repeat_10_fold_5_metrics.csv,9,1,resnet18,"(0.03, 0.1]",C5,F1 at 99% Specificity,0.7407407407407407
/scratchc/nrlab/wang04/ulyses_results_iteration/iteration_3_merge_below_3/cnn_model/cnn14/plasma_tp1_0.1x_model_C5/roc_curve_resnet18_tf_0.03_0.1/nested_cv_random/resnet18/repeat_10_fold_5_metrics.csv,9,1,resnet18,"(0.03, 0.1]",C5,Sensitivity at 98% Specificity,0.5882352941176471
/scratchc/nrlab/wang04/ulyses_results_iteration/iteration_3_merge_below_3/cnn_model/cnn14/plasma_tp1_0.1x_model_C5/roc_curve_resnet18_tf_0.03_0.1/nested_cv_random/resnet18/repeat_10_fold_5_metrics.csv,9,1,resnet18,"(0.03, 0.1]",C5,PPV at 98% Specificity,1
/scratchc/nrlab/wang04/ulyses_results_iteration/iteration_3_merge_below_3/cnn_model/cnn14/plasma_tp1_0.1x_model_C5/roc_curve_resnet18_tf_0.03_0.1/nested_cv_random/resnet18/repeat_10_fold_5_metrics.csv,9,1,resnet18,"(0.03, 0.1]",C5,Accuracy at 98% Specificity,0.7841176470588236
/scratchc/nrlab/wang04/ulyses_results_iteration/iteration_3_merge_below_3/cnn_model/cnn14/plasma_tp1_0.1x_model_C5/roc_curve_resnet18_tf_0.03_0.1/nested_cv_random/resnet18/repeat_10_fold_5_metrics.csv,9,1,resnet18,"(0.03, 0.1]",C5,F1 at 98% Specificity,0.7407407407407407
/scratchc/nrlab/wang04/ulyses_results_iteration/iteration_3_merge_below_3/cnn_model/cnn14/plasma_tp1_0.1x_model_C5/roc_curve_resnet18_tf_0.03_0.1/nested_cv_random/resnet18/repeat_10_fold_5_metrics.csv,9,1,resnet18,"(0.03, 0.1]",C5,Sensitivity at 95% Specificity,0.7941176470588235
/scratchc/nrlab/wang04/ulyses_results_iteration/iteration_3_merge_below_3/cnn_model/cnn14/plasma_tp1_0.1x_model_C5/roc_curve_resnet18_tf_0.03_0.1/nested_cv_random/resnet18/repeat_10_fold_5_metrics.csv,9,1,resnet18,"(0.03, 0.1]",C5,PPV at 95% Specificity,0.9310344827586208
/scratchc/nrlab/wang04/ulyses_results_iteration/iteration_3_merge_below_3/cnn_model/cnn14/plasma_tp1_0.1x_model_C5/roc_curve_resnet18_tf_0.03_0.1/nested_cv_random/resnet18/repeat_10_fold_5_metrics.csv,9,1,resnet18,"(0.03, 0.1]",C5,Accuracy at 95% Specificity,0.8580882352941176
/scratchc/nrlab/wang04/ulyses_results_iteration/iteration_3_merge_below_3/cnn_model/cnn14/plasma_tp1_0.1x_model_C5/roc_curve_resnet18_tf_0.03_0.1/nested_cv_random/resnet18/repeat_10_fold_5_metrics.csv,9,1,resnet18,"(0.03, 0.1]",C5,F1 at 95% Specificity,0.8571428571428571
/scratchc/nrlab/wang04/ulyses_results_iteration/iteration_3_merge_below_3/cnn_model/cnn14/plasma_tp1_0.1x_model_C5/roc_curve_resnet18_tf_0.03_0.1/nested_cv_random/resnet18/repeat_10_fold_5_metrics.csv,9,3,resnet18,"(0.03, 0.1]",C5,AUROC,0.9754098360655736
/scratchc/nrlab/wang04/ulyses_results_iteration/iteration_3_merge_below_3/cnn_model/cnn14/plasma_tp1_0.1x_model_C5/roc_curve_resnet18_tf_0.03_0.1/nested_cv_random/resnet18/repeat_10_fold_5_metrics.csv,9,3,resnet18,"(0.03, 0.1]",C5,AUPRC,0.967153663774676
/scratchc/nrlab/wang04/ulyses_results_iteration/iteration_3_merge_below_3/cnn_model/cnn14/plasma_tp1_0.1x_model_C5/roc_curve_resnet18_tf_0.03_0.1/nested_cv_random/resnet18/repeat_10_fold_5_metrics.csv,9,3,resnet18,"(0.03, 0.1]",C5,Sensitivity at 99% Specificity,0.725
/scratchc/nrlab/wang04/ulyses_results_iteration/iteration_3_merge_below_3/cnn_model/cnn14/plasma_tp1_0.1x_model_C5/roc_curve_resnet18_tf_0.03_0.1/nested_cv_random/resnet18/repeat_10_fold_5_metrics.csv,9,3,resnet18,"(0.03, 0.1]",C5,PPV at 99% Specificity,1
/scratchc/nrlab/wang04/ulyses_results_iteration/iteration_3_merge_below_3/cnn_model/cnn14/plasma_tp1_0.1x_model_C5/roc_curve_resnet18_tf_0.03_0.1/nested_cv_random/resnet18/repeat_10_fold_5_metrics.csv,9,3,resnet18,"(0.03, 0.1]",C5,Accuracy at 99% Specificity,0.8574999999999999
/scratchc/nrlab/wang04/ulyses_results_iteration/iteration_3_merge_below_3/cnn_model/cnn14/plasma_tp1_0.1x_model_C5/roc_curve_resnet18_tf_0.03_0.1/nested_cv_random/resnet18/repeat_10_fold_5_metrics.csv,9,3,resnet18,"(0.03, 0.1]",C5,F1 at 99% Specificity,0.8405797101449275
/scratchc/nrlab/wang04/ulyses_results_iteration/iteration_3_merge_below_3/cnn_model/cnn14/plasma_tp1_0.1x_model_C5/roc_curve_resnet18_tf_0.03_0.1/nested_cv_random/resnet18/repeat_10_fold_5_metrics.csv,9,3,resnet18,"(0.03, 0.1]",C5,Sensitivity at 98% Specificity,0.725
/scratchc/nrlab/wang04/ulyses_results_iteration/iteration_3_merge_below_3/cnn_model/cnn14/plasma_tp1_0.1x_model_C5/roc_curve_resnet18_tf_0.03_0.1/nested_cv_random/resnet18/repeat_10_fold_5_metrics.csv,9,3,resnet18,"(0.03, 0.1]",C5,PPV at 98% Specificity,1
/scratchc/nrlab/wang04/ulyses_results_iteration/iteration_3_merge_below_3/cnn_model/cnn14/plasma_tp1_0.1x_model_C5/roc_curve_resnet18_tf_0.03_0.1/nested_cv_random/resnet18/repeat_10_fold_5_metrics.csv,9,3,resnet18,"(0.03, 0.1]",C5,Accuracy at 98% Specificity,0.8525
/scratchc/nrlab/wang04/ulyses_results_iteration/iteration_3_merge_below_3/cnn_model/cnn14/plasma_tp1_0.1x_model_C5/roc_curve_resnet18_tf_0.03_0.1/nested_cv_random/resnet18/repeat_10_fold_5_metrics.csv,9,3,resnet18,"(0.03, 0.1]",C5,F1 at 98% Specificity,0.8405797101449275
/scratchc/nrlab/wang04/ulyses_results_iteration/iteration_3_merge_below_3/cnn_model/cnn14/plasma_tp1_0.1x_model_C5/roc_curve_resnet18_tf_0.03_0.1/nested_cv_random/resnet18/repeat_10_fold_5_metrics.csv,9,3,resnet18,"(0.03, 0.1]",C5,Sensitivity at 95% Specificity,0.825
/scratchc/nrlab/wang04/ulyses_results_iteration/iteration_3_merge_below_3/cnn_model/cnn14/plasma_tp1_0.1x_model_C5/roc_curve_resnet18_tf_0.03_0.1/nested_cv_random/resnet18/repeat_10_fold_5_metrics.csv,9,3,resnet18,"(0.03, 0.1]",C5,PPV at 95% Specificity,0.9428571428571428
/scratchc/nrlab/wang04/ulyses_results_iteration/iteration_3_merge_below_3/cnn_model/cnn14/plasma_tp1_0.1x_model_C5/roc_curve_resnet18_tf_0.03_0.1/nested_cv_random/resnet18/repeat_10_fold_5_metrics.csv,9,3,resnet18,"(0.03, 0.1]",C5,Accuracy at 95% Specificity,0.8719262295081966
/scratchc/nrlab/wang04/ulyses_results_iteration/iteration_3_merge_below_3/cnn_model/cnn14/plasma_tp1_0.1x_model_C5/roc_curve_resnet18_tf_0.03_0.1/nested_cv_random/resnet18/repeat_10_fold_5_metrics.csv,9,3,resnet18,"(0.03, 0.1]",C5,F1 at 95% Specificity,0.88
/scratchc/nrlab/wang04/ulyses_results_iteration/iteration_3_merge_below_3/cnn_model/cnn14/plasma_tp1_0.1x_model_C5/roc_curve_resnet18_tf_0.03_0.1/nested_cv_random/resnet18/repeat_10_fold_5_metrics.csv,9,5,resnet18,"(0.03, 0.1]",C5,AUROC,0.9218362282878412
/scratchc/nrlab/wang04/ulyses_results_iteration/iteration_3_merge_below_3/cnn_model/cnn14/plasma_tp1_0.1x_model_C5/roc_curve_resnet18_tf_0.03_0.1/nested_cv_random/resnet18/repeat_10_fold_5_metrics.csv,9,5,resnet18,"(0.03, 0.1]",C5,AUPRC,0.9173520915679864
/scratchc/nrlab/wang04/ulyses_results_iteration/iteration_3_merge_below_3/cnn_model/cnn14/plasma_tp1_0.1x_model_C5/roc_curve_resnet18_tf_0.03_0.1/nested_cv_random/resnet18/repeat_10_fold_5_metrics.csv,9,5,resnet18,"(0.03, 0.1]",C5,Sensitivity at 99% Specificity,0.6153846153846154
/scratchc/nrlab/wang04/ulyses_results_iteration/iteration_3_merge_below_3/cnn_model/cnn14/plasma_tp1_0.1x_model_C5/roc_curve_resnet18_tf_0.03_0.1/nested_cv_random/resnet18/repeat_10_fold_5_metrics.csv,9,5,resnet18,"(0.03, 0.1]",C5,PPV at 99% Specificity,1
/scratchc/nrlab/wang04/ulyses_results_iteration/iteration_3_merge_below_3/cnn_model/cnn14/plasma_tp1_0.1x_model_C5/roc_curve_resnet18_tf_0.03_0.1/nested_cv_random/resnet18/repeat_10_fold_5_metrics.csv,9,5,resnet18,"(0.03, 0.1]",C5,Accuracy at 99% Specificity,0.8026923076923077
/scratchc/nrlab/wang04/ulyses_results_iteration/iteration_3_merge_below_3/cnn_model/cnn14/plasma_tp1_0.1x_model_C5/roc_curve_resnet18_tf_0.03_0.1/nested_cv_random/resnet18/repeat_10_fold_5_metrics.csv,9,5,resnet18,"(0.03, 0.1]",C5,F1 at 99% Specificity,0.7619047619047619
/scratchc/nrlab/wang04/ulyses_results_iteration/iteration_3_merge_below_3/cnn_model/cnn14/plasma_tp1_0.1x_model_C5/roc_curve_resnet18_tf_0.03_0.1/nested_cv_random/resnet18/repeat_10_fold_5_metrics.csv,9,5,resnet18,"(0.03, 0.1]",C5,Sensitivity at 98% Specificity,0.6153846153846154
/scratchc/nrlab/wang04/ulyses_results_iteration/iteration_3_merge_below_3/cnn_model/cnn14/plasma_tp1_0.1x_model_C5/roc_curve_resnet18_tf_0.03_0.1/nested_cv_random/resnet18/repeat_10_fold_5_metrics.csv,9,5,resnet18,"(0.03, 0.1]",C5,PPV at 98% Specificity,1
/scratchc/nrlab/wang04/ulyses_results_iteration/iteration_3_merge_below_3/cnn_model/cnn14/plasma_tp1_0.1x_model_C5/roc_curve_resnet18_tf_0.03_0.1/nested_cv_random/resnet18/repeat_10_fold_5_metrics.csv,9,5,resnet18,"(0.03, 0.1]",C5,Accuracy at 98% Specificity,0.7976923076923077
/scratchc/nrlab/wang04/ulyses_results_iteration/iteration_3_merge_below_3/cnn_model/cnn14/plasma_tp1_0.1x_model_C5/roc_curve_resnet18_tf_0.03_0.1/nested_cv_random/resnet18/repeat_10_fold_5_metrics.csv,9,5,resnet18,"(0.03, 0.1]",C5,F1 at 98% Specificity,0.7619047619047619
/scratchc/nrlab/wang04/ulyses_results_iteration/iteration_3_merge_below_3/cnn_model/cnn14/plasma_tp1_0.1x_model_C5/roc_curve_resnet18_tf_0.03_0.1/nested_cv_random/resnet18/repeat_10_fold_5_metrics.csv,9,5,resnet18,"(0.03, 0.1]",C5,Sensitivity at 95% Specificity,0.6410256410256411
/scratchc/nrlab/wang04/ulyses_results_iteration/iteration_3_merge_below_3/cnn_model/cnn14/plasma_tp1_0.1x_model_C5/roc_curve_resnet18_tf_0.03_0.1/nested_cv_random/resnet18/repeat_10_fold_5_metrics.csv,9,5,resnet18,"(0.03, 0.1]",C5,PPV at 95% Specificity,0.925925925925926
/scratchc/nrlab/wang04/ulyses_results_iteration/iteration_3_merge_below_3/cnn_model/cnn14/plasma_tp1_0.1x_model_C5/roc_curve_resnet18_tf_0.03_0.1/nested_cv_random/resnet18/repeat_10_fold_5_metrics.csv,9,5,resnet18,"(0.03, 0.1]",C5,Accuracy at 95% Specificity,0.7801902398676592
/scratchc/nrlab/wang04/ulyses_results_iteration/iteration_3_merge_below_3/cnn_model/cnn14/plasma_tp1_0.1x_model_C5/roc_curve_resnet18_tf_0.03_0.1/nested_cv_random/resnet18/repeat_10_fold_5_metrics.csv,9,5,resnet18,"(0.03, 0.1]",C5,F1 at 95% Specificity,0.7575757575757576
/scratchc/nrlab/wang04/ulyses_results_iteration/iteration_3_merge_below_3/cnn_model/cnn14/plasma_tp1_0.1x_model_C5/roc_curve_resnet18_tf_0.03_0.1/nested_cv_random/resnet18/repeat_10_fold_5_metrics.csv,10,1,resnet18,"(0.03, 0.1]",C5,AUROC,0.9556503198294244
/scratchc/nrlab/wang04/ulyses_results_iteration/iteration_3_merge_below_3/cnn_model/cnn14/plasma_tp1_0.1x_model_C5/roc_curve_resnet18_tf_0.03_0.1/nested_cv_random/resnet18/repeat_10_fold_5_metrics.csv,10,1,resnet18,"(0.03, 0.1]",C5,AUPRC,0.9361134440338176
/scratchc/nrlab/wang04/ulyses_results_iteration/iteration_3_merge_below_3/cnn_model/cnn14/plasma_tp1_0.1x_model_C5/roc_curve_resnet18_tf_0.03_0.1/nested_cv_random/resnet18/repeat_10_fold_5_metrics.csv,10,1,resnet18,"(0.03, 0.1]",C5,Sensitivity at 99% Specificity,0.6571428571428571
/scratchc/nrlab/wang04/ulyses_results_iteration/iteration_3_merge_below_3/cnn_model/cnn14/plasma_tp1_0.1x_model_C5/roc_curve_resnet18_tf_0.03_0.1/nested_cv_random/resnet18/repeat_10_fold_5_metrics.csv,10,1,resnet18,"(0.03, 0.1]",C5,PPV at 99% Specificity,1
/scratchc/nrlab/wang04/ulyses_results_iteration/iteration_3_merge_below_3/cnn_model/cnn14/plasma_tp1_0.1x_model_C5/roc_curve_resnet18_tf_0.03_0.1/nested_cv_random/resnet18/repeat_10_fold_5_metrics.csv,10,1,resnet18,"(0.03, 0.1]",C5,Accuracy at 99% Specificity,0.8235714285714286
/scratchc/nrlab/wang04/ulyses_results_iteration/iteration_3_merge_below_3/cnn_model/cnn14/plasma_tp1_0.1x_model_C5/roc_curve_resnet18_tf_0.03_0.1/nested_cv_random/resnet18/repeat_10_fold_5_metrics.csv,10,1,resnet18,"(0.03, 0.1]",C5,F1 at 99% Specificity,0.7931034482758621
/scratchc/nrlab/wang04/ulyses_results_iteration/iteration_3_merge_below_3/cnn_model/cnn14/plasma_tp1_0.1x_model_C5/roc_curve_resnet18_tf_0.03_0.1/nested_cv_random/resnet18/repeat_10_fold_5_metrics.csv,10,1,resnet18,"(0.03, 0.1]",C5,Sensitivity at 98% Specificity,0.6571428571428571
/scratchc/nrlab/wang04/ulyses_results_iteration/iteration_3_merge_below_3/cnn_model/cnn14/plasma_tp1_0.1x_model_C5/roc_curve_resnet18_tf_0.03_0.1/nested_cv_random/resnet18/repeat_10_fold_5_metrics.csv,10,1,resnet18,"(0.03, 0.1]",C5,PPV at 98% Specificity,1
/scratchc/nrlab/wang04/ulyses_results_iteration/iteration_3_merge_below_3/cnn_model/cnn14/plasma_tp1_0.1x_model_C5/roc_curve_resnet18_tf_0.03_0.1/nested_cv_random/resnet18/repeat_10_fold_5_metrics.csv,10,1,resnet18,"(0.03, 0.1]",C5,Accuracy at 98% Specificity,0.8185714285714285
/scratchc/nrlab/wang04/ulyses_results_iteration/iteration_3_merge_below_3/cnn_model/cnn14/plasma_tp1_0.1x_model_C5/roc_curve_resnet18_tf_0.03_0.1/nested_cv_random/resnet18/repeat_10_fold_5_metrics.csv,10,1,resnet18,"(0.03, 0.1]",C5,F1 at 98% Specificity,0.7931034482758621
/scratchc/nrlab/wang04/ulyses_results_iteration/iteration_3_merge_below_3/cnn_model/cnn14/plasma_tp1_0.1x_model_C5/roc_curve_resnet18_tf_0.03_0.1/nested_cv_random/resnet18/repeat_10_fold_5_metrics.csv,10,1,resnet18,"(0.03, 0.1]",C5,Sensitivity at 95% Specificity,0.7428571428571429
/scratchc/nrlab/wang04/ulyses_results_iteration/iteration_3_merge_below_3/cnn_model/cnn14/plasma_tp1_0.1x_model_C5/roc_curve_resnet18_tf_0.03_0.1/nested_cv_random/resnet18/repeat_10_fold_5_metrics.csv,10,1,resnet18,"(0.03, 0.1]",C5,PPV at 95% Specificity,0.9285714285714286
/scratchc/nrlab/wang04/ulyses_results_iteration/iteration_3_merge_below_3/cnn_model/cnn14/plasma_tp1_0.1x_model_C5/roc_curve_resnet18_tf_0.03_0.1/nested_cv_random/resnet18/repeat_10_fold_5_metrics.csv,10,1,resnet18,"(0.03, 0.1]",C5,Accuracy at 95% Specificity,0.8322494669509595
/scratchc/nrlab/wang04/ulyses_results_iteration/iteration_3_merge_below_3/cnn_model/cnn14/plasma_tp1_0.1x_model_C5/roc_curve_resnet18_tf_0.03_0.1/nested_cv_random/resnet18/repeat_10_fold_5_metrics.csv,10,1,resnet18,"(0.03, 0.1]",C5,F1 at 95% Specificity,0.8253968253968254
/scratchc/nrlab/wang04/ulyses_results_iteration/iteration_3_merge_below_3/cnn_model/cnn14/plasma_tp1_0.1x_model_C5/roc_curve_resnet18_tf_0.03_0.1/nested_cv_random/resnet18/repeat_10_fold_5_metrics.csv,10,2,resnet18,"(0.03, 0.1]",C5,AUROC,0.9746621621621622
/scratchc/nrlab/wang04/ulyses_results_iteration/iteration_3_merge_below_3/cnn_model/cnn14/plasma_tp1_0.1x_model_C5/roc_curve_resnet18_tf_0.03_0.1/nested_cv_random/resnet18/repeat_10_fold_5_metrics.csv,10,2,resnet18,"(0.03, 0.1]",C5,AUPRC,0.963263887145257
/scratchc/nrlab/wang04/ulyses_results_iteration/iteration_3_merge_below_3/cnn_model/cnn14/plasma_tp1_0.1x_model_C5/roc_curve_resnet18_tf_0.03_0.1/nested_cv_random/resnet18/repeat_10_fold_5_metrics.csv,10,2,resnet18,"(0.03, 0.1]",C5,Sensitivity at 99% Specificity,0.5945945945945946
/scratchc/nrlab/wang04/ulyses_results_iteration/iteration_3_merge_below_3/cnn_model/cnn14/plasma_tp1_0.1x_model_C5/roc_curve_resnet18_tf_0.03_0.1/nested_cv_random/resnet18/repeat_10_fold_5_metrics.csv,10,2,resnet18,"(0.03, 0.1]",C5,PPV at 99% Specificity,1
/scratchc/nrlab/wang04/ulyses_results_iteration/iteration_3_merge_below_3/cnn_model/cnn14/plasma_tp1_0.1x_model_C5/roc_curve_resnet18_tf_0.03_0.1/nested_cv_random/resnet18/repeat_10_fold_5_metrics.csv,10,2,resnet18,"(0.03, 0.1]",C5,Accuracy at 99% Specificity,0.7922972972972973
/scratchc/nrlab/wang04/ulyses_results_iteration/iteration_3_merge_below_3/cnn_model/cnn14/plasma_tp1_0.1x_model_C5/roc_curve_resnet18_tf_0.03_0.1/nested_cv_random/resnet18/repeat_10_fold_5_metrics.csv,10,2,resnet18,"(0.03, 0.1]",C5,F1 at 99% Specificity,0.7457627118644068
/scratchc/nrlab/wang04/ulyses_results_iteration/iteration_3_merge_below_3/cnn_model/cnn14/plasma_tp1_0.1x_model_C5/roc_curve_resnet18_tf_0.03_0.1/nested_cv_random/resnet18/repeat_10_fold_5_metrics.csv,10,2,resnet18,"(0.03, 0.1]",C5,Sensitivity at 98% Specificity,0.5945945945945946
/scratchc/nrlab/wang04/ulyses_results_iteration/iteration_3_merge_below_3/cnn_model/cnn14/plasma_tp1_0.1x_model_C5/roc_curve_resnet18_tf_0.03_0.1/nested_cv_random/resnet18/repeat_10_fold_5_metrics.csv,10,2,resnet18,"(0.03, 0.1]",C5,PPV at 98% Specificity,1
/scratchc/nrlab/wang04/ulyses_results_iteration/iteration_3_merge_below_3/cnn_model/cnn14/plasma_tp1_0.1x_model_C5/roc_curve_resnet18_tf_0.03_0.1/nested_cv_random/resnet18/repeat_10_fold_5_metrics.csv,10,2,resnet18,"(0.03, 0.1]",C5,Accuracy at 98% Specificity,0.7872972972972974
/scratchc/nrlab/wang04/ulyses_results_iteration/iteration_3_merge_below_3/cnn_model/cnn14/plasma_tp1_0.1x_model_C5/roc_curve_resnet18_tf_0.03_0.1/nested_cv_random/resnet18/repeat_10_fold_5_metrics.csv,10,2,resnet18,"(0.03, 0.1]",C5,F1 at 98% Specificity,0.7457627118644068
/scratchc/nrlab/wang04/ulyses_results_iteration/iteration_3_merge_below_3/cnn_model/cnn14/plasma_tp1_0.1x_model_C5/roc_curve_resnet18_tf_0.03_0.1/nested_cv_random/resnet18/repeat_10_fold_5_metrics.csv,10,2,resnet18,"(0.03, 0.1]",C5,Sensitivity at 95% Specificity,0.8918918918918919
/scratchc/nrlab/wang04/ulyses_results_iteration/iteration_3_merge_below_3/cnn_model/cnn14/plasma_tp1_0.1x_model_C5/roc_curve_resnet18_tf_0.03_0.1/nested_cv_random/resnet18/repeat_10_fold_5_metrics.csv,10,2,resnet18,"(0.03, 0.1]",C5,PPV at 95% Specificity,0.9428571428571428
/scratchc/nrlab/wang04/ulyses_results_iteration/iteration_3_merge_below_3/cnn_model/cnn14/plasma_tp1_0.1x_model_C5/roc_curve_resnet18_tf_0.03_0.1/nested_cv_random/resnet18/repeat_10_fold_5_metrics.csv,10,2,resnet18,"(0.03, 0.1]",C5,Accuracy at 95% Specificity,0.906102195945946
/scratchc/nrlab/wang04/ulyses_results_iteration/iteration_3_merge_below_3/cnn_model/cnn14/plasma_tp1_0.1x_model_C5/roc_curve_resnet18_tf_0.03_0.1/nested_cv_random/resnet18/repeat_10_fold_5_metrics.csv,10,2,resnet18,"(0.03, 0.1]",C5,F1 at 95% Specificity,0.9166666666666666
/scratchc/nrlab/wang04/ulyses_results_iteration/iteration_3_merge_below_3/cnn_model/cnn14/plasma_tp1_0.1x_model_C5/roc_curve_resnet18_tf_0.03_0.1/nested_cv_random/resnet18/repeat_10_fold_5_metrics.csv,10,5,resnet18,"(0.03, 0.1]",C5,AUROC,0.9106837606837608
/scratchc/nrlab/wang04/ulyses_results_iteration/iteration_3_merge_below_3/cnn_model/cnn14/plasma_tp1_0.1x_model_C5/roc_curve_resnet18_tf_0.03_0.1/nested_cv_random/resnet18/repeat_10_fold_5_metrics.csv,10,5,resnet18,"(0.03, 0.1]",C5,AUPRC,0.8938539727759649
/scratchc/nrlab/wang04/ulyses_results_iteration/iteration_3_merge_below_3/cnn_model/cnn14/plasma_tp1_0.1x_model_C5/roc_curve_resnet18_tf_0.03_0.1/nested_cv_random/resnet18/repeat_10_fold_5_metrics.csv,10,5,resnet18,"(0.03, 0.1]",C5,Sensitivity at 99% Specificity,0.5833333333333334
/scratchc/nrlab/wang04/ulyses_results_iteration/iteration_3_merge_below_3/cnn_model/cnn14/plasma_tp1_0.1x_model_C5/roc_curve_resnet18_tf_0.03_0.1/nested_cv_random/resnet18/repeat_10_fold_5_metrics.csv,10,5,resnet18,"(0.03, 0.1]",C5,PPV at 99% Specificity,1
/scratchc/nrlab/wang04/ulyses_results_iteration/iteration_3_merge_below_3/cnn_model/cnn14/plasma_tp1_0.1x_model_C5/roc_curve_resnet18_tf_0.03_0.1/nested_cv_random/resnet18/repeat_10_fold_5_metrics.csv,10,5,resnet18,"(0.03, 0.1]",C5,Accuracy at 99% Specificity,0.7866666666666666
/scratchc/nrlab/wang04/ulyses_results_iteration/iteration_3_merge_below_3/cnn_model/cnn14/plasma_tp1_0.1x_model_C5/roc_curve_resnet18_tf_0.03_0.1/nested_cv_random/resnet18/repeat_10_fold_5_metrics.csv,10,5,resnet18,"(0.03, 0.1]",C5,F1 at 99% Specificity,0.7368421052631579
/scratchc/nrlab/wang04/ulyses_results_iteration/iteration_3_merge_below_3/cnn_model/cnn14/plasma_tp1_0.1x_model_C5/roc_curve_resnet18_tf_0.03_0.1/nested_cv_random/resnet18/repeat_10_fold_5_metrics.csv,10,5,resnet18,"(0.03, 0.1]",C5,Sensitivity at 98% Specificity,0.5833333333333334
/scratchc/nrlab/wang04/ulyses_results_iteration/iteration_3_merge_below_3/cnn_model/cnn14/plasma_tp1_0.1x_model_C5/roc_curve_resnet18_tf_0.03_0.1/nested_cv_random/resnet18/repeat_10_fold_5_metrics.csv,10,5,resnet18,"(0.03, 0.1]",C5,PPV at 98% Specificity,1
/scratchc/nrlab/wang04/ulyses_results_iteration/iteration_3_merge_below_3/cnn_model/cnn14/plasma_tp1_0.1x_model_C5/roc_curve_resnet18_tf_0.03_0.1/nested_cv_random/resnet18/repeat_10_fold_5_metrics.csv,10,5,resnet18,"(0.03, 0.1]",C5,Accuracy at 98% Specificity,0.7816666666666667
/scratchc/nrlab/wang04/ulyses_results_iteration/iteration_3_merge_below_3/cnn_model/cnn14/plasma_tp1_0.1x_model_C5/roc_curve_resnet18_tf_0.03_0.1/nested_cv_random/resnet18/repeat_10_fold_5_metrics.csv,10,5,resnet18,"(0.03, 0.1]",C5,F1 at 98% Specificity,0.7368421052631579
/scratchc/nrlab/wang04/ulyses_results_iteration/iteration_3_merge_below_3/cnn_model/cnn14/plasma_tp1_0.1x_model_C5/roc_curve_resnet18_tf_0.03_0.1/nested_cv_random/resnet18/repeat_10_fold_5_metrics.csv,10,5,resnet18,"(0.03, 0.1]",C5,Sensitivity at 95% Specificity,0.6666666666666666
/scratchc/nrlab/wang04/ulyses_results_iteration/iteration_3_merge_below_3/cnn_model/cnn14/plasma_tp1_0.1x_model_C5/roc_curve_resnet18_tf_0.03_0.1/nested_cv_random/resnet18/repeat_10_fold_5_metrics.csv,10,5,resnet18,"(0.03, 0.1]",C5,PPV at 95% Specificity,0.8888888888888888
/scratchc/nrlab/wang04/ulyses_results_iteration/iteration_3_merge_below_3/cnn_model/cnn14/plasma_tp1_0.1x_model_C5/roc_curve_resnet18_tf_0.03_0.1/nested_cv_random/resnet18/repeat_10_fold_5_metrics.csv,10,5,resnet18,"(0.03, 0.1]",C5,Accuracy at 95% Specificity,0.7864102564102564
/scratchc/nrlab/wang04/ulyses_results_iteration/iteration_3_merge_below_3/cnn_model/cnn14/plasma_tp1_0.1x_model_C5/roc_curve_resnet18_tf_0.03_0.1/nested_cv_random/resnet18/repeat_10_fold_5_metrics.csv,10,5,resnet18,"(0.03, 0.1]",C5,F1 at 95% Specificity,0.7619047619047619
/scratchc/nrlab/wang04/ulyses_results_iteration/iteration_3_merge_below_3/cnn_model/cnn14/plasma_tp1_0.1x_model_C5/roc_curve_resnet18_tf_0.1_1/nested_cv_random/resnet18/repeat_10_fold_5_metrics.csv,1,2,resnet18,"(0.1, 1]",C5,AUROC,0.9995951417004048
/scratchc/nrlab/wang04/ulyses_results_iteration/iteration_3_merge_below_3/cnn_model/cnn14/plasma_tp1_0.1x_model_C5/roc_curve_resnet18_tf_0.1_1/nested_cv_random/resnet18/repeat_10_fold_5_metrics.csv,1,2,resnet18,"(0.1, 1]",C5,AUPRC,0.9993252361673411
/scratchc/nrlab/wang04/ulyses_results_iteration/iteration_3_merge_below_3/cnn_model/cnn14/plasma_tp1_0.1x_model_C5/roc_curve_resnet18_tf_0.1_1/nested_cv_random/resnet18/repeat_10_fold_5_metrics.csv,1,2,resnet18,"(0.1, 1]",C5,Sensitivity at 99% Specificity,0.9736842105263158
/scratchc/nrlab/wang04/ulyses_results_iteration/iteration_3_merge_below_3/cnn_model/cnn14/plasma_tp1_0.1x_model_C5/roc_curve_resnet18_tf_0.1_1/nested_cv_random/resnet18/repeat_10_fold_5_metrics.csv,1,2,resnet18,"(0.1, 1]",C5,PPV at 99% Specificity,1
/scratchc/nrlab/wang04/ulyses_results_iteration/iteration_3_merge_below_3/cnn_model/cnn14/plasma_tp1_0.1x_model_C5/roc_curve_resnet18_tf_0.1_1/nested_cv_random/resnet18/repeat_10_fold_5_metrics.csv,1,2,resnet18,"(0.1, 1]",C5,Accuracy at 99% Specificity,0.9818421052631578
/scratchc/nrlab/wang04/ulyses_results_iteration/iteration_3_merge_below_3/cnn_model/cnn14/plasma_tp1_0.1x_model_C5/roc_curve_resnet18_tf_0.1_1/nested_cv_random/resnet18/repeat_10_fold_5_metrics.csv,1,2,resnet18,"(0.1, 1]",C5,F1 at 99% Specificity,0.9866666666666668
/scratchc/nrlab/wang04/ulyses_results_iteration/iteration_3_merge_below_3/cnn_model/cnn14/plasma_tp1_0.1x_model_C5/roc_curve_resnet18_tf_0.1_1/nested_cv_random/resnet18/repeat_10_fold_5_metrics.csv,1,2,resnet18,"(0.1, 1]",C5,Sensitivity at 98% Specificity,0.9736842105263158
/scratchc/nrlab/wang04/ulyses_results_iteration/iteration_3_merge_below_3/cnn_model/cnn14/plasma_tp1_0.1x_model_C5/roc_curve_resnet18_tf_0.1_1/nested_cv_random/resnet18/repeat_10_fold_5_metrics.csv,1,2,resnet18,"(0.1, 1]",C5,PPV at 98% Specificity,1
/scratchc/nrlab/wang04/ulyses_results_iteration/iteration_3_merge_below_3/cnn_model/cnn14/plasma_tp1_0.1x_model_C5/roc_curve_resnet18_tf_0.1_1/nested_cv_random/resnet18/repeat_10_fold_5_metrics.csv,1,2,resnet18,"(0.1, 1]",C5,Accuracy at 98% Specificity,0.976842105263158
/scratchc/nrlab/wang04/ulyses_results_iteration/iteration_3_merge_below_3/cnn_model/cnn14/plasma_tp1_0.1x_model_C5/roc_curve_resnet18_tf_0.1_1/nested_cv_random/resnet18/repeat_10_fold_5_metrics.csv,1,2,resnet18,"(0.1, 1]",C5,F1 at 98% Specificity,0.9866666666666668
/scratchc/nrlab/wang04/ulyses_results_iteration/iteration_3_merge_below_3/cnn_model/cnn14/plasma_tp1_0.1x_model_C5/roc_curve_resnet18_tf_0.1_1/nested_cv_random/resnet18/repeat_10_fold_5_metrics.csv,1,2,resnet18,"(0.1, 1]",C5,Sensitivity at 95% Specificity,0.9736842105263158
/scratchc/nrlab/wang04/ulyses_results_iteration/iteration_3_merge_below_3/cnn_model/cnn14/plasma_tp1_0.1x_model_C5/roc_curve_resnet18_tf_0.1_1/nested_cv_random/resnet18/repeat_10_fold_5_metrics.csv,1,2,resnet18,"(0.1, 1]",C5,PPV at 95% Specificity,1
/scratchc/nrlab/wang04/ulyses_results_iteration/iteration_3_merge_below_3/cnn_model/cnn14/plasma_tp1_0.1x_model_C5/roc_curve_resnet18_tf_0.1_1/nested_cv_random/resnet18/repeat_10_fold_5_metrics.csv,1,2,resnet18,"(0.1, 1]",C5,Accuracy at 95% Specificity,0.9618421052631578
/scratchc/nrlab/wang04/ulyses_results_iteration/iteration_3_merge_below_3/cnn_model/cnn14/plasma_tp1_0.1x_model_C5/roc_curve_resnet18_tf_0.1_1/nested_cv_random/resnet18/repeat_10_fold_5_metrics.csv,1,2,resnet18,"(0.1, 1]",C5,F1 at 95% Specificity,0.9866666666666668
/scratchc/nrlab/wang04/ulyses_results_iteration/iteration_3_merge_below_3/cnn_model/cnn14/plasma_tp1_0.1x_model_C5/roc_curve_resnet18_tf_0.1_1/nested_cv_random/resnet18/repeat_10_fold_5_metrics.csv,2,1,resnet18,"(0.1, 1]",C5,AUROC,0.9995798319327732
/scratchc/nrlab/wang04/ulyses_results_iteration/iteration_3_merge_below_3/cnn_model/cnn14/plasma_tp1_0.1x_model_C5/roc_curve_resnet18_tf_0.1_1/nested_cv_random/resnet18/repeat_10_fold_5_metrics.csv,2,1,resnet18,"(0.1, 1]",C5,AUPRC,0.9992063492063492
/scratchc/nrlab/wang04/ulyses_results_iteration/iteration_3_merge_below_3/cnn_model/cnn14/plasma_tp1_0.1x_model_C5/roc_curve_resnet18_tf_0.1_1/nested_cv_random/resnet18/repeat_10_fold_5_metrics.csv,2,1,resnet18,"(0.1, 1]",C5,Sensitivity at 99% Specificity,0.9714285714285714
/scratchc/nrlab/wang04/ulyses_results_iteration/iteration_3_merge_below_3/cnn_model/cnn14/plasma_tp1_0.1x_model_C5/roc_curve_resnet18_tf_0.1_1/nested_cv_random/resnet18/repeat_10_fold_5_metrics.csv,2,1,resnet18,"(0.1, 1]",C5,PPV at 99% Specificity,1
/scratchc/nrlab/wang04/ulyses_results_iteration/iteration_3_merge_below_3/cnn_model/cnn14/plasma_tp1_0.1x_model_C5/roc_curve_resnet18_tf_0.1_1/nested_cv_random/resnet18/repeat_10_fold_5_metrics.csv,2,1,resnet18,"(0.1, 1]",C5,Accuracy at 99% Specificity,0.9807142857142856
/scratchc/nrlab/wang04/ulyses_results_iteration/iteration_3_merge_below_3/cnn_model/cnn14/plasma_tp1_0.1x_model_C5/roc_curve_resnet18_tf_0.1_1/nested_cv_random/resnet18/repeat_10_fold_5_metrics.csv,2,1,resnet18,"(0.1, 1]",C5,F1 at 99% Specificity,0.9855072463768116
/scratchc/nrlab/wang04/ulyses_results_iteration/iteration_3_merge_below_3/cnn_model/cnn14/plasma_tp1_0.1x_model_C5/roc_curve_resnet18_tf_0.1_1/nested_cv_random/resnet18/repeat_10_fold_5_metrics.csv,2,1,resnet18,"(0.1, 1]",C5,Sensitivity at 98% Specificity,0.9714285714285714
/scratchc/nrlab/wang04/ulyses_results_iteration/iteration_3_merge_below_3/cnn_model/cnn14/plasma_tp1_0.1x_model_C5/roc_curve_resnet18_tf_0.1_1/nested_cv_random/resnet18/repeat_10_fold_5_metrics.csv,2,1,resnet18,"(0.1, 1]",C5,PPV at 98% Specificity,1
/scratchc/nrlab/wang04/ulyses_results_iteration/iteration_3_merge_below_3/cnn_model/cnn14/plasma_tp1_0.1x_model_C5/roc_curve_resnet18_tf_0.1_1/nested_cv_random/resnet18/repeat_10_fold_5_metrics.csv,2,1,resnet18,"(0.1, 1]",C5,Accuracy at 98% Specificity,0.9757142857142858
/scratchc/nrlab/wang04/ulyses_results_iteration/iteration_3_merge_below_3/cnn_model/cnn14/plasma_tp1_0.1x_model_C5/roc_curve_resnet18_tf_0.1_1/nested_cv_random/resnet18/repeat_10_fold_5_metrics.csv,2,1,resnet18,"(0.1, 1]",C5,F1 at 98% Specificity,0.9855072463768116
/scratchc/nrlab/wang04/ulyses_results_iteration/iteration_3_merge_below_3/cnn_model/cnn14/plasma_tp1_0.1x_model_C5/roc_curve_resnet18_tf_0.1_1/nested_cv_random/resnet18/repeat_10_fold_5_metrics.csv,2,1,resnet18,"(0.1, 1]",C5,Sensitivity at 95% Specificity,0.9714285714285714
/scratchc/nrlab/wang04/ulyses_results_iteration/iteration_3_merge_below_3/cnn_model/cnn14/plasma_tp1_0.1x_model_C5/roc_curve_resnet18_tf_0.1_1/nested_cv_random/resnet18/repeat_10_fold_5_metrics.csv,2,1,resnet18,"(0.1, 1]",C5,PPV at 95% Specificity,1
/scratchc/nrlab/wang04/ulyses_results_iteration/iteration_3_merge_below_3/cnn_model/cnn14/plasma_tp1_0.1x_model_C5/roc_curve_resnet18_tf_0.1_1/nested_cv_random/resnet18/repeat_10_fold_5_metrics.csv,2,1,resnet18,"(0.1, 1]",C5,Accuracy at 95% Specificity,0.9607142857142856
/scratchc/nrlab/wang04/ulyses_results_iteration/iteration_3_merge_below_3/cnn_model/cnn14/plasma_tp1_0.1x_model_C5/roc_curve_resnet18_tf_0.1_1/nested_cv_random/resnet18/repeat_10_fold_5_metrics.csv,2,1,resnet18,"(0.1, 1]",C5,F1 at 95% Specificity,0.9855072463768116
/scratchc/nrlab/wang04/ulyses_results_iteration/iteration_3_merge_below_3/cnn_model/cnn14/plasma_tp1_0.1x_model_C5/roc_curve_resnet18_tf_0.1_1/nested_cv_random/resnet18/repeat_10_fold_5_metrics.csv,2,3,resnet18,"(0.1, 1]",C5,AUROC,0.998499061913696
/scratchc/nrlab/wang04/ulyses_results_iteration/iteration_3_merge_below_3/cnn_model/cnn14/plasma_tp1_0.1x_model_C5/roc_curve_resnet18_tf_0.1_1/nested_cv_random/resnet18/repeat_10_fold_5_metrics.csv,2,3,resnet18,"(0.1, 1]",C5,AUPRC,0.997660929955868
/scratchc/nrlab/wang04/ulyses_results_iteration/iteration_3_merge_below_3/cnn_model/cnn14/plasma_tp1_0.1x_model_C5/roc_curve_resnet18_tf_0.1_1/nested_cv_random/resnet18/repeat_10_fold_5_metrics.csv,2,3,resnet18,"(0.1, 1]",C5,Sensitivity at 99% Specificity,0.926829268292683
/scratchc/nrlab/wang04/ulyses_results_iteration/iteration_3_merge_below_3/cnn_model/cnn14/plasma_tp1_0.1x_model_C5/roc_curve_resnet18_tf_0.1_1/nested_cv_random/resnet18/repeat_10_fold_5_metrics.csv,2,3,resnet18,"(0.1, 1]",C5,PPV at 99% Specificity,1
/scratchc/nrlab/wang04/ulyses_results_iteration/iteration_3_merge_below_3/cnn_model/cnn14/plasma_tp1_0.1x_model_C5/roc_curve_resnet18_tf_0.1_1/nested_cv_random/resnet18/repeat_10_fold_5_metrics.csv,2,3,resnet18,"(0.1, 1]",C5,Accuracy at 99% Specificity,0.9584146341463416
/scratchc/nrlab/wang04/ulyses_results_iteration/iteration_3_merge_below_3/cnn_model/cnn14/plasma_tp1_0.1x_model_C5/roc_curve_resnet18_tf_0.1_1/nested_cv_random/resnet18/repeat_10_fold_5_metrics.csv,2,3,resnet18,"(0.1, 1]",C5,F1 at 99% Specificity,0.9620253164556962
/scratchc/nrlab/wang04/ulyses_results_iteration/iteration_3_merge_below_3/cnn_model/cnn14/plasma_tp1_0.1x_model_C5/roc_curve_resnet18_tf_0.1_1/nested_cv_random/resnet18/repeat_10_fold_5_metrics.csv,2,3,resnet18,"(0.1, 1]",C5,Sensitivity at 98% Specificity,0.926829268292683
/scratchc/nrlab/wang04/ulyses_results_iteration/iteration_3_merge_below_3/cnn_model/cnn14/plasma_tp1_0.1x_model_C5/roc_curve_resnet18_tf_0.1_1/nested_cv_random/resnet18/repeat_10_fold_5_metrics.csv,2,3,resnet18,"(0.1, 1]",C5,PPV at 98% Specificity,1
/scratchc/nrlab/wang04/ulyses_results_iteration/iteration_3_merge_below_3/cnn_model/cnn14/plasma_tp1_0.1x_model_C5/roc_curve_resnet18_tf_0.1_1/nested_cv_random/resnet18/repeat_10_fold_5_metrics.csv,2,3,resnet18,"(0.1, 1]",C5,Accuracy at 98% Specificity,0.9534146341463414
/scratchc/nrlab/wang04/ulyses_results_iteration/iteration_3_merge_below_3/cnn_model/cnn14/plasma_tp1_0.1x_model_C5/roc_curve_resnet18_tf_0.1_1/nested_cv_random/resnet18/repeat_10_fold_5_metrics.csv,2,3,resnet18,"(0.1, 1]",C5,F1 at 98% Specificity,0.9620253164556962
/scratchc/nrlab/wang04/ulyses_results_iteration/iteration_3_merge_below_3/cnn_model/cnn14/plasma_tp1_0.1x_model_C5/roc_curve_resnet18_tf_0.1_1/nested_cv_random/resnet18/repeat_10_fold_5_metrics.csv,2,3,resnet18,"(0.1, 1]",C5,Sensitivity at 95% Specificity,0.975609756097561
/scratchc/nrlab/wang04/ulyses_results_iteration/iteration_3_merge_below_3/cnn_model/cnn14/plasma_tp1_0.1x_model_C5/roc_curve_resnet18_tf_0.1_1/nested_cv_random/resnet18/repeat_10_fold_5_metrics.csv,2,3,resnet18,"(0.1, 1]",C5,PPV at 95% Specificity,0.975609756097561
/scratchc/nrlab/wang04/ulyses_results_iteration/iteration_3_merge_below_3/cnn_model/cnn14/plasma_tp1_0.1x_model_C5/roc_curve_resnet18_tf_0.1_1/nested_cv_random/resnet18/repeat_10_fold_5_metrics.csv,2,3,resnet18,"(0.1, 1]",C5,Accuracy at 95% Specificity,0.955497185741088
/scratchc/nrlab/wang04/ulyses_results_iteration/iteration_3_merge_below_3/cnn_model/cnn14/plasma_tp1_0.1x_model_C5/roc_curve_resnet18_tf_0.1_1/nested_cv_random/resnet18/repeat_10_fold_5_metrics.csv,2,3,resnet18,"(0.1, 1]",C5,F1 at 95% Specificity,0.975609756097561
/scratchc/nrlab/wang04/ulyses_results_iteration/iteration_3_merge_below_3/cnn_model/cnn14/plasma_tp1_0.1x_model_C5/roc_curve_resnet18_tf_0.1_1/nested_cv_random/resnet18/repeat_10_fold_5_metrics.csv,3,5,resnet18,"(0.1, 1]",C5,AUROC,0.9996220710506424
/scratchc/nrlab/wang04/ulyses_results_iteration/iteration_3_merge_below_3/cnn_model/cnn14/plasma_tp1_0.1x_model_C5/roc_curve_resnet18_tf_0.1_1/nested_cv_random/resnet18/repeat_10_fold_5_metrics.csv,3,5,resnet18,"(0.1, 1]",C5,AUPRC,0.9994462901439648
/scratchc/nrlab/wang04/ulyses_results_iteration/iteration_3_merge_below_3/cnn_model/cnn14/plasma_tp1_0.1x_model_C5/roc_curve_resnet18_tf_0.1_1/nested_cv_random/resnet18/repeat_10_fold_5_metrics.csv,3,5,resnet18,"(0.1, 1]",C5,Sensitivity at 99% Specificity,0.9761904761904762
/scratchc/nrlab/wang04/ulyses_results_iteration/iteration_3_merge_below_3/cnn_model/cnn14/plasma_tp1_0.1x_model_C5/roc_curve_resnet18_tf_0.1_1/nested_cv_random/resnet18/repeat_10_fold_5_metrics.csv,3,5,resnet18,"(0.1, 1]",C5,PPV at 99% Specificity,1
/scratchc/nrlab/wang04/ulyses_results_iteration/iteration_3_merge_below_3/cnn_model/cnn14/plasma_tp1_0.1x_model_C5/roc_curve_resnet18_tf_0.1_1/nested_cv_random/resnet18/repeat_10_fold_5_metrics.csv,3,5,resnet18,"(0.1, 1]",C5,Accuracy at 99% Specificity,0.983095238095238
/scratchc/nrlab/wang04/ulyses_results_iteration/iteration_3_merge_below_3/cnn_model/cnn14/plasma_tp1_0.1x_model_C5/roc_curve_resnet18_tf_0.1_1/nested_cv_random/resnet18/repeat_10_fold_5_metrics.csv,3,5,resnet18,"(0.1, 1]",C5,F1 at 99% Specificity,0.9879518072289156
/scratchc/nrlab/wang04/ulyses_results_iteration/iteration_3_merge_below_3/cnn_model/cnn14/plasma_tp1_0.1x_model_C5/roc_curve_resnet18_tf_0.1_1/nested_cv_random/resnet18/repeat_10_fold_5_metrics.csv,3,5,resnet18,"(0.1, 1]",C5,Sensitivity at 98% Specificity,0.9761904761904762
/scratchc/nrlab/wang04/ulyses_results_iteration/iteration_3_merge_below_3/cnn_model/cnn14/plasma_tp1_0.1x_model_C5/roc_curve_resnet18_tf_0.1_1/nested_cv_random/resnet18/repeat_10_fold_5_metrics.csv,3,5,resnet18,"(0.1, 1]",C5,PPV at 98% Specificity,1
/scratchc/nrlab/wang04/ulyses_results_iteration/iteration_3_merge_below_3/cnn_model/cnn14/plasma_tp1_0.1x_model_C5/roc_curve_resnet18_tf_0.1_1/nested_cv_random/resnet18/repeat_10_fold_5_metrics.csv,3,5,resnet18,"(0.1, 1]",C5,Accuracy at 98% Specificity,0.978095238095238
/scratchc/nrlab/wang04/ulyses_results_iteration/iteration_3_merge_below_3/cnn_model/cnn14/plasma_tp1_0.1x_model_C5/roc_curve_resnet18_tf_0.1_1/nested_cv_random/resnet18/repeat_10_fold_5_metrics.csv,3,5,resnet18,"(0.1, 1]",C5,F1 at 98% Specificity,0.9879518072289156
/scratchc/nrlab/wang04/ulyses_results_iteration/iteration_3_merge_below_3/cnn_model/cnn14/plasma_tp1_0.1x_model_C5/roc_curve_resnet18_tf_0.1_1/nested_cv_random/resnet18/repeat_10_fold_5_metrics.csv,3,5,resnet18,"(0.1, 1]",C5,Sensitivity at 95% Specificity,0.9761904761904762
/scratchc/nrlab/wang04/ulyses_results_iteration/iteration_3_merge_below_3/cnn_model/cnn14/plasma_tp1_0.1x_model_C5/roc_curve_resnet18_tf_0.1_1/nested_cv_random/resnet18/repeat_10_fold_5_metrics.csv,3,5,resnet18,"(0.1, 1]",C5,PPV at 95% Specificity,1
/scratchc/nrlab/wang04/ulyses_results_iteration/iteration_3_merge_below_3/cnn_model/cnn14/plasma_tp1_0.1x_model_C5/roc_curve_resnet18_tf_0.1_1/nested_cv_random/resnet18/repeat_10_fold_5_metrics.csv,3,5,resnet18,"(0.1, 1]",C5,Accuracy at 95% Specificity,0.963095238095238
/scratchc/nrlab/wang04/ulyses_results_iteration/iteration_3_merge_below_3/cnn_model/cnn14/plasma_tp1_0.1x_model_C5/roc_curve_resnet18_tf_0.1_1/nested_cv_random/resnet18/repeat_10_fold_5_metrics.csv,3,5,resnet18,"(0.1, 1]",C5,F1 at 95% Specificity,0.9879518072289156
/scratchc/nrlab/wang04/ulyses_results_iteration/iteration_3_merge_below_3/cnn_model/cnn14/plasma_tp1_0.1x_model_C5/roc_curve_resnet18_tf_0.1_1/nested_cv_random/resnet18/repeat_10_fold_5_metrics.csv,4,1,resnet18,"(0.1, 1]",C5,AUROC,0.9984051036682616
/scratchc/nrlab/wang04/ulyses_results_iteration/iteration_3_merge_below_3/cnn_model/cnn14/plasma_tp1_0.1x_model_C5/roc_curve_resnet18_tf_0.1_1/nested_cv_random/resnet18/repeat_10_fold_5_metrics.csv,4,1,resnet18,"(0.1, 1]",C5,AUPRC,0.9973819336531315
/scratchc/nrlab/wang04/ulyses_results_iteration/iteration_3_merge_below_3/cnn_model/cnn14/plasma_tp1_0.1x_model_C5/roc_curve_resnet18_tf_0.1_1/nested_cv_random/resnet18/repeat_10_fold_5_metrics.csv,4,1,resnet18,"(0.1, 1]",C5,Sensitivity at 99% Specificity,0.9473684210526316
/scratchc/nrlab/wang04/ulyses_results_iteration/iteration_3_merge_below_3/cnn_model/cnn14/plasma_tp1_0.1x_model_C5/roc_curve_resnet18_tf_0.1_1/nested_cv_random/resnet18/repeat_10_fold_5_metrics.csv,4,1,resnet18,"(0.1, 1]",C5,PPV at 99% Specificity,1
/scratchc/nrlab/wang04/ulyses_results_iteration/iteration_3_merge_below_3/cnn_model/cnn14/plasma_tp1_0.1x_model_C5/roc_curve_resnet18_tf_0.1_1/nested_cv_random/resnet18/repeat_10_fold_5_metrics.csv,4,1,resnet18,"(0.1, 1]",C5,Accuracy at 99% Specificity,0.9686842105263158
/scratchc/nrlab/wang04/ulyses_results_iteration/iteration_3_merge_below_3/cnn_model/cnn14/plasma_tp1_0.1x_model_C5/roc_curve_resnet18_tf_0.1_1/nested_cv_random/resnet18/repeat_10_fold_5_metrics.csv,4,1,resnet18,"(0.1, 1]",C5,F1 at 99% Specificity,0.972972972972973
/scratchc/nrlab/wang04/ulyses_results_iteration/iteration_3_merge_below_3/cnn_model/cnn14/plasma_tp1_0.1x_model_C5/roc_curve_resnet18_tf_0.1_1/nested_cv_random/resnet18/repeat_10_fold_5_metrics.csv,4,1,resnet18,"(0.1, 1]",C5,Sensitivity at 98% Specificity,0.9473684210526316
/scratchc/nrlab/wang04/ulyses_results_iteration/iteration_3_merge_below_3/cnn_model/cnn14/plasma_tp1_0.1x_model_C5/roc_curve_resnet18_tf_0.1_1/nested_cv_random/resnet18/repeat_10_fold_5_metrics.csv,4,1,resnet18,"(0.1, 1]",C5,PPV at 98% Specificity,1
/scratchc/nrlab/wang04/ulyses_results_iteration/iteration_3_merge_below_3/cnn_model/cnn14/plasma_tp1_0.1x_model_C5/roc_curve_resnet18_tf_0.1_1/nested_cv_random/resnet18/repeat_10_fold_5_metrics.csv,4,1,resnet18,"(0.1, 1]",C5,Accuracy at 98% Specificity,0.9636842105263156
/scratchc/nrlab/wang04/ulyses_results_iteration/iteration_3_merge_below_3/cnn_model/cnn14/plasma_tp1_0.1x_model_C5/roc_curve_resnet18_tf_0.1_1/nested_cv_random/resnet18/repeat_10_fold_5_metrics.csv,4,1,resnet18,"(0.1, 1]",C5,F1 at 98% Specificity,0.972972972972973
/scratchc/nrlab/wang04/ulyses_results_iteration/iteration_3_merge_below_3/cnn_model/cnn14/plasma_tp1_0.1x_model_C5/roc_curve_resnet18_tf_0.1_1/nested_cv_random/resnet18/repeat_10_fold_5_metrics.csv,4,1,resnet18,"(0.1, 1]",C5,Sensitivity at 95% Specificity,0.9736842105263158
/scratchc/nrlab/wang04/ulyses_results_iteration/iteration_3_merge_below_3/cnn_model/cnn14/plasma_tp1_0.1x_model_C5/roc_curve_resnet18_tf_0.1_1/nested_cv_random/resnet18/repeat_10_fold_5_metrics.csv,4,1,resnet18,"(0.1, 1]",C5,PPV at 95% Specificity,0.9487179487179488
/scratchc/nrlab/wang04/ulyses_results_iteration/iteration_3_merge_below_3/cnn_model/cnn14/plasma_tp1_0.1x_model_C5/roc_curve_resnet18_tf_0.1_1/nested_cv_random/resnet18/repeat_10_fold_5_metrics.csv,4,1,resnet18,"(0.1, 1]",C5,Accuracy at 95% Specificity,0.9474481658692184
/scratchc/nrlab/wang04/ulyses_results_iteration/iteration_3_merge_below_3/cnn_model/cnn14/plasma_tp1_0.1x_model_C5/roc_curve_resnet18_tf_0.1_1/nested_cv_random/resnet18/repeat_10_fold_5_metrics.csv,4,1,resnet18,"(0.1, 1]",C5,F1 at 95% Specificity,0.961038961038961
/scratchc/nrlab/wang04/ulyses_results_iteration/iteration_3_merge_below_3/cnn_model/cnn14/plasma_tp1_0.1x_model_C5/roc_curve_resnet18_tf_0.1_1/nested_cv_random/resnet18/repeat_10_fold_5_metrics.csv,4,3,resnet18,"(0.1, 1]",C5,AUROC,0.9953542392566782
/scratchc/nrlab/wang04/ulyses_results_iteration/iteration_3_merge_below_3/cnn_model/cnn14/plasma_tp1_0.1x_model_C5/roc_curve_resnet18_tf_0.1_1/nested_cv_random/resnet18/repeat_10_fold_5_metrics.csv,4,3,resnet18,"(0.1, 1]",C5,AUPRC,0.99424564133071
/scratchc/nrlab/wang04/ulyses_results_iteration/iteration_3_merge_below_3/cnn_model/cnn14/plasma_tp1_0.1x_model_C5/roc_curve_resnet18_tf_0.1_1/nested_cv_random/resnet18/repeat_10_fold_5_metrics.csv,4,3,resnet18,"(0.1, 1]",C5,Sensitivity at 99% Specificity,0.951219512195122
/scratchc/nrlab/wang04/ulyses_results_iteration/iteration_3_merge_below_3/cnn_model/cnn14/plasma_tp1_0.1x_model_C5/roc_curve_resnet18_tf_0.1_1/nested_cv_random/resnet18/repeat_10_fold_5_metrics.csv,4,3,resnet18,"(0.1, 1]",C5,PPV at 99% Specificity,1
/scratchc/nrlab/wang04/ulyses_results_iteration/iteration_3_merge_below_3/cnn_model/cnn14/plasma_tp1_0.1x_model_C5/roc_curve_resnet18_tf_0.1_1/nested_cv_random/resnet18/repeat_10_fold_5_metrics.csv,4,3,resnet18,"(0.1, 1]",C5,Accuracy at 99% Specificity,0.970609756097561
/scratchc/nrlab/wang04/ulyses_results_iteration/iteration_3_merge_below_3/cnn_model/cnn14/plasma_tp1_0.1x_model_C5/roc_curve_resnet18_tf_0.1_1/nested_cv_random/resnet18/repeat_10_fold_5_metrics.csv,4,3,resnet18,"(0.1, 1]",C5,F1 at 99% Specificity,0.975
/scratchc/nrlab/wang04/ulyses_results_iteration/iteration_3_merge_below_3/cnn_model/cnn14/plasma_tp1_0.1x_model_C5/roc_curve_resnet18_tf_0.1_1/nested_cv_random/resnet18/repeat_10_fold_5_metrics.csv,4,3,resnet18,"(0.1, 1]",C5,Sensitivity at 98% Specificity,0.951219512195122
/scratchc/nrlab/wang04/ulyses_results_iteration/iteration_3_merge_below_3/cnn_model/cnn14/plasma_tp1_0.1x_model_C5/roc_curve_resnet18_tf_0.1_1/nested_cv_random/resnet18/repeat_10_fold_5_metrics.csv,4,3,resnet18,"(0.1, 1]",C5,PPV at 98% Specificity,1
/scratchc/nrlab/wang04/ulyses_results_iteration/iteration_3_merge_below_3/cnn_model/cnn14/plasma_tp1_0.1x_model_C5/roc_curve_resnet18_tf_0.1_1/nested_cv_random/resnet18/repeat_10_fold_5_metrics.csv,4,3,resnet18,"(0.1, 1]",C5,Accuracy at 98% Specificity,0.965609756097561
/scratchc/nrlab/wang04/ulyses_results_iteration/iteration_3_merge_below_3/cnn_model/cnn14/plasma_tp1_0.1x_model_C5/roc_curve_resnet18_tf_0.1_1/nested_cv_random/resnet18/repeat_10_fold_5_metrics.csv,4,3,resnet18,"(0.1, 1]",C5,F1 at 98% Specificity,0.975
/scratchc/nrlab/wang04/ulyses_results_iteration/iteration_3_merge_below_3/cnn_model/cnn14/plasma_tp1_0.1x_model_C5/roc_curve_resnet18_tf_0.1_1/nested_cv_random/resnet18/repeat_10_fold_5_metrics.csv,4,3,resnet18,"(0.1, 1]",C5,Sensitivity at 95% Specificity,0.951219512195122
/scratchc/nrlab/wang04/ulyses_results_iteration/iteration_3_merge_below_3/cnn_model/cnn14/plasma_tp1_0.1x_model_C5/roc_curve_resnet18_tf_0.1_1/nested_cv_random/resnet18/repeat_10_fold_5_metrics.csv,4,3,resnet18,"(0.1, 1]",C5,PPV at 95% Specificity,1
/scratchc/nrlab/wang04/ulyses_results_iteration/iteration_3_merge_below_3/cnn_model/cnn14/plasma_tp1_0.1x_model_C5/roc_curve_resnet18_tf_0.1_1/nested_cv_random/resnet18/repeat_10_fold_5_metrics.csv,4,3,resnet18,"(0.1, 1]",C5,Accuracy at 95% Specificity,0.9506097560975608
/scratchc/nrlab/wang04/ulyses_results_iteration/iteration_3_merge_below_3/cnn_model/cnn14/plasma_tp1_0.1x_model_C5/roc_curve_resnet18_tf_0.1_1/nested_cv_random/resnet18/repeat_10_fold_5_metrics.csv,4,3,resnet18,"(0.1, 1]",C5,F1 at 95% Specificity,0.975
/scratchc/nrlab/wang04/ulyses_results_iteration/iteration_3_merge_below_3/cnn_model/cnn14/plasma_tp1_0.1x_model_C5/roc_curve_resnet18_tf_0.1_1/nested_cv_random/resnet18/repeat_10_fold_5_metrics.csv,5,4,resnet18,"(0.1, 1]",C5,AUROC,0.999624765478424
/scratchc/nrlab/wang04/ulyses_results_iteration/iteration_3_merge_below_3/cnn_model/cnn14/plasma_tp1_0.1x_model_C5/roc_curve_resnet18_tf_0.1_1/nested_cv_random/resnet18/repeat_10_fold_5_metrics.csv,5,4,resnet18,"(0.1, 1]",C5,AUPRC,0.9994192799070848
/scratchc/nrlab/wang04/ulyses_results_iteration/iteration_3_merge_below_3/cnn_model/cnn14/plasma_tp1_0.1x_model_C5/roc_curve_resnet18_tf_0.1_1/nested_cv_random/resnet18/repeat_10_fold_5_metrics.csv,5,4,resnet18,"(0.1, 1]",C5,Sensitivity at 99% Specificity,0.975609756097561
/scratchc/nrlab/wang04/ulyses_results_iteration/iteration_3_merge_below_3/cnn_model/cnn14/plasma_tp1_0.1x_model_C5/roc_curve_resnet18_tf_0.1_1/nested_cv_random/resnet18/repeat_10_fold_5_metrics.csv,5,4,resnet18,"(0.1, 1]",C5,PPV at 99% Specificity,1
/scratchc/nrlab/wang04/ulyses_results_iteration/iteration_3_merge_below_3/cnn_model/cnn14/plasma_tp1_0.1x_model_C5/roc_curve_resnet18_tf_0.1_1/nested_cv_random/resnet18/repeat_10_fold_5_metrics.csv,5,4,resnet18,"(0.1, 1]",C5,Accuracy at 99% Specificity,0.9828048780487804
/scratchc/nrlab/wang04/ulyses_results_iteration/iteration_3_merge_below_3/cnn_model/cnn14/plasma_tp1_0.1x_model_C5/roc_curve_resnet18_tf_0.1_1/nested_cv_random/resnet18/repeat_10_fold_5_metrics.csv,5,4,resnet18,"(0.1, 1]",C5,F1 at 99% Specificity,0.9876543209876544
/scratchc/nrlab/wang04/ulyses_results_iteration/iteration_3_merge_below_3/cnn_model/cnn14/plasma_tp1_0.1x_model_C5/roc_curve_resnet18_tf_0.1_1/nested_cv_random/resnet18/repeat_10_fold_5_metrics.csv,5,4,resnet18,"(0.1, 1]",C5,Sensitivity at 98% Specificity,0.975609756097561
/scratchc/nrlab/wang04/ulyses_results_iteration/iteration_3_merge_below_3/cnn_model/cnn14/plasma_tp1_0.1x_model_C5/roc_curve_resnet18_tf_0.1_1/nested_cv_random/resnet18/repeat_10_fold_5_metrics.csv,5,4,resnet18,"(0.1, 1]",C5,PPV at 98% Specificity,1
/scratchc/nrlab/wang04/ulyses_results_iteration/iteration_3_merge_below_3/cnn_model/cnn14/plasma_tp1_0.1x_model_C5/roc_curve_resnet18_tf_0.1_1/nested_cv_random/resnet18/repeat_10_fold_5_metrics.csv,5,4,resnet18,"(0.1, 1]",C5,Accuracy at 98% Specificity,0.9778048780487804
/scratchc/nrlab/wang04/ulyses_results_iteration/iteration_3_merge_below_3/cnn_model/cnn14/plasma_tp1_0.1x_model_C5/roc_curve_resnet18_tf_0.1_1/nested_cv_random/resnet18/repeat_10_fold_5_metrics.csv,5,4,resnet18,"(0.1, 1]",C5,F1 at 98% Specificity,0.9876543209876544
/scratchc/nrlab/wang04/ulyses_results_iteration/iteration_3_merge_below_3/cnn_model/cnn14/plasma_tp1_0.1x_model_C5/roc_curve_resnet18_tf_0.1_1/nested_cv_random/resnet18/repeat_10_fold_5_metrics.csv,5,4,resnet18,"(0.1, 1]",C5,Sensitivity at 95% Specificity,0.975609756097561
/scratchc/nrlab/wang04/ulyses_results_iteration/iteration_3_merge_below_3/cnn_model/cnn14/plasma_tp1_0.1x_model_C5/roc_curve_resnet18_tf_0.1_1/nested_cv_random/resnet18/repeat_10_fold_5_metrics.csv,5,4,resnet18,"(0.1, 1]",C5,PPV at 95% Specificity,1
/scratchc/nrlab/wang04/ulyses_results_iteration/iteration_3_merge_below_3/cnn_model/cnn14/plasma_tp1_0.1x_model_C5/roc_curve_resnet18_tf_0.1_1/nested_cv_random/resnet18/repeat_10_fold_5_metrics.csv,5,4,resnet18,"(0.1, 1]",C5,Accuracy at 95% Specificity,0.9628048780487805
/scratchc/nrlab/wang04/ulyses_results_iteration/iteration_3_merge_below_3/cnn_model/cnn14/plasma_tp1_0.1x_model_C5/roc_curve_resnet18_tf_0.1_1/nested_cv_random/resnet18/repeat_10_fold_5_metrics.csv,5,4,resnet18,"(0.1, 1]",C5,F1 at 95% Specificity,0.9876543209876544
/scratchc/nrlab/wang04/ulyses_results_iteration/iteration_3_merge_below_3/cnn_model/cnn14/plasma_tp1_0.1x_model_C5/roc_curve_resnet18_tf_0.1_1/nested_cv_random/resnet18/repeat_10_fold_5_metrics.csv,5,5,resnet18,"(0.1, 1]",C5,AUROC,0.980670611439842
/scratchc/nrlab/wang04/ulyses_results_iteration/iteration_3_merge_below_3/cnn_model/cnn14/plasma_tp1_0.1x_model_C5/roc_curve_resnet18_tf_0.1_1/nested_cv_random/resnet18/repeat_10_fold_5_metrics.csv,5,5,resnet18,"(0.1, 1]",C5,AUPRC,0.9797092589242457
/scratchc/nrlab/wang04/ulyses_results_iteration/iteration_3_merge_below_3/cnn_model/cnn14/plasma_tp1_0.1x_model_C5/roc_curve_resnet18_tf_0.1_1/nested_cv_random/resnet18/repeat_10_fold_5_metrics.csv,5,5,resnet18,"(0.1, 1]",C5,Sensitivity at 99% Specificity,0.9230769230769232
/scratchc/nrlab/wang04/ulyses_results_iteration/iteration_3_merge_below_3/cnn_model/cnn14/plasma_tp1_0.1x_model_C5/roc_curve_resnet18_tf_0.1_1/nested_cv_random/resnet18/repeat_10_fold_5_metrics.csv,5,5,resnet18,"(0.1, 1]",C5,PPV at 99% Specificity,1
/scratchc/nrlab/wang04/ulyses_results_iteration/iteration_3_merge_below_3/cnn_model/cnn14/plasma_tp1_0.1x_model_C5/roc_curve_resnet18_tf_0.1_1/nested_cv_random/resnet18/repeat_10_fold_5_metrics.csv,5,5,resnet18,"(0.1, 1]",C5,Accuracy at 99% Specificity,0.9565384615384616
/scratchc/nrlab/wang04/ulyses_results_iteration/iteration_3_merge_below_3/cnn_model/cnn14/plasma_tp1_0.1x_model_C5/roc_curve_resnet18_tf_0.1_1/nested_cv_random/resnet18/repeat_10_fold_5_metrics.csv,5,5,resnet18,"(0.1, 1]",C5,F1 at 99% Specificity,0.96
/scratchc/nrlab/wang04/ulyses_results_iteration/iteration_3_merge_below_3/cnn_model/cnn14/plasma_tp1_0.1x_model_C5/roc_curve_resnet18_tf_0.1_1/nested_cv_random/resnet18/repeat_10_fold_5_metrics.csv,5,5,resnet18,"(0.1, 1]",C5,Sensitivity at 98% Specificity,0.9230769230769232
/scratchc/nrlab/wang04/ulyses_results_iteration/iteration_3_merge_below_3/cnn_model/cnn14/plasma_tp1_0.1x_model_C5/roc_curve_resnet18_tf_0.1_1/nested_cv_random/resnet18/repeat_10_fold_5_metrics.csv,5,5,resnet18,"(0.1, 1]",C5,PPV at 98% Specificity,1
/scratchc/nrlab/wang04/ulyses_results_iteration/iteration_3_merge_below_3/cnn_model/cnn14/plasma_tp1_0.1x_model_C5/roc_curve_resnet18_tf_0.1_1/nested_cv_random/resnet18/repeat_10_fold_5_metrics.csv,5,5,resnet18,"(0.1, 1]",C5,Accuracy at 98% Specificity,0.9515384615384616
/scratchc/nrlab/wang04/ulyses_results_iteration/iteration_3_merge_below_3/cnn_model/cnn14/plasma_tp1_0.1x_model_C5/roc_curve_resnet18_tf_0.1_1/nested_cv_random/resnet18/repeat_10_fold_5_metrics.csv,5,5,resnet18,"(0.1, 1]",C5,F1 at 98% Specificity,0.96
/scratchc/nrlab/wang04/ulyses_results_iteration/iteration_3_merge_below_3/cnn_model/cnn14/plasma_tp1_0.1x_model_C5/roc_curve_resnet18_tf_0.1_1/nested_cv_random/resnet18/repeat_10_fold_5_metrics.csv,5,5,resnet18,"(0.1, 1]",C5,Sensitivity at 95% Specificity,0.9230769230769232
/scratchc/nrlab/wang04/ulyses_results_iteration/iteration_3_merge_below_3/cnn_model/cnn14/plasma_tp1_0.1x_model_C5/roc_curve_resnet18_tf_0.1_1/nested_cv_random/resnet18/repeat_10_fold_5_metrics.csv,5,5,resnet18,"(0.1, 1]",C5,PPV at 95% Specificity,1
/scratchc/nrlab/wang04/ulyses_results_iteration/iteration_3_merge_below_3/cnn_model/cnn14/plasma_tp1_0.1x_model_C5/roc_curve_resnet18_tf_0.1_1/nested_cv_random/resnet18/repeat_10_fold_5_metrics.csv,5,5,resnet18,"(0.1, 1]",C5,Accuracy at 95% Specificity,0.9365384615384617
/scratchc/nrlab/wang04/ulyses_results_iteration/iteration_3_merge_below_3/cnn_model/cnn14/plasma_tp1_0.1x_model_C5/roc_curve_resnet18_tf_0.1_1/nested_cv_random/resnet18/repeat_10_fold_5_metrics.csv,5,5,resnet18,"(0.1, 1]",C5,F1 at 95% Specificity,0.96
/scratchc/nrlab/wang04/ulyses_results_iteration/iteration_3_merge_below_3/cnn_model/cnn14/plasma_tp1_0.1x_model_C5/roc_curve_resnet18_tf_0.1_1/nested_cv_random/resnet18/repeat_10_fold_5_metrics.csv,6,3,resnet18,"(0.1, 1]",C5,AUROC,0.9934615384615384
/scratchc/nrlab/wang04/ulyses_results_iteration/iteration_3_merge_below_3/cnn_model/cnn14/plasma_tp1_0.1x_model_C5/roc_curve_resnet18_tf_0.1_1/nested_cv_random/resnet18/repeat_10_fold_5_metrics.csv,6,3,resnet18,"(0.1, 1]",C5,AUPRC,0.9922321428571428
/scratchc/nrlab/wang04/ulyses_results_iteration/iteration_3_merge_below_3/cnn_model/cnn14/plasma_tp1_0.1x_model_C5/roc_curve_resnet18_tf_0.1_1/nested_cv_random/resnet18/repeat_10_fold_5_metrics.csv,6,3,resnet18,"(0.1, 1]",C5,Sensitivity at 99% Specificity,0.95
/scratchc/nrlab/wang04/ulyses_results_iteration/iteration_3_merge_below_3/cnn_model/cnn14/plasma_tp1_0.1x_model_C5/roc_curve_resnet18_tf_0.1_1/nested_cv_random/resnet18/repeat_10_fold_5_metrics.csv,6,3,resnet18,"(0.1, 1]",C5,PPV at 99% Specificity,1
/scratchc/nrlab/wang04/ulyses_results_iteration/iteration_3_merge_below_3/cnn_model/cnn14/plasma_tp1_0.1x_model_C5/roc_curve_resnet18_tf_0.1_1/nested_cv_random/resnet18/repeat_10_fold_5_metrics.csv,6,3,resnet18,"(0.1, 1]",C5,Accuracy at 99% Specificity,0.97
/scratchc/nrlab/wang04/ulyses_results_iteration/iteration_3_merge_below_3/cnn_model/cnn14/plasma_tp1_0.1x_model_C5/roc_curve_resnet18_tf_0.1_1/nested_cv_random/resnet18/repeat_10_fold_5_metrics.csv,6,3,resnet18,"(0.1, 1]",C5,F1 at 99% Specificity,0.97435897435897445
/scratchc/nrlab/wang04/ulyses_results_iteration/iteration_3_merge_below_3/cnn_model/cnn14/plasma_tp1_0.1x_model_C5/roc_curve_resnet18_tf_0.1_1/nested_cv_random/resnet18/repeat_10_fold_5_metrics.csv,6,3,resnet18,"(0.1, 1]",C5,Sensitivity at 98% Specificity,0.95
/scratchc/nrlab/wang04/ulyses_results_iteration/iteration_3_merge_below_3/cnn_model/cnn14/plasma_tp1_0.1x_model_C5/roc_curve_resnet18_tf_0.1_1/nested_cv_random/resnet18/repeat_10_fold_5_metrics.csv,6,3,resnet18,"(0.1, 1]",C5,PPV at 98% Specificity,1
/scratchc/nrlab/wang04/ulyses_results_iteration/iteration_3_merge_below_3/cnn_model/cnn14/plasma_tp1_0.1x_model_C5/roc_curve_resnet18_tf_0.1_1/nested_cv_random/resnet18/repeat_10_fold_5_metrics.csv,6,3,resnet18,"(0.1, 1]",C5,Accuracy at 98% Specificity,0.965
/scratchc/nrlab/wang04/ulyses_results_iteration/iteration_3_merge_below_3/cnn_model/cnn14/plasma_tp1_0.1x_model_C5/roc_curve_resnet18_tf_0.1_1/nested_cv_random/resnet18/repeat_10_fold_5_metrics.csv,6,3,resnet18,"(0.1, 1]",C5,F1 at 98% Specificity,0.97435897435897445
/scratchc/nrlab/wang04/ulyses_results_iteration/iteration_3_merge_below_3/cnn_model/cnn14/plasma_tp1_0.1x_model_C5/roc_curve_resnet18_tf_0.1_1/nested_cv_random/resnet18/repeat_10_fold_5_metrics.csv,6,3,resnet18,"(0.1, 1]",C5,Sensitivity at 95% Specificity,0.95
/scratchc/nrlab/wang04/ulyses_results_iteration/iteration_3_merge_below_3/cnn_model/cnn14/plasma_tp1_0.1x_model_C5/roc_curve_resnet18_tf_0.1_1/nested_cv_random/resnet18/repeat_10_fold_5_metrics.csv,6,3,resnet18,"(0.1, 1]",C5,PPV at 95% Specificity,1
/scratchc/nrlab/wang04/ulyses_results_iteration/iteration_3_merge_below_3/cnn_model/cnn14/plasma_tp1_0.1x_model_C5/roc_curve_resnet18_tf_0.1_1/nested_cv_random/resnet18/repeat_10_fold_5_metrics.csv,6,3,resnet18,"(0.1, 1]",C5,Accuracy at 95% Specificity,0.95
/scratchc/nrlab/wang04/ulyses_results_iteration/iteration_3_merge_below_3/cnn_model/cnn14/plasma_tp1_0.1x_model_C5/roc_curve_resnet18_tf_0.1_1/nested_cv_random/resnet18/repeat_10_fold_5_metrics.csv,6,3,resnet18,"(0.1, 1]",C5,F1 at 95% Specificity,0.97435897435897445
/scratchc/nrlab/wang04/ulyses_results_iteration/iteration_3_merge_below_3/cnn_model/cnn14/plasma_tp1_0.1x_model_C5/roc_curve_resnet18_tf_0.1_1/nested_cv_random/resnet18/repeat_10_fold_5_metrics.csv,9,1,resnet18,"(0.1, 1]",C5,AUROC,0.9995904995904996
/scratchc/nrlab/wang04/ulyses_results_iteration/iteration_3_merge_below_3/cnn_model/cnn14/plasma_tp1_0.1x_model_C5/roc_curve_resnet18_tf_0.1_1/nested_cv_random/resnet18/repeat_10_fold_5_metrics.csv,9,1,resnet18,"(0.1, 1]",C5,AUPRC,0.9992887624466572
/scratchc/nrlab/wang04/ulyses_results_iteration/iteration_3_merge_below_3/cnn_model/cnn14/plasma_tp1_0.1x_model_C5/roc_curve_resnet18_tf_0.1_1/nested_cv_random/resnet18/repeat_10_fold_5_metrics.csv,9,1,resnet18,"(0.1, 1]",C5,Sensitivity at 99% Specificity,0.972972972972973
/scratchc/nrlab/wang04/ulyses_results_iteration/iteration_3_merge_below_3/cnn_model/cnn14/plasma_tp1_0.1x_model_C5/roc_curve_resnet18_tf_0.1_1/nested_cv_random/resnet18/repeat_10_fold_5_metrics.csv,9,1,resnet18,"(0.1, 1]",C5,PPV at 99% Specificity,1
/scratchc/nrlab/wang04/ulyses_results_iteration/iteration_3_merge_below_3/cnn_model/cnn14/plasma_tp1_0.1x_model_C5/roc_curve_resnet18_tf_0.1_1/nested_cv_random/resnet18/repeat_10_fold_5_metrics.csv,9,1,resnet18,"(0.1, 1]",C5,Accuracy at 99% Specificity,0.9814864864864864
/scratchc/nrlab/wang04/ulyses_results_iteration/iteration_3_merge_below_3/cnn_model/cnn14/plasma_tp1_0.1x_model_C5/roc_curve_resnet18_tf_0.1_1/nested_cv_random/resnet18/repeat_10_fold_5_metrics.csv,9,1,resnet18,"(0.1, 1]",C5,F1 at 99% Specificity,0.9863013698630136
/scratchc/nrlab/wang04/ulyses_results_iteration/iteration_3_merge_below_3/cnn_model/cnn14/plasma_tp1_0.1x_model_C5/roc_curve_resnet18_tf_0.1_1/nested_cv_random/resnet18/repeat_10_fold_5_metrics.csv,9,1,resnet18,"(0.1, 1]",C5,Sensitivity at 98% Specificity,0.972972972972973
/scratchc/nrlab/wang04/ulyses_results_iteration/iteration_3_merge_below_3/cnn_model/cnn14/plasma_tp1_0.1x_model_C5/roc_curve_resnet18_tf_0.1_1/nested_cv_random/resnet18/repeat_10_fold_5_metrics.csv,9,1,resnet18,"(0.1, 1]",C5,PPV at 98% Specificity,1
/scratchc/nrlab/wang04/ulyses_results_iteration/iteration_3_merge_below_3/cnn_model/cnn14/plasma_tp1_0.1x_model_C5/roc_curve_resnet18_tf_0.1_1/nested_cv_random/resnet18/repeat_10_fold_5_metrics.csv,9,1,resnet18,"(0.1, 1]",C5,Accuracy at 98% Specificity,0.9764864864864864
/scratchc/nrlab/wang04/ulyses_results_iteration/iteration_3_merge_below_3/cnn_model/cnn14/plasma_tp1_0.1x_model_C5/roc_curve_resnet18_tf_0.1_1/nested_cv_random/resnet18/repeat_10_fold_5_metrics.csv,9,1,resnet18,"(0.1, 1]",C5,F1 at 98% Specificity,0.9863013698630136
/scratchc/nrlab/wang04/ulyses_results_iteration/iteration_3_merge_below_3/cnn_model/cnn14/plasma_tp1_0.1x_model_C5/roc_curve_resnet18_tf_0.1_1/nested_cv_random/resnet18/repeat_10_fold_5_metrics.csv,9,1,resnet18,"(0.1, 1]",C5,Sensitivity at 95% Specificity,0.972972972972973
/scratchc/nrlab/wang04/ulyses_results_iteration/iteration_3_merge_below_3/cnn_model/cnn14/plasma_tp1_0.1x_model_C5/roc_curve_resnet18_tf_0.1_1/nested_cv_random/resnet18/repeat_10_fold_5_metrics.csv,9,1,resnet18,"(0.1, 1]",C5,PPV at 95% Specificity,1
/scratchc/nrlab/wang04/ulyses_results_iteration/iteration_3_merge_below_3/cnn_model/cnn14/plasma_tp1_0.1x_model_C5/roc_curve_resnet18_tf_0.1_1/nested_cv_random/resnet18/repeat_10_fold_5_metrics.csv,9,1,resnet18,"(0.1, 1]",C5,Accuracy at 95% Specificity,0.9614864864864864
/scratchc/nrlab/wang04/ulyses_results_iteration/iteration_3_merge_below_3/cnn_model/cnn14/plasma_tp1_0.1x_model_C5/roc_curve_resnet18_tf_0.1_1/nested_cv_random/resnet18/repeat_10_fold_5_metrics.csv,9,1,resnet18,"(0.1, 1]",C5,F1 at 95% Specificity,0.9863013698630136
/scratchc/nrlab/wang04/ulyses_results_iteration/iteration_3_merge_below_3/cnn_model/cnn14/plasma_tp1_0.1x_model_C5/roc_curve_resnet18_tf_0.1_1/nested_cv_random/resnet18/repeat_10_fold_5_metrics.csv,9,2,resnet18,"(0.1, 1]",C5,AUROC,0.9992307692307691
/scratchc/nrlab/wang04/ulyses_results_iteration/iteration_3_merge_below_3/cnn_model/cnn14/plasma_tp1_0.1x_model_C5/roc_curve_resnet18_tf_0.1_1/nested_cv_random/resnet18/repeat_10_fold_5_metrics.csv,9,2,resnet18,"(0.1, 1]",C5,AUPRC,0.998765243902439
/scratchc/nrlab/wang04/ulyses_results_iteration/iteration_3_merge_below_3/cnn_model/cnn14/plasma_tp1_0.1x_model_C5/roc_curve_resnet18_tf_0.1_1/nested_cv_random/resnet18/repeat_10_fold_5_metrics.csv,9,2,resnet18,"(0.1, 1]",C5,Sensitivity at 99% Specificity,0.95
/scratchc/nrlab/wang04/ulyses_results_iteration/iteration_3_merge_below_3/cnn_model/cnn14/plasma_tp1_0.1x_model_C5/roc_curve_resnet18_tf_0.1_1/nested_cv_random/resnet18/repeat_10_fold_5_metrics.csv,9,2,resnet18,"(0.1, 1]",C5,PPV at 99% Specificity,1
/scratchc/nrlab/wang04/ulyses_results_iteration/iteration_3_merge_below_3/cnn_model/cnn14/plasma_tp1_0.1x_model_C5/roc_curve_resnet18_tf_0.1_1/nested_cv_random/resnet18/repeat_10_fold_5_metrics.csv,9,2,resnet18,"(0.1, 1]",C5,Accuracy at 99% Specificity,0.97
/scratchc/nrlab/wang04/ulyses_results_iteration/iteration_3_merge_below_3/cnn_model/cnn14/plasma_tp1_0.1x_model_C5/roc_curve_resnet18_tf_0.1_1/nested_cv_random/resnet18/repeat_10_fold_5_metrics.csv,9,2,resnet18,"(0.1, 1]",C5,F1 at 99% Specificity,0.97435897435897445
/scratchc/nrlab/wang04/ulyses_results_iteration/iteration_3_merge_below_3/cnn_model/cnn14/plasma_tp1_0.1x_model_C5/roc_curve_resnet18_tf_0.1_1/nested_cv_random/resnet18/repeat_10_fold_5_metrics.csv,9,2,resnet18,"(0.1, 1]",C5,Sensitivity at 98% Specificity,0.95
/scratchc/nrlab/wang04/ulyses_results_iteration/iteration_3_merge_below_3/cnn_model/cnn14/plasma_tp1_0.1x_model_C5/roc_curve_resnet18_tf_0.1_1/nested_cv_random/resnet18/repeat_10_fold_5_metrics.csv,9,2,resnet18,"(0.1, 1]",C5,PPV at 98% Specificity,1
/scratchc/nrlab/wang04/ulyses_results_iteration/iteration_3_merge_below_3/cnn_model/cnn14/plasma_tp1_0.1x_model_C5/roc_curve_resnet18_tf_0.1_1/nested_cv_random/resnet18/repeat_10_fold_5_metrics.csv,9,2,resnet18,"(0.1, 1]",C5,Accuracy at 98% Specificity,0.965
/scratchc/nrlab/wang04/ulyses_results_iteration/iteration_3_merge_below_3/cnn_model/cnn14/plasma_tp1_0.1x_model_C5/roc_curve_resnet18_tf_0.1_1/nested_cv_random/resnet18/repeat_10_fold_5_metrics.csv,9,2,resnet18,"(0.1, 1]",C5,F1 at 98% Specificity,0.97435897435897445
/scratchc/nrlab/wang04/ulyses_results_iteration/iteration_3_merge_below_3/cnn_model/cnn14/plasma_tp1_0.1x_model_C5/roc_curve_resnet18_tf_0.1_1/nested_cv_random/resnet18/repeat_10_fold_5_metrics.csv,9,2,resnet18,"(0.1, 1]",C5,Sensitivity at 95% Specificity,0.95
/scratchc/nrlab/wang04/ulyses_results_iteration/iteration_3_merge_below_3/cnn_model/cnn14/plasma_tp1_0.1x_model_C5/roc_curve_resnet18_tf_0.1_1/nested_cv_random/resnet18/repeat_10_fold_5_metrics.csv,9,2,resnet18,"(0.1, 1]",C5,PPV at 95% Specificity,1
/scratchc/nrlab/wang04/ulyses_results_iteration/iteration_3_merge_below_3/cnn_model/cnn14/plasma_tp1_0.1x_model_C5/roc_curve_resnet18_tf_0.1_1/nested_cv_random/resnet18/repeat_10_fold_5_metrics.csv,9,2,resnet18,"(0.1, 1]",C5,Accuracy at 95% Specificity,0.95
/scratchc/nrlab/wang04/ulyses_results_iteration/iteration_3_merge_below_3/cnn_model/cnn14/plasma_tp1_0.1x_model_C5/roc_curve_resnet18_tf_0.1_1/nested_cv_random/resnet18/repeat_10_fold_5_metrics.csv,9,2,resnet18,"(0.1, 1]",C5,F1 at 95% Specificity,0.97435897435897445
/scratchc/nrlab/wang04/ulyses_results_iteration/iteration_3_merge_below_3/cnn_model/cnn14/plasma_tp1_0.1x_model_C5/roc_curve_resnet18_tf_0.1_1/nested_cv_random/resnet18/repeat_10_fold_5_metrics.csv,9,5,resnet18,"(0.1, 1]",C5,AUROC,0.9996012759170654
/scratchc/nrlab/wang04/ulyses_results_iteration/iteration_3_merge_below_3/cnn_model/cnn14/plasma_tp1_0.1x_model_C5/roc_curve_resnet18_tf_0.1_1/nested_cv_random/resnet18/repeat_10_fold_5_metrics.csv,9,5,resnet18,"(0.1, 1]",C5,AUPRC,0.9993252361673411
/scratchc/nrlab/wang04/ulyses_results_iteration/iteration_3_merge_below_3/cnn_model/cnn14/plasma_tp1_0.1x_model_C5/roc_curve_resnet18_tf_0.1_1/nested_cv_random/resnet18/repeat_10_fold_5_metrics.csv,9,5,resnet18,"(0.1, 1]",C5,Sensitivity at 99% Specificity,0.9736842105263158
/scratchc/nrlab/wang04/ulyses_results_iteration/iteration_3_merge_below_3/cnn_model/cnn14/plasma_tp1_0.1x_model_C5/roc_curve_resnet18_tf_0.1_1/nested_cv_random/resnet18/repeat_10_fold_5_metrics.csv,9,5,resnet18,"(0.1, 1]",C5,PPV at 99% Specificity,1
/scratchc/nrlab/wang04/ulyses_results_iteration/iteration_3_merge_below_3/cnn_model/cnn14/plasma_tp1_0.1x_model_C5/roc_curve_resnet18_tf_0.1_1/nested_cv_random/resnet18/repeat_10_fold_5_metrics.csv,9,5,resnet18,"(0.1, 1]",C5,Accuracy at 99% Specificity,0.9818421052631578
/scratchc/nrlab/wang04/ulyses_results_iteration/iteration_3_merge_below_3/cnn_model/cnn14/plasma_tp1_0.1x_model_C5/roc_curve_resnet18_tf_0.1_1/nested_cv_random/resnet18/repeat_10_fold_5_metrics.csv,9,5,resnet18,"(0.1, 1]",C5,F1 at 99% Specificity,0.9866666666666668
/scratchc/nrlab/wang04/ulyses_results_iteration/iteration_3_merge_below_3/cnn_model/cnn14/plasma_tp1_0.1x_model_C5/roc_curve_resnet18_tf_0.1_1/nested_cv_random/resnet18/repeat_10_fold_5_metrics.csv,9,5,resnet18,"(0.1, 1]",C5,Sensitivity at 98% Specificity,0.9736842105263158
/scratchc/nrlab/wang04/ulyses_results_iteration/iteration_3_merge_below_3/cnn_model/cnn14/plasma_tp1_0.1x_model_C5/roc_curve_resnet18_tf_0.1_1/nested_cv_random/resnet18/repeat_10_fold_5_metrics.csv,9,5,resnet18,"(0.1, 1]",C5,PPV at 98% Specificity,1
/scratchc/nrlab/wang04/ulyses_results_iteration/iteration_3_merge_below_3/cnn_model/cnn14/plasma_tp1_0.1x_model_C5/roc_curve_resnet18_tf_0.1_1/nested_cv_random/resnet18/repeat_10_fold_5_metrics.csv,9,5,resnet18,"(0.1, 1]",C5,Accuracy at 98% Specificity,0.976842105263158
/scratchc/nrlab/wang04/ulyses_results_iteration/iteration_3_merge_below_3/cnn_model/cnn14/plasma_tp1_0.1x_model_C5/roc_curve_resnet18_tf_0.1_1/nested_cv_random/resnet18/repeat_10_fold_5_metrics.csv,9,5,resnet18,"(0.1, 1]",C5,F1 at 98% Specificity,0.9866666666666668
/scratchc/nrlab/wang04/ulyses_results_iteration/iteration_3_merge_below_3/cnn_model/cnn14/plasma_tp1_0.1x_model_C5/roc_curve_resnet18_tf_0.1_1/nested_cv_random/resnet18/repeat_10_fold_5_metrics.csv,9,5,resnet18,"(0.1, 1]",C5,Sensitivity at 95% Specificity,0.9736842105263158
/scratchc/nrlab/wang04/ulyses_results_iteration/iteration_3_merge_below_3/cnn_model/cnn14/plasma_tp1_0.1x_model_C5/roc_curve_resnet18_tf_0.1_1/nested_cv_random/resnet18/repeat_10_fold_5_metrics.csv,9,5,resnet18,"(0.1, 1]",C5,PPV at 95% Specificity,1
/scratchc/nrlab/wang04/ulyses_results_iteration/iteration_3_merge_below_3/cnn_model/cnn14/plasma_tp1_0.1x_model_C5/roc_curve_resnet18_tf_0.1_1/nested_cv_random/resnet18/repeat_10_fold_5_metrics.csv,9,5,resnet18,"(0.1, 1]",C5,Accuracy at 95% Specificity,0.9618421052631578
/scratchc/nrlab/wang04/ulyses_results_iteration/iteration_3_merge_below_3/cnn_model/cnn14/plasma_tp1_0.1x_model_C5/roc_curve_resnet18_tf_0.1_1/nested_cv_random/resnet18/repeat_10_fold_5_metrics.csv,9,5,resnet18,"(0.1, 1]",C5,F1 at 95% Specificity,0.9866666666666668
/scratchc/nrlab/wang04/ulyses_results_iteration/iteration_3_merge_below_3/cnn_model/cnn14/plasma_tp1_0.1x_model_C5/roc_curve_resnet18_tf_0.1_1/nested_cv_random/resnet18/repeat_10_fold_5_metrics.csv,10,3,resnet18,"(0.1, 1]",C5,AUROC,0.999609375
/scratchc/nrlab/wang04/ulyses_results_iteration/iteration_3_merge_below_3/cnn_model/cnn14/plasma_tp1_0.1x_model_C5/roc_curve_resnet18_tf_0.1_1/nested_cv_random/resnet18/repeat_10_fold_5_metrics.csv,10,3,resnet18,"(0.1, 1]",C5,AUPRC,0.999390243902439
/scratchc/nrlab/wang04/ulyses_results_iteration/iteration_3_merge_below_3/cnn_model/cnn14/plasma_tp1_0.1x_model_C5/roc_curve_resnet18_tf_0.1_1/nested_cv_random/resnet18/repeat_10_fold_5_metrics.csv,10,3,resnet18,"(0.1, 1]",C5,Sensitivity at 99% Specificity,0.975
/scratchc/nrlab/wang04/ulyses_results_iteration/iteration_3_merge_below_3/cnn_model/cnn14/plasma_tp1_0.1x_model_C5/roc_curve_resnet18_tf_0.1_1/nested_cv_random/resnet18/repeat_10_fold_5_metrics.csv,10,3,resnet18,"(0.1, 1]",C5,PPV at 99% Specificity,1
/scratchc/nrlab/wang04/ulyses_results_iteration/iteration_3_merge_below_3/cnn_model/cnn14/plasma_tp1_0.1x_model_C5/roc_curve_resnet18_tf_0.1_1/nested_cv_random/resnet18/repeat_10_fold_5_metrics.csv,10,3,resnet18,"(0.1, 1]",C5,Accuracy at 99% Specificity,0.9825
/scratchc/nrlab/wang04/ulyses_results_iteration/iteration_3_merge_below_3/cnn_model/cnn14/plasma_tp1_0.1x_model_C5/roc_curve_resnet18_tf_0.1_1/nested_cv_random/resnet18/repeat_10_fold_5_metrics.csv,10,3,resnet18,"(0.1, 1]",C5,F1 at 99% Specificity,0.9873417721518988
/scratchc/nrlab/wang04/ulyses_results_iteration/iteration_3_merge_below_3/cnn_model/cnn14/plasma_tp1_0.1x_model_C5/roc_curve_resnet18_tf_0.1_1/nested_cv_random/resnet18/repeat_10_fold_5_metrics.csv,10,3,resnet18,"(0.1, 1]",C5,Sensitivity at 98% Specificity,0.975
/scratchc/nrlab/wang04/ulyses_results_iteration/iteration_3_merge_below_3/cnn_model/cnn14/plasma_tp1_0.1x_model_C5/roc_curve_resnet18_tf_0.1_1/nested_cv_random/resnet18/repeat_10_fold_5_metrics.csv,10,3,resnet18,"(0.1, 1]",C5,PPV at 98% Specificity,1
/scratchc/nrlab/wang04/ulyses_results_iteration/iteration_3_merge_below_3/cnn_model/cnn14/plasma_tp1_0.1x_model_C5/roc_curve_resnet18_tf_0.1_1/nested_cv_random/resnet18/repeat_10_fold_5_metrics.csv,10,3,resnet18,"(0.1, 1]",C5,Accuracy at 98% Specificity,0.9775
/scratchc/nrlab/wang04/ulyses_results_iteration/iteration_3_merge_below_3/cnn_model/cnn14/plasma_tp1_0.1x_model_C5/roc_curve_resnet18_tf_0.1_1/nested_cv_random/resnet18/repeat_10_fold_5_metrics.csv,10,3,resnet18,"(0.1, 1]",C5,F1 at 98% Specificity,0.9873417721518988
/scratchc/nrlab/wang04/ulyses_results_iteration/iteration_3_merge_below_3/cnn_model/cnn14/plasma_tp1_0.1x_model_C5/roc_curve_resnet18_tf_0.1_1/nested_cv_random/resnet18/repeat_10_fold_5_metrics.csv,10,3,resnet18,"(0.1, 1]",C5,Sensitivity at 95% Specificity,0.975
/scratchc/nrlab/wang04/ulyses_results_iteration/iteration_3_merge_below_3/cnn_model/cnn14/plasma_tp1_0.1x_model_C5/roc_curve_resnet18_tf_0.1_1/nested_cv_random/resnet18/repeat_10_fold_5_metrics.csv,10,3,resnet18,"(0.1, 1]",C5,PPV at 95% Specificity,1
/scratchc/nrlab/wang04/ulyses_results_iteration/iteration_3_merge_below_3/cnn_model/cnn14/plasma_tp1_0.1x_model_C5/roc_curve_resnet18_tf_0.1_1/nested_cv_random/resnet18/repeat_10_fold_5_metrics.csv,10,3,resnet18,"(0.1, 1]",C5,Accuracy at 95% Specificity,0.9625
/scratchc/nrlab/wang04/ulyses_results_iteration/iteration_3_merge_below_3/cnn_model/cnn14/plasma_tp1_0.1x_model_C5/roc_curve_resnet18_tf_0.1_1/nested_cv_random/resnet18/repeat_10_fold_5_metrics.csv,10,3,resnet18,"(0.1, 1]",C5,F1 at 95% Specificity,0.9873417721518988
