

outliers <- c("EE87920",
	"EE87921",
	"EE86749",
	"EE86532",
	"SLX-10572.D704-D505",
	"SLX-11870.D712-D503"
	)
